filename,column_index,model,mse,mae,rmse
datasets/synthetic_data/s3.csv,0,Tree,2248342.6600413946,1285.0632504253201,1499.4474515772117
datasets/synthetic_data/s3.csv,0,ARMA,5715970.0863329815,2185.4794517268983,2390.8095044007546
datasets/synthetic_data/s3.csv,1,Tree,40149661.27095325,6288.587958970924,6336.376036107174
datasets/synthetic_data/s3.csv,1,ARMA,41074622.9307062,6082.979239829712,6408.948660326919
datasets/synthetic_data/s3.csv,2,Tree,1914883.397382554,1209.7743020802525,1383.7931194302687
datasets/synthetic_data/s3.csv,2,ARMA,5406134.593898152,2134.2594844180157,2325.1095875029528
datasets/synthetic_data/s3.csv,3,Tree,886814.6699631185,683.86161080621,941.7083784076249
datasets/synthetic_data/s3.csv,3,ARMA,824761.2052355855,773.0042719294333,908.1636445242594
datasets/synthetic_data/s3.csv,4,Tree,12391020.861851545,3131.8596202946433,3520.08818949917
datasets/synthetic_data/s3.csv,4,ARMA,11132242.204520082,2704.6032154465406,3336.501491760506
datasets/synthetic_data/s3.csv,5,Tree,6063988.838469279,2218.322963459989,2462.5167691752436
datasets/synthetic_data/s3.csv,5,ARMA,10393164.727590052,2857.151619437588,3223.8431611339365
datasets/synthetic_data/s3.csv,6,Tree,782190.3836558912,733.2182462992047,884.4152778281768
datasets/synthetic_data/s3.csv,6,ARMA,1522947.2230417915,1030.0024176379316,1234.07747854087
datasets/synthetic_data/s3.csv,7,Tree,1406457.0618031754,964.9758174152834,1185.9414242715259
datasets/synthetic_data/s3.csv,7,ARMA,1253964.3465132676,746.757901647461,1119.805494946898
datasets/synthetic_data/s3.csv,8,Tree,1253325.706026912,946.5262854731453,1119.5203017484373
datasets/synthetic_data/s3.csv,8,ARMA,2275489.60916391,1274.5105096203652,1508.4726080257176
datasets/synthetic_data/s3.csv,9,Tree,9914945.294021519,3066.3771358155664,3148.800611982524
datasets/synthetic_data/s3.csv,9,ARMA,4874353.309938049,2129.0896830971465,2207.7937652638775
datasets/synthetic_data/s3.csv,10,Tree,2670681.413806908,1461.9681040999862,1634.2219597737965
datasets/synthetic_data/s3.csv,10,ARMA,4850577.1006245,2028.936666007042,2202.402574604493
datasets/synthetic_data/s3.csv,11,Tree,1132196.984702925,815.6908270170442,1064.0474541593176
datasets/synthetic_data/s3.csv,11,ARMA,1547921.7881239573,972.1011996751333,1244.155049872787
datasets/synthetic_data/s3.csv,12,Tree,1539794.35274553,950.0166830429773,1240.8845041926868
datasets/synthetic_data/s3.csv,12,ARMA,903621.5410905682,755.9832004515981,950.5901015109342
datasets/synthetic_data/s3.csv,13,Tree,864643.9739309971,820.4660893602306,929.8623413876901
datasets/synthetic_data/s3.csv,13,ARMA,1249228.3383685765,971.7950101205209,1117.6888379010397
datasets/synthetic_data/s3.csv,14,Tree,1165346.8808442296,865.6198982664007,1079.5123347346382
datasets/synthetic_data/s3.csv,14,ARMA,4212192.365816141,1831.3807751538247,2052.362630193831
datasets/synthetic_data/s3.csv,15,Tree,3510950.2383720977,1439.9438815472115,1873.7529822183333
datasets/synthetic_data/s3.csv,15,ARMA,16170574.464563945,3771.364980433597,4021.2652815455913
datasets/synthetic_data/s3.csv,16,Tree,2465355.1515165293,1317.4824823622382,1570.1449460213948
datasets/synthetic_data/s3.csv,16,ARMA,8994167.539005179,2708.305211268936,2999.027765627584
datasets/synthetic_data/s3.csv,17,Tree,15504297.974172885,3807.7293650454076,3937.549742437914
datasets/synthetic_data/s3.csv,17,ARMA,34819617.36169003,5473.119952748522,5900.814974364985
datasets/synthetic_data/s3.csv,18,Tree,9939871.337793412,3003.626551157348,3152.756149433922
datasets/synthetic_data/s3.csv,18,ARMA,14598740.999523828,3384.589690888097,3820.8298836147924
datasets/synthetic_data/s3.csv,19,Tree,47649018.43405174,6680.335659284078,6902.82684369612
datasets/synthetic_data/s3.csv,19,ARMA,50283684.36498907,6294.196186337043,7091.098953264513
datasets/synthetic_data/s3.csv,20,Tree,605701.4070385103,681.2871365521928,778.2682102196584
datasets/synthetic_data/s3.csv,20,ARMA,2130231.71925777,1187.4364722055507,1459.5313354833359
datasets/synthetic_data/s3.csv,21,Tree,1811112.7448363418,1103.977582200733,1345.7758895285433
datasets/synthetic_data/s3.csv,21,ARMA,2083056.0844456542,1276.5436444804448,1443.2796279465924
datasets/synthetic_data/s3.csv,22,Tree,2016631.1140379496,1144.5274996865717,1420.0813758506763
datasets/synthetic_data/s3.csv,22,ARMA,4094965.594565532,1757.2829343335604,2023.602133465354
datasets/synthetic_data/s3.csv,23,Tree,871661.7709710145,775.074237522031,933.6282830821989
datasets/synthetic_data/s3.csv,23,ARMA,2711823.804763018,1514.358560943857,1646.7616113946237
datasets/synthetic_data/s3.csv,24,Tree,1702537.1178114791,1088.3872499563963,1304.8130585687281
datasets/synthetic_data/s3.csv,24,ARMA,7954476.5360529,2400.4791992531887,2820.3681561194985
datasets/synthetic_data/s3.csv,25,Tree,1178226.5308550296,791.7554012886736,1085.4614368345979
datasets/synthetic_data/s3.csv,25,ARMA,4414498.654136961,1799.7180096137076,2101.070835106937
datasets/synthetic_data/s3.csv,26,Tree,1213676.473584555,983.419102822436,1101.6698568920524
datasets/synthetic_data/s3.csv,26,ARMA,861679.4719747152,733.4396737331257,928.2669184963532
datasets/synthetic_data/s3.csv,27,Tree,1341558.5576094787,886.1733095461896,1158.2566889983752
datasets/synthetic_data/s3.csv,27,ARMA,1262160.683388595,920.3060805278844,1123.4592486550614
datasets/synthetic_data/s3.csv,28,Tree,2666133.0130926273,1455.7106557096452,1632.8297563103838
datasets/synthetic_data/s3.csv,28,ARMA,7383027.595701078,2560.81256596105,2717.1727209916335
datasets/synthetic_data/s3.csv,29,Tree,1380469.803989624,974.1419662722013,1174.933957288504
datasets/synthetic_data/s3.csv,29,ARMA,1223407.0384969485,972.9710486539213,1106.0773203067445
datasets/synthetic_data/s3.csv,30,Tree,1608413.4717680796,1185.6843258135893,1268.232420247992
datasets/synthetic_data/s3.csv,30,ARMA,1343006.2245014305,1035.2611966415784,1158.8814540329095
datasets/synthetic_data/s3.csv,31,Tree,903778.9946931895,796.2636538178871,950.6729167769478
datasets/synthetic_data/s3.csv,31,ARMA,5013916.419173878,2131.6501428539777,2239.177621175658
datasets/synthetic_data/s3.csv,32,Tree,1021196.669942448,867.5954709884242,1010.5427600762117
datasets/synthetic_data/s3.csv,32,ARMA,4211331.24975095,1799.3557741780592,2052.1528329417742
datasets/synthetic_data/s3.csv,33,Tree,11557267.517283598,2939.5271202283443,3399.598140557733
datasets/synthetic_data/s3.csv,33,ARMA,29612903.408935647,4814.214181810174,5441.773921152518
datasets/synthetic_data/s3.csv,34,Tree,6065886.932804506,2086.2435927639517,2462.9021362621183
datasets/synthetic_data/s3.csv,34,ARMA,20520771.060202427,4098.869962977335,4529.985768211907
datasets/synthetic_data/s3.csv,35,Tree,2351800.5878096577,1215.1897356118238,1533.5581462108496
datasets/synthetic_data/s3.csv,35,ARMA,1642468.452359117,1108.3382430699194,1281.5882538315952
datasets/synthetic_data/s3.csv,36,Tree,1994382.7927458924,1171.1722890735648,1412.2261832815211
datasets/synthetic_data/s3.csv,36,ARMA,1414742.730630249,914.5740022775241,1189.4295820393274
datasets/synthetic_data/s3.csv,37,Tree,4716041.428562861,2090.494266879607,2171.6448670449918
datasets/synthetic_data/s3.csv,37,ARMA,12163382.200662568,3154.018331511313,3487.6040773950485
datasets/synthetic_data/s3.csv,38,Tree,1236554.1585863247,969.4414029606487,1112.004567700297
datasets/synthetic_data/s3.csv,38,ARMA,954625.8323076165,909.4277728460686,977.0495546837
datasets/synthetic_data/s3.csv,39,Tree,684948.7286228163,557.6503719884264,827.6162931110142
datasets/synthetic_data/s3.csv,39,ARMA,8430772.22766531,2779.578909901416,2903.5792098142097
datasets/synthetic_data/s3.csv,40,Tree,4693965.620148816,2092.605314844215,2166.5561659345035
datasets/synthetic_data/s3.csv,40,ARMA,630101.4817196655,675.9333644534179,793.7893182196807
datasets/synthetic_data/s3.csv,41,Tree,1235101.5273019995,917.1249291873194,1111.3512168986001
datasets/synthetic_data/s3.csv,41,ARMA,1464350.0863630832,1016.7276149585061,1210.1033370597254
datasets/synthetic_data/s3.csv,42,Tree,1862963.5752098754,917.0003090453594,1364.9042366444157
datasets/synthetic_data/s3.csv,42,ARMA,2562102.263910608,1148.7436896964755,1600.656822654565
datasets/synthetic_data/s3.csv,43,Tree,2170113.57939751,1129.1717800319648,1473.1305371206959
datasets/synthetic_data/s3.csv,43,ARMA,4226352.324274361,1711.6180676223994,2055.8094085479715
datasets/synthetic_data/s3.csv,44,Tree,1006453.4640720014,799.8619111570534,1003.2215428667795
datasets/synthetic_data/s3.csv,44,ARMA,542804.1444267815,568.2256161472734,736.7524308930249
datasets/synthetic_data/s3.csv,45,Tree,20488001.917286266,4155.099539013572,4526.367408561337
datasets/synthetic_data/s3.csv,45,ARMA,17192242.052547157,3586.844839081775,4146.3528615576315
datasets/synthetic_data/s3.csv,46,Tree,1205956.148883999,971.9009110455012,1098.1603475285378
datasets/synthetic_data/s3.csv,46,ARMA,943660.4019062637,775.662026549295,971.421845495696
datasets/synthetic_data/s3.csv,47,Tree,1936146.6610069198,1127.2305439337442,1391.454872069849
datasets/synthetic_data/s3.csv,47,ARMA,6178010.5726389615,2067.583210649619,2485.560414200178
datasets/synthetic_data/s3.csv,48,Tree,1264480.076084475,960.3710819209339,1124.4910297928013
datasets/synthetic_data/s3.csv,48,ARMA,1376926.4958816313,930.8228002952183,1173.4251130266607
datasets/synthetic_data/s3.csv,49,Tree,544630.8491563636,570.5090854332013,737.9910901605544
datasets/synthetic_data/s3.csv,49,ARMA,481568.86900189315,569.7055336518931,693.951633042169
datasets/synthetic_data/s3.csv,50,Tree,1607607.5114159847,1031.9801356036337,1267.914630965344
datasets/synthetic_data/s3.csv,50,ARMA,9239790.663154555,2558.0099612723343,3039.7023971360345
datasets/synthetic_data/s3.csv,51,Tree,4338696.408634156,1735.601888885588,2082.953770162496
datasets/synthetic_data/s3.csv,51,ARMA,16742218.88613925,3393.942350318566,4091.7256611531584
datasets/synthetic_data/s3.csv,52,Tree,1075654.2308650906,875.2364842107719,1037.1375178177148
datasets/synthetic_data/s3.csv,52,ARMA,1558175.5985220582,1021.3540590464805,1248.2690409210902
datasets/synthetic_data/s3.csv,53,Tree,1651361.5350410438,1063.4980328483277,1285.053125376941
datasets/synthetic_data/s3.csv,53,ARMA,1430140.0412492089,981.4018867223829,1195.8846270645045
datasets/synthetic_data/s3.csv,54,Tree,2233236.7936929185,1184.8883326433158,1494.4018180171352
datasets/synthetic_data/s3.csv,54,ARMA,3926344.539912305,1477.740189056613,1981.5005778228542
datasets/synthetic_data/s3.csv,55,Tree,2101803.9488153188,1012.8670156883906,1449.7599624818306
datasets/synthetic_data/s3.csv,55,ARMA,1868765.704093819,1027.1862577466113,1367.0280553426178
datasets/synthetic_data/s3.csv,56,Tree,6680424.922066431,2071.3541318426783,2584.651798998548
datasets/synthetic_data/s3.csv,56,ARMA,6735476.612631641,2055.6517748574906,2595.279679077313
datasets/synthetic_data/s3.csv,57,Tree,10151247.728013959,2738.253205402084,3186.102278335389
datasets/synthetic_data/s3.csv,57,ARMA,7388751.926809023,2081.839824035197,2718.2258785481795
datasets/synthetic_data/s3.csv,58,Tree,1508388.4749350217,857.7661834750448,1228.1646774496578
datasets/synthetic_data/s3.csv,58,ARMA,1060161.2668281575,814.65749377073,1029.6413292152552
datasets/synthetic_data/s3.csv,59,Tree,3473967.9721580385,1762.5218136222131,1863.858356248682
datasets/synthetic_data/s3.csv,59,ARMA,2065859.9482564442,1240.8586333955393,1437.3099694416803
datasets/synthetic_data/s3.csv,60,Tree,995098.1365396779,814.3901772574483,997.5460573525805
datasets/synthetic_data/s3.csv,60,ARMA,682697.4462190625,748.9291814653335,826.255073339379
datasets/synthetic_data/s3.csv,61,Tree,2443265.8782429383,1342.7213193623415,1563.094967762016
datasets/synthetic_data/s3.csv,61,ARMA,6993666.010477739,2468.228108259666,2644.554028655444
datasets/synthetic_data/s3.csv,62,Tree,2057045.798826828,1270.9151645392383,1434.2404954633055
datasets/synthetic_data/s3.csv,62,ARMA,10279359.333852176,2949.1176290808776,3206.1439976788593
datasets/synthetic_data/s3.csv,63,Tree,1285101.180116859,956.8626691844925,1133.6230326333614
datasets/synthetic_data/s3.csv,63,ARMA,3380948.171117646,1686.0342148173706,1838.7354815518315
datasets/synthetic_data/s3.csv,64,Tree,1624222.8270571402,1043.067786758161,1274.450009634407
datasets/synthetic_data/s3.csv,64,ARMA,7098975.47858536,2077.8337966134523,2664.390263941332
datasets/synthetic_data/s3.csv,65,Tree,14652491.935775114,3631.780785957714,3827.8573557246245
datasets/synthetic_data/s3.csv,65,ARMA,16971263.136231802,3737.838612126442,4119.61929506014
datasets/synthetic_data/s3.csv,66,Tree,1418613.9734647356,1026.5316055513154,1191.0558229842695
datasets/synthetic_data/s3.csv,66,ARMA,1753450.0817227166,1181.194703749988,1324.1790217801808
datasets/synthetic_data/s3.csv,67,Tree,3966966.605488668,1689.9667199567407,1991.7245305234026
datasets/synthetic_data/s3.csv,67,ARMA,14493945.765837893,3497.429431265723,3807.0915100425277
datasets/synthetic_data/s3.csv,68,Tree,2108342.5960366623,1136.2306121403558,1452.0132905854073
datasets/synthetic_data/s3.csv,68,ARMA,4155708.4318079827,1885.7369848065543,2038.5554767550434
datasets/synthetic_data/s3.csv,69,Tree,813788.7990387405,693.6545822056879,902.1024326753256
datasets/synthetic_data/s3.csv,69,ARMA,950204.3245050361,767.3059882099451,974.7842451050572
datasets/synthetic_data/s3.csv,70,Tree,14100003.499492606,3644.6720495066306,3754.997137081812
datasets/synthetic_data/s3.csv,70,ARMA,12558093.72126689,3177.8583218693725,3543.7400752971275
datasets/synthetic_data/s3.csv,71,Tree,1354493.7606992694,922.6574712336104,1163.8272039694164
datasets/synthetic_data/s3.csv,71,ARMA,2829699.8809635537,1084.4137209359483,1682.1711806363685
datasets/synthetic_data/s3.csv,72,Tree,2137682.1390025625,1216.8037158470693,1462.081440619011
datasets/synthetic_data/s3.csv,72,ARMA,2554614.9201742914,1325.4415023225883,1598.3162766406065
datasets/synthetic_data/s3.csv,73,Tree,2396218.2893942804,1416.1864971176994,1547.9723154482706
datasets/synthetic_data/s3.csv,73,ARMA,3126632.8736897544,1374.7990616651682,1768.2287390747144
datasets/synthetic_data/s3.csv,74,Tree,1977083.497707113,1210.6523593564377,1406.0880120771646
datasets/synthetic_data/s3.csv,74,ARMA,3841125.55328351,1713.337258022016,1959.8789639371892
datasets/synthetic_data/s3.csv,75,Tree,7935941.128030818,2586.932136105177,2817.080248773687
datasets/synthetic_data/s3.csv,75,ARMA,15895603.142868195,3822.804219655796,3986.9290365979923
datasets/synthetic_data/s3.csv,76,Tree,942399.2977643553,768.1080133362304,970.7725262719147
datasets/synthetic_data/s3.csv,76,ARMA,1746667.7147408507,1091.3128380556236,1321.6155699524923
datasets/synthetic_data/s3.csv,77,Tree,1041025.2063509991,811.2664029894688,1020.3064276730786
datasets/synthetic_data/s3.csv,77,ARMA,1387955.762968713,904.9264125319005,1178.115343660676
datasets/synthetic_data/s3.csv,78,Tree,10366721.357798986,2931.9877392415137,3219.7393307221296
datasets/synthetic_data/s3.csv,78,ARMA,25924470.334263895,4708.1687616877225,5091.6078339031465
datasets/synthetic_data/s3.csv,79,Tree,2506733.573440648,1398.6475327879157,1583.2667410896522
datasets/synthetic_data/s3.csv,79,ARMA,3222867.5941149187,1671.0207804943402,1795.2346905390723
datasets/synthetic_data/s3.csv,80,Tree,447387.7561837264,555.6413409272409,668.8705077843741
datasets/synthetic_data/s3.csv,80,ARMA,376282.441395586,403.6390122530932,613.418651000755
datasets/synthetic_data/s3.csv,81,Tree,666245.0437800095,623.073664701105,816.238349858673
datasets/synthetic_data/s3.csv,81,ARMA,4622880.833312285,1696.8975264707224,2150.0885640624865
datasets/synthetic_data/s3.csv,82,Tree,913645.6204602265,772.8876685771902,955.8481157904882
datasets/synthetic_data/s3.csv,82,ARMA,3090756.1262571476,1480.162852768705,1758.0546425686398
datasets/synthetic_data/s3.csv,83,Tree,883422.6574160359,827.8894415537383,939.9056641046674
datasets/synthetic_data/s3.csv,83,ARMA,2964302.9184532445,1494.6110544132712,1721.7151095501383
datasets/synthetic_data/s3.csv,84,Tree,10174192.179193642,3082.0153486586205,3189.700954508689
datasets/synthetic_data/s3.csv,84,ARMA,24012665.717526276,4421.94769291597,4900.272004442842
datasets/synthetic_data/s3.csv,85,Tree,9777031.079273347,2522.215654671671,3126.824440110661
datasets/synthetic_data/s3.csv,85,ARMA,22348657.068113584,4109.0992993143045,4727.436627614757
datasets/synthetic_data/s3.csv,86,Tree,1050825.9605991226,848.7329279656022,1025.098024873291
datasets/synthetic_data/s3.csv,86,ARMA,510679.22434358636,578.5602737793484,714.6182367835195
datasets/synthetic_data/s3.csv,87,Tree,1718464.2923419578,1136.667846359163,1310.9020910586564
datasets/synthetic_data/s3.csv,87,ARMA,2160861.823297016,1230.211039750517,1469.9870146695228
datasets/synthetic_data/s3.csv,88,Tree,1164972.3439020698,973.3687961954814,1079.3388457301394
datasets/synthetic_data/s3.csv,88,ARMA,2425596.2061150344,1118.7492129009593,1557.4325687216876
datasets/synthetic_data/s3.csv,89,Tree,3063661.8660352733,1638.1615711024676,1750.3319302450245
datasets/synthetic_data/s3.csv,89,ARMA,7235211.3089108635,2351.035941822616,2689.834810710662
datasets/synthetic_data/s3.csv,90,Tree,699017.3407884842,682.3156890382056,836.0725690922314
datasets/synthetic_data/s3.csv,90,ARMA,1583743.0808777998,1093.0545491661815,1258.4685458436377
datasets/synthetic_data/s3.csv,91,Tree,1606184.8678128337,1125.7230593977138,1267.353489683456
datasets/synthetic_data/s3.csv,91,ARMA,299340.5530186478,398.8411967097244,547.1202363454014
datasets/synthetic_data/s3.csv,92,Tree,2413207.370750247,1378.6104962024963,1553.4501507130014
datasets/synthetic_data/s3.csv,92,ARMA,3359850.958271713,1483.7938275589722,1832.989623067112
datasets/synthetic_data/s3.csv,93,Tree,11375831.816135569,2852.7582887753224,3372.807705182074
datasets/synthetic_data/s3.csv,93,ARMA,17994360.778194726,3587.507540357115,4241.97604639568
datasets/synthetic_data/s3.csv,94,Tree,2383971.553310265,1272.7988274545219,1544.01151333475
datasets/synthetic_data/s3.csv,94,ARMA,12445866.76546317,3051.4273519714393,3527.8700040482177
datasets/synthetic_data/s3.csv,95,Tree,4207938.091155122,1858.8534421507254,2051.32593489068
datasets/synthetic_data/s3.csv,95,ARMA,8797334.382415362,2683.454536048571,2966.0300710571632
datasets/synthetic_data/s3.csv,96,Tree,887031.6177682574,814.526254357864,941.8235597861509
datasets/synthetic_data/s3.csv,96,ARMA,12144896.103198055,3035.2402473176016,3484.952812191014
datasets/synthetic_data/s3.csv,97,Tree,1645811.3082505004,1093.1637260080076,1282.891775735779
datasets/synthetic_data/s3.csv,97,ARMA,3254570.3766084085,1499.681000156234,1804.0427868009142
datasets/synthetic_data/s3.csv,98,Tree,820550.5434352661,783.9528168471301,905.8424495657432
datasets/synthetic_data/s3.csv,98,ARMA,1996893.5579811644,1222.673744767203,1413.1148424601465
datasets/synthetic_data/s3.csv,99,Tree,1280082.390201109,892.1093300993057,1131.4072609812565
datasets/synthetic_data/s3.csv,99,ARMA,3780659.555470814,1671.2453232873474,1944.391821488358
datasets/synthetic_data/s3.csv,100,Tree,474160.4474197859,587.8226910719294,688.5930927767035
datasets/synthetic_data/s3.csv,100,ARMA,2052230.2321785868,1252.3499470816762,1432.56072547679
datasets/synthetic_data/s3.csv,101,Tree,8128563.195061028,2669.1344011730166,2851.0635199975864
datasets/synthetic_data/s3.csv,101,ARMA,25367649.251873724,4420.060465649822,5036.6307440464325
datasets/synthetic_data/s3.csv,102,Tree,14761929.074085962,3666.678329600803,3842.1255932212785
datasets/synthetic_data/s3.csv,102,ARMA,18319526.596701995,3752.105013631558,4280.131609740756
datasets/synthetic_data/s3.csv,103,Tree,14073198.400215652,3556.08052120432,3751.4261821626787
datasets/synthetic_data/s3.csv,103,ARMA,26691219.971847095,4679.93383098901,5166.354611507721
datasets/synthetic_data/s3.csv,104,Tree,1092074.0867481355,834.2799088551138,1045.0234862184368
datasets/synthetic_data/s3.csv,104,ARMA,2339580.6918914705,1245.5575863648787,1529.5687927947113
datasets/synthetic_data/s3.csv,105,Tree,2426634.825552873,1392.79207464604,1557.7659726521417
datasets/synthetic_data/s3.csv,105,ARMA,5469898.040662638,2086.570647234258,2338.781315271404
datasets/synthetic_data/s3.csv,106,Tree,3080725.901394911,1289.211165990983,1755.199675648019
datasets/synthetic_data/s3.csv,106,ARMA,8419877.742028838,2141.266550904119,2901.702559193281
datasets/synthetic_data/s3.csv,107,Tree,6291423.9948806185,2238.810281417807,2508.2711167018247
datasets/synthetic_data/s3.csv,107,ARMA,3372028.3132202746,1590.9795430465824,1836.3083382755399
datasets/synthetic_data/s3.csv,108,Tree,1134161.2794180699,727.9497736295583,1064.970083813658
datasets/synthetic_data/s3.csv,108,ARMA,1148914.083005781,899.9573932193395,1071.8740984862825
datasets/synthetic_data/s3.csv,109,Tree,986233.1069734048,743.5076402196119,993.0926980767731
datasets/synthetic_data/s3.csv,109,ARMA,2174063.967762362,1188.0022706069597,1474.4707415755533
datasets/synthetic_data/s3.csv,110,Tree,2686144.476508199,1386.0947222268228,1638.9461481416035
datasets/synthetic_data/s3.csv,110,ARMA,21243455.19456349,4091.299097800163,4609.062290158758
datasets/synthetic_data/s3.csv,111,Tree,2067382.8610109715,1116.933820270857,1437.8396506603133
datasets/synthetic_data/s3.csv,111,ARMA,6597341.017153678,2332.144493316667,2568.528959765429
datasets/synthetic_data/s3.csv,112,Tree,890580.0013011569,742.5682161669542,943.7054632146393
datasets/synthetic_data/s3.csv,112,ARMA,1292391.1758525,1020.2537428223865,1136.8338382773886
datasets/synthetic_data/s3.csv,113,Tree,5169818.613076065,2002.5211325784624,2273.723512891588
datasets/synthetic_data/s3.csv,113,ARMA,1922291.5703971162,1211.7464249560285,1386.4672987117713
datasets/synthetic_data/s3.csv,114,Tree,2314054.45856995,1369.2791062912438,1521.201649542213
datasets/synthetic_data/s3.csv,114,ARMA,754534.8749201732,728.0179027891738,868.639669207073
datasets/synthetic_data/s3.csv,115,Tree,1586579.764349005,997.1475330917547,1259.59507951921
datasets/synthetic_data/s3.csv,115,ARMA,1422302.1893431158,966.1729830352467,1192.6031147632962
datasets/synthetic_data/s3.csv,116,Tree,747158.3349738641,693.5737173641656,864.3832107195651
datasets/synthetic_data/s3.csv,116,ARMA,10051540.47420983,2689.031089920495,3170.416451226846
datasets/synthetic_data/s3.csv,117,Tree,9276958.901779171,2734.6472128986356,3045.810056746673
datasets/synthetic_data/s3.csv,117,ARMA,15971287.803294446,3697.0504488765364,3996.409363828291
datasets/synthetic_data/s3.csv,118,Tree,3965930.0015632296,1928.0173453611303,1991.4642857865238
datasets/synthetic_data/s3.csv,118,ARMA,9603501.5702628,2996.6603024924843,3098.9516889204324
datasets/synthetic_data/s3.csv,119,Tree,644022.2492881939,648.4989986502529,802.5099683419477
datasets/synthetic_data/s3.csv,119,ARMA,3566775.9439808354,1626.4093663213337,1888.5909943608317
datasets/synthetic_data/s3.csv,120,Tree,1503593.1109390678,986.5928511142423,1226.2108753958546
datasets/synthetic_data/s3.csv,120,ARMA,1269894.953866995,911.8989969550519,1126.8961593097188
datasets/synthetic_data/s3.csv,121,Tree,1289619.2729415821,799.1346414176345,1135.6140510497314
datasets/synthetic_data/s3.csv,121,ARMA,5061117.210043896,2106.621223955798,2249.6926923568685
datasets/synthetic_data/s3.csv,122,Tree,4908569.23401891,2059.4755712935375,2215.52910926914
datasets/synthetic_data/s3.csv,122,ARMA,11334036.169998188,3042.233727000113,3366.606031301879
datasets/synthetic_data/s3.csv,123,Tree,3101315.274264813,1629.7687553574974,1761.0551593476034
datasets/synthetic_data/s3.csv,123,ARMA,9446722.588987296,2694.1139968321195,3073.5521126194194
datasets/synthetic_data/s3.csv,124,Tree,10929114.32706241,2579.204152796752,3305.9211011550788
datasets/synthetic_data/s3.csv,124,ARMA,11867610.16848222,2896.225256158811,3444.9397917064125
datasets/synthetic_data/s3.csv,125,Tree,1299261.9696151044,849.2118598456843,1139.8517314173384
datasets/synthetic_data/s3.csv,125,ARMA,1533434.8904253077,1092.9428789573717,1238.3193814300523
datasets/synthetic_data/s3.csv,126,Tree,3591115.1512876963,1617.220876710469,1895.0237864701583
datasets/synthetic_data/s3.csv,126,ARMA,9746165.878480595,2641.672114261426,3121.884988028962
datasets/synthetic_data/s3.csv,127,Tree,3117727.123231097,1486.552358822813,1765.7086745075183
datasets/synthetic_data/s3.csv,127,ARMA,8571943.526911741,2491.956786969077,2927.788162916119
datasets/synthetic_data/s3.csv,128,Tree,1315387.9535542936,869.550165928472,1146.9036374318
datasets/synthetic_data/s3.csv,128,ARMA,3555891.175439571,1574.1361005897306,1885.7070757250638
datasets/synthetic_data/s3.csv,129,Tree,784258.7034037757,722.8239869399632,885.5838206537966
datasets/synthetic_data/s3.csv,129,ARMA,2612660.368956541,1356.3445124977193,1616.3725959556916
datasets/synthetic_data/s3.csv,130,Tree,793874.4753276552,746.4689173819803,890.9963385601847
datasets/synthetic_data/s3.csv,130,ARMA,2926658.5912782545,1463.1695525158227,1710.7479625234848
datasets/synthetic_data/s3.csv,131,Tree,5729374.420862284,2162.6907072623576,2393.6111674334834
datasets/synthetic_data/s3.csv,131,ARMA,8113420.514012843,2515.2406834904114,2848.4066623312133
datasets/synthetic_data/s3.csv,132,Tree,1925216.292835914,1190.6208362758034,1387.5216368892825
datasets/synthetic_data/s3.csv,132,ARMA,4721305.78907013,1787.3457890109796,2172.8565965268235
datasets/synthetic_data/s3.csv,133,Tree,1276014.7536385467,963.2917725097288,1129.6082301570516
datasets/synthetic_data/s3.csv,133,ARMA,816478.1942798321,737.048522712819,903.5918294671727
datasets/synthetic_data/s3.csv,134,Tree,1112854.8185015516,860.6185540321923,1054.9193421781363
datasets/synthetic_data/s3.csv,134,ARMA,2090110.001966446,1327.53720130861,1445.7212739551308
datasets/synthetic_data/s3.csv,135,Tree,988080.937703429,751.5841403602925,994.0226042215685
datasets/synthetic_data/s3.csv,135,ARMA,2596656.6523925685,1470.5211975685502,1611.4144880795159
datasets/synthetic_data/s3.csv,136,Tree,1469640.1151596478,1039.16582436509,1212.2871422066835
datasets/synthetic_data/s3.csv,136,ARMA,5079969.589075232,1840.480776784878,2253.87878757382
datasets/synthetic_data/s3.csv,137,Tree,470945.6834374198,559.318779330058,686.254823981165
datasets/synthetic_data/s3.csv,137,ARMA,965681.121876525,750.2198511382852,982.6907559738847
datasets/synthetic_data/s3.csv,138,Tree,4105550.192737662,1735.2085410472398,2026.2157320329102
datasets/synthetic_data/s3.csv,138,ARMA,1321028.698004604,991.5823587156956,1149.3601254631221
datasets/synthetic_data/s3.csv,139,Tree,1130629.422092092,866.3158303493415,1063.3105953069837
datasets/synthetic_data/s3.csv,139,ARMA,621328.7565915008,587.6839963632018,788.2440970863663
datasets/synthetic_data/s3.csv,140,Tree,7471595.707544794,2587.399032320525,2733.421977585019
datasets/synthetic_data/s3.csv,140,ARMA,7899929.118626373,2332.319921276524,2810.6812552522515
datasets/synthetic_data/s3.csv,141,Tree,1201376.451878655,966.2464868845275,1096.073196405539
datasets/synthetic_data/s3.csv,141,ARMA,362797.4167162517,468.24946624543475,602.3266694379818
datasets/synthetic_data/s3.csv,142,Tree,7784162.296551376,2562.2306453346546,2790.011164234182
datasets/synthetic_data/s3.csv,142,ARMA,17430815.375029307,3828.684601167393,4175.022799342455
datasets/synthetic_data/s3.csv,143,Tree,668707.145571674,610.9844601426545,817.7451593080046
datasets/synthetic_data/s3.csv,143,ARMA,1872687.3740597623,1114.2134047861305,1368.4616816190953
datasets/synthetic_data/s3.csv,144,Tree,1101703.1131199615,952.4089841750044,1049.6204614621238
datasets/synthetic_data/s3.csv,144,ARMA,1177952.4788682356,912.1209586315268,1085.3351919422107
datasets/synthetic_data/s3.csv,145,Tree,1389799.4463790178,992.3642465322298,1178.8975555064221
datasets/synthetic_data/s3.csv,145,ARMA,1027029.1557898466,895.2352790523594,1013.4244697015395
datasets/synthetic_data/s3.csv,146,Tree,14074248.904489521,3692.6713568149885,3751.5661935369767
datasets/synthetic_data/s3.csv,146,ARMA,17078688.03032802,3925.117513037481,4132.636934250095
datasets/synthetic_data/s3.csv,147,Tree,2742919.6879259315,1358.1971157390956,1656.1762249005785
datasets/synthetic_data/s3.csv,147,ARMA,1570748.1291342068,1010.1555496770188,1253.2949090833358
datasets/synthetic_data/s3.csv,148,Tree,6346782.262152404,2276.6789092037334,2519.282092611386
datasets/synthetic_data/s3.csv,148,ARMA,9925711.34420781,3038.501488212156,3150.5096959393427
datasets/synthetic_data/s3.csv,149,Tree,1519330.2091658844,991.1650389148704,1232.6111346105406
datasets/synthetic_data/s3.csv,149,ARMA,2469607.0731964787,1324.1750543996527,1571.4983529092478
datasets/synthetic_data/s3.csv,150,Tree,5093571.918559773,2205.8863000522847,2256.8943082385963
datasets/synthetic_data/s3.csv,150,ARMA,11445486.859018223,3257.836838421723,3383.1179197625115
datasets/synthetic_data/s3.csv,151,Tree,2176788.3232397316,1179.4508671942472,1475.3942941599482
datasets/synthetic_data/s3.csv,151,ARMA,5464787.188175982,1858.1547753855,2337.6884283787654
datasets/synthetic_data/s3.csv,152,Tree,1574202.6875822246,1055.4239731895889,1254.672342718299
datasets/synthetic_data/s3.csv,152,ARMA,1971782.825298416,1067.3079280577067,1404.2018463520178
datasets/synthetic_data/s3.csv,153,Tree,955850.2146767174,797.7780063696265,977.675925180076
datasets/synthetic_data/s3.csv,153,ARMA,5124380.802765552,2164.075577572306,2263.709522612288
datasets/synthetic_data/s3.csv,154,Tree,15409213.344494183,3851.3278912265873,3925.457087333166
datasets/synthetic_data/s3.csv,154,ARMA,9821189.931281004,2856.3305409427844,3133.877778612466
datasets/synthetic_data/s3.csv,155,Tree,796083.7036570766,763.6789305893046,892.2352288814182
datasets/synthetic_data/s3.csv,155,ARMA,666656.4623607473,746.3920756900159,816.4903320681435
datasets/synthetic_data/s3.csv,156,Tree,2627799.2757880865,1266.8610466925381,1621.048819680668
datasets/synthetic_data/s3.csv,156,ARMA,7338535.234999053,2554.2531674465017,2708.973096027174
datasets/synthetic_data/s3.csv,157,Tree,7376830.455845011,2342.8608351552452,2716.032116129154
datasets/synthetic_data/s3.csv,157,ARMA,17436903.686040066,3736.7002261296175,4175.751870746161
datasets/synthetic_data/s3.csv,158,Tree,1365745.048910635,950.5675537519475,1168.650952556252
datasets/synthetic_data/s3.csv,158,ARMA,2209371.104324789,1088.3956084254783,1486.3953391762195
datasets/synthetic_data/s3.csv,159,Tree,1107955.2198524913,915.8198976920861,1052.5945182512073
datasets/synthetic_data/s3.csv,159,ARMA,4329799.814568725,1882.098829161037,2080.817102623084
datasets/synthetic_data/s3.csv,160,Tree,31274163.699113738,5483.4020193228625,5592.3307930695355
datasets/synthetic_data/s3.csv,160,ARMA,40238752.90269141,5893.2711062441285,6343.40231285163
datasets/synthetic_data/s3.csv,161,Tree,13587439.648134878,3029.4511988328672,3686.114437742659
datasets/synthetic_data/s3.csv,161,ARMA,11753208.358703883,2777.936692776054,3428.2952554737585
datasets/synthetic_data/s3.csv,162,Tree,1890898.997343014,1107.4828149270518,1375.0996317878257
datasets/synthetic_data/s3.csv,162,ARMA,1268740.2293350012,942.9438988944196,1126.383695431979
datasets/synthetic_data/s3.csv,163,Tree,1640810.1233520345,1196.649812692752,1280.9411084636306
datasets/synthetic_data/s3.csv,163,ARMA,721475.0974738599,739.0987752207222,849.3969022040637
datasets/synthetic_data/s3.csv,164,Tree,3746367.9051849875,1685.3591935692539,1935.5536430657219
datasets/synthetic_data/s3.csv,164,ARMA,8065002.452487849,2331.6049150371955,2839.894796024643
datasets/synthetic_data/s3.csv,165,Tree,824107.9293356455,721.2747962725682,907.8039046708521
datasets/synthetic_data/s3.csv,165,ARMA,2156244.902890937,1154.982912646386,1468.4157799788645
datasets/synthetic_data/s3.csv,166,Tree,1758753.3956017445,1038.6505642116665,1326.1800012071305
datasets/synthetic_data/s3.csv,166,ARMA,2020146.7679973748,1199.563511270968,1421.318672218646
datasets/synthetic_data/s3.csv,167,Tree,2117976.5143332602,1283.97635974252,1455.3269441377288
datasets/synthetic_data/s3.csv,167,ARMA,3986225.6080834037,1736.7967074965695,1996.5534323136467
datasets/synthetic_data/s3.csv,168,Tree,2087737.377826988,1272.8581700183754,1444.9004733292145
datasets/synthetic_data/s3.csv,168,ARMA,830156.3241909321,698.3933275315296,911.1291479208269
datasets/synthetic_data/s3.csv,169,Tree,26927902.88894254,5047.791992346485,5189.210237496891
datasets/synthetic_data/s3.csv,169,ARMA,15827138.379565623,3662.7762867256106,3978.333618434435
datasets/synthetic_data/s3.csv,170,Tree,1170131.8804327745,946.1463355527707,1081.7263426730324
datasets/synthetic_data/s3.csv,170,ARMA,6627827.262178107,2331.694143586014,2574.456692620427
datasets/synthetic_data/s3.csv,171,Tree,1091201.9703277042,940.9096646924742,1044.6061316724615
datasets/synthetic_data/s3.csv,171,ARMA,751229.0350121652,721.8149034421355,866.7346970164315
datasets/synthetic_data/s3.csv,172,Tree,6471741.750551903,2129.077024908374,2543.96182175596
datasets/synthetic_data/s3.csv,172,ARMA,21537275.88055985,4371.49148782679,4640.827068590237
datasets/synthetic_data/s3.csv,173,Tree,1653778.0722331735,1036.442804033949,1285.9930296207572
datasets/synthetic_data/s3.csv,173,ARMA,10375015.140946444,3054.100116014052,3221.027032011132
datasets/synthetic_data/s3.csv,174,Tree,2668646.8259861977,1219.1954867710976,1633.599346836977
datasets/synthetic_data/s3.csv,174,ARMA,7606881.616532864,2532.113141950303,2758.057580351227
datasets/synthetic_data/s3.csv,175,Tree,2013528.7415937234,1161.9349319437154,1418.9886333560687
datasets/synthetic_data/s3.csv,175,ARMA,3466764.2989844917,1382.7160905446513,1861.9248908010472
datasets/synthetic_data/s3.csv,176,Tree,3238262.183132486,1467.3836340130154,1799.5172083457512
datasets/synthetic_data/s3.csv,176,ARMA,21006341.074773584,4150.366359208245,4583.2675107147725
datasets/synthetic_data/s3.csv,177,Tree,2402319.46999822,1344.7961292648686,1549.9417634215229
datasets/synthetic_data/s3.csv,177,ARMA,1497050.6563276788,1035.0989394742767,1223.5402144301097
datasets/synthetic_data/s3.csv,178,Tree,415137.64988543215,549.3271998565044,644.3117645095673
datasets/synthetic_data/s3.csv,178,ARMA,761470.4281515429,731.7580222605296,872.6227295638952
datasets/synthetic_data/s3.csv,179,Tree,1576184.430336588,987.9417759013337,1255.461839458527
datasets/synthetic_data/s3.csv,179,ARMA,13295921.070708713,3133.3087057020657,3646.357233007857
datasets/synthetic_data/s3.csv,180,Tree,987052.5775850904,771.970542992235,993.5051975631986
datasets/synthetic_data/s3.csv,180,ARMA,2115949.5598596437,1282.0962293544358,1454.6303859948903
datasets/synthetic_data/s3.csv,181,Tree,1498033.4818660768,1034.1278197116903,1223.9417804234304
datasets/synthetic_data/s3.csv,181,ARMA,7342550.959318377,2413.8144053585,2709.714184064138
datasets/synthetic_data/s3.csv,182,Tree,430973.5421777947,597.8724256393381,656.4857516944253
datasets/synthetic_data/s3.csv,182,ARMA,1399970.0340552027,962.3244556729111,1183.2032936292912
datasets/synthetic_data/s3.csv,183,Tree,6019490.670595885,2316.367543552707,2453.465033497703
datasets/synthetic_data/s3.csv,183,ARMA,11778430.952079482,3010.9944139372465,3431.9718751877153
datasets/synthetic_data/s3.csv,184,Tree,1562766.0946690224,1046.1199095907234,1250.106433336387
datasets/synthetic_data/s3.csv,184,ARMA,14624315.943981308,3360.086200457014,3824.1751978670263
datasets/synthetic_data/s3.csv,185,Tree,1702550.0367161876,1199.8476720705626,1304.818009040413
datasets/synthetic_data/s3.csv,185,ARMA,635025.1328910304,685.5196276332612,796.884642147802
datasets/synthetic_data/s3.csv,186,Tree,1196535.933870366,854.8606826241493,1093.8628496618605
datasets/synthetic_data/s3.csv,186,ARMA,757020.2172908213,697.5794369161833,870.0690876538605
datasets/synthetic_data/s3.csv,187,Tree,1133185.4094629656,840.9394516184972,1064.5118174369723
datasets/synthetic_data/s3.csv,187,ARMA,1249771.8040751775,982.6958283346703,1117.9319317718666
datasets/synthetic_data/s3.csv,188,Tree,1236309.4308877215,976.5153732629436,1111.8945232744522
datasets/synthetic_data/s3.csv,188,ARMA,943729.03490665,851.353437900463,971.4571709070092
datasets/synthetic_data/s3.csv,189,Tree,4093163.6642041495,1596.2083333642897,2023.1568560554442
datasets/synthetic_data/s3.csv,189,ARMA,10650881.83522664,2843.5442050773795,3263.5688801106435
datasets/synthetic_data/s3.csv,190,Tree,46232479.35966869,6553.1443864579505,6799.446989253514
datasets/synthetic_data/s3.csv,190,ARMA,35834657.29063026,5279.51683946922,5986.205583725826
datasets/synthetic_data/s3.csv,191,Tree,1113880.126597958,776.5466222497548,1055.4051954571562
datasets/synthetic_data/s3.csv,191,ARMA,455432.55047695833,538.8048339046893,674.8574297412442
datasets/synthetic_data/s3.csv,192,Tree,756876.2085138585,765.201187613124,869.9863266246537
datasets/synthetic_data/s3.csv,192,ARMA,4708164.758823939,1927.430115793397,2169.830582977376
datasets/synthetic_data/s3.csv,193,Tree,453219.2893641283,550.441724319351,673.2156336302123
datasets/synthetic_data/s3.csv,193,ARMA,11681635.440613128,2869.1726297759255,3417.840757058925
datasets/synthetic_data/s3.csv,194,Tree,1465898.4335180796,963.4766541055495,1210.7429262721628
datasets/synthetic_data/s3.csv,194,ARMA,1290228.25435052,935.408616866143,1135.8821480904257
datasets/synthetic_data/s3.csv,195,Tree,561774.6636653534,642.7098118814606,749.5162864577082
datasets/synthetic_data/s3.csv,195,ARMA,3306370.437696742,1654.138332372218,1818.3427723332975
datasets/synthetic_data/s3.csv,196,Tree,37376841.07239983,5833.282141963675,6113.660202562769
datasets/synthetic_data/s3.csv,196,ARMA,43481023.67842971,5858.268043116813,6594.014230984773
datasets/synthetic_data/s3.csv,197,Tree,3044199.8153751018,1640.0219363046874,1744.7635413932462
datasets/synthetic_data/s3.csv,197,ARMA,441968.94613975333,578.6281371297484,664.8074504243716
datasets/synthetic_data/s3.csv,198,Tree,1513020.1073305456,992.5862094384361,1230.0488231491242
datasets/synthetic_data/s3.csv,198,ARMA,7267416.913772328,2291.377163261034,2695.814703159757
datasets/synthetic_data/s3.csv,199,Tree,1567496.350434975,1062.1449508917794,1251.9969450581639
datasets/synthetic_data/s3.csv,199,ARMA,3423782.627565884,1651.5377698258703,1850.3466236264717
datasets/synthetic_data/s3.csv,200,Tree,3435211.238730217,1533.7819695150783,1853.4322859846316
datasets/synthetic_data/s3.csv,200,ARMA,8653722.577641752,2570.0130878996692,2941.721023081854
datasets/synthetic_data/s3.csv,201,Tree,1395493.8882302742,1018.1641730920433,1181.3102421592196
datasets/synthetic_data/s3.csv,201,ARMA,961796.80927448,809.9779765345189,980.7123988583401
datasets/synthetic_data/s3.csv,202,Tree,881777.4433941289,777.5428522022008,939.0300545744683
datasets/synthetic_data/s3.csv,202,ARMA,774704.6860180104,694.1158869800277,880.1731000309032
datasets/synthetic_data/s3.csv,203,Tree,942824.8722659141,725.3452357936466,970.991695261043
datasets/synthetic_data/s3.csv,203,ARMA,1699875.5263472092,1160.0535322033277,1303.792746699877
datasets/synthetic_data/s3.csv,204,Tree,1017593.2589231909,887.8301407008349,1008.7582757644127
datasets/synthetic_data/s3.csv,204,ARMA,2867730.151296874,1477.9339018208002,1693.4373774358692
datasets/synthetic_data/s3.csv,205,Tree,2355427.5339049925,1206.907494032658,1534.7402170742098
datasets/synthetic_data/s3.csv,205,ARMA,6104389.701174776,2028.8501993665504,2470.706316253467
datasets/synthetic_data/s3.csv,206,Tree,1854718.789805086,1128.6298670279264,1361.8806077645302
datasets/synthetic_data/s3.csv,206,ARMA,2670083.4469350157,1366.3969079242322,1634.038997984753
datasets/synthetic_data/s3.csv,207,Tree,6936613.103798177,2394.1102364292074,2633.7450719077156
datasets/synthetic_data/s3.csv,207,ARMA,14508361.411394939,3560.068495734864,3808.9843018047395
datasets/synthetic_data/s3.csv,208,Tree,690589.1205826332,676.0915145059078,831.0169195525643
datasets/synthetic_data/s3.csv,208,ARMA,4734572.455244557,1980.4171629167504,2175.907271747709
datasets/synthetic_data/s3.csv,209,Tree,844999.6620737669,683.4781556028022,919.2386317348543
datasets/synthetic_data/s3.csv,209,ARMA,862083.6578467123,786.4299757157495,928.4846029131082
datasets/synthetic_data/s3.csv,210,Tree,2048466.4935758358,1290.8074958232523,1431.2464824675853
datasets/synthetic_data/s3.csv,210,ARMA,7063344.7210473465,2359.6525955648576,2657.6953777751405
datasets/synthetic_data/s3.csv,211,Tree,1555732.965699918,999.9452837570799,1247.290249180165
datasets/synthetic_data/s3.csv,211,ARMA,497012.1764732444,595.7815138980933,704.9909052415105
datasets/synthetic_data/s3.csv,212,Tree,8846355.98789486,2745.4204814997383,2974.2824324355715
datasets/synthetic_data/s3.csv,212,ARMA,13032508.15757912,2927.180620428457,3610.0565310780275
datasets/synthetic_data/s3.csv,213,Tree,5167511.64625269,1880.3492557207612,2273.2161459598797
datasets/synthetic_data/s3.csv,213,ARMA,15008493.130814265,3459.2058689501014,3874.0796495186137
datasets/synthetic_data/s3.csv,214,Tree,947886.4406866448,839.525338964179,973.5945977082272
datasets/synthetic_data/s3.csv,214,ARMA,1114164.5744984306,841.4067175462275,1055.5399445300166
datasets/synthetic_data/s3.csv,215,Tree,10733694.22137607,2751.9665279348833,3276.2317105748293
datasets/synthetic_data/s3.csv,215,ARMA,11984886.587157188,2840.654826708128,3461.9194946094844
datasets/synthetic_data/s3.csv,216,Tree,562715.5817077161,619.021891064305,750.1437073706052
datasets/synthetic_data/s3.csv,216,ARMA,4791083.974551661,1994.8269407384535,2188.8544891224865
datasets/synthetic_data/s3.csv,217,Tree,2541771.0951645677,1166.4253632462862,1594.2932901961822
datasets/synthetic_data/s3.csv,217,ARMA,1490028.8312725367,944.0649913794101,1220.6673712656273
datasets/synthetic_data/s3.csv,218,Tree,1156180.7445560084,942.6948124041335,1075.2584547707627
datasets/synthetic_data/s3.csv,218,ARMA,780275.7515780503,714.7168691297892,883.3321864270827
datasets/synthetic_data/s3.csv,219,Tree,1831249.8258112257,1023.589761654071,1353.2367959123878
datasets/synthetic_data/s3.csv,219,ARMA,2520158.6019161553,1256.0875269605594,1587.500740760821
datasets/synthetic_data/s3.csv,220,Tree,959792.7087836083,768.4208578774907,979.6901085463751
datasets/synthetic_data/s3.csv,220,ARMA,2682138.2139371717,1403.8385105505417,1637.7234851882572
datasets/synthetic_data/s3.csv,221,Tree,12129786.492528666,3371.974889859953,3482.784301751785
datasets/synthetic_data/s3.csv,221,ARMA,11349215.451515494,2992.926218537268,3368.859666343419
datasets/synthetic_data/s3.csv,222,Tree,470076.45580716885,540.9236083654367,685.6212189009095
datasets/synthetic_data/s3.csv,222,ARMA,520904.83650638117,636.0622681583056,721.7373736383486
datasets/synthetic_data/s3.csv,223,Tree,1329527.1581312222,958.3957088275844,1153.0512382939546
datasets/synthetic_data/s3.csv,223,ARMA,823037.1369668358,718.5390594747435,907.213942224675
datasets/synthetic_data/s3.csv,224,Tree,1086532.513154768,939.2156910953407,1042.3687030771634
datasets/synthetic_data/s3.csv,224,ARMA,3505985.177353843,1534.5100728442826,1872.4276160519112
datasets/synthetic_data/s3.csv,225,Tree,781094.1254430279,749.9545493445463,883.7952961195415
datasets/synthetic_data/s3.csv,225,ARMA,10005617.558887914,2958.927978757936,3163.1657495123322
datasets/synthetic_data/s3.csv,226,Tree,662951.9126103463,596.7370187401544,814.218590189604
datasets/synthetic_data/s3.csv,226,ARMA,5121034.064871135,2072.359487424971,2262.9701864742133
datasets/synthetic_data/s3.csv,227,Tree,1391381.1489206096,893.7926944502192,1179.5682044377975
datasets/synthetic_data/s3.csv,227,ARMA,631590.9854493819,633.8111291413546,794.7269879961179
datasets/synthetic_data/s3.csv,228,Tree,982971.2662053269,816.0553129000073,991.4490739343736
datasets/synthetic_data/s3.csv,228,ARMA,545846.9481420919,588.5110691986021,738.8145559895879
datasets/synthetic_data/s3.csv,229,Tree,2426001.9542491618,1341.2623536985986,1557.5628251371313
datasets/synthetic_data/s3.csv,229,ARMA,6974076.070844551,2483.260676409436,2640.8476046232868
datasets/synthetic_data/s3.csv,230,Tree,3068057.2386431303,1402.095978231119,1751.5870628213518
datasets/synthetic_data/s3.csv,230,ARMA,4768155.440553422,1757.9727043443286,2183.6106430756886
datasets/synthetic_data/s3.csv,231,Tree,6936248.638122517,2143.890069860844,2633.6758794738803
datasets/synthetic_data/s3.csv,231,ARMA,4614916.14403954,1805.209508261591,2148.235588579507
datasets/synthetic_data/s3.csv,232,Tree,4451034.764267453,1933.139537468152,2109.7475593699482
datasets/synthetic_data/s3.csv,232,ARMA,11806978.064768055,3140.1263941329225,3436.128353942567
datasets/synthetic_data/s3.csv,233,Tree,1399032.5387087227,976.6962124123949,1182.8070589528636
datasets/synthetic_data/s3.csv,233,ARMA,536037.6873215184,565.7353102335638,732.1459467357028
datasets/synthetic_data/s3.csv,234,Tree,367054.0141753163,505.29426884229144,605.8498280723667
datasets/synthetic_data/s3.csv,234,ARMA,534932.0909650682,571.6539853405789,731.3905187825914
datasets/synthetic_data/s3.csv,235,Tree,1904893.395972429,1069.721251013333,1380.1787550793663
datasets/synthetic_data/s3.csv,235,ARMA,2964077.3127700486,1529.1811873186539,1721.6495905874833
datasets/synthetic_data/s3.csv,236,Tree,892021.8615944819,734.2992433893287,944.4690898036218
datasets/synthetic_data/s3.csv,236,ARMA,2195666.7010474205,1304.198869040513,1481.7782226255792
datasets/synthetic_data/s3.csv,237,Tree,615984.2102152201,606.6521665136554,784.8466157251493
datasets/synthetic_data/s3.csv,237,ARMA,6901245.324807364,2512.365493234884,2627.0221401441145
datasets/synthetic_data/s3.csv,238,Tree,2577644.4908876,1410.547417935683,1605.504435025827
datasets/synthetic_data/s3.csv,238,ARMA,3384485.1396736773,1516.5284612803005,1839.6970238802032
datasets/synthetic_data/s3.csv,239,Tree,15260717.964017915,3815.656298096124,3906.4968915919944
datasets/synthetic_data/s3.csv,239,ARMA,33051273.1141569,5436.910131414561,5749.023666167752
datasets/synthetic_data/s3.csv,240,Tree,1118822.9985778115,933.4954874445466,1057.7442973506459
datasets/synthetic_data/s3.csv,240,ARMA,2955850.5876798043,1438.402860666158,1719.2587320353514
datasets/synthetic_data/s3.csv,241,Tree,1628035.6513112665,1019.4311389463751,1275.9450032471095
datasets/synthetic_data/s3.csv,241,ARMA,3134948.246648923,1628.6797932193167,1770.5785062088953
datasets/synthetic_data/s3.csv,242,Tree,1069984.101467961,868.5359441241822,1034.4003584047914
datasets/synthetic_data/s3.csv,242,ARMA,1064185.7297440618,824.2764636324633,1031.5937813616665
datasets/synthetic_data/s3.csv,243,Tree,670934.4516930165,629.6449650169975,819.1058855197028
datasets/synthetic_data/s3.csv,243,ARMA,590846.1826150737,588.5601540445472,768.6651953972378
datasets/synthetic_data/s3.csv,244,Tree,5262673.444606439,2039.95032427183,2294.051752817804
datasets/synthetic_data/s3.csv,244,ARMA,7085931.860646686,2334.2711884114565,2661.941370625335
datasets/synthetic_data/s3.csv,245,Tree,56937536.024505965,7137.182782470785,7545.696523483168
datasets/synthetic_data/s3.csv,245,ARMA,69878021.64879932,7132.379442788578,8359.307486197604
datasets/synthetic_data/s3.csv,246,Tree,2030825.247629422,1006.8600254784454,1425.0702605939898
datasets/synthetic_data/s3.csv,246,ARMA,16627071.89492029,3358.884174131086,4077.6306717161488
datasets/synthetic_data/s3.csv,247,Tree,6611648.412479966,2311.640195208926,2571.3125855251374
datasets/synthetic_data/s3.csv,247,ARMA,9767854.772889832,2855.621390679548,3125.356743299848
datasets/synthetic_data/s3.csv,248,Tree,3024484.140363735,1607.7217165876611,1739.1044075511209
datasets/synthetic_data/s3.csv,248,ARMA,4052686.880225256,1837.9979039790512,2013.1286298260368
datasets/synthetic_data/s3.csv,249,Tree,1008496.0256969297,820.8634941930391,1004.2390281685579
datasets/synthetic_data/s3.csv,249,ARMA,599977.0194971241,618.4707310936407,774.5818352486225
datasets/synthetic_data/s3.csv,250,Tree,1937048.7871763913,1167.05438713389,1391.779000838995
datasets/synthetic_data/s3.csv,250,ARMA,7362112.267808695,2204.5783470593115,2713.3212614448544
datasets/synthetic_data/s3.csv,251,Tree,12069279.67481419,3236.509849932334,3474.086883601818
datasets/synthetic_data/s3.csv,251,ARMA,21410802.417103603,4381.9138785021005,4627.180828226146
datasets/synthetic_data/s3.csv,252,Tree,1732171.2763736637,1211.811938445128,1316.119780405136
datasets/synthetic_data/s3.csv,252,ARMA,1878161.3110508255,1112.8783797061674,1370.4602551883165
datasets/synthetic_data/s3.csv,253,Tree,2052576.2091232522,1222.49936497489,1432.6814751099605
datasets/synthetic_data/s3.csv,253,ARMA,1514244.6910401073,1017.2772227740676,1230.5465009661793
datasets/synthetic_data/s3.csv,254,Tree,787029.9508300751,798.2144311504394,887.1470852288672
datasets/synthetic_data/s3.csv,254,ARMA,5628595.862259096,2225.3619959283255,2372.466198338576
datasets/synthetic_data/s3.csv,255,Tree,1182050.5336638663,729.8829863006819,1087.2214740630661
datasets/synthetic_data/s3.csv,255,ARMA,1255063.2604206062,936.3384468955679,1120.2960592721042
datasets/synthetic_data/s3.csv,256,Tree,429945.51803552517,515.6420252207105,655.7023090057905
datasets/synthetic_data/s3.csv,256,ARMA,7326875.975908329,2422.088406812355,2706.820270337196
datasets/synthetic_data/s3.csv,257,Tree,11519521.207642794,3271.276849925522,3394.0420161870115
datasets/synthetic_data/s3.csv,257,ARMA,27835028.755708557,4973.497065090813,5275.8912759559935
datasets/synthetic_data/s3.csv,258,Tree,1675869.8659938418,1006.0254618377079,1294.5539254870157
datasets/synthetic_data/s3.csv,258,ARMA,6785138.144428797,2271.9142738623336,2604.8297726394326
datasets/synthetic_data/s3.csv,259,Tree,982427.4129924603,798.2809103107168,991.1747641019016
datasets/synthetic_data/s3.csv,259,ARMA,2129972.2175055128,1197.1434134833032,1459.4424337758282
datasets/synthetic_data/s3.csv,260,Tree,2017167.7892527266,1170.4203721510653,1420.2703225980351
datasets/synthetic_data/s3.csv,260,ARMA,903379.6320636183,768.2052292176053,950.4628514905874
datasets/synthetic_data/s3.csv,261,Tree,1389044.711614764,1028.0158564673038,1178.577410107102
datasets/synthetic_data/s3.csv,261,ARMA,1284771.9605745976,916.4447172272291,1133.477816533962
datasets/synthetic_data/s3.csv,262,Tree,1885524.5173921916,1088.0152013150687,1373.144026456144
datasets/synthetic_data/s3.csv,262,ARMA,4979088.783695186,1837.3315247276391,2231.387188207189
datasets/synthetic_data/s3.csv,263,Tree,1424314.0373971076,1054.8130995614013,1193.4462859287416
datasets/synthetic_data/s3.csv,263,ARMA,4000887.8506868645,1594.2988065049299,2000.221950356226
datasets/synthetic_data/s3.csv,264,Tree,1576412.0762162255,1083.2884086947008,1255.5524983911369
datasets/synthetic_data/s3.csv,264,ARMA,7660541.976654397,2516.944840021274,2767.768410950309
datasets/synthetic_data/s3.csv,265,Tree,1209111.657504949,803.9762200130278,1099.5961338168433
datasets/synthetic_data/s3.csv,265,ARMA,12039898.261499308,3310.1703107861404,3469.8556542742967
datasets/synthetic_data/s3.csv,266,Tree,7891363.186454273,2355.632327695386,2809.157024171891
datasets/synthetic_data/s3.csv,266,ARMA,12317608.398577986,2815.0618227844434,3509.6450530755938
datasets/synthetic_data/s3.csv,267,Tree,1139095.0137816037,917.8462019010262,1067.2839424359404
datasets/synthetic_data/s3.csv,267,ARMA,2892008.3074869523,1530.8606181151772,1700.5905760902453
datasets/synthetic_data/s3.csv,268,Tree,1889909.4910972419,1228.5969940761054,1374.7397903229694
datasets/synthetic_data/s3.csv,268,ARMA,20995647.345543936,4201.3527929445245,4582.1007568083805
datasets/synthetic_data/s3.csv,269,Tree,23328624.51294424,4781.11262422932,4829.971481587054
datasets/synthetic_data/s3.csv,269,ARMA,19441618.42172658,4168.602534598767,4409.265065940874
datasets/synthetic_data/s3.csv,270,Tree,1390399.0331143914,985.0193199927455,1179.1518278467754
datasets/synthetic_data/s3.csv,270,ARMA,7711630.344799483,2015.316261227163,2776.9822370334823
datasets/synthetic_data/s3.csv,271,Tree,2250233.1190094827,1070.0289263347754,1500.0777043238402
datasets/synthetic_data/s3.csv,271,ARMA,19053163.073955216,4011.9839229122445,4364.992906518316
datasets/synthetic_data/s3.csv,272,Tree,5515683.287313057,1890.787847718401,2348.5491877567856
datasets/synthetic_data/s3.csv,272,ARMA,9129147.987578044,2293.914244087133,3021.4479951801327
datasets/synthetic_data/s3.csv,273,Tree,2994151.126509814,1499.8672294677604,1730.3615594753064
datasets/synthetic_data/s3.csv,273,ARMA,14778301.042848444,3130.6254043434997,3844.255590208388
datasets/synthetic_data/s3.csv,274,Tree,737953.2418242248,809.2800663249379,859.0420489267244
datasets/synthetic_data/s3.csv,274,ARMA,2069899.412699006,1270.6831681871042,1438.714500065599
datasets/synthetic_data/s3.csv,275,Tree,1027664.8521552047,867.97739122801,1013.7380589458032
datasets/synthetic_data/s3.csv,275,ARMA,3528902.695333261,1789.7886135000863,1878.537381936612
datasets/synthetic_data/s3.csv,276,Tree,1688491.377396487,1067.9779002738724,1299.4196309878064
datasets/synthetic_data/s3.csv,276,ARMA,1265291.2285150564,970.4888907009088,1124.8516473362415
datasets/synthetic_data/s3.csv,277,Tree,962351.1955539009,838.5292458560181,980.9950028180067
datasets/synthetic_data/s3.csv,277,ARMA,1472056.5168617566,1005.7765371495443,1213.2833621465995
datasets/synthetic_data/s3.csv,278,Tree,734344.7090883101,781.74477444808,856.9391513335764
datasets/synthetic_data/s3.csv,278,ARMA,674777.4879215357,694.3180440087269,821.4484085574308
datasets/synthetic_data/s3.csv,279,Tree,1265929.4311957967,1025.90512612909,1125.1352946182947
datasets/synthetic_data/s3.csv,279,ARMA,3077943.375658503,1515.2550494275845,1754.406844394567
datasets/synthetic_data/s3.csv,280,Tree,669197.5264416182,709.7627544262338,818.0449415781618
datasets/synthetic_data/s3.csv,280,ARMA,717149.9226984286,742.6785645562529,846.847047995344
datasets/synthetic_data/s3.csv,281,Tree,763067.963798194,793.7354058386878,873.5376144151974
datasets/synthetic_data/s3.csv,281,ARMA,2623281.006374467,1317.0775449050263,1619.654594774598
datasets/synthetic_data/s3.csv,282,Tree,2190461.6535286694,1219.9156559440103,1480.0208287482542
datasets/synthetic_data/s3.csv,282,ARMA,1481725.6992277368,940.1194486839877,1217.2615574426627
datasets/synthetic_data/s3.csv,283,Tree,3210548.166000515,1391.9547478574818,1791.8002583995
datasets/synthetic_data/s3.csv,283,ARMA,4855543.787719416,1844.2847807739333,2203.529847249503
datasets/synthetic_data/s3.csv,284,Tree,3375853.127941357,1426.010262586551,1837.349484431679
datasets/synthetic_data/s3.csv,284,ARMA,7297863.714495781,2215.2454005050795,2701.45585092479
datasets/synthetic_data/s3.csv,285,Tree,1131194.7733191685,923.9493953102545,1063.576406902282
datasets/synthetic_data/s3.csv,285,ARMA,3651842.902932763,1612.128786939918,1910.979566330515
datasets/synthetic_data/s3.csv,286,Tree,1271332.026661778,873.267148377605,1127.5336033403962
datasets/synthetic_data/s3.csv,286,ARMA,3878139.3885069536,1552.668542097408,1969.2992125390579
datasets/synthetic_data/s3.csv,287,Tree,881284.2955422954,713.1881539941554,938.7674342148301
datasets/synthetic_data/s3.csv,287,ARMA,580963.0620386589,598.0876625780729,762.2093295405527
datasets/synthetic_data/s3.csv,288,Tree,1710669.248951777,1096.3240211419393,1307.9255517619406
datasets/synthetic_data/s3.csv,288,ARMA,1536638.1499060576,978.8329467257087,1239.6120965471648
datasets/synthetic_data/s3.csv,289,Tree,8231721.190576057,2803.439158920882,2869.0976265327845
datasets/synthetic_data/s3.csv,289,ARMA,3407790.340589178,1687.9168492631957,1846.0201354777196
datasets/synthetic_data/s3.csv,290,Tree,1012478.4112345293,742.6344387176578,1006.2198622739114
datasets/synthetic_data/s3.csv,290,ARMA,677638.5131993054,653.4026210889326,823.188018133953
datasets/synthetic_data/s3.csv,291,Tree,22296408.615420785,4680.25663319514,4721.907306949257
datasets/synthetic_data/s3.csv,291,ARMA,21684410.101337265,4167.892548213438,4656.652241829667
datasets/synthetic_data/s3.csv,292,Tree,1887094.3091557408,1070.176464408331,1373.7155124536305
datasets/synthetic_data/s3.csv,292,ARMA,9677134.528509986,2799.6946362083722,3110.8093044270627
datasets/synthetic_data/s3.csv,293,Tree,6328212.162762451,2377.673711401267,2515.593799237558
datasets/synthetic_data/s3.csv,293,ARMA,34745995.56544386,5550.507120496971,5894.5733997842335
datasets/synthetic_data/s3.csv,294,Tree,2148005.132237647,1226.6274780681886,1465.6074277369255
datasets/synthetic_data/s3.csv,294,ARMA,2202748.73835199,1236.8743998235745,1484.1660076797305
datasets/synthetic_data/s3.csv,295,Tree,1805560.9103969638,1168.578361490973,1343.711617273946
datasets/synthetic_data/s3.csv,295,ARMA,1787352.279018872,1125.3160136337397,1336.9189500560128
datasets/synthetic_data/s3.csv,296,Tree,711713.9562432761,714.0758982556234,843.6314101805813
datasets/synthetic_data/s3.csv,296,ARMA,4058722.5152118714,1891.5915516296118,2014.6271404932158
datasets/synthetic_data/s3.csv,297,Tree,5144430.65840017,1864.997026290986,2268.1337390903936
datasets/synthetic_data/s3.csv,297,ARMA,18555316.226953186,3961.2457322760783,4307.588214645544
datasets/synthetic_data/s3.csv,298,Tree,24239601.64626422,4769.298631763907,4923.372994834356
datasets/synthetic_data/s3.csv,298,ARMA,47664577.27488323,6392.8208946852155,6903.953742232289
datasets/synthetic_data/s3.csv,299,Tree,18959239.852037027,4282.07904847943,4354.2209236598255
datasets/synthetic_data/s3.csv,299,ARMA,17289975.96087101,3979.3621889284377,4158.121686635807
datasets/synthetic_data/s3.csv,300,Tree,8247457.970080615,2626.1008755885714,2871.8387785668983
datasets/synthetic_data/s3.csv,300,ARMA,15052633.166979209,3184.456047673205,3879.772308651528
datasets/synthetic_data/s3.csv,301,Tree,1159733.5009260091,819.7948541744312,1076.909235231089
datasets/synthetic_data/s3.csv,301,ARMA,4144509.704277792,1797.4020901991712,2035.8068926786234
datasets/synthetic_data/s3.csv,302,Tree,3080277.7766350866,1387.0128307868067,1755.0720146578278
datasets/synthetic_data/s3.csv,302,ARMA,613955.5010991439,642.4257421806102,783.5531258945649
datasets/synthetic_data/s3.csv,303,Tree,3299068.0342119485,1611.5230216813034,1816.3336792043328
datasets/synthetic_data/s3.csv,303,ARMA,3097272.6774462406,1534.8586165018885,1759.9070081814666
datasets/synthetic_data/s3.csv,304,Tree,1680576.305787473,1129.8814861416056,1296.3704354031963
datasets/synthetic_data/s3.csv,304,ARMA,4539556.13345442,1828.6667279330638,2130.623414274428
datasets/synthetic_data/s3.csv,305,Tree,1340994.081132729,979.6474634891039,1158.012988326439
datasets/synthetic_data/s3.csv,305,ARMA,1351154.8139552847,969.1043504918068,1162.3918504339597
datasets/synthetic_data/s3.csv,306,Tree,1748600.2806964559,972.0660552930563,1322.3465055334234
datasets/synthetic_data/s3.csv,306,ARMA,3806354.503758572,1853.1252645143245,1950.9880839611942
datasets/synthetic_data/s3.csv,307,Tree,2085907.5206951038,1264.819921085092,1444.267122347907
datasets/synthetic_data/s3.csv,307,ARMA,1064639.8546940903,808.0995856888795,1031.8138663024888
datasets/synthetic_data/s3.csv,308,Tree,1729040.773393006,1043.57955058626,1314.9299499946778
datasets/synthetic_data/s3.csv,308,ARMA,3729789.0655188253,1818.4132407208479,1931.266181943552
datasets/synthetic_data/s3.csv,309,Tree,1103432.6633410722,800.1408979237652,1050.4440315128988
datasets/synthetic_data/s3.csv,309,ARMA,826603.0842298744,688.5318266983963,909.1771467815689
datasets/synthetic_data/s3.csv,310,Tree,1056126.0125097595,698.6167483056144,1027.679917342827
datasets/synthetic_data/s3.csv,310,ARMA,6783012.668443995,2488.10475379478,2604.4217531813074
datasets/synthetic_data/s3.csv,311,Tree,1135886.8979528807,875.6062993855169,1065.7799481848401
datasets/synthetic_data/s3.csv,311,ARMA,1953209.882118795,1159.4428127101294,1397.5728539574584
datasets/synthetic_data/s3.csv,312,Tree,935629.3574265899,800.3212160744026,967.2793585239943
datasets/synthetic_data/s3.csv,312,ARMA,10603840.15174265,2755.5467190244863,3256.3538124323422
datasets/synthetic_data/s3.csv,313,Tree,10287341.912798636,2937.1467766797427,3207.3886438656973
datasets/synthetic_data/s3.csv,313,ARMA,29374255.81296826,4996.865932504832,5419.802193158737
datasets/synthetic_data/s3.csv,314,Tree,39288919.97141213,6233.257135365367,6268.087425316604
datasets/synthetic_data/s3.csv,314,ARMA,31905431.934369147,5297.35921830292,5648.489349761505
datasets/synthetic_data/s3.csv,315,Tree,3029484.645710093,1569.9471367112797,1740.5414806059903
datasets/synthetic_data/s3.csv,315,ARMA,758726.5006088766,644.0295507778164,871.0490804821945
datasets/synthetic_data/s3.csv,316,Tree,713248.0361618724,638.8269510148483,844.5401329492119
datasets/synthetic_data/s3.csv,316,ARMA,2052931.5545549945,1242.022743147087,1432.8054838515222
datasets/synthetic_data/s3.csv,317,Tree,1832667.5065724766,1022.6478872357753,1353.7605056185073
datasets/synthetic_data/s3.csv,317,ARMA,1841708.5027523742,1222.8086066828873,1357.0956129736674
datasets/synthetic_data/s3.csv,318,Tree,933744.1976213135,782.3427044108807,966.3044021535417
datasets/synthetic_data/s3.csv,318,ARMA,3352452.3958634315,1640.5142215184073,1830.9703427044992
datasets/synthetic_data/s3.csv,319,Tree,754233.4122259523,732.8829012353096,868.4661261246475
datasets/synthetic_data/s3.csv,319,ARMA,1927408.7371606124,1136.596021509939,1388.3114697936528
datasets/synthetic_data/s3.csv,320,Tree,262595.13080797374,384.3586322601461,512.440368050736
datasets/synthetic_data/s3.csv,320,ARMA,17000846.412737258,3919.5807782704956,4123.208266961209
datasets/synthetic_data/s3.csv,321,Tree,2959389.0685637486,1550.9645156153015,1720.2874959040273
datasets/synthetic_data/s3.csv,321,ARMA,20011659.837062143,4041.121017903036,4473.439374470402
datasets/synthetic_data/s3.csv,322,Tree,1831679.1889543047,1136.945265353375,1353.395429634039
datasets/synthetic_data/s3.csv,322,ARMA,3455200.2965021417,1523.5599076664141,1858.8169077405503
datasets/synthetic_data/s3.csv,323,Tree,16538109.767866058,3986.786806979813,4066.707484915292
datasets/synthetic_data/s3.csv,323,ARMA,24370870.462300383,4797.598655124582,4936.686182278592
datasets/synthetic_data/s3.csv,324,Tree,9172527.064655632,2782.248443936623,3028.61801233758
datasets/synthetic_data/s3.csv,324,ARMA,11977600.04098644,3190.0457086453457,3460.866949333135
datasets/synthetic_data/s3.csv,325,Tree,14042025.593575414,3666.1287610681075,3747.2690847569797
datasets/synthetic_data/s3.csv,325,ARMA,21517980.60319529,4131.226146175274,4638.747740845075
datasets/synthetic_data/s3.csv,326,Tree,1706173.2320362173,1091.2408503186182,1306.2056622278965
datasets/synthetic_data/s3.csv,326,ARMA,1923401.8258869736,1045.2829002062967,1386.8676309896966
datasets/synthetic_data/s3.csv,327,Tree,1396620.3339305257,949.7336197352764,1181.786924081717
datasets/synthetic_data/s3.csv,327,ARMA,2806784.502389704,1370.7189881092595,1675.3460843627813
datasets/synthetic_data/s3.csv,328,Tree,685135.6833868998,671.0201460160165,827.7292331353893
datasets/synthetic_data/s3.csv,328,ARMA,1907615.3282650174,1265.094360877423,1381.164482697487
datasets/synthetic_data/s3.csv,329,Tree,2943187.1217209925,1527.1102331558907,1715.5719517761395
datasets/synthetic_data/s3.csv,329,ARMA,10372587.849375185,2996.657262609762,3220.650221519745
datasets/synthetic_data/s3.csv,330,Tree,6840492.264713546,2271.00239793128,2615.4334754899705
datasets/synthetic_data/s3.csv,330,ARMA,4816371.321557577,1751.3128119407145,2194.623275543567
datasets/synthetic_data/s3.csv,331,Tree,5654840.911522528,1612.6368261494574,2377.9909401683026
datasets/synthetic_data/s3.csv,331,ARMA,20431491.582034748,3326.3606886021857,4520.120748612226
datasets/synthetic_data/s3.csv,332,Tree,1450948.098961576,937.3443848865983,1204.5530702138349
datasets/synthetic_data/s3.csv,332,ARMA,3170027.176513609,1603.1044484476772,1780.4570133854984
datasets/synthetic_data/s3.csv,333,Tree,2723919.809665777,1510.775947915377,1650.430189273626
datasets/synthetic_data/s3.csv,333,ARMA,9476404.832285183,2774.8889013015714,3078.376980209731
datasets/synthetic_data/s3.csv,334,Tree,1398049.312320473,900.7587251103615,1182.3913532838749
datasets/synthetic_data/s3.csv,334,ARMA,2843097.5904047084,1474.725608012114,1686.148745041406
datasets/synthetic_data/s3.csv,335,Tree,5803296.8398900805,2214.380493700672,2409.003287646175
datasets/synthetic_data/s3.csv,335,ARMA,13877250.419544265,3456.909774030002,3725.2181707309796
datasets/synthetic_data/s3.csv,336,Tree,978227.8894425394,773.4717815601401,989.0540376756669
datasets/synthetic_data/s3.csv,336,ARMA,4719671.902044222,2067.951134769054,2172.480587265217
datasets/synthetic_data/s3.csv,337,Tree,644683.1035377004,757.0895934363592,802.9216048517442
datasets/synthetic_data/s3.csv,337,ARMA,4844600.14148125,2029.776721835003,2201.045238399531
datasets/synthetic_data/s3.csv,338,Tree,2012731.9992777216,1008.6104671426676,1418.7078625558263
datasets/synthetic_data/s3.csv,338,ARMA,10743691.032745996,2712.2072960260916,3277.7570124623326
datasets/synthetic_data/s3.csv,339,Tree,1360600.7093547673,972.6311583500814,1166.447902546345
datasets/synthetic_data/s3.csv,339,ARMA,5219298.317497477,2148.003137518133,2284.578367554389
datasets/synthetic_data/s3.csv,340,Tree,31419876.632880073,5415.23636876144,5605.3435784865205
datasets/synthetic_data/s3.csv,340,ARMA,32055652.741409034,5263.90748140852,5661.771166464522
datasets/synthetic_data/s3.csv,341,Tree,2663309.0509022847,1414.1208578179017,1631.9647823719372
datasets/synthetic_data/s3.csv,341,ARMA,3897641.6330552674,1604.5183253575124,1974.2445727556826
datasets/synthetic_data/s3.csv,342,Tree,517800.0659303504,594.1113182365702,719.5832585117239
datasets/synthetic_data/s3.csv,342,ARMA,1283040.0957766918,887.1887930911323,1132.7135983013056
datasets/synthetic_data/s3.csv,343,Tree,1261038.5937017833,846.2806870636975,1122.9597471422487
datasets/synthetic_data/s3.csv,343,ARMA,4261551.055019336,1836.9389950507787,2064.3524541655515
datasets/synthetic_data/s3.csv,344,Tree,877628.8856388814,797.0725327762225,936.8184912985446
datasets/synthetic_data/s3.csv,344,ARMA,5554250.630175466,2179.1598153887326,2356.74577122257
datasets/synthetic_data/s3.csv,345,Tree,2631909.8587048007,1259.3138091123894,1622.3162018252794
datasets/synthetic_data/s3.csv,345,ARMA,6239092.827690537,1984.081044566637,2497.8176129754825
datasets/synthetic_data/s3.csv,346,Tree,1061692.0881920885,860.6908376675892,1030.3844370874826
datasets/synthetic_data/s3.csv,346,ARMA,1875283.1805180018,1188.4591431323292,1369.409792764022
datasets/synthetic_data/s3.csv,347,Tree,25701516.193067543,4832.675551705856,5069.666280246417
datasets/synthetic_data/s3.csv,347,ARMA,31127924.050918847,5034.6043272112765,5579.240454660369
datasets/synthetic_data/s3.csv,348,Tree,1462630.4356781277,956.8156027032239,1209.3925895581333
datasets/synthetic_data/s3.csv,348,ARMA,539226.8698588215,612.0897446308784,734.3206859804656
datasets/synthetic_data/s3.csv,349,Tree,1700266.4438832323,979.4596085617777,1303.9426536022327
datasets/synthetic_data/s3.csv,349,ARMA,11885228.543500295,3239.5815953991405,3447.4959816510727
datasets/synthetic_data/s3.csv,350,Tree,1737041.6394384936,1005.2441292960198,1317.9687551070751
datasets/synthetic_data/s3.csv,350,ARMA,326758.3286680222,485.1544351232536,571.6277885722685
datasets/synthetic_data/s3.csv,351,Tree,31539253.10346548,5214.775955558691,5615.981935820794
datasets/synthetic_data/s3.csv,351,ARMA,33109266.381167125,5006.530278443595,5754.065204806696
datasets/synthetic_data/s3.csv,352,Tree,8307514.212397314,2770.239653789794,2882.275873749304
datasets/synthetic_data/s3.csv,352,ARMA,12001269.429443683,3274.919784251434,3464.2848366500816
datasets/synthetic_data/s3.csv,353,Tree,935545.0077745224,766.0056263507375,967.2357560463336
datasets/synthetic_data/s3.csv,353,ARMA,2203541.3291265946,1228.026980257012,1484.4329992042735
datasets/synthetic_data/s3.csv,354,Tree,1133785.5391847254,855.4815542450945,1064.793660379665
datasets/synthetic_data/s3.csv,354,ARMA,1607124.0109771509,1162.2325424289447,1267.723949042989
datasets/synthetic_data/s3.csv,355,Tree,1020768.7945520426,843.3757026233005,1010.3310321632423
datasets/synthetic_data/s3.csv,355,ARMA,4616964.335140601,2008.073601066602,2148.712250428289
datasets/synthetic_data/s3.csv,356,Tree,757781.6704366037,655.2025794394684,870.506559674655
datasets/synthetic_data/s3.csv,356,ARMA,2360883.875519607,1290.269650780041,1536.516799621666
datasets/synthetic_data/s3.csv,357,Tree,1792603.7576185602,1168.038049926451,1338.8815323315803
datasets/synthetic_data/s3.csv,357,ARMA,10743876.818065813,2836.7860030184975,3277.7853526528875
datasets/synthetic_data/s3.csv,358,Tree,1945212.9169249278,1197.5360765492335,1394.7089004250772
datasets/synthetic_data/s3.csv,358,ARMA,9302091.879380658,2366.2180053043294,3049.933094246603
datasets/synthetic_data/s3.csv,359,Tree,15321742.073225113,3659.866476378795,3914.299691288994
datasets/synthetic_data/s3.csv,359,ARMA,20796018.865688782,3897.626114447722,4560.265218788133
datasets/synthetic_data/s3.csv,360,Tree,931745.7377867163,788.8451921193334,965.2697746157373
datasets/synthetic_data/s3.csv,360,ARMA,405647.4244195066,517.6747586232457,636.9045646087854
datasets/synthetic_data/s3.csv,361,Tree,1107338.2137012717,898.5166883365649,1052.3013891947837
datasets/synthetic_data/s3.csv,361,ARMA,5254960.082271057,1900.7305830974783,2292.3699706354246
datasets/synthetic_data/s3.csv,362,Tree,2082428.5364733846,1241.0182926241457,1443.0622081093331
datasets/synthetic_data/s3.csv,362,ARMA,5143798.436212728,1943.6450944540316,2267.9943642374265
datasets/synthetic_data/s3.csv,363,Tree,12114579.8027016,3461.2159431112755,3480.600494555731
datasets/synthetic_data/s3.csv,363,ARMA,13147569.834063867,3437.893201552426,3625.957781616309
datasets/synthetic_data/s3.csv,364,Tree,2459353.7369075594,1333.3754413140425,1568.2326794540277
datasets/synthetic_data/s3.csv,364,ARMA,721790.1328316954,620.6302466174607,849.5823284601059
datasets/synthetic_data/s3.csv,365,Tree,1241668.4973081728,920.0165475333908,1114.3017981265994
datasets/synthetic_data/s3.csv,365,ARMA,5093649.856844854,2072.616529702115,2256.911574883884
datasets/synthetic_data/s3.csv,366,Tree,1444674.8275299254,948.4791233727658,1201.946266490281
datasets/synthetic_data/s3.csv,366,ARMA,6160926.482742531,2229.130675242684,2482.1213674481214
datasets/synthetic_data/s3.csv,367,Tree,4086143.8636711193,1651.4485195144555,2021.421248446528
datasets/synthetic_data/s3.csv,367,ARMA,11882763.349093424,2596.218261917834,3447.1384290587207
datasets/synthetic_data/s3.csv,368,Tree,561131.7193354742,624.9399721616802,749.0872574910577
datasets/synthetic_data/s3.csv,368,ARMA,1407693.1374098053,1003.741313440468,1186.4624466917633
datasets/synthetic_data/s3.csv,369,Tree,928297.4294276516,748.177429884482,963.4819299953951
datasets/synthetic_data/s3.csv,369,ARMA,942478.7508868544,799.7930570608685,970.8134480356431
datasets/synthetic_data/s3.csv,370,Tree,1577519.8859516694,984.0863775328323,1255.9935851554615
datasets/synthetic_data/s3.csv,370,ARMA,876611.4150807215,773.011479193746,936.2752880861063
datasets/synthetic_data/s3.csv,371,Tree,1256831.7482392741,964.8582416268786,1121.0850762717673
datasets/synthetic_data/s3.csv,371,ARMA,7909169.6932106465,2597.056096341637,2812.3246066573906
datasets/synthetic_data/s3.csv,372,Tree,3116644.4352746923,1351.981327386577,1765.4020605161568
datasets/synthetic_data/s3.csv,372,ARMA,6051090.992698938,2094.163634355679,2459.8965410559317
datasets/synthetic_data/s3.csv,373,Tree,2487814.1730745896,1252.893288834194,1577.280625974525
datasets/synthetic_data/s3.csv,373,ARMA,24029207.976421677,4486.8377082632505,4901.959605751732
datasets/synthetic_data/s3.csv,374,Tree,4255025.82041867,1933.4114125215826,2062.771393155012
datasets/synthetic_data/s3.csv,374,ARMA,9664593.157411229,2690.7251756807523,3108.7928778564888
datasets/synthetic_data/s3.csv,375,Tree,1089728.7676433404,828.7278457668286,1043.9007460689643
datasets/synthetic_data/s3.csv,375,ARMA,1264854.7683989168,903.9546645948052,1124.6576227452142
datasets/synthetic_data/s3.csv,376,Tree,4259988.331650486,1693.2920635745518,2063.973917386188
datasets/synthetic_data/s3.csv,376,ARMA,3421468.9366558106,1660.6262794850416,1849.7213132404056
datasets/synthetic_data/s3.csv,377,Tree,17763166.6057473,4119.63684511123,4214.637185541277
datasets/synthetic_data/s3.csv,377,ARMA,16745270.275201058,3878.1000823525574,4092.098517289272
datasets/synthetic_data/s3.csv,378,Tree,1482033.7545203378,1046.5069388858367,1217.3880870619435
datasets/synthetic_data/s3.csv,378,ARMA,1031278.92287104,916.7653410872178,1015.5190411169256
datasets/synthetic_data/s3.csv,379,Tree,909040.5204154196,832.2902044690309,953.4361648350767
datasets/synthetic_data/s3.csv,379,ARMA,1219533.0801704978,933.2033319491957,1104.324716815891
datasets/synthetic_data/s3.csv,380,Tree,1539695.332140656,988.2341895917957,1240.8446043484478
datasets/synthetic_data/s3.csv,380,ARMA,2514277.345281214,1318.981547989158,1585.6472953595999
datasets/synthetic_data/s3.csv,381,Tree,1111346.7525006013,879.1553398630783,1054.204321989149
datasets/synthetic_data/s3.csv,381,ARMA,2154181.9883717587,1243.1453153930167,1467.7131832792668
datasets/synthetic_data/s3.csv,382,Tree,1262849.3247053116,944.6383438514927,1123.7656894145289
datasets/synthetic_data/s3.csv,382,ARMA,1718195.3045540329,1061.820881626167,1310.7994905987844
datasets/synthetic_data/s3.csv,383,Tree,885592.642816176,782.3350189750903,941.0593194991355
datasets/synthetic_data/s3.csv,383,ARMA,8785996.41828369,2875.636911052635,2964.1181518764884
datasets/synthetic_data/s3.csv,384,Tree,1606539.8871048002,1115.5629278546533,1267.4935451925585
datasets/synthetic_data/s3.csv,384,ARMA,7334804.44618682,1992.295723064421,2708.2844101362066
datasets/synthetic_data/s3.csv,385,Tree,13578773.336392084,3599.1692145186153,3684.938715418763
datasets/synthetic_data/s3.csv,385,ARMA,17879093.23754544,4079.7158929658026,4228.3676800327385
datasets/synthetic_data/s3.csv,386,Tree,2394910.916605292,1297.8645656607762,1547.5499722481636
datasets/synthetic_data/s3.csv,386,ARMA,5293314.0343408305,1786.5898293619557,2300.7203294491987
datasets/synthetic_data/s3.csv,387,Tree,704534.1647728496,706.9076333760256,839.3653345074775
datasets/synthetic_data/s3.csv,387,ARMA,4602929.374260731,1673.8041460477896,2145.4438641597526
datasets/synthetic_data/s3.csv,388,Tree,2216741.362937271,1182.0930917101557,1488.8725139975118
datasets/synthetic_data/s3.csv,388,ARMA,10072006.588608095,2910.364061112311,3173.642479645131
datasets/synthetic_data/s3.csv,389,Tree,2137087.3494818453,1361.713704866059,1461.8780214100782
datasets/synthetic_data/s3.csv,389,ARMA,4220231.462433747,1681.911877495635,2054.3201947198363
datasets/synthetic_data/s3.csv,390,Tree,801938.5960743368,726.2483056724963,895.5102434223389
datasets/synthetic_data/s3.csv,390,ARMA,10216754.041411746,2957.213734619294,3196.3657552620202
datasets/synthetic_data/s3.csv,391,Tree,2961401.4479279644,1583.123658821209,1720.8722927422489
datasets/synthetic_data/s3.csv,391,ARMA,11928354.9742487,2894.9302627283555,3453.745065034288
datasets/synthetic_data/s3.csv,392,Tree,4544559.283501207,1755.5460037308812,2131.7971956781457
datasets/synthetic_data/s3.csv,392,ARMA,11556249.19091726,2608.9267916301237,3399.448365678946
datasets/synthetic_data/s3.csv,393,Tree,3652516.464057119,1547.2631785452163,1911.155792722592
datasets/synthetic_data/s3.csv,393,ARMA,4219424.784579928,1821.238557983423,2054.123848403481
datasets/synthetic_data/s3.csv,394,Tree,2218119.3732570363,1206.1367698091442,1489.3352118502523
datasets/synthetic_data/s3.csv,394,ARMA,6410335.586987849,1898.4660916746986,2531.864053812497
datasets/synthetic_data/s3.csv,395,Tree,896528.4013608212,761.7628725664207,946.8518370689372
datasets/synthetic_data/s3.csv,395,ARMA,1276951.152507035,990.3032191865683,1130.0226336259973
datasets/synthetic_data/s3.csv,396,Tree,576351.3506410948,656.2784512270324,759.1780757115519
datasets/synthetic_data/s3.csv,396,ARMA,4719588.742895704,1873.1373809378601,2172.4614479653496
datasets/synthetic_data/s3.csv,397,Tree,3539673.509071317,1508.08159633563,1881.4020062366567
datasets/synthetic_data/s3.csv,397,ARMA,4661415.540321793,1786.4442612876956,2159.031157793188
datasets/synthetic_data/s3.csv,398,Tree,968181.8637105089,850.1181512498285,983.962328400081
datasets/synthetic_data/s3.csv,398,ARMA,2027682.2893411994,1251.0832787402262,1423.9670955963834
datasets/synthetic_data/s3.csv,399,Tree,947568.4667504778,752.0676221362635,973.4312850686882
datasets/synthetic_data/s3.csv,399,ARMA,7970131.246869639,2556.4122314363713,2823.1420876161437
datasets/synthetic_data/s3.csv,400,Tree,1246673.6692456456,926.0901696551834,1116.5454174576355
datasets/synthetic_data/s3.csv,400,ARMA,3631582.443649581,1775.7614893780453,1905.6711268342135
datasets/synthetic_data/s3.csv,401,Tree,2031140.3997973253,1078.2151297835196,1425.1808305605732
datasets/synthetic_data/s3.csv,401,ARMA,9901553.969199847,2508.7461831614073,3146.6734767369567
datasets/synthetic_data/s3.csv,402,Tree,19684393.452568155,4248.264127214034,4436.709755276781
datasets/synthetic_data/s3.csv,402,ARMA,16411181.266738793,3331.809593750028,4051.0716195518926
datasets/synthetic_data/s3.csv,403,Tree,3972608.0544301746,1949.4112429817653,1993.140249563531
datasets/synthetic_data/s3.csv,403,ARMA,11848961.071136149,3250.4899448898504,3442.231989732265
datasets/synthetic_data/s3.csv,404,Tree,2253832.9364472255,1080.6762068813487,1501.2771018193894
datasets/synthetic_data/s3.csv,404,ARMA,8459275.01559097,2437.4559388873013,2908.4832843925665
datasets/synthetic_data/s3.csv,405,Tree,956654.4558609861,705.7010835135984,978.0871412409971
datasets/synthetic_data/s3.csv,405,ARMA,3081641.5649189623,1542.616905174927,1755.4604993901066
datasets/synthetic_data/s3.csv,406,Tree,13348676.557514152,3312.7576052313466,3653.5840701308834
datasets/synthetic_data/s3.csv,406,ARMA,28032812.12880563,4928.955318630134,5294.602169078016
datasets/synthetic_data/s3.csv,407,Tree,2053073.338266777,1028.4555307580745,1432.8549606526046
datasets/synthetic_data/s3.csv,407,ARMA,5256225.821527437,2059.9422979377755,2292.6460305785185
datasets/synthetic_data/s3.csv,408,Tree,1239716.3390736163,970.049215917607,1113.42549776517
datasets/synthetic_data/s3.csv,408,ARMA,4120376.872212617,1900.166671616034,2029.8711467018336
datasets/synthetic_data/s3.csv,409,Tree,8415715.566991836,2525.3918012390436,2900.985275211137
datasets/synthetic_data/s3.csv,409,ARMA,10354054.111994514,2671.6721441164655,3217.771606561677
datasets/synthetic_data/s3.csv,410,Tree,692885.7694980397,691.1999278526171,832.3976030107485
datasets/synthetic_data/s3.csv,410,ARMA,2652496.0145230936,1284.6184296814013,1628.648523937284
datasets/synthetic_data/s3.csv,411,Tree,1396956.9340454775,961.7335064923707,1181.9293270096473
datasets/synthetic_data/s3.csv,411,ARMA,1374470.973888912,1046.2476106136244,1172.3783407624485
datasets/synthetic_data/s3.csv,412,Tree,647422.3056449346,643.9551413954179,804.6255686000382
datasets/synthetic_data/s3.csv,412,ARMA,2338126.161601347,1303.1772177842295,1529.093248170741
datasets/synthetic_data/s3.csv,413,Tree,1165611.9711269895,880.0911777312972,1079.6351101770401
datasets/synthetic_data/s3.csv,413,ARMA,1228609.7619355607,826.9867487771502,1108.4267057120019
datasets/synthetic_data/s3.csv,414,Tree,1223259.1254494612,870.3813346975967,1106.0104544937453
datasets/synthetic_data/s3.csv,414,ARMA,3430845.8454985893,1317.4520147770447,1852.254260488713
datasets/synthetic_data/s3.csv,415,Tree,3708946.1912311404,1491.1634372051456,1925.8624538712884
datasets/synthetic_data/s3.csv,415,ARMA,4292204.236284626,1756.3203046781775,2071.7635570413495
datasets/synthetic_data/s3.csv,416,Tree,1125037.8472343225,878.9087962546422,1060.678012987128
datasets/synthetic_data/s3.csv,416,ARMA,851097.8311850084,714.0006609581858,922.5496361632844
datasets/synthetic_data/s3.csv,417,Tree,4411349.7319110045,1767.0400005500996,2100.321340155121
datasets/synthetic_data/s3.csv,417,ARMA,20558225.152233206,4171.665421010096,4534.117902330419
datasets/synthetic_data/s3.csv,418,Tree,2194777.682759827,1264.2332081032368,1481.4782086685673
datasets/synthetic_data/s3.csv,418,ARMA,2180179.0713337,1282.5466964571579,1476.5429459835227
datasets/synthetic_data/s3.csv,419,Tree,1948585.629809148,1172.6419688572287,1395.9174867481058
datasets/synthetic_data/s3.csv,419,ARMA,772241.412064605,714.2320315910114,878.772673712949
datasets/synthetic_data/s3.csv,420,Tree,2999735.5581407514,1245.9799166901116,1731.9744680972499
datasets/synthetic_data/s3.csv,420,ARMA,18874120.533668034,3910.6732029187865,4344.435582865516
datasets/synthetic_data/s3.csv,421,Tree,866091.0147862084,841.7362651769297,930.6401102392957
datasets/synthetic_data/s3.csv,421,ARMA,3783112.962873216,1697.0933021707322,1945.0226124323633
datasets/synthetic_data/s3.csv,422,Tree,793783.3456976239,786.7425195397325,890.945197920514
datasets/synthetic_data/s3.csv,422,ARMA,3735779.377902883,1627.4531098641378,1932.8164366806495
datasets/synthetic_data/s3.csv,423,Tree,3120358.9252810595,1531.9991155358573,1766.4537710568763
datasets/synthetic_data/s3.csv,423,ARMA,1272977.0037247501,954.0645493648084,1128.2628256415924
datasets/synthetic_data/s3.csv,424,Tree,1334301.3452012788,756.6013507591512,1155.1196237625256
datasets/synthetic_data/s3.csv,424,ARMA,7049750.293867074,2019.5800385818304,2655.1365866687674
datasets/synthetic_data/s3.csv,425,Tree,418584.46782431455,440.18839523974395,646.9810413175293
datasets/synthetic_data/s3.csv,425,ARMA,2363680.2766209077,1426.127103789317,1537.4265109659414
datasets/synthetic_data/s3.csv,426,Tree,5170975.568183059,1919.0538085905073,2273.9779172593253
datasets/synthetic_data/s3.csv,426,ARMA,16163985.06197244,3364.879275630029,4020.4458785030847
datasets/synthetic_data/s3.csv,427,Tree,884685.460634778,814.5731044185993,940.5771954681753
datasets/synthetic_data/s3.csv,427,ARMA,3299976.8931663022,1447.354113836959,1816.5838525007048
datasets/synthetic_data/s3.csv,428,Tree,1061587.2468215884,866.1469528915259,1030.3335609508158
datasets/synthetic_data/s3.csv,428,ARMA,1444033.8799251835,979.067996231663,1201.6796078511043
datasets/synthetic_data/s3.csv,429,Tree,1050014.4997552421,912.2327014866318,1024.7021517276335
datasets/synthetic_data/s3.csv,429,ARMA,1877638.4342643574,1080.3000135213827,1370.2694750538515
datasets/synthetic_data/s3.csv,430,Tree,12297994.277148584,3346.7930199275015,3506.8496228308086
datasets/synthetic_data/s3.csv,430,ARMA,2882653.094896228,1534.3372857318361,1697.8377704881666
datasets/synthetic_data/s3.csv,431,Tree,677612.6829281597,565.0289231514172,823.1723288158803
datasets/synthetic_data/s3.csv,431,ARMA,6081855.471960583,2138.798548913584,2466.1418191094735
datasets/synthetic_data/s3.csv,432,Tree,814696.5992673553,725.1223235075151,902.6054504972565
datasets/synthetic_data/s3.csv,432,ARMA,8982198.429472199,2711.9857637700916,2997.0316030152567
datasets/synthetic_data/s3.csv,433,Tree,1079461.8952241994,877.5726441519704,1038.9715565039303
datasets/synthetic_data/s3.csv,433,ARMA,3329227.803773879,1448.6364001883326,1824.6171663595296
datasets/synthetic_data/s3.csv,434,Tree,4978017.147241619,2090.964759062161,2231.1470474268654
datasets/synthetic_data/s3.csv,434,ARMA,13101033.539477441,3300.756195440478,3619.5349893981465
datasets/synthetic_data/s3.csv,435,Tree,2973220.720565831,1395.4426929706985,1724.30296658268
datasets/synthetic_data/s3.csv,435,ARMA,758896.3720801801,708.1139504196105,871.1465847262332
datasets/synthetic_data/s3.csv,436,Tree,11731615.154065913,2757.3305801699566,3425.144544988709
datasets/synthetic_data/s3.csv,436,ARMA,21934966.819471322,4279.666083181684,4683.478068644213
datasets/synthetic_data/s3.csv,437,Tree,2353576.1480878755,1294.1265848776088,1534.1369391576084
datasets/synthetic_data/s3.csv,437,ARMA,3158617.920742171,1500.1625796033263,1777.2501007855285
datasets/synthetic_data/s3.csv,438,Tree,1258823.1464007318,967.6172299688131,1121.9728813125262
datasets/synthetic_data/s3.csv,438,ARMA,1976764.7615980082,1297.174935353325,1405.9746660583924
datasets/synthetic_data/s3.csv,439,Tree,4396785.7752781045,2020.1507702576278,2096.85139561155
datasets/synthetic_data/s3.csv,439,ARMA,15582799.806691539,3594.7806855055633,3947.505516993173
datasets/synthetic_data/s3.csv,440,Tree,599241.7315001099,616.2888895918202,774.1070542890757
datasets/synthetic_data/s3.csv,440,ARMA,623269.582527716,649.2588491722297,789.4742443726178
datasets/synthetic_data/s3.csv,441,Tree,2888485.5118638724,1339.5512747085106,1699.5545039403332
datasets/synthetic_data/s3.csv,441,ARMA,3629216.232164696,1606.5336384879279,1905.0501915080074
datasets/synthetic_data/s3.csv,442,Tree,1121410.339982912,896.0384125776717,1058.966637804474
datasets/synthetic_data/s3.csv,442,ARMA,2126828.174141086,1140.3536875967893,1458.3648974591667
datasets/synthetic_data/s3.csv,443,Tree,3136576.925931272,1646.1695272898069,1771.0383750589008
datasets/synthetic_data/s3.csv,443,ARMA,10163848.588487174,2750.218692138544,3188.079137739083
datasets/synthetic_data/s3.csv,444,Tree,1463985.1168903639,1000.5036059389118,1209.9525267093597
datasets/synthetic_data/s3.csv,444,ARMA,1348522.6838323255,978.4741261284213,1161.2590941871351
datasets/synthetic_data/s3.csv,445,Tree,994623.0500320221,849.6060680386553,997.3079013183552
datasets/synthetic_data/s3.csv,445,ARMA,1870482.7290321845,1124.5269806553874,1367.6559249431798
datasets/synthetic_data/s3.csv,446,Tree,276364.95072445984,441.0300613287892,525.7042426350199
datasets/synthetic_data/s3.csv,446,ARMA,1838377.1485412684,1187.8555456197507,1355.8676736840025
datasets/synthetic_data/s3.csv,447,Tree,3837532.9400674026,1716.8767673489672,1958.9622099640928
datasets/synthetic_data/s3.csv,447,ARMA,2953327.256519012,1368.289287190291,1718.5247325886853
datasets/synthetic_data/s3.csv,448,Tree,1132769.5112190184,817.7979940066215,1064.3164525736781
datasets/synthetic_data/s3.csv,448,ARMA,2451125.0381990476,1396.758255266822,1565.6069232725843
datasets/synthetic_data/s3.csv,449,Tree,1091437.4650273372,920.8694495141715,1044.7188449661169
datasets/synthetic_data/s3.csv,449,ARMA,9348313.456329484,2712.084219682446,3057.5011784673907
datasets/synthetic_data/s3.csv,450,Tree,758116.3968514956,739.2753702155612,870.6987980073795
datasets/synthetic_data/s3.csv,450,ARMA,10109125.867181871,2693.877476358607,3179.485157565902
datasets/synthetic_data/s3.csv,451,Tree,1762555.7734280573,1012.9043393837553,1327.612810057231
datasets/synthetic_data/s3.csv,451,ARMA,3054930.3838246083,1363.516952716262,1747.8359144452343
datasets/synthetic_data/s3.csv,452,Tree,1192596.0657865657,895.910946501385,1092.0604680083268
datasets/synthetic_data/s3.csv,452,ARMA,952966.4287819453,818.5732753832024,976.1999942542232
datasets/synthetic_data/s3.csv,453,Tree,1338696.5019932252,1021.6623642018615,1157.0205279048532
datasets/synthetic_data/s3.csv,453,ARMA,11003687.560748989,2460.9770244530105,3317.180664472315
datasets/synthetic_data/s3.csv,454,Tree,295992.84620375163,459.9602483634573,544.0522458401873
datasets/synthetic_data/s3.csv,454,ARMA,858239.4823528042,682.0282591440555,926.4121557669697
datasets/synthetic_data/s3.csv,455,Tree,703249.7743462196,589.1215617732864,838.5998893073023
datasets/synthetic_data/s3.csv,455,ARMA,2490152.9869487574,1338.2628371434512,1578.021858831099
datasets/synthetic_data/s3.csv,456,Tree,2348070.437471605,1225.582835160146,1532.341488530414
datasets/synthetic_data/s3.csv,456,ARMA,11644972.704760976,3022.84318365351,3412.473106818715
datasets/synthetic_data/s3.csv,457,Tree,1336643.8710800076,897.4202701293947,1156.1331545630926
datasets/synthetic_data/s3.csv,457,ARMA,3875332.2035472603,1619.6267351001948,1968.5863464799456
datasets/synthetic_data/s3.csv,458,Tree,2188783.195671383,1170.4697227242636,1479.4536814890093
datasets/synthetic_data/s3.csv,458,ARMA,3272796.170115875,1518.5342826666106,1809.087109598616
datasets/synthetic_data/s3.csv,459,Tree,471084.40309980896,621.9304648186819,686.3558866213715
datasets/synthetic_data/s3.csv,459,ARMA,4527535.814030015,1713.6274818215904,2127.8006988508146
datasets/synthetic_data/s3.csv,460,Tree,4667223.647809763,1655.4346306645132,2160.375811707251
datasets/synthetic_data/s3.csv,460,ARMA,11622185.617210034,2487.3650653304944,3409.132678147044
datasets/synthetic_data/s3.csv,461,Tree,34381707.08430364,5709.199664560191,5863.59165395269
datasets/synthetic_data/s3.csv,461,ARMA,45956116.01556491,6248.339418088658,6779.094040914679
datasets/synthetic_data/s3.csv,462,Tree,1334566.1731099752,668.365338050018,1155.2342503189452
datasets/synthetic_data/s3.csv,462,ARMA,4376377.744706651,1850.4922221954093,2091.979384388539
datasets/synthetic_data/s3.csv,463,Tree,1027880.6993682615,935.9225800465206,1013.844514394718
datasets/synthetic_data/s3.csv,463,ARMA,2551718.368197088,1366.917879433063,1597.4098936081145
datasets/synthetic_data/s3.csv,464,Tree,6500831.831722137,2481.654732700378,2549.672887199873
datasets/synthetic_data/s3.csv,464,ARMA,19004937.982672386,3752.35689625627,4359.465332202148
datasets/synthetic_data/s3.csv,465,Tree,926867.7635951432,789.9712588726286,962.7397174704819
datasets/synthetic_data/s3.csv,465,ARMA,1787034.634113339,1173.6596999107774,1336.80014740923
datasets/synthetic_data/s3.csv,466,Tree,1769631.5685869341,1079.2796008422713,1330.2749973546574
datasets/synthetic_data/s3.csv,466,ARMA,582920.8099759377,638.9805645459439,763.4925081334707
datasets/synthetic_data/s3.csv,467,Tree,1054290.28501657,926.9346306400088,1026.786387237662
datasets/synthetic_data/s3.csv,467,ARMA,1358800.264187211,955.2284637450654,1165.675882991156
datasets/synthetic_data/s3.csv,468,Tree,4523889.617447388,1713.5186401055448,2126.9437269113137
datasets/synthetic_data/s3.csv,468,ARMA,16859585.679094337,3530.0185071888527,4106.04258125684
datasets/synthetic_data/s3.csv,469,Tree,1471901.0043685862,918.8141580544517,1213.219272995853
datasets/synthetic_data/s3.csv,469,ARMA,651289.7124484136,652.9282603305396,807.0252241710996
datasets/synthetic_data/s3.csv,470,Tree,703266.9929398447,732.7308257292866,838.6101555191451
datasets/synthetic_data/s3.csv,470,ARMA,2783086.527009566,1355.2826475962645,1668.2585312263702
datasets/synthetic_data/s3.csv,471,Tree,296024.3726219913,400.4336713016128,544.0812187734394
datasets/synthetic_data/s3.csv,471,ARMA,1212725.920101412,917.3621828164945,1101.2383575327424
datasets/synthetic_data/s3.csv,472,Tree,1300405.7786270364,843.0821499698458,1140.3533569148804
datasets/synthetic_data/s3.csv,472,ARMA,4208557.32818179,1777.6347378935739,2051.4768651344307
datasets/synthetic_data/s3.csv,473,Tree,26476648.782374185,4986.855733118764,5145.546499874837
datasets/synthetic_data/s3.csv,473,ARMA,23764583.951495428,4463.281418651268,4874.8932246250715
datasets/synthetic_data/s3.csv,474,Tree,918345.3071466043,748.9678071079336,958.303348187099
datasets/synthetic_data/s3.csv,474,ARMA,11441410.048657376,3127.1874740526905,3382.5153434474432
datasets/synthetic_data/s3.csv,475,Tree,1015770.6819486012,726.4984546745184,1007.8544944329024
datasets/synthetic_data/s3.csv,475,ARMA,5454973.620590987,2104.5774054537665,2335.5884955597353
datasets/synthetic_data/s3.csv,476,Tree,2023026.4505450705,1164.6988202647372,1422.3313434446527
datasets/synthetic_data/s3.csv,476,ARMA,3366186.5124894963,1500.5155281318303,1834.7170115550507
datasets/synthetic_data/s3.csv,477,Tree,9254902.185586648,2975.5104610087924,3042.18707274662
datasets/synthetic_data/s3.csv,477,ARMA,17385156.64129956,3943.0920907257796,4169.551131872538
datasets/synthetic_data/s3.csv,478,Tree,16451266.832842493,3876.3565267710187,4056.0161282769195
datasets/synthetic_data/s3.csv,478,ARMA,22075753.36776089,4203.272457459109,4698.484156380746
datasets/synthetic_data/s3.csv,479,Tree,1663397.530436925,1103.1282480909072,1289.727696235498
datasets/synthetic_data/s3.csv,479,ARMA,2072480.4624032588,1170.706573651997,1439.611219184978
datasets/synthetic_data/s3.csv,480,Tree,1314004.2843226546,934.9867636149143,1146.3002592351859
datasets/synthetic_data/s3.csv,480,ARMA,2158387.5354583547,1224.3253003577315,1469.1451716758133
datasets/synthetic_data/s3.csv,481,Tree,1631327.4107810222,1093.980051205214,1277.2342818688442
datasets/synthetic_data/s3.csv,481,ARMA,2047310.1071488094,1217.2630067315608,1430.8424466547006
datasets/synthetic_data/s3.csv,482,Tree,849149.9815614014,724.6359155694673,921.4933431997224
datasets/synthetic_data/s3.csv,482,ARMA,1259568.5708315424,854.324987896737,1122.3050257534903
datasets/synthetic_data/s3.csv,483,Tree,1484605.086332146,1039.5540189919525,1218.4437148806448
datasets/synthetic_data/s3.csv,483,ARMA,3201597.990303919,1688.0792084165466,1789.300978120763
datasets/synthetic_data/s3.csv,484,Tree,1406131.855087134,938.0619505296702,1185.8043072476733
datasets/synthetic_data/s3.csv,484,ARMA,3599579.272461413,1576.5024249226913,1897.2557214201288
datasets/synthetic_data/s3.csv,485,Tree,870024.4257683855,755.9873772114552,932.7509988032098
datasets/synthetic_data/s3.csv,485,ARMA,11674577.803460302,3110.2199303647058,3416.8081309111144
datasets/synthetic_data/s3.csv,486,Tree,1245462.3151100986,869.1172291999386,1116.002829346816
datasets/synthetic_data/s3.csv,486,ARMA,7045591.248126393,2384.5367799638343,2654.353263626828
datasets/synthetic_data/s3.csv,487,Tree,1729227.2810999162,1121.9441829156162,1315.000867338085
datasets/synthetic_data/s3.csv,487,ARMA,8160889.835255684,2491.0561935437677,2856.7271194945597
datasets/synthetic_data/s3.csv,488,Tree,1148708.8667504233,932.901926916375,1071.7783664314295
datasets/synthetic_data/s3.csv,488,ARMA,6017620.740440344,2215.9741729683747,2453.08392445924
datasets/synthetic_data/s3.csv,489,Tree,983728.3469996607,853.8892457827931,991.8308056315153
datasets/synthetic_data/s3.csv,489,ARMA,1001226.1540205783,793.7155809173624,1000.6128891937072
datasets/synthetic_data/s3.csv,490,Tree,992086.8807165237,758.2520142682091,996.0355820534344
datasets/synthetic_data/s3.csv,490,ARMA,2767098.7016054406,1033.199236088387,1663.4598587298224
datasets/synthetic_data/s3.csv,491,Tree,4287377.431014639,1863.213510516706,2070.598326816343
datasets/synthetic_data/s3.csv,491,ARMA,6440033.892182535,2258.7244562260526,2537.722185776555
datasets/synthetic_data/s3.csv,492,Tree,1431383.2434428895,939.7027084727243,1196.4042976531343
datasets/synthetic_data/s3.csv,492,ARMA,3892497.177730749,1713.0523831627347,1972.9412504508969
datasets/synthetic_data/s3.csv,493,Tree,1086728.7145045972,947.4286532424672,1042.4628120487546
datasets/synthetic_data/s3.csv,493,ARMA,3040353.941077864,1248.9150926594036,1743.6610740272502
datasets/synthetic_data/s3.csv,494,Tree,1591612.0147316696,1140.7375522252632,1261.5910647795781
datasets/synthetic_data/s3.csv,494,ARMA,7575790.6008388605,2595.9751199877783,2752.415412113306
datasets/synthetic_data/s3.csv,495,Tree,823158.2770416825,750.373127012682,907.2807046563277
datasets/synthetic_data/s3.csv,495,ARMA,3662634.9834770807,1675.1106342626317,1913.801187029907
datasets/synthetic_data/s3.csv,496,Tree,1090510.8530145374,822.1008641361028,1044.2752764546988
datasets/synthetic_data/s3.csv,496,ARMA,4654204.815816563,2074.465615158149,2157.3606132996315
datasets/synthetic_data/s3.csv,497,Tree,1338184.7635056584,990.2856839109402,1156.7993618193514
datasets/synthetic_data/s3.csv,497,ARMA,3632945.912803804,1720.5732143020766,1906.0288331512206
datasets/synthetic_data/s3.csv,498,Tree,3188753.539234732,1569.729713234385,1785.708133832271
datasets/synthetic_data/s3.csv,498,ARMA,1705194.0650983572,1092.5047802714757,1305.830794972441
datasets/synthetic_data/s3.csv,499,Tree,1874575.0227190775,1009.0045878141888,1369.1512052067433
datasets/synthetic_data/s3.csv,499,ARMA,4492976.962499661,1827.7426464651344,2119.664351377279
datasets/synthetic_data/s3.csv,500,Tree,26540548.481020954,4341.1358647306715,5151.751981706898
datasets/synthetic_data/s3.csv,500,ARMA,19195350.56180979,3357.6591379641554,4381.249885798548
datasets/synthetic_data/s3.csv,501,Tree,1638551.498402851,1033.701364504773,1280.059177695645
datasets/synthetic_data/s3.csv,501,ARMA,10175221.357565042,2823.0750625307987,3189.8622787771014
datasets/synthetic_data/s3.csv,502,Tree,2072591.904973716,1213.2829652529729,1439.6499244516758
datasets/synthetic_data/s3.csv,502,ARMA,339848.8612715617,497.2527881147941,582.9655746882158
datasets/synthetic_data/s3.csv,503,Tree,2126533.338495289,1118.1669221238303,1458.2638096364076
datasets/synthetic_data/s3.csv,503,ARMA,4282409.273447998,1785.781011462061,2069.3982877754584
datasets/synthetic_data/s3.csv,504,Tree,629287.3917308045,498.8083921754163,793.2763652919482
datasets/synthetic_data/s3.csv,504,ARMA,878834.6435891992,798.5682198658117,937.4618091363504
datasets/synthetic_data/s3.csv,505,Tree,6499152.380506651,2297.049663192095,2549.343519517652
datasets/synthetic_data/s3.csv,505,ARMA,5504268.899698804,1936.689840988264,2346.117835851133
datasets/synthetic_data/s3.csv,506,Tree,1083265.6366603014,874.6354458008367,1040.8004787951922
datasets/synthetic_data/s3.csv,506,ARMA,977667.3168657375,833.3881685695471,988.770608819729
datasets/synthetic_data/s3.csv,507,Tree,2514796.793579378,1397.486769587814,1585.8110838241037
datasets/synthetic_data/s3.csv,507,ARMA,26116995.684224658,4818.572577387948,5110.479007316698
datasets/synthetic_data/s3.csv,508,Tree,1199522.8353490606,802.2556737118123,1095.2272984860542
datasets/synthetic_data/s3.csv,508,ARMA,6008293.351495356,2299.7817380685265,2451.182031489166
datasets/synthetic_data/s3.csv,509,Tree,4124313.2898226967,1783.374412788033,2030.8405377632919
datasets/synthetic_data/s3.csv,509,ARMA,2818358.9123483975,1538.505241440873,1678.7968645278074
datasets/synthetic_data/s3.csv,510,Tree,7153868.647388995,2419.745283181456,2674.671689645104
datasets/synthetic_data/s3.csv,510,ARMA,9886903.695737647,2633.000465590315,3144.3447164294257
datasets/synthetic_data/s3.csv,511,Tree,2332050.3838003124,1189.4215609923747,1527.1052301005038
datasets/synthetic_data/s3.csv,511,ARMA,946653.8219144894,818.2863813934126,972.9613671233249
datasets/synthetic_data/s3.csv,512,Tree,1653507.402002311,1066.40787607274,1285.8877874847055
datasets/synthetic_data/s3.csv,512,ARMA,3258758.8242740193,1498.6291843988051,1805.203263977223
datasets/synthetic_data/s3.csv,513,Tree,5408834.959323416,2165.912684559774,2325.6902113831534
datasets/synthetic_data/s3.csv,513,ARMA,14623519.294541564,3364.5658091528503,3824.0710368063988
datasets/synthetic_data/s3.csv,514,Tree,1837100.663348089,1114.2939641195,1355.3968656257432
datasets/synthetic_data/s3.csv,514,ARMA,2328124.376783942,1300.8875160321527,1525.819247743304
datasets/synthetic_data/s3.csv,515,Tree,1533702.4485518818,1019.3863254871508,1238.4274094802172
datasets/synthetic_data/s3.csv,515,ARMA,9345504.655871723,2614.6556025407,3057.0418145442045
datasets/synthetic_data/s3.csv,516,Tree,1256734.124617261,856.4164034463794,1121.0415356342785
datasets/synthetic_data/s3.csv,516,ARMA,3283752.298096614,1534.0460068060506,1812.112661535318
datasets/synthetic_data/s3.csv,517,Tree,1709132.2392681711,1071.5250090975906,1307.3378443494134
datasets/synthetic_data/s3.csv,517,ARMA,1834206.7574409475,1142.5460638835962,1354.3288955940309
datasets/synthetic_data/s3.csv,518,Tree,3423781.4291179595,1727.2032031058225,1850.3462997822758
datasets/synthetic_data/s3.csv,518,ARMA,6035913.558538837,2274.6725164017635,2456.809630097301
datasets/synthetic_data/s3.csv,519,Tree,4129989.385691414,1850.3623327172793,2032.2375318085763
datasets/synthetic_data/s3.csv,519,ARMA,7433386.494883135,2360.1917287082383,2726.4237555602276
datasets/synthetic_data/s3.csv,520,Tree,546107.3944057777,635.8779007811955,738.9907945338546
datasets/synthetic_data/s3.csv,520,ARMA,8889003.962210616,2789.0804922132556,2981.4432683199952
datasets/synthetic_data/s3.csv,521,Tree,1563546.0720872744,767.3534004173144,1250.418358825267
datasets/synthetic_data/s3.csv,521,ARMA,2789971.5000213496,1207.8986527499376,1670.3207775817643
datasets/synthetic_data/s3.csv,522,Tree,1506793.8674655913,1082.0980440261983,1227.5153227009394
datasets/synthetic_data/s3.csv,522,ARMA,3980972.91065204,1747.838390191238,1995.2375574482453
datasets/synthetic_data/s3.csv,523,Tree,1062788.1705514803,786.1463942951448,1030.9161801773607
datasets/synthetic_data/s3.csv,523,ARMA,748331.7486303013,694.2574759371907,865.0617022099067
datasets/synthetic_data/s3.csv,524,Tree,1101715.0797849305,912.8796226307834,1049.626161919057
datasets/synthetic_data/s3.csv,524,ARMA,10137951.319930721,2921.327234576484,3184.0149685469005
datasets/synthetic_data/s3.csv,525,Tree,568335.9476655275,656.629588394423,753.8805924452012
datasets/synthetic_data/s3.csv,525,ARMA,606139.1616827806,648.0033229775117,778.5493957885913
datasets/synthetic_data/s3.csv,526,Tree,5115530.672479611,1686.725730411851,2261.7538929953475
datasets/synthetic_data/s3.csv,526,ARMA,4229682.697884445,1568.2827458054114,2056.6192398896897
datasets/synthetic_data/s3.csv,527,Tree,1395827.498525377,989.2961682387255,1181.4514372268447
datasets/synthetic_data/s3.csv,527,ARMA,8946744.375706147,2842.60887289959,2991.110893247883
datasets/synthetic_data/s3.csv,528,Tree,1871846.421340381,1083.439147238248,1368.1543850532296
datasets/synthetic_data/s3.csv,528,ARMA,2357853.7967582094,1374.8453408160394,1535.530461032346
datasets/synthetic_data/s3.csv,529,Tree,814736.9163188861,724.8645015594649,902.6277839280631
datasets/synthetic_data/s3.csv,529,ARMA,1875298.0085443067,1255.7946501080357,1369.4152067741568
datasets/synthetic_data/s3.csv,530,Tree,10934001.511415841,3127.5938659878893,3306.6601747708883
datasets/synthetic_data/s3.csv,530,ARMA,5710622.577944381,2090.318702056195,2389.69089589938
datasets/synthetic_data/s3.csv,531,Tree,16848969.38938379,4036.1712277365164,4104.749613482385
datasets/synthetic_data/s3.csv,531,ARMA,21442220.113951705,4315.769976414673,4630.574490703255
datasets/synthetic_data/s3.csv,532,Tree,791381.0628922151,680.128377738484,889.5960110590735
datasets/synthetic_data/s3.csv,532,ARMA,4273754.8709970545,1631.981326689323,2067.306187045609
datasets/synthetic_data/s3.csv,533,Tree,1268782.0207507364,964.0917362484,1126.4022464247557
datasets/synthetic_data/s3.csv,533,ARMA,923191.6885406006,854.1843521821271,960.8286468151335
datasets/synthetic_data/s3.csv,534,Tree,1213446.0366453964,868.09687485319,1101.5652666298972
datasets/synthetic_data/s3.csv,534,ARMA,1207823.927480334,853.8967910138011,1099.0104310152537
datasets/synthetic_data/s3.csv,535,Tree,5993049.877570757,2062.4942840569815,2448.0706439093533
datasets/synthetic_data/s3.csv,535,ARMA,10221697.864746414,2544.793644629214,3197.1390124213262
datasets/synthetic_data/s3.csv,536,Tree,928736.4583906109,796.357388577903,963.7097376236327
datasets/synthetic_data/s3.csv,536,ARMA,1093927.8686263724,883.434460027619,1045.9100671789963
datasets/synthetic_data/s3.csv,537,Tree,898332.3941295395,801.9214631410986,947.8039850778955
datasets/synthetic_data/s3.csv,537,ARMA,1916512.0210852902,1026.8081748522425,1384.3814579389925
datasets/synthetic_data/s3.csv,538,Tree,9017426.524852471,2760.5044258582707,3002.9030162248782
datasets/synthetic_data/s3.csv,538,ARMA,19148201.421956874,4059.582767517665,4375.865791127154
datasets/synthetic_data/s3.csv,539,Tree,7470209.2401698,2646.1818301337057,2733.1683519625717
datasets/synthetic_data/s3.csv,539,ARMA,26774044.15134225,4966.802605221566,5174.364130146066
datasets/synthetic_data/s3.csv,540,Tree,944211.3374436653,732.9744933637546,971.7053758437612
datasets/synthetic_data/s3.csv,540,ARMA,860392.402059157,827.9669692919894,927.5733944325683
datasets/synthetic_data/s3.csv,541,Tree,1398999.9412921018,1002.2168433740537,1182.7932791879152
datasets/synthetic_data/s3.csv,541,ARMA,6311347.297411802,1948.5444315169566,2512.2394984180555
datasets/synthetic_data/s3.csv,542,Tree,1678329.716834515,1063.050074850885,1295.5036537325996
datasets/synthetic_data/s3.csv,542,ARMA,1848620.6650449361,1108.7015261534116,1359.6399027113525
datasets/synthetic_data/s3.csv,543,Tree,950693.3050444935,790.4767672636267,975.0350275987491
datasets/synthetic_data/s3.csv,543,ARMA,4445655.02298814,1762.7789510157795,2108.472201141893
datasets/synthetic_data/s3.csv,544,Tree,341975.90319974255,422.41578409219784,584.7870579961073
datasets/synthetic_data/s3.csv,544,ARMA,930780.0549785154,873.5241090642319,964.7694309929784
datasets/synthetic_data/s3.csv,545,Tree,908037.0348261263,732.058952041532,952.9097726574779
datasets/synthetic_data/s3.csv,545,ARMA,5238649.940043462,2109.506969089468,2288.809721240161
datasets/synthetic_data/s3.csv,546,Tree,4265835.026588318,1876.0185660075774,2065.38980015597
datasets/synthetic_data/s3.csv,546,ARMA,3499527.5713667176,1692.1397788807528,1870.7024272627427
datasets/synthetic_data/s3.csv,547,Tree,2491656.700374407,1399.4516627349756,1578.4982421195175
datasets/synthetic_data/s3.csv,547,ARMA,782772.9576514979,654.3440956435197,884.7445719819353
datasets/synthetic_data/s3.csv,548,Tree,8968602.70082725,2888.5044969262403,2994.7625449820307
datasets/synthetic_data/s3.csv,548,ARMA,12415873.340483222,3069.817208128552,3523.616514390183
datasets/synthetic_data/s3.csv,549,Tree,10578513.693166183,3213.5920182782047,3252.462712033173
datasets/synthetic_data/s3.csv,549,ARMA,14500446.709187672,3655.4078514662033,3807.94520827016
datasets/synthetic_data/s3.csv,550,Tree,4011365.10199521,1574.7287646571565,2002.8392601492537
datasets/synthetic_data/s3.csv,550,ARMA,8798722.26365818,2370.8826561025985,2966.2640246037067
datasets/synthetic_data/s3.csv,551,Tree,2273163.4066976546,1325.0804360618624,1507.7013652237815
datasets/synthetic_data/s3.csv,551,ARMA,3369703.3054884737,1516.0582699456027,1835.6751633904278
datasets/synthetic_data/s3.csv,552,Tree,2276329.2510350225,1131.6123273254766,1508.7508909806888
datasets/synthetic_data/s3.csv,552,ARMA,2708630.309209519,1364.8758827300662,1645.7916967859326
datasets/synthetic_data/s3.csv,553,Tree,1041003.3177667817,861.1921550683187,1020.2957011409886
datasets/synthetic_data/s3.csv,553,ARMA,2044071.9028362676,1317.7012664748167,1429.7104262179344
datasets/synthetic_data/s3.csv,554,Tree,17681768.78131706,4161.698781435518,4204.969533934468
datasets/synthetic_data/s3.csv,554,ARMA,18484610.058996823,3904.4658291261903,4299.37321699301
datasets/synthetic_data/s3.csv,555,Tree,4453611.334707456,1875.0468681902742,2110.3581057980314
datasets/synthetic_data/s3.csv,555,ARMA,3726116.05350302,1662.8986349911331,1930.3150140593687
datasets/synthetic_data/s3.csv,556,Tree,3221966.9656293946,1479.3744299436862,1794.983834364364
datasets/synthetic_data/s3.csv,556,ARMA,7691379.877160351,2451.0819763275476,2773.333711827762
datasets/synthetic_data/s3.csv,557,Tree,1197569.4590923465,931.746527760329,1094.3351676211207
datasets/synthetic_data/s3.csv,557,ARMA,570021.6711008588,651.2153967528035,754.9977954278137
datasets/synthetic_data/s3.csv,558,Tree,7161002.28120182,2611.5196173070344,2676.0049105339513
datasets/synthetic_data/s3.csv,558,ARMA,12573578.219166877,3461.7838272233216,3545.9241699685113
datasets/synthetic_data/s3.csv,559,Tree,10878457.747360859,2933.900487498324,3298.25071020395
datasets/synthetic_data/s3.csv,559,ARMA,18222423.683364324,3687.5937557506536,4268.773088765005
datasets/synthetic_data/s3.csv,560,Tree,46794153.74387376,6723.43623015456,6840.625245098124
datasets/synthetic_data/s3.csv,560,ARMA,119077718.98432466,9903.287842672053,10912.273777005628
datasets/synthetic_data/s3.csv,561,Tree,1667813.1669590452,1143.4329427255345,1291.438410052545
datasets/synthetic_data/s3.csv,561,ARMA,3666042.1680670083,1561.6845720523645,1914.6911416902226
datasets/synthetic_data/s3.csv,562,Tree,707280.3622198176,773.9474240069109,840.9996208202579
datasets/synthetic_data/s3.csv,562,ARMA,4914298.310522493,2106.443861341597,2216.821668633382
datasets/synthetic_data/s3.csv,563,Tree,6528134.894625759,2232.6961811591436,2555.0215057070964
datasets/synthetic_data/s3.csv,563,ARMA,8800244.150870252,2634.504677302389,2966.520546173623
datasets/synthetic_data/s3.csv,564,Tree,8731153.072950812,2575.5211092729546,2954.852462129169
datasets/synthetic_data/s3.csv,564,ARMA,20765864.62331409,3780.20699638624,4556.957825492144
datasets/synthetic_data/s3.csv,565,Tree,27061956.356058143,4878.787263489674,5202.110759687662
datasets/synthetic_data/s3.csv,565,ARMA,32251680.363863368,4979.703792207215,5679.05629166179
datasets/synthetic_data/s3.csv,566,Tree,779754.1274773666,681.6912996867363,883.0368777561708
datasets/synthetic_data/s3.csv,566,ARMA,32091792.69300423,5278.955410213073,5664.9618439142405
datasets/synthetic_data/s3.csv,567,Tree,1900060.6203053216,1092.7594228630783,1378.4268643295231
datasets/synthetic_data/s3.csv,567,ARMA,2883314.397931015,1464.73957911529,1698.0325079135014
datasets/synthetic_data/s3.csv,568,Tree,357201.5500421683,503.49221175006716,597.6634086525361
datasets/synthetic_data/s3.csv,568,ARMA,259157.75103254817,371.1638747583303,509.0753883586872
datasets/synthetic_data/s3.csv,569,Tree,1796425.3084588312,1091.963738462424,1340.30791553987
datasets/synthetic_data/s3.csv,569,ARMA,1017924.0441789888,830.9446884718916,1008.9222190927251
datasets/synthetic_data/s3.csv,570,Tree,6444239.1365421135,2482.7169324828037,2538.55059759346
datasets/synthetic_data/s3.csv,570,ARMA,7397441.606215526,2657.944611613007,2719.8238189661342
datasets/synthetic_data/s3.csv,571,Tree,4958783.50100808,2075.64889336189,2226.832616297884
datasets/synthetic_data/s3.csv,571,ARMA,13203815.537989488,3538.6085270230324,3633.7054831107994
datasets/synthetic_data/s3.csv,572,Tree,7133469.982001623,2386.961622102455,2670.8556647639393
datasets/synthetic_data/s3.csv,572,ARMA,10213737.821904503,2834.700483222656,3195.89390028901
datasets/synthetic_data/s3.csv,573,Tree,1719993.5612932055,1085.9265299748251,1311.4852501241505
datasets/synthetic_data/s3.csv,573,ARMA,4695164.163482817,1887.7214329647754,2166.8327493101115
datasets/synthetic_data/s3.csv,574,Tree,4678152.818394885,1917.9705833543985,2162.9037931435796
datasets/synthetic_data/s3.csv,574,ARMA,12555209.21353939,2765.304138598658,3543.333065566853
datasets/synthetic_data/s3.csv,575,Tree,6325539.219671424,2202.165758834024,2515.062468343763
datasets/synthetic_data/s3.csv,575,ARMA,8000787.897932026,2463.2707325958495,2828.5664033096386
datasets/synthetic_data/s3.csv,576,Tree,1739204.3777596136,1068.2886902547405,1318.7889815128171
datasets/synthetic_data/s3.csv,576,ARMA,4917841.46653357,1924.135385201365,2217.6206768817724
datasets/synthetic_data/s3.csv,577,Tree,1442896.4209747207,940.2737883363399,1201.2062358207772
datasets/synthetic_data/s3.csv,577,ARMA,3291525.8793144147,1441.9502587564054,1814.256288211347
datasets/synthetic_data/s3.csv,578,Tree,755729.8141600455,746.4083212485431,869.3272192678919
datasets/synthetic_data/s3.csv,578,ARMA,1519994.5759111752,1080.974811706115,1232.880600833339
datasets/synthetic_data/s3.csv,579,Tree,1822498.437511559,1047.8652460158492,1349.9994213004534
datasets/synthetic_data/s3.csv,579,ARMA,2106125.219506454,1144.676133624233,1451.2495372975848
datasets/synthetic_data/s3.csv,580,Tree,813546.2831573158,767.4173589138289,901.9680056173366
datasets/synthetic_data/s3.csv,580,ARMA,3911151.931520718,1742.4512939222077,1977.6632502832017
datasets/synthetic_data/s3.csv,581,Tree,658412.0618783179,701.4542774101707,811.4259435575855
datasets/synthetic_data/s3.csv,581,ARMA,2914316.472956257,1498.2931275983997,1707.1369227324026
datasets/synthetic_data/s3.csv,582,Tree,863157.1063546282,761.2422418062434,929.0624878632375
datasets/synthetic_data/s3.csv,582,ARMA,2261029.3591926037,1190.5933103461819,1503.671958637456
datasets/synthetic_data/s3.csv,583,Tree,883424.4153170503,836.377176073229,939.9065992517822
datasets/synthetic_data/s3.csv,583,ARMA,1031940.167952182,806.6196720288624,1015.8445589519009
datasets/synthetic_data/s3.csv,584,Tree,2370311.5612458815,1296.9056628740177,1539.5816188971214
datasets/synthetic_data/s3.csv,584,ARMA,816082.134818362,668.0235425681064,903.3726444930475
datasets/synthetic_data/s3.csv,585,Tree,1313115.984400235,1067.0822917879955,1145.9127298360181
datasets/synthetic_data/s3.csv,585,ARMA,2800676.527993907,1582.0924571639368,1673.5221922621483
datasets/synthetic_data/s3.csv,586,Tree,1625918.3969915821,1013.4044291996544,1275.1150524527511
datasets/synthetic_data/s3.csv,586,ARMA,1384596.1818422496,913.1918506316288,1176.6886511912357
datasets/synthetic_data/s3.csv,587,Tree,1315514.716817436,1006.4130645362604,1146.9588993584016
datasets/synthetic_data/s3.csv,587,ARMA,2150359.0232486236,1092.4967399537984,1466.4102506626934
datasets/synthetic_data/s3.csv,588,Tree,1435193.2338091696,1021.9675888410758,1197.995506589724
datasets/synthetic_data/s3.csv,588,ARMA,5716300.192565298,2013.1093801283982,2390.878539902288
datasets/synthetic_data/s3.csv,589,Tree,603324.88780883,643.0248491440772,776.7399100141758
datasets/synthetic_data/s3.csv,589,ARMA,4197953.125544957,1689.290955740508,2048.890706100488
datasets/synthetic_data/s3.csv,590,Tree,1974810.406163422,1151.6912211929803,1405.2794761766863
datasets/synthetic_data/s3.csv,590,ARMA,13585566.443451684,3159.374296017943,3685.860339656358
datasets/synthetic_data/s3.csv,591,Tree,14171094.515401373,3617.2486004648567,3764.4514229036577
datasets/synthetic_data/s3.csv,591,ARMA,18637887.035529487,3998.949178175203,4317.161919077102
datasets/synthetic_data/s3.csv,592,Tree,1122432.7788310887,855.6474651456174,1059.4492809148953
datasets/synthetic_data/s3.csv,592,ARMA,1810877.3438184988,1204.5910933583066,1345.6884274669596
datasets/synthetic_data/s3.csv,593,Tree,876043.993796947,797.3834311520658,935.9722184963327
datasets/synthetic_data/s3.csv,593,ARMA,3530688.34437435,1594.5952574898279,1879.012598247907
datasets/synthetic_data/s3.csv,594,Tree,1237427.4979820661,954.7035267095937,1112.3971853533549
datasets/synthetic_data/s3.csv,594,ARMA,8405269.595201919,2682.136037111493,2899.184298246995
datasets/synthetic_data/s3.csv,595,Tree,1013697.2304151751,817.40084509889,1006.8253226926581
datasets/synthetic_data/s3.csv,595,ARMA,281594.45802334853,426.574174360246,530.6547446535728
datasets/synthetic_data/s3.csv,596,Tree,3275414.991012185,1611.3627565679099,1809.8107611052005
datasets/synthetic_data/s3.csv,596,ARMA,9307791.659964185,2357.4824611614586,3050.8673619094266
datasets/synthetic_data/s3.csv,597,Tree,2994573.4227912673,1607.5430080931292,1730.4835806188012
datasets/synthetic_data/s3.csv,597,ARMA,18135732.166202962,3949.2609524109625,4258.606833954382
datasets/synthetic_data/s3.csv,598,Tree,1029178.8127511102,864.2344466096027,1014.4845059196864
datasets/synthetic_data/s3.csv,598,ARMA,1584088.2544638515,1123.7920002580652,1258.6056787031637
datasets/synthetic_data/s3.csv,599,Tree,897886.1323352393,770.7069511029221,947.5685370120935
datasets/synthetic_data/s3.csv,599,ARMA,728145.2283422094,709.1203628889796,853.314261185297
datasets/synthetic_data/s3.csv,600,Tree,1230280.9544771009,863.2925751963209,1109.180307469034
datasets/synthetic_data/s3.csv,600,ARMA,5404357.167859867,2181.4920526732917,2324.7273319380633
datasets/synthetic_data/s3.csv,601,Tree,19670664.515367527,4365.1290710557205,4435.162287376588
datasets/synthetic_data/s3.csv,601,ARMA,7276829.570218894,2420.6270801929836,2697.55992893928
datasets/synthetic_data/s3.csv,602,Tree,7894336.428864403,2464.7013899074927,2809.686179783145
datasets/synthetic_data/s3.csv,602,ARMA,13830489.171066293,2892.005433999585,3718.936564539155
datasets/synthetic_data/s3.csv,603,Tree,773227.0520968694,715.7075425960087,879.3332997770922
datasets/synthetic_data/s3.csv,603,ARMA,1360672.6574161018,1061.6768062465057,1166.4787428050722
datasets/synthetic_data/s3.csv,604,Tree,14835670.251249488,3344.485515687118,3851.710042468084
datasets/synthetic_data/s3.csv,604,ARMA,23188876.252433486,4080.027233695587,4815.4829718766
datasets/synthetic_data/s3.csv,605,Tree,2138847.987850509,1275.1144558381143,1462.480081180769
datasets/synthetic_data/s3.csv,605,ARMA,2213318.3670530766,1370.3324990815386,1487.7225437066807
datasets/synthetic_data/s3.csv,606,Tree,618755.1786050429,592.4415430858932,786.6099278581747
datasets/synthetic_data/s3.csv,606,ARMA,614276.8003973562,548.9035010782558,783.7581262081792
datasets/synthetic_data/s3.csv,607,Tree,3249004.8874947033,1495.9966523662326,1802.4996220511957
datasets/synthetic_data/s3.csv,607,ARMA,9654014.284262473,2706.767409235759,3107.090968134418
datasets/synthetic_data/s3.csv,608,Tree,7987590.644865384,2730.575593485881,2826.2325886001286
datasets/synthetic_data/s3.csv,608,ARMA,13974151.196191633,3473.368464025989,3738.2015991906633
datasets/synthetic_data/s3.csv,609,Tree,1003786.2123966197,790.8283753540197,1001.8913176570699
datasets/synthetic_data/s3.csv,609,ARMA,5188547.834937743,2085.3722110087174,2277.8384128242596
datasets/synthetic_data/s3.csv,610,Tree,10572347.942037303,2938.8559076225156,3251.514715027029
datasets/synthetic_data/s3.csv,610,ARMA,13760582.737200603,3186.7498142173017,3709.525945077161
datasets/synthetic_data/s3.csv,611,Tree,1103318.8533292355,797.9448283575701,1050.3898577810219
datasets/synthetic_data/s3.csv,611,ARMA,2753382.1456025373,1314.8352449190468,1659.331837096648
datasets/synthetic_data/s3.csv,612,Tree,832476.6547942455,730.5701767758869,912.4015863610965
datasets/synthetic_data/s3.csv,612,ARMA,1557227.2832657895,871.4492172081591,1247.8891309991402
datasets/synthetic_data/s3.csv,613,Tree,6634498.113682824,2430.0962324334755,2575.7519511169594
datasets/synthetic_data/s3.csv,613,ARMA,15720289.120472249,3510.1670247035645,3964.881980648636
datasets/synthetic_data/s3.csv,614,Tree,22000263.941330694,4507.0684961821,4690.44389597943
datasets/synthetic_data/s3.csv,614,ARMA,31667197.454321474,5073.631299929863,5627.3615002344995
datasets/synthetic_data/s3.csv,615,Tree,2302965.210273626,1224.6147458334137,1517.5523748041205
datasets/synthetic_data/s3.csv,615,ARMA,9352307.496955022,2596.87961483213,3058.154263106265
datasets/synthetic_data/s3.csv,616,Tree,1659071.3923044172,1080.0844924316318,1288.0494525849608
datasets/synthetic_data/s3.csv,616,ARMA,1283756.8341581593,971.2689636670642,1133.0299352436189
datasets/synthetic_data/s3.csv,617,Tree,1687800.6174291463,1091.8382114594592,1299.1538082263955
datasets/synthetic_data/s3.csv,617,ARMA,1808970.7615847676,1110.6211626424918,1344.9798368692252
datasets/synthetic_data/s3.csv,618,Tree,1019535.4996596592,716.3778716042356,1009.7205057141601
datasets/synthetic_data/s3.csv,618,ARMA,1373273.0191446068,985.070269273216,1171.8673214765427
datasets/synthetic_data/s3.csv,619,Tree,2862262.1801161827,1520.0933331733934,1691.822147897403
datasets/synthetic_data/s3.csv,619,ARMA,1146017.0172192839,926.9413498641704,1070.5218434106255
datasets/synthetic_data/s3.csv,620,Tree,2956471.2684227345,1522.1581686793527,1719.4392308025122
datasets/synthetic_data/s3.csv,620,ARMA,1572983.6627228966,1041.7730412156036,1254.1864545285507
datasets/synthetic_data/s3.csv,621,Tree,1649081.5518790225,1068.125002055863,1284.1657026564067
datasets/synthetic_data/s3.csv,621,ARMA,4182738.805403666,1730.9042001892963,2045.1745171020652
datasets/synthetic_data/s3.csv,622,Tree,982824.6168120471,851.4626136008252,991.3751140774349
datasets/synthetic_data/s3.csv,622,ARMA,669115.2899192454,640.6431973326329,817.9946759724329
datasets/synthetic_data/s3.csv,623,Tree,2173084.842749952,1294.3962053416649,1474.1386782626498
datasets/synthetic_data/s3.csv,623,ARMA,1447914.6778217284,978.3365976254823,1203.2932634323722
datasets/synthetic_data/s3.csv,624,Tree,2643830.937121438,1334.8428499834438,1625.9861429672264
datasets/synthetic_data/s3.csv,624,ARMA,6762556.053444626,1757.3893763946191,2600.4915022827176
datasets/synthetic_data/s3.csv,625,Tree,860882.2125079121,801.333576751978,927.8373847328594
datasets/synthetic_data/s3.csv,625,ARMA,6135720.3676856,2130.7453115244034,2477.038628622008
datasets/synthetic_data/s3.csv,626,Tree,1871727.342409898,1090.7913988714527,1368.1108662714064
datasets/synthetic_data/s3.csv,626,ARMA,3586428.129403683,1561.4483742060322,1893.7867169783622
datasets/synthetic_data/s3.csv,627,Tree,5391164.946987876,2163.7225499518786,2321.888228788775
datasets/synthetic_data/s3.csv,627,ARMA,12220590.544490727,3377.058267828101,3495.796124560288
datasets/synthetic_data/s3.csv,628,Tree,5613549.732914414,2251.5191111643508,2369.2930871706044
datasets/synthetic_data/s3.csv,628,ARMA,9835338.332144242,2891.506481204789,3136.134297530041
datasets/synthetic_data/s3.csv,629,Tree,7420310.082071725,2215.008959100283,2724.024611135466
datasets/synthetic_data/s3.csv,629,ARMA,15984550.7629815,3375.3049348682966,3998.068378977716
datasets/synthetic_data/s3.csv,630,Tree,2044612.9959681213,1067.1684607663535,1429.8996454185592
datasets/synthetic_data/s3.csv,630,ARMA,5838716.564708782,2162.3095011335195,2416.3436354767055
datasets/synthetic_data/s3.csv,631,Tree,1458673.3315688563,1082.1314161163075,1207.7554932886276
datasets/synthetic_data/s3.csv,631,ARMA,2828233.1362176863,1361.282986620449,1681.7351563839316
datasets/synthetic_data/s3.csv,632,Tree,10459593.63646425,3033.5544761354236,3234.1295021171077
datasets/synthetic_data/s3.csv,632,ARMA,16341694.092772558,3545.094527807374,4042.4861277155374
datasets/synthetic_data/s3.csv,633,Tree,2025197.9454851153,1193.2706771425442,1423.094496330133
datasets/synthetic_data/s3.csv,633,ARMA,9877368.394256359,2615.6914583711286,3142.8280885623317
datasets/synthetic_data/s3.csv,634,Tree,16355566.067817591,3969.275740659729,4044.201536498594
datasets/synthetic_data/s3.csv,634,ARMA,27792652.71939394,4800.037978478588,5271.873738946518
datasets/synthetic_data/s3.csv,635,Tree,4423766.8998691635,1956.7681479502803,2103.2752791465896
datasets/synthetic_data/s3.csv,635,ARMA,9151584.628766177,2853.3709481244628,3025.1586121666705
datasets/synthetic_data/s3.csv,636,Tree,1435417.3088233315,929.1122512892485,1198.089023747122
datasets/synthetic_data/s3.csv,636,ARMA,3812038.9340592986,1755.6000351833877,1952.4443485178517
datasets/synthetic_data/s3.csv,637,Tree,613350.8720340425,648.2027310626584,783.1672056681399
datasets/synthetic_data/s3.csv,637,ARMA,10442331.55066343,2843.087341418703,3231.4596625462354
datasets/synthetic_data/s3.csv,638,Tree,1226261.6748270977,911.6264761776057,1107.367000965397
datasets/synthetic_data/s3.csv,638,ARMA,789804.2716670961,770.8581180815156,888.709329121224
datasets/synthetic_data/s3.csv,639,Tree,3774942.0346722347,1775.3360792401008,1942.9210057725545
datasets/synthetic_data/s3.csv,639,ARMA,18526005.57844274,3827.171875155976,4304.1846589618735
datasets/synthetic_data/s3.csv,640,Tree,2433494.4691636325,1233.5796167763049,1559.9661756472904
datasets/synthetic_data/s3.csv,640,ARMA,1941197.9681670112,1150.9345228070874,1393.2688068592547
datasets/synthetic_data/s3.csv,641,Tree,1527007.334437105,1004.3252803816061,1235.7213822043807
datasets/synthetic_data/s3.csv,641,ARMA,3817615.369783775,1677.6262272286863,1953.8718918557006
datasets/synthetic_data/s3.csv,642,Tree,2767053.363547397,1300.9909027157403,1663.4462310358567
datasets/synthetic_data/s3.csv,642,ARMA,4801609.214970669,1659.3705748199263,2191.2574506366586
datasets/synthetic_data/s3.csv,643,Tree,755580.9728918844,723.1808620784378,869.2416078926989
datasets/synthetic_data/s3.csv,643,ARMA,2044853.4337564423,1267.214630690301,1429.9837180039647
datasets/synthetic_data/s3.csv,644,Tree,1945489.7339775402,1130.1674803433737,1394.808135184743
datasets/synthetic_data/s3.csv,644,ARMA,4223383.623995077,1733.5146590805027,2055.0872545940906
datasets/synthetic_data/s3.csv,645,Tree,1879232.0336719484,1083.584043050392,1370.8508429701417
datasets/synthetic_data/s3.csv,645,ARMA,5204092.85486515,1703.1833364216698,2281.2480914764947
datasets/synthetic_data/s3.csv,646,Tree,615432.5378907982,664.5749173869976,784.4950846823696
datasets/synthetic_data/s3.csv,646,ARMA,811046.1612686086,750.9299075731885,900.5810131623965
datasets/synthetic_data/s3.csv,647,Tree,987895.9921104027,803.4542704229982,993.929571001086
datasets/synthetic_data/s3.csv,647,ARMA,712155.4757130884,719.5900860592967,843.893047555843
datasets/synthetic_data/s3.csv,648,Tree,1183228.6072309439,808.0445653810759,1087.7631209187705
datasets/synthetic_data/s3.csv,648,ARMA,2245019.6525295572,1357.7237782924972,1498.3389644968715
datasets/synthetic_data/s3.csv,649,Tree,13100089.28169938,3376.7031787887613,3619.4045479469933
datasets/synthetic_data/s3.csv,649,ARMA,16328777.181726867,3399.1654477093384,4040.888167436321
datasets/synthetic_data/s3.csv,650,Tree,15914494.209056716,3910.8008065470913,3989.2974580816503
datasets/synthetic_data/s3.csv,650,ARMA,15077869.751588076,3676.3161025806257,3883.0232746647393
datasets/synthetic_data/s3.csv,651,Tree,1115350.275569896,932.9256765702171,1056.1014513624607
datasets/synthetic_data/s3.csv,651,ARMA,7246935.869770067,2563.8471760743023,2692.01334873549
datasets/synthetic_data/s3.csv,652,Tree,859869.2709160744,730.2247709054069,927.2913624724833
datasets/synthetic_data/s3.csv,652,ARMA,1139109.5234288962,898.0987688601735,1067.2907398777975
datasets/synthetic_data/s3.csv,653,Tree,2087632.2793277442,1215.9905155362103,1444.8641041038234
datasets/synthetic_data/s3.csv,653,ARMA,1038678.4810672624,893.4829244154282,1019.1557687945756
datasets/synthetic_data/s3.csv,654,Tree,2548510.548547952,1376.2698581543575,1596.4055088065663
datasets/synthetic_data/s3.csv,654,ARMA,19664259.50281306,3918.844875943668,4434.440156639061
datasets/synthetic_data/s3.csv,655,Tree,4910390.468587172,1485.4648140640218,2215.940086867687
datasets/synthetic_data/s3.csv,655,ARMA,4496619.190472278,1749.1816651942456,2120.5233293864694
datasets/synthetic_data/s3.csv,656,Tree,1313176.0395043741,810.5355095402015,1145.9389335843225
datasets/synthetic_data/s3.csv,656,ARMA,23746026.7469771,4302.077015668137,4872.989508194852
datasets/synthetic_data/s3.csv,657,Tree,958434.9570076171,778.8588440375253,978.9969136864615
datasets/synthetic_data/s3.csv,657,ARMA,1313438.8751605307,830.5586301012497,1146.0536092000805
datasets/synthetic_data/s3.csv,658,Tree,1862110.290669364,1177.4177060819054,1364.591620474552
datasets/synthetic_data/s3.csv,658,ARMA,1325002.6749641728,938.5518225210064,1151.0876052517344
datasets/synthetic_data/s3.csv,659,Tree,3102228.0008526845,1394.3486088031364,1761.3142822485386
datasets/synthetic_data/s3.csv,659,ARMA,2660750.8148166044,1564.074989557892,1631.180803840152
datasets/synthetic_data/s3.csv,660,Tree,2454643.3560622493,1439.8446294672465,1566.7301478117568
datasets/synthetic_data/s3.csv,660,ARMA,2609526.778887882,1152.531696720262,1615.4029772437223
datasets/synthetic_data/s3.csv,661,Tree,3239514.783128575,1622.2506418315288,1799.8652124891394
datasets/synthetic_data/s3.csv,661,ARMA,11662042.48156974,2861.2033773348194,3414.9732768456242
datasets/synthetic_data/s3.csv,662,Tree,3307273.9137156582,1525.281275607238,1818.5911892769243
datasets/synthetic_data/s3.csv,662,ARMA,3697374.934072,1716.0870609828035,1922.8559316995124
datasets/synthetic_data/s3.csv,663,Tree,1581729.366685774,1019.8711504276566,1257.668225998325
datasets/synthetic_data/s3.csv,663,ARMA,3104212.1461145645,1433.0216024319914,1761.8774492326543
datasets/synthetic_data/s3.csv,664,Tree,875993.3662555477,716.2491832511622,935.9451726760216
datasets/synthetic_data/s3.csv,664,ARMA,970524.4295302236,844.8240113465297,985.1519829601033
datasets/synthetic_data/s3.csv,665,Tree,1271007.1159622243,912.1799543191031,1127.389513860327
datasets/synthetic_data/s3.csv,665,ARMA,1700983.6563639878,1109.562116923075,1304.217641486262
datasets/synthetic_data/s3.csv,666,Tree,2652235.334073171,1239.8704648350458,1628.5684922879882
datasets/synthetic_data/s3.csv,666,ARMA,4381862.291083155,1838.622924554129,2093.289824912727
datasets/synthetic_data/s3.csv,667,Tree,776583.5687901246,661.4945110205124,881.2397907437706
datasets/synthetic_data/s3.csv,667,ARMA,868219.5131075224,837.1538800806871,931.7829753260801
datasets/synthetic_data/s3.csv,668,Tree,845498.30585757,783.6676800210487,919.5098182496857
datasets/synthetic_data/s3.csv,668,ARMA,7843673.169985423,2270.6673520919226,2800.65584640195
datasets/synthetic_data/s3.csv,669,Tree,9819896.431275155,2909.247458287471,3133.671398100821
datasets/synthetic_data/s3.csv,669,ARMA,14173843.262290126,3376.41975222268,3764.816497824313
datasets/synthetic_data/s3.csv,670,Tree,3834528.073095573,1460.356231827603,1958.1951059829491
datasets/synthetic_data/s3.csv,670,ARMA,5716900.373006092,1959.3979915517855,2391.0040512316355
