filename,column_index,method,iteration,model,mse,mae,rmse
datasets/processed_data/euro-daily-hist_1999_2024_14052024.csv,0,<timecave.validation_methods.OOS.Holdout object at 0x1554e47f0e50>,0,LSTM,0.0001595142672457396,0.009841602330878657,0.012629895773352193
datasets/processed_data/euro-daily-hist_1999_2024_14052024.csv,0,<timecave.validation_methods.OOS.RepeatedHoldout object at 0x1554e485ca90>,0,LSTM,0.0001902114311680351,0.011177293648107397,0.013791716034200933
datasets/processed_data/euro-daily-hist_1999_2024_14052024.csv,0,<timecave.validation_methods.OOS.RepeatedHoldout object at 0x1554e485ca90>,1,LSTM,0.00018552330400795425,0.01095308412907063,0.013620693962054732
datasets/processed_data/euro-daily-hist_1999_2024_14052024.csv,0,<timecave.validation_methods.OOS.RepeatedHoldout object at 0x1554e485ca90>,2,LSTM,0.00015466847706897482,0.009663949361038935,0.012436578189718217
datasets/processed_data/euro-daily-hist_1999_2024_14052024.csv,0,<timecave.validation_methods.OOS.RepeatedHoldout object at 0x1554e485ca90>,3,LSTM,0.00016000603150592333,0.010397956948130059,0.012649349054632152
datasets/processed_data/euro-daily-hist_1999_2024_14052024.csv,0,<timecave.validation_methods.prequential.GrowingWindow object at 0x155530654280>,0,LSTM,0.00012987972298150692,0.00864456249673026,0.011396478534244994
datasets/processed_data/euro-daily-hist_1999_2024_14052024.csv,0,<timecave.validation_methods.prequential.GrowingWindow object at 0x155530654280>,1,LSTM,0.0010134121898377041,0.028143001476651146,0.031834135606887526
datasets/processed_data/euro-daily-hist_1999_2024_14052024.csv,0,<timecave.validation_methods.prequential.GrowingWindow object at 0x155530654280>,2,LSTM,0.00010701150155758635,0.007943345233372283,0.010344636366619484
datasets/processed_data/euro-daily-hist_1999_2024_14052024.csv,0,<timecave.validation_methods.prequential.GrowingWindow object at 0x155530654280>,3,LSTM,0.0001500104740322306,0.009454620789664131,0.012247876307026888
datasets/processed_data/euro-daily-hist_1999_2024_14052024.csv,0,<timecave.validation_methods.prequential.GrowingWindow object at 0x1554e485cac0>,0,LSTM,0.0004801569074127843,0.014402463411603653,0.021912482913006102
datasets/processed_data/euro-daily-hist_1999_2024_14052024.csv,0,<timecave.validation_methods.prequential.GrowingWindow object at 0x1554e485cac0>,1,LSTM,0.0005213912645921588,0.019629129920414514,0.022833993618991813
datasets/processed_data/euro-daily-hist_1999_2024_14052024.csv,0,<timecave.validation_methods.prequential.GrowingWindow object at 0x1554e485cac0>,2,LSTM,0.0001058063573544544,0.007537424338386171,0.010286221723959404
datasets/processed_data/euro-daily-hist_1999_2024_14052024.csv,0,<timecave.validation_methods.prequential.RollingWindow object at 0x1554e485caf0>,0,LSTM,0.00012987972298150692,0.00864456249673026,0.011396478534244994
datasets/processed_data/euro-daily-hist_1999_2024_14052024.csv,0,<timecave.validation_methods.prequential.RollingWindow object at 0x1554e485caf0>,1,LSTM,0.0005832198976015013,0.01596640122749692,0.024149946120053795
datasets/processed_data/euro-daily-hist_1999_2024_14052024.csv,0,<timecave.validation_methods.prequential.RollingWindow object at 0x1554e485caf0>,2,LSTM,0.00042338464712727864,0.01740084662773496,0.02057631276801747
datasets/processed_data/euro-daily-hist_1999_2024_14052024.csv,0,<timecave.validation_methods.prequential.RollingWindow object at 0x1554e485caf0>,3,LSTM,0.00022472511758866084,0.01174157251685006,0.014990834452713458
datasets/processed_data/euro-daily-hist_1999_2024_14052024.csv,0,<timecave.validation_methods.prequential.RollingWindow object at 0x1554e485cb20>,0,LSTM,0.0004801569074127843,0.014402463411603653,0.021912482913006102
datasets/processed_data/euro-daily-hist_1999_2024_14052024.csv,0,<timecave.validation_methods.prequential.RollingWindow object at 0x1554e485cb20>,1,LSTM,0.0001608034134588679,0.009995920851389567,0.012680828579350321
datasets/processed_data/euro-daily-hist_1999_2024_14052024.csv,0,<timecave.validation_methods.prequential.RollingWindow object at 0x1554e485cb20>,2,LSTM,0.0002066974491344363,0.010926418004898795,0.01437697635577232
datasets/processed_data/euro-daily-hist_1999_2024_14052024.csv,0,<timecave.validation_methods.CV.BlockCV object at 0x1554e485cb50>,0,LSTM,0.0003797675878574523,0.016038855499085927,0.01948762653217298
datasets/processed_data/euro-daily-hist_1999_2024_14052024.csv,0,<timecave.validation_methods.CV.BlockCV object at 0x1554e485cb50>,1,LSTM,0.0001681635107860613,0.01100022671417963,0.01296778742831873
datasets/processed_data/euro-daily-hist_1999_2024_14052024.csv,0,<timecave.validation_methods.CV.BlockCV object at 0x1554e485cb50>,2,LSTM,0.00031105846631998107,0.011368193166097006,0.017636849671071677
datasets/processed_data/euro-daily-hist_1999_2024_14052024.csv,0,<timecave.validation_methods.CV.BlockCV object at 0x1554e485cb50>,3,LSTM,9.074430772493174e-05,0.007295674941653298,0.009525980669985203
datasets/processed_data/euro-daily-hist_1999_2024_14052024.csv,0,<timecave.validation_methods.CV.BlockCV object at 0x1554e485cb50>,4,LSTM,0.0001500104740322306,0.009454620789664131,0.012247876307026888
datasets/processed_data/euro-daily-hist_1999_2024_14052024.csv,0,<timecave.validation_methods.CV.AdaptedhvBlockCV object at 0x1554e485cb80>,0,LSTM,0.00027741234828364167,0.013137717330024353,0.01665570017392369
datasets/processed_data/euro-daily-hist_1999_2024_14052024.csv,0,<timecave.validation_methods.CV.AdaptedhvBlockCV object at 0x1554e485cb80>,1,LSTM,0.00015310625376909075,0.010377353814624606,0.012373611185466059
datasets/processed_data/euro-daily-hist_1999_2024_14052024.csv,0,<timecave.validation_methods.CV.AdaptedhvBlockCV object at 0x1554e485cb80>,2,LSTM,0.000324884024432609,0.011434102949596587,0.018024539506811512
datasets/processed_data/euro-daily-hist_1999_2024_14052024.csv,0,<timecave.validation_methods.CV.AdaptedhvBlockCV object at 0x1554e485cb80>,3,LSTM,0.00012135548425155782,0.008771748444330122,0.011016146524604592
datasets/processed_data/euro-daily-hist_1999_2024_14052024.csv,0,<timecave.validation_methods.CV.AdaptedhvBlockCV object at 0x1554e485cb80>,4,LSTM,0.0003358084908031228,0.0160419001483009,0.018325078193642798
datasets/processed_data/euro-daily-hist_1999_2024_14052024.csv,0,<timecave.validation_methods.markov.MarkovCV object at 0x1554e485cc10>,0,LSTM,0.0017888301941650223,0.03167380007639897,0.04229456459363333
datasets/processed_data/euro-daily-hist_1999_2024_14052024.csv,0,<timecave.validation_methods.markov.MarkovCV object at 0x1554e485cc10>,1,LSTM,0.0016765444553807872,0.030856196456748714,0.040945628037444816
datasets/processed_data/euro-daily-hist_1999_2024_14052024.csv,0,<timecave.validation_methods.markov.MarkovCV object at 0x1554e485cc10>,2,LSTM,0.0017370914558522874,0.031391363614934095,0.04167842914329051
datasets/processed_data/euro-daily-hist_1999_2024_14052024.csv,0,<timecave.validation_methods.markov.MarkovCV object at 0x1554e485cc10>,3,LSTM,0.0017870726249726166,0.03320955761714373,0.042273781768048815
datasets/processed_data/euro-daily-hist_1999_2024_14052024.csv,0,<timecave.validation_methods.markov.MarkovCV object at 0x1554e485cc10>,4,LSTM,0.0018969359658709533,0.03270799321231366,0.04355382837215293
datasets/processed_data/euro-daily-hist_1999_2024_14052024.csv,0,<timecave.validation_methods.markov.MarkovCV object at 0x1554e485cc10>,5,LSTM,0.0018033429675968701,0.03201073352289564,0.0424657858469247
datasets/processed_data/euro-daily-hist_1999_2024_14052024.csv,0,<timecave.validation_methods.markov.MarkovCV object at 0x1554e485cc10>,6,LSTM,0.0016962542135467345,0.03118224707088251,0.04118560687360008
datasets/processed_data/euro-daily-hist_1999_2024_14052024.csv,0,<timecave.validation_methods.markov.MarkovCV object at 0x1554e485cc10>,7,LSTM,0.001649973526347978,0.03082161463305325,0.04061986615374277
datasets/processed_data/euro-daily-hist_1999_2024_14052024.csv,0,<timecave.validation_methods.markov.MarkovCV object at 0x1554e485cc10>,8,LSTM,0.001981340579628078,0.03217902415379911,0.044512252017035465
datasets/processed_data/euro-daily-hist_1999_2024_14052024.csv,0,<timecave.validation_methods.markov.MarkovCV object at 0x1554e485cc10>,9,LSTM,0.002144287849740438,0.03570890971969048,0.04630645581061498
datasets/processed_data/euro-daily-hist_1999_2024_14052024.csv,1,<timecave.validation_methods.OOS.Holdout object at 0x155460147df0>,0,LSTM,8.396824526325652e-05,0.006861543185206269,0.00916341886324403
datasets/processed_data/euro-daily-hist_1999_2024_14052024.csv,1,<timecave.validation_methods.OOS.RepeatedHoldout object at 0x1554e485ca00>,0,LSTM,0.0003569788526488319,0.016837310425646894,0.018893884001147884
datasets/processed_data/euro-daily-hist_1999_2024_14052024.csv,1,<timecave.validation_methods.OOS.RepeatedHoldout object at 0x1554e485ca00>,1,LSTM,0.00020583131778095887,0.01202812437146682,0.014346822567417459
datasets/processed_data/euro-daily-hist_1999_2024_14052024.csv,1,<timecave.validation_methods.OOS.RepeatedHoldout object at 0x1554e485ca00>,2,LSTM,0.00015482413656142926,0.01014281725546142,0.012442834747814874
datasets/processed_data/euro-daily-hist_1999_2024_14052024.csv,1,<timecave.validation_methods.OOS.RepeatedHoldout object at 0x1554e485ca00>,3,LSTM,0.00012175167708416381,0.008637741278135989,0.011034114241032844
datasets/processed_data/euro-daily-hist_1999_2024_14052024.csv,1,<timecave.validation_methods.prequential.GrowingWindow object at 0x1554e485ca30>,0,LSTM,0.00015431033924547888,0.009805312641143794,0.012422171277416797
datasets/processed_data/euro-daily-hist_1999_2024_14052024.csv,1,<timecave.validation_methods.prequential.GrowingWindow object at 0x1554e485ca30>,1,LSTM,0.0011250197931733706,0.030595231167384558,0.03354131472040669
datasets/processed_data/euro-daily-hist_1999_2024_14052024.csv,1,<timecave.validation_methods.prequential.GrowingWindow object at 0x1554e485ca30>,2,LSTM,8.734767974625019e-05,0.007268591955639064,0.009345998060466853
datasets/processed_data/euro-daily-hist_1999_2024_14052024.csv,1,<timecave.validation_methods.prequential.GrowingWindow object at 0x1554e485ca30>,3,LSTM,8.776923856649412e-05,0.007007892940521241,0.009368523820031314
datasets/processed_data/euro-daily-hist_1999_2024_14052024.csv,1,<timecave.validation_methods.prequential.GrowingWindow object at 0x1554e485ca60>,0,LSTM,0.0002792262487014325,0.01286822059086391,0.0167100642937552
datasets/processed_data/euro-daily-hist_1999_2024_14052024.csv,1,<timecave.validation_methods.prequential.GrowingWindow object at 0x1554e485ca60>,1,LSTM,0.0009267862313428122,0.02888302639843169,0.030443163950923568
datasets/processed_data/euro-daily-hist_1999_2024_14052024.csv,1,<timecave.validation_methods.prequential.GrowingWindow object at 0x1554e485ca60>,2,LSTM,0.00010436239526350567,0.007778186978113082,0.010215791465349401
datasets/processed_data/euro-daily-hist_1999_2024_14052024.csv,1,<timecave.validation_methods.prequential.RollingWindow object at 0x1554e485c9a0>,0,LSTM,0.00015431033924547888,0.009805312641143794,0.012422171277416797
datasets/processed_data/euro-daily-hist_1999_2024_14052024.csv,1,<timecave.validation_methods.prequential.RollingWindow object at 0x1554e485c9a0>,1,LSTM,0.0002653961531612969,0.012188680575597856,0.016290983799675723
datasets/processed_data/euro-daily-hist_1999_2024_14052024.csv,1,<timecave.validation_methods.prequential.RollingWindow object at 0x1554e485c9a0>,2,LSTM,0.00010058387915591252,0.007785930604298909,0.010029151467393067
datasets/processed_data/euro-daily-hist_1999_2024_14052024.csv,1,<timecave.validation_methods.prequential.RollingWindow object at 0x1554e485c9a0>,3,LSTM,0.0001922555611688473,0.010996254586537677,0.013865625163289512
datasets/processed_data/euro-daily-hist_1999_2024_14052024.csv,1,<timecave.validation_methods.prequential.RollingWindow object at 0x1554e485c9d0>,0,LSTM,0.0002792262487014325,0.01286822059086391,0.0167100642937552
datasets/processed_data/euro-daily-hist_1999_2024_14052024.csv,1,<timecave.validation_methods.prequential.RollingWindow object at 0x1554e485c9d0>,1,LSTM,0.0001219966937612664,0.00871766076242356,0.011045211349778076
datasets/processed_data/euro-daily-hist_1999_2024_14052024.csv,1,<timecave.validation_methods.prequential.RollingWindow object at 0x1554e485c9d0>,2,LSTM,0.0001240066329845325,0.00834690022586641,0.011135826551474862
datasets/processed_data/euro-daily-hist_1999_2024_14052024.csv,1,<timecave.validation_methods.CV.BlockCV object at 0x1554e485c940>,0,LSTM,0.00022327287494993512,0.01217474817948114,0.014942318258889252
datasets/processed_data/euro-daily-hist_1999_2024_14052024.csv,1,<timecave.validation_methods.CV.BlockCV object at 0x1554e485c940>,1,LSTM,0.0003448134214025642,0.016461267192113965,0.01856915241475938
datasets/processed_data/euro-daily-hist_1999_2024_14052024.csv,1,<timecave.validation_methods.CV.BlockCV object at 0x1554e485c940>,2,LSTM,0.00018223118941535318,0.009986648314521429,0.013499303293701982
datasets/processed_data/euro-daily-hist_1999_2024_14052024.csv,1,<timecave.validation_methods.CV.BlockCV object at 0x1554e485c940>,3,LSTM,9.217249596556029e-05,0.007524207035791305,0.009600650809479546
datasets/processed_data/euro-daily-hist_1999_2024_14052024.csv,1,<timecave.validation_methods.CV.BlockCV object at 0x1554e485c940>,4,LSTM,8.776923856649412e-05,0.007007892940521241,0.009368523820031314
datasets/processed_data/euro-daily-hist_1999_2024_14052024.csv,1,<timecave.validation_methods.CV.AdaptedhvBlockCV object at 0x1554e485c970>,0,LSTM,0.00015655405509050352,0.009438245857238767,0.012512156292602147
datasets/processed_data/euro-daily-hist_1999_2024_14052024.csv,1,<timecave.validation_methods.CV.AdaptedhvBlockCV object at 0x1554e485c970>,1,LSTM,0.0001342577225757372,0.009129476035708475,0.011586963475205107
datasets/processed_data/euro-daily-hist_1999_2024_14052024.csv,1,<timecave.validation_methods.CV.AdaptedhvBlockCV object at 0x1554e485c970>,2,LSTM,0.0002681651108809591,0.012640517031533379,0.016375747643419494
datasets/processed_data/euro-daily-hist_1999_2024_14052024.csv,1,<timecave.validation_methods.CV.AdaptedhvBlockCV object at 0x1554e485c970>,3,LSTM,7.213392855416275e-05,0.00653621905608404,0.008493169523456055
datasets/processed_data/euro-daily-hist_1999_2024_14052024.csv,1,<timecave.validation_methods.CV.AdaptedhvBlockCV object at 0x1554e485c970>,4,LSTM,9.068920056691571e-05,0.007136799901689801,0.009523087764318657
datasets/processed_data/euro-daily-hist_1999_2024_14052024.csv,1,<timecave.validation_methods.markov.MarkovCV object at 0x155446c5bc10>,0,LSTM,0.0012789746692365366,0.0276891865090248,0.0357627553361949
datasets/processed_data/euro-daily-hist_1999_2024_14052024.csv,1,<timecave.validation_methods.markov.MarkovCV object at 0x155446c5bc10>,1,LSTM,0.001365597547437222,0.028531940455464054,0.036953992307154335
datasets/processed_data/euro-daily-hist_1999_2024_14052024.csv,1,<timecave.validation_methods.markov.MarkovCV object at 0x155446c5bc10>,2,LSTM,0.0013495395832924958,0.028246944209091532,0.03673608012965585
datasets/processed_data/euro-daily-hist_1999_2024_14052024.csv,1,<timecave.validation_methods.markov.MarkovCV object at 0x155446c5bc10>,3,LSTM,0.0012444964005558765,0.027668932067550164,0.035277420548502074
datasets/processed_data/euro-daily-hist_1999_2024_14052024.csv,1,<timecave.validation_methods.markov.MarkovCV object at 0x155446c5bc10>,4,LSTM,0.0012829544541264272,0.02776813361814063,0.03581835359318498
datasets/processed_data/euro-daily-hist_1999_2024_14052024.csv,1,<timecave.validation_methods.markov.MarkovCV object at 0x155446c5bc10>,5,LSTM,0.0014639904815025625,0.029329810349995853,0.038262128554257965
datasets/processed_data/euro-daily-hist_1999_2024_14052024.csv,1,<timecave.validation_methods.markov.MarkovCV object at 0x155446c5bc10>,6,LSTM,0.0014452283634736334,0.030730087245926546,0.0380161592414809
datasets/processed_data/euro-daily-hist_1999_2024_14052024.csv,1,<timecave.validation_methods.markov.MarkovCV object at 0x155446c5bc10>,7,LSTM,0.0013772651192667633,0.02883320704108214,0.03711152272902263
datasets/processed_data/euro-daily-hist_1999_2024_14052024.csv,1,<timecave.validation_methods.markov.MarkovCV object at 0x155446c5bc10>,8,LSTM,0.0014099198011405074,0.02897271390794106,0.03754889880063738
datasets/processed_data/euro-daily-hist_1999_2024_14052024.csv,1,<timecave.validation_methods.markov.MarkovCV object at 0x155446c5bc10>,9,LSTM,0.0016302431657625556,0.031587973068954854,0.040376269834675856
datasets/processed_data/euro-daily-hist_1999_2024_14052024.csv,2,<timecave.validation_methods.OOS.Holdout object at 0x15546093ec80>,0,LSTM,9.659717136095656e-05,0.006841754896105921,0.009828385999794501
datasets/processed_data/euro-daily-hist_1999_2024_14052024.csv,2,<timecave.validation_methods.OOS.RepeatedHoldout object at 0x1554423dad70>,0,LSTM,6.2623449867618e-05,0.003784336151326718,0.007913497953978253
datasets/processed_data/euro-daily-hist_1999_2024_14052024.csv,2,<timecave.validation_methods.OOS.RepeatedHoldout object at 0x1554423dad70>,1,LSTM,0.00011097522720299183,0.007503294546551347,0.010534478022331805
datasets/processed_data/euro-daily-hist_1999_2024_14052024.csv,2,<timecave.validation_methods.OOS.RepeatedHoldout object at 0x1554423dad70>,2,LSTM,6.221591886558017e-05,0.00410929953871144,0.007887706819195308
datasets/processed_data/euro-daily-hist_1999_2024_14052024.csv,2,<timecave.validation_methods.OOS.RepeatedHoldout object at 0x1554423dad70>,3,LSTM,8.430891510959061e-05,0.005468964384960082,0.009181988624997889
datasets/processed_data/euro-daily-hist_1999_2024_14052024.csv,2,<timecave.validation_methods.prequential.GrowingWindow object at 0x155446c5bc70>,0,LSTM,2.0319153048540282e-05,0.003557235360463461,0.004507677123368563
datasets/processed_data/euro-daily-hist_1999_2024_14052024.csv,2,<timecave.validation_methods.prequential.GrowingWindow object at 0x155446c5bc70>,1,LSTM,0.0001575503719215543,0.009837260611942835,0.012551907102968628
datasets/processed_data/euro-daily-hist_1999_2024_14052024.csv,2,<timecave.validation_methods.prequential.GrowingWindow object at 0x155446c5bc70>,2,LSTM,0.00015087090349259058,0.005927685059411181,0.012282951741848968
datasets/processed_data/euro-daily-hist_1999_2024_14052024.csv,2,<timecave.validation_methods.prequential.GrowingWindow object at 0x155446c5bc70>,3,LSTM,0.00010995191724670535,0.00974504844247727,0.0104857959758287
datasets/processed_data/euro-daily-hist_1999_2024_14052024.csv,2,<timecave.validation_methods.prequential.GrowingWindow object at 0x155446c5b880>,0,LSTM,0.0001081954801909004,0.0076976756321135,0.010401705638543153
datasets/processed_data/euro-daily-hist_1999_2024_14052024.csv,2,<timecave.validation_methods.prequential.GrowingWindow object at 0x155446c5b880>,1,LSTM,0.0006494515808016828,0.022790203320821135,0.025484339913007022
datasets/processed_data/euro-daily-hist_1999_2024_14052024.csv,2,<timecave.validation_methods.prequential.GrowingWindow object at 0x155446c5b880>,2,LSTM,9.931937005257936e-05,0.008497022359938846,0.009965910397579308
datasets/processed_data/euro-daily-hist_1999_2024_14052024.csv,2,<timecave.validation_methods.prequential.RollingWindow object at 0x155446c5bd30>,0,LSTM,2.0319153048540282e-05,0.003557235360463461,0.004507677123368563
datasets/processed_data/euro-daily-hist_1999_2024_14052024.csv,2,<timecave.validation_methods.prequential.RollingWindow object at 0x155446c5bd30>,1,LSTM,0.0011833163633708148,0.02862889013617379,0.034399365740821655
datasets/processed_data/euro-daily-hist_1999_2024_14052024.csv,2,<timecave.validation_methods.prequential.RollingWindow object at 0x155446c5bd30>,2,LSTM,0.0003276967710097486,0.014171964705421819,0.01810239683052354
datasets/processed_data/euro-daily-hist_1999_2024_14052024.csv,2,<timecave.validation_methods.prequential.RollingWindow object at 0x155446c5bd30>,3,LSTM,0.00011303517284560151,0.009674402535211474,0.010631800075509392
datasets/processed_data/euro-daily-hist_1999_2024_14052024.csv,2,<timecave.validation_methods.prequential.RollingWindow object at 0x155446c5bb20>,0,LSTM,0.0001081954801909004,0.0076976756321135,0.010401705638543153
datasets/processed_data/euro-daily-hist_1999_2024_14052024.csv,2,<timecave.validation_methods.prequential.RollingWindow object at 0x155446c5bb20>,1,LSTM,0.0066775712121652534,0.08067622113709222,0.08171640723970465
datasets/processed_data/euro-daily-hist_1999_2024_14052024.csv,2,<timecave.validation_methods.prequential.RollingWindow object at 0x155446c5bb20>,2,LSTM,0.0006676512503289342,0.024898957493918284,0.02583894832087665
datasets/processed_data/euro-daily-hist_1999_2024_14052024.csv,2,<timecave.validation_methods.CV.BlockCV object at 0x155446c5ba90>,0,LSTM,2.6798949212263498e-05,0.004127682492755708,0.00517677015254333
datasets/processed_data/euro-daily-hist_1999_2024_14052024.csv,2,<timecave.validation_methods.CV.BlockCV object at 0x155446c5ba90>,1,LSTM,0.00030866576848763216,0.017166157028743193,0.017568886375852973
datasets/processed_data/euro-daily-hist_1999_2024_14052024.csv,2,<timecave.validation_methods.CV.BlockCV object at 0x155446c5ba90>,2,LSTM,0.00019954542678012787,0.012368189781915574,0.014126054890879048
datasets/processed_data/euro-daily-hist_1999_2024_14052024.csv,2,<timecave.validation_methods.CV.BlockCV object at 0x155446c5ba90>,3,LSTM,0.00010326050922465971,0.00435868913114639,0.010161717828431357
datasets/processed_data/euro-daily-hist_1999_2024_14052024.csv,2,<timecave.validation_methods.CV.BlockCV object at 0x155446c5ba90>,4,LSTM,0.00010995191724670535,0.00974504844247727,0.0104857959758287
datasets/processed_data/euro-daily-hist_1999_2024_14052024.csv,2,<timecave.validation_methods.CV.AdaptedhvBlockCV object at 0x155446c5ba30>,0,LSTM,4.4189424481747366e-05,0.005678784097580683,0.00664751265374857
datasets/processed_data/euro-daily-hist_1999_2024_14052024.csv,2,<timecave.validation_methods.CV.AdaptedhvBlockCV object at 0x155446c5ba30>,1,LSTM,0.00012521109933571228,0.010548128353482204,0.01118977655432459
datasets/processed_data/euro-daily-hist_1999_2024_14052024.csv,2,<timecave.validation_methods.CV.AdaptedhvBlockCV object at 0x155446c5ba30>,2,LSTM,7.338398590647076e-05,0.006229803880237397,0.008566445348361873
datasets/processed_data/euro-daily-hist_1999_2024_14052024.csv,2,<timecave.validation_methods.CV.AdaptedhvBlockCV object at 0x155446c5ba30>,3,LSTM,0.0001348386771510459,0.0075494081730615595,0.011612005733336764
datasets/processed_data/euro-daily-hist_1999_2024_14052024.csv,2,<timecave.validation_methods.CV.AdaptedhvBlockCV object at 0x155446c5ba30>,4,LSTM,3.020378408538381e-05,0.004417376536051436,0.005495796947248307
datasets/processed_data/euro-daily-hist_1999_2024_14052024.csv,2,<timecave.validation_methods.markov.MarkovCV object at 0x155446c5b850>,0,LSTM,0.0005724793242392662,0.015614322932226936,0.02392654016441295
datasets/processed_data/euro-daily-hist_1999_2024_14052024.csv,2,<timecave.validation_methods.markov.MarkovCV object at 0x155446c5b850>,1,LSTM,0.0005650476900201348,0.015036928354121072,0.023770731793954825
datasets/processed_data/euro-daily-hist_1999_2024_14052024.csv,2,<timecave.validation_methods.markov.MarkovCV object at 0x155446c5b850>,2,LSTM,0.0005460691238802801,0.01455432458797484,0.02336812195877709
datasets/processed_data/euro-daily-hist_1999_2024_14052024.csv,2,<timecave.validation_methods.markov.MarkovCV object at 0x155446c5b850>,3,LSTM,0.00046137680351895623,0.01435400395840122,0.021479683506023924
datasets/processed_data/euro-daily-hist_1999_2024_14052024.csv,2,<timecave.validation_methods.markov.MarkovCV object at 0x155446c5b850>,4,LSTM,0.0005648796472182288,0.015401305017086914,0.023767196873384727
datasets/processed_data/euro-daily-hist_1999_2024_14052024.csv,2,<timecave.validation_methods.markov.MarkovCV object at 0x155446c5b850>,5,LSTM,0.0005273090458864278,0.014355092208076065,0.022963210705091476
datasets/processed_data/euro-daily-hist_1999_2024_14052024.csv,2,<timecave.validation_methods.markov.MarkovCV object at 0x155446c5b850>,6,LSTM,0.0007467867539962879,0.019616380376194623,0.027327399327347048
datasets/processed_data/euro-daily-hist_1999_2024_14052024.csv,2,<timecave.validation_methods.markov.MarkovCV object at 0x155446c5b850>,7,LSTM,0.00048584774466896855,0.014392861531478262,0.02204195419351398
datasets/processed_data/euro-daily-hist_1999_2024_14052024.csv,2,<timecave.validation_methods.markov.MarkovCV object at 0x155446c5b850>,8,LSTM,0.0005638733410251663,0.014603550562062322,0.023746017371870307
datasets/processed_data/euro-daily-hist_1999_2024_14052024.csv,2,<timecave.validation_methods.markov.MarkovCV object at 0x155446c5b850>,9,LSTM,0.0005281207381323379,0.014341630484275305,0.022980877662359588
datasets/processed_data/euro-daily-hist_1999_2024_14052024.csv,3,<timecave.validation_methods.OOS.Holdout object at 0x155446c5b910>,0,LSTM,0.0038211275614404043,0.0398329506839032,0.061815269646264624
datasets/processed_data/euro-daily-hist_1999_2024_14052024.csv,3,<timecave.validation_methods.OOS.RepeatedHoldout object at 0x155446c5b8e0>,0,LSTM,0.007770536868034376,0.07594942999505379,0.08815064871023001
datasets/processed_data/euro-daily-hist_1999_2024_14052024.csv,3,<timecave.validation_methods.OOS.RepeatedHoldout object at 0x155446c5b8e0>,1,LSTM,0.0027896443248181433,0.03542728352096845,0.05281708364552272
datasets/processed_data/euro-daily-hist_1999_2024_14052024.csv,3,<timecave.validation_methods.OOS.RepeatedHoldout object at 0x155446c5b8e0>,2,LSTM,0.006349833785563009,0.06180380255831056,0.07968584432358741
datasets/processed_data/euro-daily-hist_1999_2024_14052024.csv,3,<timecave.validation_methods.OOS.RepeatedHoldout object at 0x155446c5b8e0>,3,LSTM,0.002264952535156285,0.03274208468789784,0.04759151747061954
datasets/processed_data/euro-daily-hist_1999_2024_14052024.csv,3,<timecave.validation_methods.prequential.GrowingWindow object at 0x15543fee47c0>,0,LSTM,8.63476042044599,2.4740407228015724,2.9384962855933625
datasets/processed_data/euro-daily-hist_1999_2024_14052024.csv,3,<timecave.validation_methods.prequential.GrowingWindow object at 0x15543fee47c0>,1,LSTM,4.50611407792743,1.83629797408331,2.122760956379081
datasets/processed_data/euro-daily-hist_1999_2024_14052024.csv,3,<timecave.validation_methods.prequential.GrowingWindow object at 0x15543fee47c0>,2,LSTM,0.016306594076049074,0.10043664046514601,0.12769727513165297
datasets/processed_data/euro-daily-hist_1999_2024_14052024.csv,3,<timecave.validation_methods.prequential.GrowingWindow object at 0x15543fee47c0>,3,LSTM,0.006263779622928983,0.07018744365873791,0.07914404350883888
datasets/processed_data/euro-daily-hist_1999_2024_14052024.csv,3,<timecave.validation_methods.prequential.GrowingWindow object at 0x155442227d00>,0,LSTM,48.54547641098079,6.842933042718796,6.967458389612441
datasets/processed_data/euro-daily-hist_1999_2024_14052024.csv,3,<timecave.validation_methods.prequential.GrowingWindow object at 0x155442227d00>,1,LSTM,4.472308124594159,1.8408976949927922,2.114783233476698
datasets/processed_data/euro-daily-hist_1999_2024_14052024.csv,3,<timecave.validation_methods.prequential.GrowingWindow object at 0x155442227d00>,2,LSTM,0.009297921794855309,0.08572588602701824,0.09642573201617559
datasets/processed_data/euro-daily-hist_1999_2024_14052024.csv,3,<timecave.validation_methods.prequential.RollingWindow object at 0x155442226f20>,0,LSTM,8.63476042044599,2.4740407228015724,2.9384962855933625
datasets/processed_data/euro-daily-hist_1999_2024_14052024.csv,3,<timecave.validation_methods.prequential.RollingWindow object at 0x155442226f20>,1,LSTM,16.004366671291095,3.779457846243722,4.000545796674635
datasets/processed_data/euro-daily-hist_1999_2024_14052024.csv,3,<timecave.validation_methods.prequential.RollingWindow object at 0x155442226f20>,2,LSTM,1.4744513503354726,1.0317176160249257,1.2142698836483892
datasets/processed_data/euro-daily-hist_1999_2024_14052024.csv,3,<timecave.validation_methods.prequential.RollingWindow object at 0x155442226f20>,3,LSTM,0.8681685776406529,0.7746327040318081,0.9317556426663876
datasets/processed_data/euro-daily-hist_1999_2024_14052024.csv,3,<timecave.validation_methods.prequential.RollingWindow object at 0x155442226980>,0,LSTM,48.54547641098079,6.842933042718796,6.967458389612441
datasets/processed_data/euro-daily-hist_1999_2024_14052024.csv,3,<timecave.validation_methods.prequential.RollingWindow object at 0x155442226980>,1,LSTM,16.102756316441916,3.825585884195963,4.012823982738579
datasets/processed_data/euro-daily-hist_1999_2024_14052024.csv,3,<timecave.validation_methods.prequential.RollingWindow object at 0x155442226980>,2,LSTM,0.8178264965487791,0.758928827311198,0.9043376009813918
datasets/processed_data/euro-daily-hist_1999_2024_14052024.csv,3,<timecave.validation_methods.CV.BlockCV object at 0x155442226a70>,0,LSTM,8.289715615282082,2.3196240592302595,2.879186623906495
datasets/processed_data/euro-daily-hist_1999_2024_14052024.csv,3,<timecave.validation_methods.CV.BlockCV object at 0x155442226a70>,1,LSTM,0.018419488958916302,0.10412253633045009,0.13571841790603184
datasets/processed_data/euro-daily-hist_1999_2024_14052024.csv,3,<timecave.validation_methods.CV.BlockCV object at 0x155442226a70>,2,LSTM,0.02293488686896373,0.10827150466192333,0.15144268509559558
datasets/processed_data/euro-daily-hist_1999_2024_14052024.csv,3,<timecave.validation_methods.CV.BlockCV object at 0x155442226a70>,3,LSTM,0.009897963292150333,0.06821391264415923,0.09948850834217152
datasets/processed_data/euro-daily-hist_1999_2024_14052024.csv,3,<timecave.validation_methods.CV.BlockCV object at 0x155442226a70>,4,LSTM,0.006263779622928983,0.07018744365873791,0.07914404350883888
datasets/processed_data/euro-daily-hist_1999_2024_14052024.csv,3,<timecave.validation_methods.CV.AdaptedhvBlockCV object at 0x1554422278b0>,0,LSTM,8.195219085205556,2.3040809152948287,2.862729307008533
datasets/processed_data/euro-daily-hist_1999_2024_14052024.csv,3,<timecave.validation_methods.CV.AdaptedhvBlockCV object at 0x1554422278b0>,1,LSTM,0.011370761366728925,0.0786801499720982,0.1066337721677749
datasets/processed_data/euro-daily-hist_1999_2024_14052024.csv,3,<timecave.validation_methods.CV.AdaptedhvBlockCV object at 0x1554422278b0>,2,LSTM,0.02109227403087342,0.10005221888950887,0.14523179414602513
datasets/processed_data/euro-daily-hist_1999_2024_14052024.csv,3,<timecave.validation_methods.CV.AdaptedhvBlockCV object at 0x1554422278b0>,3,LSTM,0.010452790423199437,0.07542310173397972,0.10223888899630823
datasets/processed_data/euro-daily-hist_1999_2024_14052024.csv,3,<timecave.validation_methods.CV.AdaptedhvBlockCV object at 0x1554422278b0>,4,LSTM,0.005250630160802921,0.061679088701520675,0.07246123212313547
datasets/processed_data/euro-daily-hist_1999_2024_14052024.csv,3,<timecave.validation_methods.markov.MarkovCV object at 0x15544226da20>,0,LSTM,31.783116386934896,4.386166861393711,5.637651673075847
datasets/processed_data/euro-daily-hist_1999_2024_14052024.csv,3,<timecave.validation_methods.markov.MarkovCV object at 0x15544226da20>,1,LSTM,31.862429060114344,4.38900321832077,5.644681484381058
datasets/processed_data/euro-daily-hist_1999_2024_14052024.csv,3,<timecave.validation_methods.markov.MarkovCV object at 0x15544226da20>,2,LSTM,32.27961188993953,4.418022311145113,5.6815149291310965
datasets/processed_data/euro-daily-hist_1999_2024_14052024.csv,3,<timecave.validation_methods.markov.MarkovCV object at 0x15544226da20>,3,LSTM,31.892423592160025,4.3992454097302875,5.647337743765643
datasets/processed_data/euro-daily-hist_1999_2024_14052024.csv,3,<timecave.validation_methods.markov.MarkovCV object at 0x15544226da20>,4,LSTM,31.112466937964946,4.32735471245881,5.577855048131401
datasets/processed_data/euro-daily-hist_1999_2024_14052024.csv,3,<timecave.validation_methods.markov.MarkovCV object at 0x15544226da20>,5,LSTM,32.23729262233476,4.426892196975591,5.677789413348717
datasets/processed_data/euro-daily-hist_1999_2024_14052024.csv,3,<timecave.validation_methods.markov.MarkovCV object at 0x15544226da20>,6,LSTM,31.341391240526317,4.342049372559763,5.59833825706578
datasets/processed_data/euro-daily-hist_1999_2024_14052024.csv,3,<timecave.validation_methods.markov.MarkovCV object at 0x15544226da20>,7,LSTM,31.80871151531663,4.37724679297015,5.639921233077341
datasets/processed_data/euro-daily-hist_1999_2024_14052024.csv,3,<timecave.validation_methods.markov.MarkovCV object at 0x15544226da20>,8,LSTM,31.341805283644486,4.3452807741366515,5.598375236052375
datasets/processed_data/euro-daily-hist_1999_2024_14052024.csv,3,<timecave.validation_methods.markov.MarkovCV object at 0x15544226da20>,9,LSTM,31.364392404533397,4.348802057892256,5.600392165244626
datasets/processed_data/euro-daily-hist_1999_2024_14052024.csv,4,<timecave.validation_methods.OOS.Holdout object at 0x15543a019ab0>,0,LSTM,0.00017241785747158154,0.011311151549480728,0.013130798051587783
datasets/processed_data/euro-daily-hist_1999_2024_14052024.csv,4,<timecave.validation_methods.OOS.RepeatedHoldout object at 0x15544226e8c0>,0,LSTM,0.00013877477181529913,0.010571100995722976,0.011780270447459986
datasets/processed_data/euro-daily-hist_1999_2024_14052024.csv,4,<timecave.validation_methods.OOS.RepeatedHoldout object at 0x15544226e8c0>,1,LSTM,0.00012582458390054735,0.009977161220334632,0.011217155784803354
datasets/processed_data/euro-daily-hist_1999_2024_14052024.csv,4,<timecave.validation_methods.OOS.RepeatedHoldout object at 0x15544226e8c0>,2,LSTM,0.0001564512109723961,0.01098434851399041,0.012508045849468097
datasets/processed_data/euro-daily-hist_1999_2024_14052024.csv,4,<timecave.validation_methods.OOS.RepeatedHoldout object at 0x15544226e8c0>,3,LSTM,0.00012969271806990705,0.010271873720419785,0.011388271074658658
datasets/processed_data/euro-daily-hist_1999_2024_14052024.csv,4,<timecave.validation_methods.prequential.GrowingWindow object at 0x15544226e9b0>,0,LSTM,0.00018948075063939595,0.01204842233421689,0.013765200711918295
datasets/processed_data/euro-daily-hist_1999_2024_14052024.csv,4,<timecave.validation_methods.prequential.GrowingWindow object at 0x15544226e9b0>,1,LSTM,9.41821021338132e-05,0.00784087425885883,0.009704746371431518
datasets/processed_data/euro-daily-hist_1999_2024_14052024.csv,4,<timecave.validation_methods.prequential.GrowingWindow object at 0x15544226e9b0>,2,LSTM,0.00015489083362043757,0.011202169079735159,0.012445514598458256
datasets/processed_data/euro-daily-hist_1999_2024_14052024.csv,4,<timecave.validation_methods.prequential.GrowingWindow object at 0x15544226e9b0>,3,LSTM,0.0001449045318147068,0.010583698550996352,0.012037629825455956
datasets/processed_data/euro-daily-hist_1999_2024_14052024.csv,4,<timecave.validation_methods.prequential.GrowingWindow object at 0x15544226dba0>,0,LSTM,0.00011172546091612609,0.008571420376005636,0.010570026533369066
datasets/processed_data/euro-daily-hist_1999_2024_14052024.csv,4,<timecave.validation_methods.prequential.GrowingWindow object at 0x15544226dba0>,1,LSTM,0.0001850819117121427,0.012011218184698183,0.013604481309926619
datasets/processed_data/euro-daily-hist_1999_2024_14052024.csv,4,<timecave.validation_methods.prequential.GrowingWindow object at 0x15544226dba0>,2,LSTM,0.00015642978086442017,0.010759190264747287,0.012507189167211798
datasets/processed_data/euro-daily-hist_1999_2024_14052024.csv,4,<timecave.validation_methods.prequential.RollingWindow object at 0x15544226cf40>,0,LSTM,0.00018948075063939595,0.01204842233421689,0.013765200711918295
datasets/processed_data/euro-daily-hist_1999_2024_14052024.csv,4,<timecave.validation_methods.prequential.RollingWindow object at 0x15544226cf40>,1,LSTM,6.759261785997325e-05,0.006783600578671421,0.008221472973863823
datasets/processed_data/euro-daily-hist_1999_2024_14052024.csv,4,<timecave.validation_methods.prequential.RollingWindow object at 0x15544226cf40>,2,LSTM,0.00011673431167661291,0.009816301803588862,0.010804365399069624
datasets/processed_data/euro-daily-hist_1999_2024_14052024.csv,4,<timecave.validation_methods.prequential.RollingWindow object at 0x15544226cf40>,3,LSTM,0.0001383217105758265,0.01078272674923853,0.01176102506484135
datasets/processed_data/euro-daily-hist_1999_2024_14052024.csv,4,<timecave.validation_methods.prequential.RollingWindow object at 0x15544226e230>,0,LSTM,0.00011172546091612609,0.008571420376005636,0.010570026533369066
datasets/processed_data/euro-daily-hist_1999_2024_14052024.csv,4,<timecave.validation_methods.prequential.RollingWindow object at 0x15544226e230>,1,LSTM,0.00015182200052958898,0.011134156118483767,0.012321607059535254
datasets/processed_data/euro-daily-hist_1999_2024_14052024.csv,4,<timecave.validation_methods.prequential.RollingWindow object at 0x15544226e230>,2,LSTM,0.00013497439374713434,0.010626196695236954,0.011617848068688725
datasets/processed_data/euro-daily-hist_1999_2024_14052024.csv,4,<timecave.validation_methods.CV.BlockCV object at 0x15544226e320>,0,LSTM,0.00025712229218394255,0.014354725122360946,0.01603503327667088
datasets/processed_data/euro-daily-hist_1999_2024_14052024.csv,4,<timecave.validation_methods.CV.BlockCV object at 0x15544226e320>,1,LSTM,0.00018724057822763068,0.011859095199584958,0.013683587915003532
datasets/processed_data/euro-daily-hist_1999_2024_14052024.csv,4,<timecave.validation_methods.CV.BlockCV object at 0x15544226e320>,2,LSTM,5.854665055463914e-05,0.006405325266520188,0.0076515783048100045
datasets/processed_data/euro-daily-hist_1999_2024_14052024.csv,4,<timecave.validation_methods.CV.BlockCV object at 0x15544226e320>,3,LSTM,0.0001474063662785563,0.010982770367576958,0.012141102350221594
datasets/processed_data/euro-daily-hist_1999_2024_14052024.csv,4,<timecave.validation_methods.CV.BlockCV object at 0x15544226e320>,4,LSTM,0.0001449045318147068,0.010583698550996352,0.012037629825455956
datasets/processed_data/euro-daily-hist_1999_2024_14052024.csv,4,<timecave.validation_methods.CV.AdaptedhvBlockCV object at 0x15544226dcf0>,0,LSTM,0.00023426075601160683,0.013760127242315373,0.015305579244563298
datasets/processed_data/euro-daily-hist_1999_2024_14052024.csv,4,<timecave.validation_methods.CV.AdaptedhvBlockCV object at 0x15544226dcf0>,1,LSTM,0.00018559869792672407,0.011835365795317144,0.013623461304922625
datasets/processed_data/euro-daily-hist_1999_2024_14052024.csv,4,<timecave.validation_methods.CV.AdaptedhvBlockCV object at 0x15544226dcf0>,2,LSTM,5.621862588074157e-05,0.0063094548812139654,0.007497908100313151
datasets/processed_data/euro-daily-hist_1999_2024_14052024.csv,4,<timecave.validation_methods.CV.AdaptedhvBlockCV object at 0x15544226dcf0>,3,LSTM,0.00014263714594099395,0.010847496194022038,0.01194307941617211
datasets/processed_data/euro-daily-hist_1999_2024_14052024.csv,4,<timecave.validation_methods.CV.AdaptedhvBlockCV object at 0x15544226dcf0>,4,LSTM,0.0001358036692737819,0.010489370847429574,0.011653483139121191
datasets/processed_data/euro-daily-hist_1999_2024_14052024.csv,4,<timecave.validation_methods.markov.MarkovCV object at 0x1554393b5000>,0,LSTM,0.00014051035071236084,0.0103587329988498,0.011853706201537173
datasets/processed_data/euro-daily-hist_1999_2024_14052024.csv,4,<timecave.validation_methods.markov.MarkovCV object at 0x1554393b5000>,1,LSTM,0.0001413657920549332,0.010365277662696636,0.011889734734422513
datasets/processed_data/euro-daily-hist_1999_2024_14052024.csv,4,<timecave.validation_methods.markov.MarkovCV object at 0x1554393b5000>,2,LSTM,0.00013799881162730905,0.010225949066103872,0.01174728954386113
datasets/processed_data/euro-daily-hist_1999_2024_14052024.csv,4,<timecave.validation_methods.markov.MarkovCV object at 0x1554393b5000>,3,LSTM,0.00013868232905684929,0.010251036238077719,0.011776346167502436
datasets/processed_data/euro-daily-hist_1999_2024_14052024.csv,4,<timecave.validation_methods.markov.MarkovCV object at 0x1554393b5000>,4,LSTM,0.00014128364880445403,0.01031871355902441,0.011886279855550012
datasets/processed_data/euro-daily-hist_1999_2024_14052024.csv,4,<timecave.validation_methods.markov.MarkovCV object at 0x1554393b5000>,5,LSTM,0.00014184210787068286,0.010372589363214604,0.011909748438597805
datasets/processed_data/euro-daily-hist_1999_2024_14052024.csv,4,<timecave.validation_methods.markov.MarkovCV object at 0x1554393b5000>,6,LSTM,0.00014148111762549108,0.010336937506080134,0.011894583541490264
datasets/processed_data/euro-daily-hist_1999_2024_14052024.csv,4,<timecave.validation_methods.markov.MarkovCV object at 0x1554393b5000>,7,LSTM,0.00014273133965339775,0.010412545421884807,0.011947022208625785
datasets/processed_data/euro-daily-hist_1999_2024_14052024.csv,4,<timecave.validation_methods.markov.MarkovCV object at 0x1554393b5000>,8,LSTM,0.00014285233152044587,0.01040190273731546,0.011952084818994796
datasets/processed_data/euro-daily-hist_1999_2024_14052024.csv,4,<timecave.validation_methods.markov.MarkovCV object at 0x1554393b5000>,9,LSTM,0.00014044827505549611,0.010297479475025023,0.01185108750518264
datasets/processed_data/euro-daily-hist_1999_2024_14052024.csv,5,<timecave.validation_methods.OOS.Holdout object at 0x15543556c6a0>,0,LSTM,2.959942916607842e-05,0.004048921709314499,0.0054405357425605086
datasets/processed_data/euro-daily-hist_1999_2024_14052024.csv,5,<timecave.validation_methods.OOS.RepeatedHoldout object at 0x155437070310>,0,LSTM,3.430060040345344e-05,0.0043372440828183,0.005856671444041696
datasets/processed_data/euro-daily-hist_1999_2024_14052024.csv,5,<timecave.validation_methods.OOS.RepeatedHoldout object at 0x155437070310>,1,LSTM,3.552859676890198e-05,0.004440104374435712,0.005960586948355168
datasets/processed_data/euro-daily-hist_1999_2024_14052024.csv,5,<timecave.validation_methods.OOS.RepeatedHoldout object at 0x155437070310>,2,LSTM,3.090401305657674e-05,0.00418928917884219,0.005559137797948234
datasets/processed_data/euro-daily-hist_1999_2024_14052024.csv,5,<timecave.validation_methods.OOS.RepeatedHoldout object at 0x155437070310>,3,LSTM,3.5837443379771695e-05,0.004561198580299865,0.005986438288312316
datasets/processed_data/euro-daily-hist_1999_2024_14052024.csv,5,<timecave.validation_methods.prequential.GrowingWindow object at 0x155442bd8f40>,0,LSTM,3.3046663858248e-05,0.004564751558031354,0.005748622779261829
datasets/processed_data/euro-daily-hist_1999_2024_14052024.csv,5,<timecave.validation_methods.prequential.GrowingWindow object at 0x155442bd8f40>,1,LSTM,0.00039610041705212523,0.017228002133959815,0.019902271655570507
datasets/processed_data/euro-daily-hist_1999_2024_14052024.csv,5,<timecave.validation_methods.prequential.GrowingWindow object at 0x155442bd8f40>,2,LSTM,4.4202769604055866e-05,0.005450894137300763,0.0066485163460772104
datasets/processed_data/euro-daily-hist_1999_2024_14052024.csv,5,<timecave.validation_methods.prequential.GrowingWindow object at 0x155442bd8f40>,3,LSTM,7.168156309335937e-05,0.0069138572199866875,0.008466496506428108
datasets/processed_data/euro-daily-hist_1999_2024_14052024.csv,5,<timecave.validation_methods.prequential.GrowingWindow object at 0x155442bd8e50>,0,LSTM,0.000641860797444856,0.021259385332470848,0.025334971826407385
datasets/processed_data/euro-daily-hist_1999_2024_14052024.csv,5,<timecave.validation_methods.prequential.GrowingWindow object at 0x155442bd8e50>,1,LSTM,0.0003146814395333668,0.01673591889844622,0.01773926265472629
datasets/processed_data/euro-daily-hist_1999_2024_14052024.csv,5,<timecave.validation_methods.prequential.GrowingWindow object at 0x155442bd8e50>,2,LSTM,7.360731594133282e-05,0.006954354605574835,0.008579470609619968
datasets/processed_data/euro-daily-hist_1999_2024_14052024.csv,5,<timecave.validation_methods.prequential.RollingWindow object at 0x155442bd8790>,0,LSTM,3.3046663858248e-05,0.004564751558031354,0.005748622779261829
datasets/processed_data/euro-daily-hist_1999_2024_14052024.csv,5,<timecave.validation_methods.prequential.RollingWindow object at 0x155442bd8790>,1,LSTM,0.0011967924499154579,0.028785734346335273,0.03459468817485508
datasets/processed_data/euro-daily-hist_1999_2024_14052024.csv,5,<timecave.validation_methods.prequential.RollingWindow object at 0x155442bd8790>,2,LSTM,3.0210017924126065e-05,0.004305616457748412,0.005496364064008685
datasets/processed_data/euro-daily-hist_1999_2024_14052024.csv,5,<timecave.validation_methods.prequential.RollingWindow object at 0x155442bd8790>,3,LSTM,5.710607356979977e-05,0.005679194111651466,0.007556856063853524
datasets/processed_data/euro-daily-hist_1999_2024_14052024.csv,5,<timecave.validation_methods.prequential.RollingWindow object at 0x15544550e1a0>,0,LSTM,0.000641860797444856,0.021259385332470848,0.025334971826407385
datasets/processed_data/euro-daily-hist_1999_2024_14052024.csv,5,<timecave.validation_methods.prequential.RollingWindow object at 0x15544550e1a0>,1,LSTM,0.0010018498858751599,0.029965812214896793,0.031652012351115366
datasets/processed_data/euro-daily-hist_1999_2024_14052024.csv,5,<timecave.validation_methods.prequential.RollingWindow object at 0x15544550e1a0>,2,LSTM,6.19394766514317e-05,0.006039843448057628,0.007870163699150844
datasets/processed_data/euro-daily-hist_1999_2024_14052024.csv,5,<timecave.validation_methods.CV.BlockCV object at 0x15544550d000>,0,LSTM,1.7316314136399624e-05,0.0031559239912487226,0.004161287557523467
datasets/processed_data/euro-daily-hist_1999_2024_14052024.csv,5,<timecave.validation_methods.CV.BlockCV object at 0x15544550d000>,1,LSTM,1.8656089339346395e-05,0.003581872886839368,0.0043192695377050035
datasets/processed_data/euro-daily-hist_1999_2024_14052024.csv,5,<timecave.validation_methods.CV.BlockCV object at 0x15544550d000>,2,LSTM,5.18687618998754e-05,0.005227175086212159,0.007201997077191534
datasets/processed_data/euro-daily-hist_1999_2024_14052024.csv,5,<timecave.validation_methods.CV.BlockCV object at 0x15544550d000>,3,LSTM,2.3672986186217954e-05,0.0037862567694346106,0.004865489305940149
datasets/processed_data/euro-daily-hist_1999_2024_14052024.csv,5,<timecave.validation_methods.CV.BlockCV object at 0x15544550d000>,4,LSTM,7.168156309335937e-05,0.0069138572199866875,0.008466496506428108
datasets/processed_data/euro-daily-hist_1999_2024_14052024.csv,5,<timecave.validation_methods.CV.AdaptedhvBlockCV object at 0x15543c969630>,0,LSTM,4.965389331830581e-05,0.006154296946843466,0.007046551874378405
datasets/processed_data/euro-daily-hist_1999_2024_14052024.csv,5,<timecave.validation_methods.CV.AdaptedhvBlockCV object at 0x15543c969630>,1,LSTM,1.8074890761678845e-05,0.003402384154001872,0.0042514574867542594
datasets/processed_data/euro-daily-hist_1999_2024_14052024.csv,5,<timecave.validation_methods.CV.AdaptedhvBlockCV object at 0x15543c969630>,2,LSTM,0.0002063616710674676,0.01275114046205793,0.014365293977759996
datasets/processed_data/euro-daily-hist_1999_2024_14052024.csv,5,<timecave.validation_methods.CV.AdaptedhvBlockCV object at 0x15543c969630>,3,LSTM,1.696290425735921e-05,0.0031845907893044605,0.004118604649315009
datasets/processed_data/euro-daily-hist_1999_2024_14052024.csv,5,<timecave.validation_methods.CV.AdaptedhvBlockCV object at 0x15543c969630>,4,LSTM,3.53703736195729e-05,0.0044485117286137184,0.005947299691420712
datasets/processed_data/euro-daily-hist_1999_2024_14052024.csv,5,<timecave.validation_methods.markov.MarkovCV object at 0x15543c96b100>,0,LSTM,0.0003065254761756941,0.013190032308151802,0.017507868978710518
datasets/processed_data/euro-daily-hist_1999_2024_14052024.csv,5,<timecave.validation_methods.markov.MarkovCV object at 0x15543c96b100>,1,LSTM,0.0002806868809469679,0.012849372822705008,0.016753712452676508
datasets/processed_data/euro-daily-hist_1999_2024_14052024.csv,5,<timecave.validation_methods.markov.MarkovCV object at 0x15543c96b100>,2,LSTM,0.0002902980149566619,0.01254866540745014,0.017038134139531296
datasets/processed_data/euro-daily-hist_1999_2024_14052024.csv,5,<timecave.validation_methods.markov.MarkovCV object at 0x15543c96b100>,3,LSTM,0.0002856514359989338,0.012336625605231261,0.01690122587266775
datasets/processed_data/euro-daily-hist_1999_2024_14052024.csv,5,<timecave.validation_methods.markov.MarkovCV object at 0x15543c96b100>,4,LSTM,0.00029681670440497953,0.012958402246596033,0.01722836917427124
datasets/processed_data/euro-daily-hist_1999_2024_14052024.csv,5,<timecave.validation_methods.markov.MarkovCV object at 0x15543c96b100>,5,LSTM,0.00029044925493763353,0.012197033404357563,0.017042571840471542
datasets/processed_data/euro-daily-hist_1999_2024_14052024.csv,5,<timecave.validation_methods.markov.MarkovCV object at 0x15543c96b100>,6,LSTM,0.0003528292008641692,0.014890271325129658,0.01878374831773917
datasets/processed_data/euro-daily-hist_1999_2024_14052024.csv,5,<timecave.validation_methods.markov.MarkovCV object at 0x15543c96b100>,7,LSTM,0.00036888242102453496,0.014866242098325067,0.019206312009975652
datasets/processed_data/euro-daily-hist_1999_2024_14052024.csv,5,<timecave.validation_methods.markov.MarkovCV object at 0x15543c96b100>,8,LSTM,0.0002832287098286136,0.01271201589031549,0.01682940016247203
datasets/processed_data/euro-daily-hist_1999_2024_14052024.csv,5,<timecave.validation_methods.markov.MarkovCV object at 0x15543c96b100>,9,LSTM,0.00030206782859814793,0.012508928800132591,0.01738009863603046
datasets/processed_data/euro-daily-hist_1999_2024_14052024.csv,6,<timecave.validation_methods.OOS.Holdout object at 0x155430ebc280>,0,LSTM,0.0030656026062371978,0.041704001250949946,0.05536788424923963
datasets/processed_data/euro-daily-hist_1999_2024_14052024.csv,6,<timecave.validation_methods.OOS.RepeatedHoldout object at 0x155430ebed70>,0,LSTM,0.003127603060633294,0.042321663128521175,0.05592497707315841
datasets/processed_data/euro-daily-hist_1999_2024_14052024.csv,6,<timecave.validation_methods.OOS.RepeatedHoldout object at 0x155430ebed70>,1,LSTM,0.004211415021895309,0.05121393175633642,0.06489541603145255
datasets/processed_data/euro-daily-hist_1999_2024_14052024.csv,6,<timecave.validation_methods.OOS.RepeatedHoldout object at 0x155430ebed70>,2,LSTM,0.002794819437047871,0.039781819189787654,0.05286605183903817
datasets/processed_data/euro-daily-hist_1999_2024_14052024.csv,6,<timecave.validation_methods.OOS.RepeatedHoldout object at 0x155430ebed70>,3,LSTM,0.002910562850177581,0.040449387364896956,0.0539496325305148
datasets/processed_data/euro-daily-hist_1999_2024_14052024.csv,6,<timecave.validation_methods.prequential.GrowingWindow object at 0x1554325c2b90>,0,LSTM,0.6246908087444958,0.6960976823962983,0.7903738411312053
datasets/processed_data/euro-daily-hist_1999_2024_14052024.csv,6,<timecave.validation_methods.prequential.GrowingWindow object at 0x1554325c2b90>,1,LSTM,0.3751028003625521,0.43256423033214747,0.6124563660886807
datasets/processed_data/euro-daily-hist_1999_2024_14052024.csv,6,<timecave.validation_methods.prequential.GrowingWindow object at 0x1554325c2b90>,2,LSTM,0.004564206362724127,0.05340195666503908,0.06755891031332675
datasets/processed_data/euro-daily-hist_1999_2024_14052024.csv,6,<timecave.validation_methods.prequential.GrowingWindow object at 0x1554325c2b90>,3,LSTM,0.0031234574114371344,0.0426644208112444,0.055887900402834374
datasets/processed_data/euro-daily-hist_1999_2024_14052024.csv,6,<timecave.validation_methods.prequential.GrowingWindow object at 0x1554325c3070>,0,LSTM,4.255439850679308,1.9165729977794832,2.062871748480576
datasets/processed_data/euro-daily-hist_1999_2024_14052024.csv,6,<timecave.validation_methods.prequential.GrowingWindow object at 0x1554325c3070>,1,LSTM,0.050426999431546056,0.14959694389415923,0.22455956766868354
datasets/processed_data/euro-daily-hist_1999_2024_14052024.csv,6,<timecave.validation_methods.prequential.GrowingWindow object at 0x1554325c3070>,2,LSTM,0.0033857971282086623,0.044620199859619125,0.05818760287388253
datasets/processed_data/euro-daily-hist_1999_2024_14052024.csv,6,<timecave.validation_methods.prequential.RollingWindow object at 0x1554325c0820>,0,LSTM,0.6246908087444958,0.6960976823962983,0.7903738411312053
datasets/processed_data/euro-daily-hist_1999_2024_14052024.csv,6,<timecave.validation_methods.prequential.RollingWindow object at 0x1554325c0820>,1,LSTM,0.5278617120797955,0.5370370928359259,0.7265409225087018
datasets/processed_data/euro-daily-hist_1999_2024_14052024.csv,6,<timecave.validation_methods.prequential.RollingWindow object at 0x1554325c0820>,2,LSTM,0.013538465352030129,0.07821858050391786,0.11635491116420539
datasets/processed_data/euro-daily-hist_1999_2024_14052024.csv,6,<timecave.validation_methods.prequential.RollingWindow object at 0x1554325c0820>,3,LSTM,0.01151997046364135,0.08388738273111977,0.10733112532551474
datasets/processed_data/euro-daily-hist_1999_2024_14052024.csv,6,<timecave.validation_methods.prequential.RollingWindow object at 0x1554325c3640>,0,LSTM,4.255439850679308,1.9165729977794832,2.062871748480576
datasets/processed_data/euro-daily-hist_1999_2024_14052024.csv,6,<timecave.validation_methods.prequential.RollingWindow object at 0x1554325c3640>,1,LSTM,0.0892557925291994,0.20850526506696426,0.2987570794628964
datasets/processed_data/euro-daily-hist_1999_2024_14052024.csv,6,<timecave.validation_methods.prequential.RollingWindow object at 0x1554325c3640>,2,LSTM,0.15787594638630095,0.36398630251348585,0.3973360622776404
datasets/processed_data/euro-daily-hist_1999_2024_14052024.csv,6,<timecave.validation_methods.CV.BlockCV object at 0x1554325c2530>,0,LSTM,0.004973645861672858,0.05430893872869584,0.07052408001294917
datasets/processed_data/euro-daily-hist_1999_2024_14052024.csv,6,<timecave.validation_methods.CV.BlockCV object at 0x1554325c2530>,1,LSTM,0.0033662384467235624,0.0455876050734747,0.05801929374547369
datasets/processed_data/euro-daily-hist_1999_2024_14052024.csv,6,<timecave.validation_methods.CV.BlockCV object at 0x1554325c2530>,2,LSTM,0.05364438850235084,0.14618908520798457,0.23161258278070915
datasets/processed_data/euro-daily-hist_1999_2024_14052024.csv,6,<timecave.validation_methods.CV.BlockCV object at 0x1554325c2530>,3,LSTM,0.0046653936059867195,0.05514336550758,0.06830368662075803
datasets/processed_data/euro-daily-hist_1999_2024_14052024.csv,6,<timecave.validation_methods.CV.BlockCV object at 0x1554325c2530>,4,LSTM,0.0031234574114371344,0.0426644208112444,0.055887900402834374
datasets/processed_data/euro-daily-hist_1999_2024_14052024.csv,6,<timecave.validation_methods.CV.AdaptedhvBlockCV object at 0x1554325c3220>,0,LSTM,0.00504425650620276,0.05622250036403111,0.07102292943974332
datasets/processed_data/euro-daily-hist_1999_2024_14052024.csv,6,<timecave.validation_methods.CV.AdaptedhvBlockCV object at 0x1554325c3220>,1,LSTM,0.003633701315228896,0.04724474286324637,0.06028019007293271
datasets/processed_data/euro-daily-hist_1999_2024_14052024.csv,6,<timecave.validation_methods.CV.AdaptedhvBlockCV object at 0x1554325c3220>,2,LSTM,0.049430944679854906,0.1430263135899135,0.22233071015911163
datasets/processed_data/euro-daily-hist_1999_2024_14052024.csv,6,<timecave.validation_methods.CV.AdaptedhvBlockCV object at 0x1554325c3220>,3,LSTM,0.004895892186891087,0.05697724559965589,0.06997065232575074
datasets/processed_data/euro-daily-hist_1999_2024_14052024.csv,6,<timecave.validation_methods.CV.AdaptedhvBlockCV object at 0x1554325c3220>,4,LSTM,0.0028412820601816454,0.04065296216837563,0.05330367773598409
datasets/processed_data/euro-daily-hist_1999_2024_14052024.csv,6,<timecave.validation_methods.markov.MarkovCV object at 0x1554325c1f60>,0,LSTM,0.09506783738509669,0.22715998309629598,0.3083307272801345
datasets/processed_data/euro-daily-hist_1999_2024_14052024.csv,6,<timecave.validation_methods.markov.MarkovCV object at 0x1554325c1f60>,1,LSTM,0.09104560787339983,0.21942031212071844,0.30173764742471204
datasets/processed_data/euro-daily-hist_1999_2024_14052024.csv,6,<timecave.validation_methods.markov.MarkovCV object at 0x1554325c1f60>,2,LSTM,0.09130790486864217,0.21573248762902414,0.3021719789600653
datasets/processed_data/euro-daily-hist_1999_2024_14052024.csv,6,<timecave.validation_methods.markov.MarkovCV object at 0x1554325c1f60>,3,LSTM,0.09201280071522368,0.2137794217038565,0.3033361183822719
datasets/processed_data/euro-daily-hist_1999_2024_14052024.csv,6,<timecave.validation_methods.markov.MarkovCV object at 0x1554325c1f60>,4,LSTM,0.09320601572587522,0.21428563836476622,0.3052966028731326
datasets/processed_data/euro-daily-hist_1999_2024_14052024.csv,6,<timecave.validation_methods.markov.MarkovCV object at 0x1554325c1f60>,5,LSTM,0.08903063540731768,0.2110036743164062,0.2983800184451326
datasets/processed_data/euro-daily-hist_1999_2024_14052024.csv,6,<timecave.validation_methods.markov.MarkovCV object at 0x1554325c1f60>,6,LSTM,0.1057086857304658,0.24220562205990614,0.32512872178641156
datasets/processed_data/euro-daily-hist_1999_2024_14052024.csv,6,<timecave.validation_methods.markov.MarkovCV object at 0x1554325c1f60>,7,LSTM,0.09639528392169609,0.22150400722350486,0.3104758990995857
datasets/processed_data/euro-daily-hist_1999_2024_14052024.csv,6,<timecave.validation_methods.markov.MarkovCV object at 0x1554325c1f60>,8,LSTM,0.09397921560498444,0.21616044003272464,0.30656029685036584
datasets/processed_data/euro-daily-hist_1999_2024_14052024.csv,6,<timecave.validation_methods.markov.MarkovCV object at 0x1554325c1f60>,9,LSTM,0.09508040856310095,0.22061092333217044,0.3083511124726177
datasets/processed_data/euro-daily-hist_1999_2024_14052024.csv,7,<timecave.validation_methods.OOS.Holdout object at 0x15542dd60610>,0,LSTM,21926.684218912418,147.89281165216053,148.07661604356178
datasets/processed_data/euro-daily-hist_1999_2024_14052024.csv,7,<timecave.validation_methods.OOS.RepeatedHoldout object at 0x1554325c36d0>,0,LSTM,20243.135666576854,142.15594630473964,142.27837385413446
datasets/processed_data/euro-daily-hist_1999_2024_14052024.csv,7,<timecave.validation_methods.OOS.RepeatedHoldout object at 0x1554325c36d0>,1,LSTM,18887.201230813967,137.31327918762258,137.43071429201686
datasets/processed_data/euro-daily-hist_1999_2024_14052024.csv,7,<timecave.validation_methods.OOS.RepeatedHoldout object at 0x1554325c36d0>,2,LSTM,21932.530805004164,147.91267834091428,148.0963564879439
datasets/processed_data/euro-daily-hist_1999_2024_14052024.csv,7,<timecave.validation_methods.OOS.RepeatedHoldout object at 0x1554325c36d0>,3,LSTM,19314.475585342094,138.85965467847373,138.97652890089785
datasets/processed_data/euro-daily-hist_1999_2024_14052024.csv,7,<timecave.validation_methods.prequential.GrowingWindow object at 0x1554325c0520>,0,LSTM,41118.03487826609,202.5683755433582,202.77582419575091
datasets/processed_data/euro-daily-hist_1999_2024_14052024.csv,7,<timecave.validation_methods.prequential.GrowingWindow object at 0x1554325c0520>,1,LSTM,27402.736963817,164.74011994251072,165.53772066757776
datasets/processed_data/euro-daily-hist_1999_2024_14052024.csv,7,<timecave.validation_methods.prequential.GrowingWindow object at 0x1554325c0520>,2,LSTM,23366.044204236227,152.2197685000465,152.85955712429703
datasets/processed_data/euro-daily-hist_1999_2024_14052024.csv,7,<timecave.validation_methods.prequential.GrowingWindow object at 0x1554325c0520>,3,LSTM,17016.223590972808,130.31656826753164,130.44624789917418
datasets/processed_data/euro-daily-hist_1999_2024_14052024.csv,7,<timecave.validation_methods.prequential.GrowingWindow object at 0x1554325c0220>,0,LSTM,45735.5867891428,213.2420161740258,213.85880105607717
datasets/processed_data/euro-daily-hist_1999_2024_14052024.csv,7,<timecave.validation_methods.prequential.GrowingWindow object at 0x1554325c0220>,1,LSTM,38066.113639593124,194.60454137660435,195.10539110848046
datasets/processed_data/euro-daily-hist_1999_2024_14052024.csv,7,<timecave.validation_methods.prequential.GrowingWindow object at 0x1554325c0220>,2,LSTM,28879.650509660074,169.84061611909414,169.94013801824474
datasets/processed_data/euro-daily-hist_1999_2024_14052024.csv,7,<timecave.validation_methods.prequential.RollingWindow object at 0x1554325c0580>,0,LSTM,41118.03487826609,202.5683755433582,202.77582419575091
datasets/processed_data/euro-daily-hist_1999_2024_14052024.csv,7,<timecave.validation_methods.prequential.RollingWindow object at 0x1554325c0580>,1,LSTM,45727.74898968409,213.2236377945673,213.84047556457617
datasets/processed_data/euro-daily-hist_1999_2024_14052024.csv,7,<timecave.validation_methods.prequential.RollingWindow object at 0x1554325c0580>,2,LSTM,59237.51300529233,242.9862693872361,243.38757775468395
datasets/processed_data/euro-daily-hist_1999_2024_14052024.csv,7,<timecave.validation_methods.prequential.RollingWindow object at 0x1554325c0580>,3,LSTM,67820.94700109708,260.3596194331577,260.4245514560735
datasets/processed_data/euro-daily-hist_1999_2024_14052024.csv,7,<timecave.validation_methods.prequential.RollingWindow object at 0x1554325c0f40>,0,LSTM,45735.5867891428,213.2420161740258,213.85880105607717
datasets/processed_data/euro-daily-hist_1999_2024_14052024.csv,7,<timecave.validation_methods.prequential.RollingWindow object at 0x1554325c0f40>,1,LSTM,59286.98040299663,243.0880383786156,243.48917923184314
datasets/processed_data/euro-daily-hist_1999_2024_14052024.csv,7,<timecave.validation_methods.prequential.RollingWindow object at 0x1554325c0f40>,2,LSTM,67949.87820077369,260.60710387645906,260.67197432937377
datasets/processed_data/euro-daily-hist_1999_2024_14052024.csv,7,<timecave.validation_methods.CV.BlockCV object at 0x1554325c0d90>,0,LSTM,4691.587531258139,68.01094228224981,68.49516429105152
datasets/processed_data/euro-daily-hist_1999_2024_14052024.csv,7,<timecave.validation_methods.CV.BlockCV object at 0x1554325c0d90>,1,LSTM,4955.5389657335745,69.7957781523205,70.39558910708521
datasets/processed_data/euro-daily-hist_1999_2024_14052024.csv,7,<timecave.validation_methods.CV.BlockCV object at 0x1554325c0d90>,2,LSTM,6805.539684623917,80.88330989408946,82.49569494600259
datasets/processed_data/euro-daily-hist_1999_2024_14052024.csv,7,<timecave.validation_methods.CV.BlockCV object at 0x1554325c0d90>,3,LSTM,12727.813001257895,111.94921491117931,112.81760944665463
datasets/processed_data/euro-daily-hist_1999_2024_14052024.csv,7,<timecave.validation_methods.CV.BlockCV object at 0x1554325c0d90>,4,LSTM,17016.223590972808,130.31656826753164,130.44624789917418
datasets/processed_data/euro-daily-hist_1999_2024_14052024.csv,7,<timecave.validation_methods.CV.AdaptedhvBlockCV object at 0x1554325c1ed0>,0,LSTM,4694.042304468122,68.02898754417782,68.51308126531839
datasets/processed_data/euro-daily-hist_1999_2024_14052024.csv,7,<timecave.validation_methods.CV.AdaptedhvBlockCV object at 0x1554325c1ed0>,1,LSTM,4956.687887562866,69.80400784214565,70.40374910161295
datasets/processed_data/euro-daily-hist_1999_2024_14052024.csv,7,<timecave.validation_methods.CV.AdaptedhvBlockCV object at 0x1554325c1ed0>,2,LSTM,6806.965815174741,80.89212435884022,82.50433815972795
datasets/processed_data/euro-daily-hist_1999_2024_14052024.csv,7,<timecave.validation_methods.CV.AdaptedhvBlockCV object at 0x1554325c1ed0>,3,LSTM,12730.577036541,111.96155927153087,112.82985879872845
datasets/processed_data/euro-daily-hist_1999_2024_14052024.csv,7,<timecave.validation_methods.CV.AdaptedhvBlockCV object at 0x1554325c1ed0>,4,LSTM,17019.500752606968,130.32914150971914,130.45880864321492
datasets/processed_data/euro-daily-hist_1999_2024_14052024.csv,7,<timecave.validation_methods.markov.MarkovCV object at 0x15542b2e7100>,0,LSTM,62067.99650823926,247.7435204697385,249.13449481803852
datasets/processed_data/euro-daily-hist_1999_2024_14052024.csv,7,<timecave.validation_methods.markov.MarkovCV object at 0x15542b2e7100>,1,LSTM,62039.86588007161,247.6872359835623,249.0780317090843
datasets/processed_data/euro-daily-hist_1999_2024_14052024.csv,7,<timecave.validation_methods.markov.MarkovCV object at 0x15542b2e7100>,2,LSTM,62083.42892094252,247.76446428881349,249.16546494436687
datasets/processed_data/euro-daily-hist_1999_2024_14052024.csv,7,<timecave.validation_methods.markov.MarkovCV object at 0x15542b2e7100>,3,LSTM,62126.79185886549,247.8568801319713,249.25246610387927
datasets/processed_data/euro-daily-hist_1999_2024_14052024.csv,7,<timecave.validation_methods.markov.MarkovCV object at 0x15542b2e7100>,4,LSTM,62267.664668876576,248.13859493687607,249.5348966955856
datasets/processed_data/euro-daily-hist_1999_2024_14052024.csv,7,<timecave.validation_methods.markov.MarkovCV object at 0x15542b2e7100>,5,LSTM,62093.37819951925,247.78601588547681,249.18542934834542
datasets/processed_data/euro-daily-hist_1999_2024_14052024.csv,7,<timecave.validation_methods.markov.MarkovCV object at 0x15542b2e7100>,6,LSTM,62192.162701295354,247.9824189574143,249.3835654194064
datasets/processed_data/euro-daily-hist_1999_2024_14052024.csv,7,<timecave.validation_methods.markov.MarkovCV object at 0x15542b2e7100>,7,LSTM,62165.668004866,247.93768361633184,249.33043938690278
datasets/processed_data/euro-daily-hist_1999_2024_14052024.csv,7,<timecave.validation_methods.markov.MarkovCV object at 0x15542b2e7100>,8,LSTM,62216.362711364054,248.04841500573335,249.43208035728696
datasets/processed_data/euro-daily-hist_1999_2024_14052024.csv,7,<timecave.validation_methods.markov.MarkovCV object at 0x15542b2e7100>,9,LSTM,62199.850378767944,248.0024645681253,249.39897830337625
datasets/processed_data/euro-daily-hist_1999_2024_14052024.csv,8,<timecave.validation_methods.OOS.Holdout object at 0x15542b0d2da0>,0,LSTM,229160987.1498877,15098.085636091535,15138.064181059866
datasets/processed_data/euro-daily-hist_1999_2024_14052024.csv,8,<timecave.validation_methods.OOS.RepeatedHoldout object at 0x15542abf0a60>,0,LSTM,234788840.99763945,15295.471175051822,15322.820921672335
datasets/processed_data/euro-daily-hist_1999_2024_14052024.csv,8,<timecave.validation_methods.OOS.RepeatedHoldout object at 0x15542abf0a60>,1,LSTM,232060775.59554926,15204.647178784342,15233.541137750908
datasets/processed_data/euro-daily-hist_1999_2024_14052024.csv,8,<timecave.validation_methods.OOS.RepeatedHoldout object at 0x15542abf0a60>,2,LSTM,229588981.80589887,15113.381941879594,15152.19396014646
datasets/processed_data/euro-daily-hist_1999_2024_14052024.csv,8,<timecave.validation_methods.OOS.RepeatedHoldout object at 0x15542abf0a60>,3,LSTM,233086410.33398643,15239.53743100072,15267.16772469558
datasets/processed_data/euro-daily-hist_1999_2024_14052024.csv,8,<timecave.validation_methods.prequential.GrowingWindow object at 0x155432979630>,0,LSTM,123868446.73487096,11089.484767439199,11129.620242167788
datasets/processed_data/euro-daily-hist_1999_2024_14052024.csv,8,<timecave.validation_methods.prequential.GrowingWindow object at 0x155432979630>,1,LSTM,175555463.15000564,13196.533779170155,13249.734455829885
datasets/processed_data/euro-daily-hist_1999_2024_14052024.csv,8,<timecave.validation_methods.prequential.GrowingWindow object at 0x155432979630>,2,LSTM,182446243.403148,13406.248687998745,13507.266318657821
datasets/processed_data/euro-daily-hist_1999_2024_14052024.csv,8,<timecave.validation_methods.prequential.GrowingWindow object at 0x155432979630>,3,LSTM,233280372.76694602,15241.753678605142,15273.518676681742
datasets/processed_data/euro-daily-hist_1999_2024_14052024.csv,8,<timecave.validation_methods.prequential.GrowingWindow object at 0x15543297bb20>,0,LSTM,177035041.52584943,13252.474567439198,13305.45157166225
datasets/processed_data/euro-daily-hist_1999_2024_14052024.csv,8,<timecave.validation_methods.prequential.GrowingWindow object at 0x15543297bb20>,1,LSTM,183878880.9616022,13459.574341074916,13560.194724324656
datasets/processed_data/euro-daily-hist_1999_2024_14052024.csv,8,<timecave.validation_methods.prequential.GrowingWindow object at 0x15543297bb20>,2,LSTM,234908643.30254436,15295.075211808267,15326.729700185371
datasets/processed_data/euro-daily-hist_1999_2024_14052024.csv,8,<timecave.validation_methods.prequential.RollingWindow object at 0x15543297a230>,0,LSTM,123868446.73487096,11089.484767439199,11129.620242167788
datasets/processed_data/euro-daily-hist_1999_2024_14052024.csv,8,<timecave.validation_methods.prequential.RollingWindow object at 0x15543297a230>,1,LSTM,177034595.73938635,13252.457748438954,13305.434819628645
datasets/processed_data/euro-daily-hist_1999_2024_14052024.csv,8,<timecave.validation_methods.prequential.RollingWindow object at 0x15543297a230>,2,LSTM,185387218.2758083,13515.490326182338,13615.697495016857
datasets/processed_data/euro-daily-hist_1999_2024_14052024.csv,8,<timecave.validation_methods.prequential.RollingWindow object at 0x15543297a230>,3,LSTM,238262306.46507454,15404.317216202799,15435.747680791965
datasets/processed_data/euro-daily-hist_1999_2024_14052024.csv,8,<timecave.validation_methods.prequential.RollingWindow object at 0x1554329793c0>,0,LSTM,177035041.52584943,13252.474567439198,13305.45157166225
datasets/processed_data/euro-daily-hist_1999_2024_14052024.csv,8,<timecave.validation_methods.prequential.RollingWindow object at 0x1554329793c0>,1,LSTM,185387434.09558377,13515.498310343715,13615.7054204174
datasets/processed_data/euro-daily-hist_1999_2024_14052024.csv,8,<timecave.validation_methods.prequential.RollingWindow object at 0x1554329793c0>,2,LSTM,238262295.1826158,15404.316849991861,15435.747315326711
datasets/processed_data/euro-daily-hist_1999_2024_14052024.csv,8,<timecave.validation_methods.CV.BlockCV object at 0x155432978a00>,0,LSTM,69794221.76082829,8310.273607075427,8354.293612318656
datasets/processed_data/euro-daily-hist_1999_2024_14052024.csv,8,<timecave.validation_methods.CV.BlockCV object at 0x155432978a00>,1,LSTM,120288065.88198356,10926.861011030507,10967.591617214035
datasets/processed_data/euro-daily-hist_1999_2024_14052024.csv,8,<timecave.validation_methods.CV.BlockCV object at 0x155432978a00>,2,LSTM,172752068.00955963,13089.88573839867,13143.518098650742
datasets/processed_data/euro-daily-hist_1999_2024_14052024.csv,8,<timecave.validation_methods.CV.BlockCV object at 0x155432978a00>,3,LSTM,181019388.85749355,13352.926620738002,13454.34460899131
datasets/processed_data/euro-daily-hist_1999_2024_14052024.csv,8,<timecave.validation_methods.CV.BlockCV object at 0x155432978a00>,4,LSTM,233280372.76694602,15241.753678605142,15273.518676681742
datasets/processed_data/euro-daily-hist_1999_2024_14052024.csv,8,<timecave.validation_methods.CV.AdaptedhvBlockCV object at 0x155432979570>,0,LSTM,69794430.48154198,8310.286165058826,8354.306104132285
datasets/processed_data/euro-daily-hist_1999_2024_14052024.csv,8,<timecave.validation_methods.CV.AdaptedhvBlockCV object at 0x155432979570>,1,LSTM,120288346.32313062,10926.873843672109,10967.604402198805
datasets/processed_data/euro-daily-hist_1999_2024_14052024.csv,8,<timecave.validation_methods.CV.AdaptedhvBlockCV object at 0x155432979570>,2,LSTM,172752543.38110602,13089.903896357655,13143.536182515953
datasets/processed_data/euro-daily-hist_1999_2024_14052024.csv,8,<timecave.validation_methods.CV.AdaptedhvBlockCV object at 0x155432979570>,3,LSTM,181019565.71209532,13352.933243052456,13454.351181387206
datasets/processed_data/euro-daily-hist_1999_2024_14052024.csv,8,<timecave.validation_methods.CV.AdaptedhvBlockCV object at 0x155432979570>,4,LSTM,233280614.1753998,15241.761597916666,15273.526579523139
datasets/processed_data/euro-daily-hist_1999_2024_14052024.csv,8,<timecave.validation_methods.markov.MarkovCV object at 0x1554270e6e00>,0,LSTM,159937399.88544658,12367.928763454429,12646.635911792771
datasets/processed_data/euro-daily-hist_1999_2024_14052024.csv,8,<timecave.validation_methods.markov.MarkovCV object at 0x1554270e6e00>,1,LSTM,159996921.42484367,12369.296346242989,12648.988948720118
datasets/processed_data/euro-daily-hist_1999_2024_14052024.csv,8,<timecave.validation_methods.markov.MarkovCV object at 0x1554270e6e00>,2,LSTM,159822038.4456725,12363.840178475417,12642.07413542859
datasets/processed_data/euro-daily-hist_1999_2024_14052024.csv,8,<timecave.validation_methods.markov.MarkovCV object at 0x1554270e6e00>,3,LSTM,159882473.98486027,12364.323258674287,12644.46416361169
datasets/processed_data/euro-daily-hist_1999_2024_14052024.csv,8,<timecave.validation_methods.markov.MarkovCV object at 0x1554270e6e00>,4,LSTM,161268383.01124287,12424.107392098103,12699.148908932553
datasets/processed_data/euro-daily-hist_1999_2024_14052024.csv,8,<timecave.validation_methods.markov.MarkovCV object at 0x1554270e6e00>,5,LSTM,159959469.95782575,12369.131031081804,12647.5084486165
datasets/processed_data/euro-daily-hist_1999_2024_14052024.csv,8,<timecave.validation_methods.markov.MarkovCV object at 0x1554270e6e00>,6,LSTM,161184065.6166848,12419.249451902253,12695.828669948442
datasets/processed_data/euro-daily-hist_1999_2024_14052024.csv,8,<timecave.validation_methods.markov.MarkovCV object at 0x1554270e6e00>,7,LSTM,161095261.04736245,12416.432103950983,12692.33079648346
datasets/processed_data/euro-daily-hist_1999_2024_14052024.csv,8,<timecave.validation_methods.markov.MarkovCV object at 0x1554270e6e00>,8,LSTM,161093767.76428232,12415.461132851013,12692.271970151061
datasets/processed_data/euro-daily-hist_1999_2024_14052024.csv,8,<timecave.validation_methods.markov.MarkovCV object at 0x1554270e6e00>,9,LSTM,160936480.09964353,12409.600996725629,12686.074258794308
datasets/processed_data/euro-daily-hist_1999_2024_14052024.csv,9,<timecave.validation_methods.OOS.Holdout object at 0x15542484e740>,0,LSTM,158.65713101965355,10.850816195914653,12.595917236138604
datasets/processed_data/euro-daily-hist_1999_2024_14052024.csv,9,<timecave.validation_methods.OOS.RepeatedHoldout object at 0x155426edf6a0>,0,LSTM,102.76574391207195,8.118134475641952,10.137344026522527
datasets/processed_data/euro-daily-hist_1999_2024_14052024.csv,9,<timecave.validation_methods.OOS.RepeatedHoldout object at 0x155426edf6a0>,1,LSTM,48.97583246193274,5.15543350257279,6.998273534374942
datasets/processed_data/euro-daily-hist_1999_2024_14052024.csv,9,<timecave.validation_methods.OOS.RepeatedHoldout object at 0x155426edf6a0>,2,LSTM,153.45829708711534,10.641667219445234,12.387828586443845
datasets/processed_data/euro-daily-hist_1999_2024_14052024.csv,9,<timecave.validation_methods.OOS.RepeatedHoldout object at 0x155426edf6a0>,3,LSTM,67.44024349280645,6.331112216301462,8.212200892136433
datasets/processed_data/euro-daily-hist_1999_2024_14052024.csv,9,<timecave.validation_methods.prequential.GrowingWindow object at 0x155426edea40>,0,LSTM,7904.296369115598,88.62357698233468,88.90610985256075
datasets/processed_data/euro-daily-hist_1999_2024_14052024.csv,9,<timecave.validation_methods.prequential.GrowingWindow object at 0x155426edea40>,1,LSTM,2979.5470074154273,50.60253869047619,54.585227007088896
datasets/processed_data/euro-daily-hist_1999_2024_14052024.csv,9,<timecave.validation_methods.prequential.GrowingWindow object at 0x155426edea40>,2,LSTM,312.75480198199693,15.378146124848865,17.684874949571935
datasets/processed_data/euro-daily-hist_1999_2024_14052024.csv,9,<timecave.validation_methods.prequential.GrowingWindow object at 0x155426edea40>,3,LSTM,12.769825974035516,2.710845035516648,3.5734893275390536
datasets/processed_data/euro-daily-hist_1999_2024_14052024.csv,9,<timecave.validation_methods.prequential.GrowingWindow object at 0x1554291deb90>,0,LSTM,8438.724995686787,89.55330853998093,91.86253314429548
datasets/processed_data/euro-daily-hist_1999_2024_14052024.csv,9,<timecave.validation_methods.prequential.GrowingWindow object at 0x1554291deb90>,1,LSTM,1399.9711917728318,33.89133194609143,37.41618889963049
datasets/processed_data/euro-daily-hist_1999_2024_14052024.csv,9,<timecave.validation_methods.prequential.GrowingWindow object at 0x1554291deb90>,2,LSTM,218.63945799194266,13.361491950334822,14.78646198358291
datasets/processed_data/euro-daily-hist_1999_2024_14052024.csv,9,<timecave.validation_methods.prequential.RollingWindow object at 0x155426d36e90>,0,LSTM,7904.296369115598,88.62357698233468,88.90610985256075
datasets/processed_data/euro-daily-hist_1999_2024_14052024.csv,9,<timecave.validation_methods.prequential.RollingWindow object at 0x155426d36e90>,1,LSTM,8291.24725020308,88.72611608814057,91.05628616522354
datasets/processed_data/euro-daily-hist_1999_2024_14052024.csv,9,<timecave.validation_methods.prequential.RollingWindow object at 0x155426d36e90>,2,LSTM,5382.146327935606,71.62963096894765,73.36311285609142
datasets/processed_data/euro-daily-hist_1999_2024_14052024.csv,9,<timecave.validation_methods.prequential.RollingWindow object at 0x155426d36e90>,3,LSTM,6087.745239119519,77.75276091773623,78.02400424945851
datasets/processed_data/euro-daily-hist_1999_2024_14052024.csv,9,<timecave.validation_methods.prequential.RollingWindow object at 0x155426d374f0>,0,LSTM,8438.724995686787,89.55330853998093,91.86253314429548
datasets/processed_data/euro-daily-hist_1999_2024_14052024.csv,9,<timecave.validation_methods.prequential.RollingWindow object at 0x155426d374f0>,1,LSTM,5437.514186356337,72.01509291425434,73.7395022112052
datasets/processed_data/euro-daily-hist_1999_2024_14052024.csv,9,<timecave.validation_methods.prequential.RollingWindow object at 0x155426d374f0>,2,LSTM,5982.706620946847,77.07433891630626,77.34795809164484
datasets/processed_data/euro-daily-hist_1999_2024_14052024.csv,9,<timecave.validation_methods.CV.BlockCV object at 0x155426d36380>,0,LSTM,71.71841879712366,5.995695273553757,8.46867278840809
datasets/processed_data/euro-daily-hist_1999_2024_14052024.csv,9,<timecave.validation_methods.CV.BlockCV object at 0x155426d36380>,1,LSTM,177.56634320746898,11.352809447079611,13.325402178075864
datasets/processed_data/euro-daily-hist_1999_2024_14052024.csv,9,<timecave.validation_methods.CV.BlockCV object at 0x155426d36380>,2,LSTM,540.8229549328319,16.863073338099888,23.255600506820542
datasets/processed_data/euro-daily-hist_1999_2024_14052024.csv,9,<timecave.validation_methods.CV.BlockCV object at 0x155426d36380>,3,LSTM,56.47461279307177,5.855679352678571,7.514959267559058
datasets/processed_data/euro-daily-hist_1999_2024_14052024.csv,9,<timecave.validation_methods.CV.BlockCV object at 0x155426d36380>,4,LSTM,12.769825974035516,2.710845035516648,3.5734893275390536
datasets/processed_data/euro-daily-hist_1999_2024_14052024.csv,9,<timecave.validation_methods.CV.AdaptedhvBlockCV object at 0x155426d36d70>,0,LSTM,31.783001385263805,3.6940669238862536,5.637641473636276
datasets/processed_data/euro-daily-hist_1999_2024_14052024.csv,9,<timecave.validation_methods.CV.AdaptedhvBlockCV object at 0x155426d36d70>,1,LSTM,177.44725692947492,11.384009361049106,13.320933035244751
datasets/processed_data/euro-daily-hist_1999_2024_14052024.csv,9,<timecave.validation_methods.CV.AdaptedhvBlockCV object at 0x155426d36d70>,2,LSTM,546.9204092504222,16.85049444173177,23.386329537796694
datasets/processed_data/euro-daily-hist_1999_2024_14052024.csv,9,<timecave.validation_methods.CV.AdaptedhvBlockCV object at 0x155426d36d70>,3,LSTM,81.30889325822469,7.478117512148903,9.017144407085022
datasets/processed_data/euro-daily-hist_1999_2024_14052024.csv,9,<timecave.validation_methods.CV.AdaptedhvBlockCV object at 0x155426d36d70>,4,LSTM,12.290510571893304,2.4775913472493487,3.5057824478842528
datasets/processed_data/euro-daily-hist_1999_2024_14052024.csv,9,<timecave.validation_methods.markov.MarkovCV object at 0x155426d36fb0>,0,LSTM,10104.447903401975,99.1365060696137,100.52088292191814
datasets/processed_data/euro-daily-hist_1999_2024_14052024.csv,9,<timecave.validation_methods.markov.MarkovCV object at 0x155426d36fb0>,1,LSTM,10107.680683433717,99.14891070480785,100.53696177741655
datasets/processed_data/euro-daily-hist_1999_2024_14052024.csv,9,<timecave.validation_methods.markov.MarkovCV object at 0x155426d36fb0>,2,LSTM,10130.562042057914,99.2713183266152,100.65069320207346
datasets/processed_data/euro-daily-hist_1999_2024_14052024.csv,9,<timecave.validation_methods.markov.MarkovCV object at 0x155426d36fb0>,3,LSTM,10112.522670869146,99.17244679365285,100.56103952758815
datasets/processed_data/euro-daily-hist_1999_2024_14052024.csv,9,<timecave.validation_methods.markov.MarkovCV object at 0x155426d36fb0>,4,LSTM,10124.031361262438,99.24223435678317,100.61824566778353
datasets/processed_data/euro-daily-hist_1999_2024_14052024.csv,9,<timecave.validation_methods.markov.MarkovCV object at 0x155426d36fb0>,5,LSTM,10124.789960260981,99.22867286390931,100.62201528622343
datasets/processed_data/euro-daily-hist_1999_2024_14052024.csv,9,<timecave.validation_methods.markov.MarkovCV object at 0x155426d36fb0>,6,LSTM,10123.618526134487,99.24663402761992,100.61619415449228
datasets/processed_data/euro-daily-hist_1999_2024_14052024.csv,9,<timecave.validation_methods.markov.MarkovCV object at 0x155426d36fb0>,7,LSTM,10135.289029727366,99.2926713255669,100.6741726051293
datasets/processed_data/euro-daily-hist_1999_2024_14052024.csv,9,<timecave.validation_methods.markov.MarkovCV object at 0x155426d36fb0>,8,LSTM,10126.49791821155,99.26754238033476,100.63050192765387
datasets/processed_data/euro-daily-hist_1999_2024_14052024.csv,9,<timecave.validation_methods.markov.MarkovCV object at 0x155426d36fb0>,9,LSTM,10135.657999993378,99.29497315873569,100.67600508558819
datasets/processed_data/euro-daily-hist_1999_2024_14052024.csv,10,<timecave.validation_methods.OOS.Holdout object at 0x155426d36860>,0,LSTM,1304171.0495551962,1139.1802313588269,1142.0030864910989
datasets/processed_data/euro-daily-hist_1999_2024_14052024.csv,10,<timecave.validation_methods.OOS.RepeatedHoldout object at 0x155426d367a0>,0,LSTM,1237480.9897977293,1110.4745452757554,1112.4212285810304
datasets/processed_data/euro-daily-hist_1999_2024_14052024.csv,10,<timecave.validation_methods.OOS.RepeatedHoldout object at 0x155426d367a0>,1,LSTM,1179852.5232735823,1085.2383259398512,1086.2101653333862
datasets/processed_data/euro-daily-hist_1999_2024_14052024.csv,10,<timecave.validation_methods.OOS.RepeatedHoldout object at 0x155426d367a0>,2,LSTM,1302734.7075122423,1138.5630918616837,1141.3740436474986
datasets/processed_data/euro-daily-hist_1999_2024_14052024.csv,10,<timecave.validation_methods.OOS.RepeatedHoldout object at 0x155426d367a0>,3,LSTM,1202754.2172440852,1095.378401988423,1096.7015169334295
datasets/processed_data/euro-daily-hist_1999_2024_14052024.csv,10,<timecave.validation_methods.prequential.GrowingWindow object at 0x155426d368f0>,0,LSTM,1589518.326181005,1257.2511089137486,1260.7610107316157
datasets/processed_data/euro-daily-hist_1999_2024_14052024.csv,10,<timecave.validation_methods.prequential.GrowingWindow object at 0x155426d368f0>,1,LSTM,2129659.7902063634,1446.9123975190662,1459.3353933234002
datasets/processed_data/euro-daily-hist_1999_2024_14052024.csv,10,<timecave.validation_methods.prequential.GrowingWindow object at 0x155426d368f0>,2,LSTM,1669839.850902941,1290.0393355538506,1292.2228333004107
datasets/processed_data/euro-daily-hist_1999_2024_14052024.csv,10,<timecave.validation_methods.prequential.GrowingWindow object at 0x155426d368f0>,3,LSTM,1145330.5393089752,1069.3995997512093,1070.2011676824948
datasets/processed_data/euro-daily-hist_1999_2024_14052024.csv,10,<timecave.validation_methods.prequential.GrowingWindow object at 0x155426d363e0>,0,LSTM,2291083.639816889,1501.658861294701,1513.6325973686246
datasets/processed_data/euro-daily-hist_1999_2024_14052024.csv,10,<timecave.validation_methods.prequential.GrowingWindow object at 0x155426d363e0>,1,LSTM,1806630.7819180957,1342.0105879952569,1344.1096614183293
datasets/processed_data/euro-daily-hist_1999_2024_14052024.csv,10,<timecave.validation_methods.prequential.GrowingWindow object at 0x155426d363e0>,2,LSTM,1258462.5055658608,1121.047487934803,1121.812152530833
datasets/processed_data/euro-daily-hist_1999_2024_14052024.csv,10,<timecave.validation_methods.prequential.RollingWindow object at 0x155426d35b40>,0,LSTM,1589518.326181005,1257.2511089137486,1260.7610107316157
datasets/processed_data/euro-daily-hist_1999_2024_14052024.csv,10,<timecave.validation_methods.prequential.RollingWindow object at 0x155426d35b40>,1,LSTM,2290908.985077101,1501.6007062348865,1513.5749023676035
datasets/processed_data/euro-daily-hist_1999_2024_14052024.csv,10,<timecave.validation_methods.prequential.RollingWindow object at 0x155426d35b40>,2,LSTM,1956221.1352230506,1396.6326544930596,1398.6497543070068
datasets/processed_data/euro-daily-hist_1999_2024_14052024.csv,10,<timecave.validation_methods.prequential.RollingWindow object at 0x155426d35b40>,3,LSTM,1508860.6513990224,1227.6585909926644,1228.3568908908446
datasets/processed_data/euro-daily-hist_1999_2024_14052024.csv,10,<timecave.validation_methods.prequential.RollingWindow object at 0x1554224cb7c0>,0,LSTM,2291083.639816889,1501.658861294701,1513.6325973686246
datasets/processed_data/euro-daily-hist_1999_2024_14052024.csv,10,<timecave.validation_methods.prequential.RollingWindow object at 0x1554224cb7c0>,1,LSTM,1956406.1717006606,1396.6988967110772,1398.715900996575
datasets/processed_data/euro-daily-hist_1999_2024_14052024.csv,10,<timecave.validation_methods.prequential.RollingWindow object at 0x1554224cb7c0>,2,LSTM,1508816.986063204,1227.640806874012,1228.3391168823061
datasets/processed_data/euro-daily-hist_1999_2024_14052024.csv,10,<timecave.validation_methods.CV.BlockCV object at 0x1554363acc10>,0,LSTM,909750.5470041913,949.4598847458611,953.8084435588686
datasets/processed_data/euro-daily-hist_1999_2024_14052024.csv,10,<timecave.validation_methods.CV.BlockCV object at 0x1554363acc10>,1,LSTM,1216473.0451550526,1098.9245059779576,1102.9383687020106
datasets/processed_data/euro-daily-hist_1999_2024_14052024.csv,10,<timecave.validation_methods.CV.BlockCV object at 0x1554363acc10>,2,LSTM,1841292.6594259543,1343.57298101516,1356.9423935546986
datasets/processed_data/euro-daily-hist_1999_2024_14052024.csv,10,<timecave.validation_methods.CV.BlockCV object at 0x1554363acc10>,3,LSTM,1539704.7951892621,1238.574354474749,1240.8484174907353
datasets/processed_data/euro-daily-hist_1999_2024_14052024.csv,10,<timecave.validation_methods.CV.BlockCV object at 0x1554363acc10>,4,LSTM,1145330.5393089752,1069.3995997512093,1070.2011676824948
datasets/processed_data/euro-daily-hist_1999_2024_14052024.csv,10,<timecave.validation_methods.CV.AdaptedhvBlockCV object at 0x1554363afb20>,0,LSTM,909732.0898859415,949.4501648972283,953.7987680249653
datasets/processed_data/euro-daily-hist_1999_2024_14052024.csv,10,<timecave.validation_methods.CV.AdaptedhvBlockCV object at 0x1554363afb20>,1,LSTM,1216461.9781306346,1098.919470577567,1102.9333516267584
datasets/processed_data/euro-daily-hist_1999_2024_14052024.csv,10,<timecave.validation_methods.CV.AdaptedhvBlockCV object at 0x1554363afb20>,2,LSTM,1841284.7869366019,1343.57005132766,1356.9394927323037
datasets/processed_data/euro-daily-hist_1999_2024_14052024.csv,10,<timecave.validation_methods.CV.AdaptedhvBlockCV object at 0x1554363afb20>,3,LSTM,1539686.2362851866,1238.5668624093194,1240.840939155856
datasets/processed_data/euro-daily-hist_1999_2024_14052024.csv,10,<timecave.validation_methods.CV.AdaptedhvBlockCV object at 0x1554363afb20>,4,LSTM,1145336.283161694,1069.4022852980843,1070.2038512179322
datasets/processed_data/euro-daily-hist_1999_2024_14052024.csv,10,<timecave.validation_methods.markov.MarkovCV object at 0x15543041ead0>,0,LSTM,1777225.8461819862,1321.5124606248844,1333.1263429180244
datasets/processed_data/euro-daily-hist_1999_2024_14052024.csv,10,<timecave.validation_methods.markov.MarkovCV object at 0x15543041ead0>,1,LSTM,1776535.6226054924,1321.3346987049986,1332.8674437488119
datasets/processed_data/euro-daily-hist_1999_2024_14052024.csv,10,<timecave.validation_methods.markov.MarkovCV object at 0x15543041ead0>,2,LSTM,1777351.6801346056,1321.5852707235322,1333.1735371415853
datasets/processed_data/euro-daily-hist_1999_2024_14052024.csv,10,<timecave.validation_methods.markov.MarkovCV object at 0x15543041ead0>,3,LSTM,1779126.29335611,1322.026545410156,1333.838930814403
datasets/processed_data/euro-daily-hist_1999_2024_14052024.csv,10,<timecave.validation_methods.markov.MarkovCV object at 0x15543041ead0>,4,LSTM,1786315.3054109672,1324.7489780488995,1336.5310716219683
datasets/processed_data/euro-daily-hist_1999_2024_14052024.csv,10,<timecave.validation_methods.markov.MarkovCV object at 0x15543041ead0>,5,LSTM,1776871.4235956282,1321.5126011057846,1332.993407183857
datasets/processed_data/euro-daily-hist_1999_2024_14052024.csv,10,<timecave.validation_methods.markov.MarkovCV object at 0x15543041ead0>,6,LSTM,1786833.0281779903,1324.953321938058,1336.7247391209569
datasets/processed_data/euro-daily-hist_1999_2024_14052024.csv,10,<timecave.validation_methods.markov.MarkovCV object at 0x15543041ead0>,7,LSTM,1787038.939895687,1324.912250320989,1336.8017578892118
datasets/processed_data/euro-daily-hist_1999_2024_14052024.csv,10,<timecave.validation_methods.markov.MarkovCV object at 0x15543041ead0>,8,LSTM,1787743.730798253,1325.2692727327253,1337.0653427556385
datasets/processed_data/euro-daily-hist_1999_2024_14052024.csv,10,<timecave.validation_methods.markov.MarkovCV object at 0x15543041ead0>,9,LSTM,1786556.3087474632,1324.7826096954639,1336.6212286012305
datasets/processed_data/euro-daily-hist_1999_2024_14052024.csv,11,<timecave.validation_methods.OOS.Holdout object at 0x15542011eec0>,0,LSTM,2.6756648372317655,1.1243851897758221,1.635745957424858
datasets/processed_data/euro-daily-hist_1999_2024_14052024.csv,11,<timecave.validation_methods.OOS.RepeatedHoldout object at 0x15543041f460>,0,LSTM,2.984538752322816,1.2229011277412096,1.7275817642944764
datasets/processed_data/euro-daily-hist_1999_2024_14052024.csv,11,<timecave.validation_methods.OOS.RepeatedHoldout object at 0x15543041f460>,1,LSTM,3.3488532134276876,1.3707703027288674,1.829987216738873
datasets/processed_data/euro-daily-hist_1999_2024_14052024.csv,11,<timecave.validation_methods.OOS.RepeatedHoldout object at 0x15543041f460>,2,LSTM,2.6798904499281617,1.102108526959489,1.637037094854042
datasets/processed_data/euro-daily-hist_1999_2024_14052024.csv,11,<timecave.validation_methods.OOS.RepeatedHoldout object at 0x15543041f460>,3,LSTM,3.1761870119575306,1.3140645082208398,1.782186020581895
datasets/processed_data/euro-daily-hist_1999_2024_14052024.csv,11,<timecave.validation_methods.prequential.GrowingWindow object at 0x15543041fb80>,0,LSTM,5.7744405287391904,2.2332692500174387,2.4030065602780177
datasets/processed_data/euro-daily-hist_1999_2024_14052024.csv,11,<timecave.validation_methods.prequential.GrowingWindow object at 0x15543041fb80>,1,LSTM,5.013902548979668,1.7882249778558639,2.239174524010951
datasets/processed_data/euro-daily-hist_1999_2024_14052024.csv,11,<timecave.validation_methods.prequential.GrowingWindow object at 0x15543041fb80>,2,LSTM,0.01745079974042293,0.09713815224638443,0.13210147516368972
datasets/processed_data/euro-daily-hist_1999_2024_14052024.csv,11,<timecave.validation_methods.prequential.GrowingWindow object at 0x15543041fb80>,3,LSTM,3.8196405125681587,1.5574789171520416,1.9543900615200025
datasets/processed_data/euro-daily-hist_1999_2024_14052024.csv,11,<timecave.validation_methods.prequential.GrowingWindow object at 0x15543041ef50>,0,LSTM,35.31138025824165,5.707115691226051,5.942337945475808
datasets/processed_data/euro-daily-hist_1999_2024_14052024.csv,11,<timecave.validation_methods.prequential.GrowingWindow object at 0x15543041ef50>,1,LSTM,5.056639313952907,2.1592487241995673,2.248697248175687
datasets/processed_data/euro-daily-hist_1999_2024_14052024.csv,11,<timecave.validation_methods.prequential.GrowingWindow object at 0x15543041ef50>,2,LSTM,4.218796667205211,1.6545913714512417,2.0539709509156188
datasets/processed_data/euro-daily-hist_1999_2024_14052024.csv,11,<timecave.validation_methods.prequential.RollingWindow object at 0x15543041f220>,0,LSTM,5.7744405287391904,2.2332692500174387,2.4030065602780177
datasets/processed_data/euro-daily-hist_1999_2024_14052024.csv,11,<timecave.validation_methods.prequential.RollingWindow object at 0x15543041f220>,1,LSTM,6.8874868228361725,2.2032007845880424,2.6244021838956337
datasets/processed_data/euro-daily-hist_1999_2024_14052024.csv,11,<timecave.validation_methods.prequential.RollingWindow object at 0x15543041f220>,2,LSTM,0.03508324711295697,0.14664929804048082,0.18730522446786413
datasets/processed_data/euro-daily-hist_1999_2024_14052024.csv,11,<timecave.validation_methods.prequential.RollingWindow object at 0x15543041f220>,3,LSTM,15.347096767482888,3.52560599084182,3.9175370792735182
datasets/processed_data/euro-daily-hist_1999_2024_14052024.csv,11,<timecave.validation_methods.prequential.RollingWindow object at 0x15543041e410>,0,LSTM,35.31138025824165,5.707115691226051,5.942337945475808
datasets/processed_data/euro-daily-hist_1999_2024_14052024.csv,11,<timecave.validation_methods.prequential.RollingWindow object at 0x15543041e410>,1,LSTM,7.318865006508409,2.627176349946522,2.7053400907295204
datasets/processed_data/euro-daily-hist_1999_2024_14052024.csv,11,<timecave.validation_methods.prequential.RollingWindow object at 0x15543041e410>,2,LSTM,9.10243294401584,2.6037373610055106,3.017023855393895
datasets/processed_data/euro-daily-hist_1999_2024_14052024.csv,11,<timecave.validation_methods.CV.BlockCV object at 0x15543041e8c0>,0,LSTM,0.10894735596648344,0.2537455363137382,0.33007174366565134
datasets/processed_data/euro-daily-hist_1999_2024_14052024.csv,11,<timecave.validation_methods.CV.BlockCV object at 0x15543041e8c0>,1,LSTM,0.014009484080488757,0.09534634662010558,0.11836166643169889
datasets/processed_data/euro-daily-hist_1999_2024_14052024.csv,11,<timecave.validation_methods.CV.BlockCV object at 0x15543041e8c0>,2,LSTM,0.0389837836955318,0.12660925208536786,0.19744311508769252
datasets/processed_data/euro-daily-hist_1999_2024_14052024.csv,11,<timecave.validation_methods.CV.BlockCV object at 0x15543041e8c0>,3,LSTM,0.015510350629271598,0.09302286178007578,0.12454055816990543
datasets/processed_data/euro-daily-hist_1999_2024_14052024.csv,11,<timecave.validation_methods.CV.BlockCV object at 0x15543041e8c0>,4,LSTM,3.8196405125681587,1.5574789171520416,1.9543900615200025
datasets/processed_data/euro-daily-hist_1999_2024_14052024.csv,11,<timecave.validation_methods.CV.AdaptedhvBlockCV object at 0x15543041dc60>,0,LSTM,0.023975125447667174,0.1234574585084461,0.15483903076313535
datasets/processed_data/euro-daily-hist_1999_2024_14052024.csv,11,<timecave.validation_methods.CV.AdaptedhvBlockCV object at 0x15543041dc60>,1,LSTM,0.01390189557695849,0.09502944184657507,0.1179062999884166
datasets/processed_data/euro-daily-hist_1999_2024_14052024.csv,11,<timecave.validation_methods.CV.AdaptedhvBlockCV object at 0x15543041dc60>,2,LSTM,0.03589220034334002,0.11897913022286555,0.18945236959019549
datasets/processed_data/euro-daily-hist_1999_2024_14052024.csv,11,<timecave.validation_methods.CV.AdaptedhvBlockCV object at 0x15543041dc60>,3,LSTM,0.0142660960938864,0.08846761517043343,0.11944076395387966
datasets/processed_data/euro-daily-hist_1999_2024_14052024.csv,11,<timecave.validation_methods.CV.AdaptedhvBlockCV object at 0x15543041dc60>,4,LSTM,3.79419374034186,1.5524686215006511,1.9478690254588116
datasets/processed_data/euro-daily-hist_1999_2024_14052024.csv,11,<timecave.validation_methods.markov.MarkovCV object at 0x15541d190a60>,0,LSTM,2.2889430055165083,0.8660120762695546,1.5129253139254788
datasets/processed_data/euro-daily-hist_1999_2024_14052024.csv,11,<timecave.validation_methods.markov.MarkovCV object at 0x15541d190a60>,1,LSTM,2.286426858626024,0.8552809131264913,1.5120935350123101
datasets/processed_data/euro-daily-hist_1999_2024_14052024.csv,11,<timecave.validation_methods.markov.MarkovCV object at 0x15541d190a60>,2,LSTM,2.2840344298914275,0.8608328425618528,1.5113022298307601
datasets/processed_data/euro-daily-hist_1999_2024_14052024.csv,11,<timecave.validation_methods.markov.MarkovCV object at 0x15541d190a60>,3,LSTM,2.253918843211904,0.8440673092537582,1.5013057127753509
datasets/processed_data/euro-daily-hist_1999_2024_14052024.csv,11,<timecave.validation_methods.markov.MarkovCV object at 0x15541d190a60>,4,LSTM,2.2245220102244994,0.8463257715470501,1.4914831578749053
datasets/processed_data/euro-daily-hist_1999_2024_14052024.csv,11,<timecave.validation_methods.markov.MarkovCV object at 0x15541d190a60>,5,LSTM,2.2746086944174118,0.8361135131428261,1.5081805907839458
datasets/processed_data/euro-daily-hist_1999_2024_14052024.csv,11,<timecave.validation_methods.markov.MarkovCV object at 0x15541d190a60>,6,LSTM,2.34827260059026,0.8815414104300897,1.5324074525367788
datasets/processed_data/euro-daily-hist_1999_2024_14052024.csv,11,<timecave.validation_methods.markov.MarkovCV object at 0x15541d190a60>,7,LSTM,2.228805173349966,0.8361841794978592,1.4929183411526452
datasets/processed_data/euro-daily-hist_1999_2024_14052024.csv,11,<timecave.validation_methods.markov.MarkovCV object at 0x15541d190a60>,8,LSTM,2.240161352577993,0.8339402243850327,1.4967168578518761
datasets/processed_data/euro-daily-hist_1999_2024_14052024.csv,11,<timecave.validation_methods.markov.MarkovCV object at 0x15541d190a60>,9,LSTM,2.2672916158724155,0.8438418959707308,1.5057528402338862
datasets/processed_data/euro-daily-hist_1999_2024_14052024.csv,12,<timecave.validation_methods.OOS.Holdout object at 0x1554193369e0>,0,LSTM,0.001197070000377748,0.02519216893054687,0.0345986994029797
datasets/processed_data/euro-daily-hist_1999_2024_14052024.csv,12,<timecave.validation_methods.OOS.RepeatedHoldout object at 0x155419337820>,0,LSTM,0.0011368047470046638,0.02392418152422445,0.03371653521648783
datasets/processed_data/euro-daily-hist_1999_2024_14052024.csv,12,<timecave.validation_methods.OOS.RepeatedHoldout object at 0x155419337820>,1,LSTM,0.001637151136812692,0.030549822866613494,0.04046172434304662
datasets/processed_data/euro-daily-hist_1999_2024_14052024.csv,12,<timecave.validation_methods.OOS.RepeatedHoldout object at 0x155419337820>,2,LSTM,0.0011348393822785236,0.02410695902749641,0.03368737719500471
datasets/processed_data/euro-daily-hist_1999_2024_14052024.csv,12,<timecave.validation_methods.OOS.RepeatedHoldout object at 0x155419337820>,3,LSTM,0.0024225615823104617,0.040351981206273764,0.049219524401506176
datasets/processed_data/euro-daily-hist_1999_2024_14052024.csv,12,<timecave.validation_methods.prequential.GrowingWindow object at 0x1554193368f0>,0,LSTM,0.023138136540902646,0.12734950261724565,0.15211224980553884
datasets/processed_data/euro-daily-hist_1999_2024_14052024.csv,12,<timecave.validation_methods.prequential.GrowingWindow object at 0x1554193368f0>,1,LSTM,0.0025028336448246987,0.039550617292495004,0.05002832842325135
datasets/processed_data/euro-daily-hist_1999_2024_14052024.csv,12,<timecave.validation_methods.prequential.GrowingWindow object at 0x1554193368f0>,2,LSTM,0.0028526052005298404,0.047585805213201625,0.053409785625200185
datasets/processed_data/euro-daily-hist_1999_2024_14052024.csv,12,<timecave.validation_methods.prequential.GrowingWindow object at 0x1554193368f0>,3,LSTM,0.002089470497681622,0.03601811707124254,0.04571072628696269
datasets/processed_data/euro-daily-hist_1999_2024_14052024.csv,12,<timecave.validation_methods.prequential.GrowingWindow object at 0x155414cfd5d0>,0,LSTM,0.04354314092661122,0.17640958810134164,0.20866993297217312
datasets/processed_data/euro-daily-hist_1999_2024_14052024.csv,12,<timecave.validation_methods.prequential.GrowingWindow object at 0x155414cfd5d0>,1,LSTM,0.002211780610644302,0.03911048049963088,0.047029571661288835
datasets/processed_data/euro-daily-hist_1999_2024_14052024.csv,12,<timecave.validation_methods.prequential.GrowingWindow object at 0x155414cfd5d0>,2,LSTM,0.00357025781529962,0.05074468156396774,0.05975163441529964
datasets/processed_data/euro-daily-hist_1999_2024_14052024.csv,12,<timecave.validation_methods.prequential.RollingWindow object at 0x15541d6f5030>,0,LSTM,0.023138136540902646,0.12734950261724565,0.15211224980553884
datasets/processed_data/euro-daily-hist_1999_2024_14052024.csv,12,<timecave.validation_methods.prequential.RollingWindow object at 0x15541d6f5030>,1,LSTM,0.002146366376706074,0.03493828891427176,0.046328893540706045
datasets/processed_data/euro-daily-hist_1999_2024_14052024.csv,12,<timecave.validation_methods.prequential.RollingWindow object at 0x15541d6f5030>,2,LSTM,0.0011873846618089946,0.02661145511082241,0.034458448337221954
datasets/processed_data/euro-daily-hist_1999_2024_14052024.csv,12,<timecave.validation_methods.prequential.RollingWindow object at 0x15541d6f5030>,3,LSTM,0.009318378401324266,0.0819060066023327,0.09653174815222329
datasets/processed_data/euro-daily-hist_1999_2024_14052024.csv,12,<timecave.validation_methods.prequential.RollingWindow object at 0x15541d6f4250>,0,LSTM,0.04354314092661122,0.17640958810134164,0.20866993297217312
datasets/processed_data/euro-daily-hist_1999_2024_14052024.csv,12,<timecave.validation_methods.prequential.RollingWindow object at 0x15541d6f4250>,1,LSTM,0.001192292385695022,0.02690666486976261,0.03452958710577093
datasets/processed_data/euro-daily-hist_1999_2024_14052024.csv,12,<timecave.validation_methods.prequential.RollingWindow object at 0x15541d6f4250>,2,LSTM,0.002021710933541672,0.03266229937889463,0.04496343996561731
datasets/processed_data/euro-daily-hist_1999_2024_14052024.csv,12,<timecave.validation_methods.CV.BlockCV object at 0x15541d6f41c0>,0,LSTM,0.0018317465986556496,0.034559443557012653,0.04279890884889064
datasets/processed_data/euro-daily-hist_1999_2024_14052024.csv,12,<timecave.validation_methods.CV.BlockCV object at 0x15541d6f41c0>,1,LSTM,0.0012957162918888299,0.028547281121390218,0.035996059393895184
datasets/processed_data/euro-daily-hist_1999_2024_14052024.csv,12,<timecave.validation_methods.CV.BlockCV object at 0x15541d6f41c0>,2,LSTM,0.0018102988278327291,0.03317026375143869,0.04254760660522198
datasets/processed_data/euro-daily-hist_1999_2024_14052024.csv,12,<timecave.validation_methods.CV.BlockCV object at 0x15541d6f41c0>,3,LSTM,0.0007895937103403631,0.022142129481361027,0.028099710146910113
datasets/processed_data/euro-daily-hist_1999_2024_14052024.csv,12,<timecave.validation_methods.CV.BlockCV object at 0x15541d6f41c0>,4,LSTM,0.002089470497681622,0.03601811707124254,0.04571072628696269
datasets/processed_data/euro-daily-hist_1999_2024_14052024.csv,12,<timecave.validation_methods.CV.AdaptedhvBlockCV object at 0x15541d6f4400>,0,LSTM,0.00129771270075223,0.02816688930983771,0.03602377965666887
datasets/processed_data/euro-daily-hist_1999_2024_14052024.csv,12,<timecave.validation_methods.CV.AdaptedhvBlockCV object at 0x15541d6f4400>,1,LSTM,0.0013861246088992768,0.03005249322364443,0.03723069444556839
datasets/processed_data/euro-daily-hist_1999_2024_14052024.csv,12,<timecave.validation_methods.CV.AdaptedhvBlockCV object at 0x15541d6f4400>,2,LSTM,0.002395756800938565,0.03967349303218296,0.048946468727974285
datasets/processed_data/euro-daily-hist_1999_2024_14052024.csv,12,<timecave.validation_methods.CV.AdaptedhvBlockCV object at 0x15541d6f4400>,3,LSTM,0.0010735296870650456,0.02583627683912005,0.03276476288736187
datasets/processed_data/euro-daily-hist_1999_2024_14052024.csv,12,<timecave.validation_methods.CV.AdaptedhvBlockCV object at 0x15541d6f4400>,4,LSTM,0.0012905429242202366,0.025834361094156908,0.03592412732719107
datasets/processed_data/euro-daily-hist_1999_2024_14052024.csv,12,<timecave.validation_methods.markov.MarkovCV object at 0x155413ea7880>,0,LSTM,0.012386154550709067,0.08617552349462564,0.11129310199068523
datasets/processed_data/euro-daily-hist_1999_2024_14052024.csv,12,<timecave.validation_methods.markov.MarkovCV object at 0x155413ea7880>,1,LSTM,0.012391754451796515,0.08580322048850998,0.11131825749532964
datasets/processed_data/euro-daily-hist_1999_2024_14052024.csv,12,<timecave.validation_methods.markov.MarkovCV object at 0x155413ea7880>,2,LSTM,0.012974814704174473,0.0878852461538242,0.11390704413764091
datasets/processed_data/euro-daily-hist_1999_2024_14052024.csv,12,<timecave.validation_methods.markov.MarkovCV object at 0x155413ea7880>,3,LSTM,0.013265673943464704,0.09105920166613723,0.11517670746928263
datasets/processed_data/euro-daily-hist_1999_2024_14052024.csv,12,<timecave.validation_methods.markov.MarkovCV object at 0x155413ea7880>,4,LSTM,0.01258978863696438,0.08736998744898704,0.11220422735781563
datasets/processed_data/euro-daily-hist_1999_2024_14052024.csv,12,<timecave.validation_methods.markov.MarkovCV object at 0x155413ea7880>,5,LSTM,0.011999041421245454,0.08302743563615639,0.10954013612026166
datasets/processed_data/euro-daily-hist_1999_2024_14052024.csv,12,<timecave.validation_methods.markov.MarkovCV object at 0x155413ea7880>,6,LSTM,0.012312831398631435,0.08807306309038655,0.11096319839762837
datasets/processed_data/euro-daily-hist_1999_2024_14052024.csv,12,<timecave.validation_methods.markov.MarkovCV object at 0x155413ea7880>,7,LSTM,0.012521947513631223,0.08711058805987212,0.11190150809364109
datasets/processed_data/euro-daily-hist_1999_2024_14052024.csv,12,<timecave.validation_methods.markov.MarkovCV object at 0x155413ea7880>,8,LSTM,0.01185884559322124,0.08370144378969631,0.10889832686144099
datasets/processed_data/euro-daily-hist_1999_2024_14052024.csv,12,<timecave.validation_methods.markov.MarkovCV object at 0x155413ea7880>,9,LSTM,0.012587974746515651,0.08918599985529044,0.11219614408042573
datasets/processed_data/euro-daily-hist_1999_2024_14052024.csv,13,<timecave.validation_methods.OOS.Holdout object at 0x155412fb5660>,0,LSTM,0.012366195583189616,0.08612791504708833,0.11120339735453057
datasets/processed_data/euro-daily-hist_1999_2024_14052024.csv,13,<timecave.validation_methods.OOS.RepeatedHoldout object at 0x15541936e8f0>,0,LSTM,0.008204229835956338,0.06782370032328376,0.09057720373226553
datasets/processed_data/euro-daily-hist_1999_2024_14052024.csv,13,<timecave.validation_methods.OOS.RepeatedHoldout object at 0x15541936e8f0>,1,LSTM,0.012453935293778374,0.08842302576429634,0.11159720110190208
datasets/processed_data/euro-daily-hist_1999_2024_14052024.csv,13,<timecave.validation_methods.OOS.RepeatedHoldout object at 0x15541936e8f0>,2,LSTM,0.009416322428468548,0.07267261693697964,0.09703773713596453
datasets/processed_data/euro-daily-hist_1999_2024_14052024.csv,13,<timecave.validation_methods.OOS.RepeatedHoldout object at 0x15541936e8f0>,3,LSTM,0.009718900270913489,0.07496968510691521,0.09858448291142724
datasets/processed_data/euro-daily-hist_1999_2024_14052024.csv,13,<timecave.validation_methods.prequential.GrowingWindow object at 0x15541936e200>,0,LSTM,0.00377270115467903,0.044322294282459075,0.06142231805035552
datasets/processed_data/euro-daily-hist_1999_2024_14052024.csv,13,<timecave.validation_methods.prequential.GrowingWindow object at 0x15541936e200>,1,LSTM,0.017867179861631933,0.09198378578622,0.13366817071252204
datasets/processed_data/euro-daily-hist_1999_2024_14052024.csv,13,<timecave.validation_methods.prequential.GrowingWindow object at 0x15541936e200>,2,LSTM,0.002477836524856528,0.03517261588614325,0.04977787183936782
datasets/processed_data/euro-daily-hist_1999_2024_14052024.csv,13,<timecave.validation_methods.prequential.GrowingWindow object at 0x15541936e200>,3,LSTM,0.015175425555228692,0.10288440382167269,0.12318857721083028
datasets/processed_data/euro-daily-hist_1999_2024_14052024.csv,13,<timecave.validation_methods.prequential.GrowingWindow object at 0x15541936dc60>,0,LSTM,0.03439879235208271,0.10262916102527436,0.1854691142807414
datasets/processed_data/euro-daily-hist_1999_2024_14052024.csv,13,<timecave.validation_methods.prequential.GrowingWindow object at 0x15541936dc60>,1,LSTM,0.007484655409023444,0.07196911761619929,0.08651390298110151
datasets/processed_data/euro-daily-hist_1999_2024_14052024.csv,13,<timecave.validation_methods.prequential.GrowingWindow object at 0x15541936dc60>,2,LSTM,0.017378517232022526,0.10625356944347562,0.13182760421103967
datasets/processed_data/euro-daily-hist_1999_2024_14052024.csv,13,<timecave.validation_methods.prequential.RollingWindow object at 0x15541936d750>,0,LSTM,0.00377270115467903,0.044322294282459075,0.06142231805035552
datasets/processed_data/euro-daily-hist_1999_2024_14052024.csv,13,<timecave.validation_methods.prequential.RollingWindow object at 0x15541936d750>,1,LSTM,0.06647844622279261,0.17566572934468588,0.2578341447962093
datasets/processed_data/euro-daily-hist_1999_2024_14052024.csv,13,<timecave.validation_methods.prequential.RollingWindow object at 0x15541936d750>,2,LSTM,0.004241028447856379,0.050086987075079026,0.06512317903677906
datasets/processed_data/euro-daily-hist_1999_2024_14052024.csv,13,<timecave.validation_methods.prequential.RollingWindow object at 0x15541936d750>,3,LSTM,0.22450343884078464,0.430921189999535,0.47381793849619563
datasets/processed_data/euro-daily-hist_1999_2024_14052024.csv,13,<timecave.validation_methods.prequential.RollingWindow object at 0x15541936dbd0>,0,LSTM,0.03439879235208271,0.10262916102527436,0.1854691142807414
datasets/processed_data/euro-daily-hist_1999_2024_14052024.csv,13,<timecave.validation_methods.prequential.RollingWindow object at 0x15541936dbd0>,1,LSTM,0.05335170553810334,0.19611063324483233,0.23097988124099322
datasets/processed_data/euro-daily-hist_1999_2024_14052024.csv,13,<timecave.validation_methods.prequential.RollingWindow object at 0x15541936dbd0>,2,LSTM,0.07003673549588688,0.22414502320207866,0.26464454556232003
datasets/processed_data/euro-daily-hist_1999_2024_14052024.csv,13,<timecave.validation_methods.CV.BlockCV object at 0x15541936db10>,0,LSTM,0.0010785249113438033,0.024748984951927528,0.03284090302266068
datasets/processed_data/euro-daily-hist_1999_2024_14052024.csv,13,<timecave.validation_methods.CV.BlockCV object at 0x15541936db10>,1,LSTM,0.0013837375077964892,0.02881904041689918,0.03719862239111133
datasets/processed_data/euro-daily-hist_1999_2024_14052024.csv,13,<timecave.validation_methods.CV.BlockCV object at 0x15541936db10>,2,LSTM,0.0037775719521977924,0.041667742506481344,0.0614619553235804
datasets/processed_data/euro-daily-hist_1999_2024_14052024.csv,13,<timecave.validation_methods.CV.BlockCV object at 0x15541936db10>,3,LSTM,0.0026306979188514645,0.03635658914838519,0.0512903296816414
datasets/processed_data/euro-daily-hist_1999_2024_14052024.csv,13,<timecave.validation_methods.CV.BlockCV object at 0x15541936db10>,4,LSTM,0.015175425555228692,0.10288440382167269,0.12318857721083028
datasets/processed_data/euro-daily-hist_1999_2024_14052024.csv,13,<timecave.validation_methods.CV.AdaptedhvBlockCV object at 0x155410584550>,0,LSTM,0.0016884027944671614,0.032378565548851386,0.041090178807923934
datasets/processed_data/euro-daily-hist_1999_2024_14052024.csv,13,<timecave.validation_methods.CV.AdaptedhvBlockCV object at 0x155410584550>,1,LSTM,0.0025120714853388826,0.042062991943359364,0.050120569483385585
datasets/processed_data/euro-daily-hist_1999_2024_14052024.csv,13,<timecave.validation_methods.CV.AdaptedhvBlockCV object at 0x155410584550>,2,LSTM,0.005712666291898003,0.06101071775599889,0.07558218237056934
datasets/processed_data/euro-daily-hist_1999_2024_14052024.csv,13,<timecave.validation_methods.CV.AdaptedhvBlockCV object at 0x155410584550>,3,LSTM,0.004254259020550166,0.0543773577306838,0.06522468106898006
datasets/processed_data/euro-daily-hist_1999_2024_14052024.csv,13,<timecave.validation_methods.CV.AdaptedhvBlockCV object at 0x155410584550>,4,LSTM,0.00984420487790853,0.07733860091581797,0.09921796650762668
datasets/processed_data/euro-daily-hist_1999_2024_14052024.csv,13,<timecave.validation_methods.markov.MarkovCV object at 0x15540ff8b580>,0,LSTM,0.05740562290497587,0.17360927501408593,0.239594705502805
datasets/processed_data/euro-daily-hist_1999_2024_14052024.csv,13,<timecave.validation_methods.markov.MarkovCV object at 0x15540ff8b580>,1,LSTM,0.05225376442370901,0.16407091103548302,0.22859082313975118
datasets/processed_data/euro-daily-hist_1999_2024_14052024.csv,13,<timecave.validation_methods.markov.MarkovCV object at 0x15540ff8b580>,2,LSTM,0.05020319369355538,0.1584299873949007,0.22406069198669226
datasets/processed_data/euro-daily-hist_1999_2024_14052024.csv,13,<timecave.validation_methods.markov.MarkovCV object at 0x15540ff8b580>,3,LSTM,0.05074661536894341,0.1752712045002166,0.2252700942622953
datasets/processed_data/euro-daily-hist_1999_2024_14052024.csv,13,<timecave.validation_methods.markov.MarkovCV object at 0x15540ff8b580>,4,LSTM,0.04765668990626887,0.17264529748576157,0.21830412251322434
datasets/processed_data/euro-daily-hist_1999_2024_14052024.csv,13,<timecave.validation_methods.markov.MarkovCV object at 0x15540ff8b580>,5,LSTM,0.043017881595626646,0.15635391202882956,0.20740752540741295
datasets/processed_data/euro-daily-hist_1999_2024_14052024.csv,13,<timecave.validation_methods.markov.MarkovCV object at 0x15540ff8b580>,6,LSTM,0.04934903421997562,0.15929527455910872,0.2221464251793749
datasets/processed_data/euro-daily-hist_1999_2024_14052024.csv,13,<timecave.validation_methods.markov.MarkovCV object at 0x15540ff8b580>,7,LSTM,0.04728577226560031,0.16397241552874414,0.21745291965296834
datasets/processed_data/euro-daily-hist_1999_2024_14052024.csv,13,<timecave.validation_methods.markov.MarkovCV object at 0x15540ff8b580>,8,LSTM,0.044170449272267036,0.15674659779817726,0.21016766942673898
datasets/processed_data/euro-daily-hist_1999_2024_14052024.csv,13,<timecave.validation_methods.markov.MarkovCV object at 0x15540ff8b580>,9,LSTM,0.04431840955674416,0.16094183877663054,0.21051938047777016
datasets/processed_data/euro-daily-hist_1999_2024_14052024.csv,14,<timecave.validation_methods.OOS.Holdout object at 0x15540ff8be20>,0,LSTM,0.00019336042908750818,0.010947201950740448,0.013905410065420875
datasets/processed_data/euro-daily-hist_1999_2024_14052024.csv,14,<timecave.validation_methods.OOS.RepeatedHoldout object at 0x15540ff8bd30>,0,LSTM,0.0002437999436751734,0.012862903999009342,0.015614094391772243
datasets/processed_data/euro-daily-hist_1999_2024_14052024.csv,14,<timecave.validation_methods.OOS.RepeatedHoldout object at 0x15540ff8bd30>,1,LSTM,0.00011455666909115121,0.007913893947961197,0.010703114924691374
datasets/processed_data/euro-daily-hist_1999_2024_14052024.csv,14,<timecave.validation_methods.OOS.RepeatedHoldout object at 0x15540ff8bd30>,2,LSTM,0.00017600676787452407,0.01074472804692538,0.013266754232837965
datasets/processed_data/euro-daily-hist_1999_2024_14052024.csv,14,<timecave.validation_methods.OOS.RepeatedHoldout object at 0x15540ff8bd30>,3,LSTM,0.00019915838486145348,0.01128841908738578,0.014112348665670554
datasets/processed_data/euro-daily-hist_1999_2024_14052024.csv,14,<timecave.validation_methods.prequential.GrowingWindow object at 0x15540ff8aa40>,0,LSTM,0.0002281873009239332,0.011759559157416938,0.01510586975066094
datasets/processed_data/euro-daily-hist_1999_2024_14052024.csv,14,<timecave.validation_methods.prequential.GrowingWindow object at 0x15540ff8aa40>,1,LSTM,0.0007933665796354419,0.019115087913694845,0.02816676374089579
datasets/processed_data/euro-daily-hist_1999_2024_14052024.csv,14,<timecave.validation_methods.prequential.GrowingWindow object at 0x15540ff8aa40>,2,LSTM,0.00016070280826856618,0.009700279908134822,0.012676861136281576
datasets/processed_data/euro-daily-hist_1999_2024_14052024.csv,14,<timecave.validation_methods.prequential.GrowingWindow object at 0x15540ff8aa40>,3,LSTM,0.00011225253831836598,0.007931566454024546,0.010594929840181386
datasets/processed_data/euro-daily-hist_1999_2024_14052024.csv,14,<timecave.validation_methods.prequential.GrowingWindow object at 0x15540c895120>,0,LSTM,0.0009451773653735228,0.020931743470509852,0.030743737010544486
datasets/processed_data/euro-daily-hist_1999_2024_14052024.csv,14,<timecave.validation_methods.prequential.GrowingWindow object at 0x15540c895120>,1,LSTM,0.0003369871561519977,0.01490071554274786,0.018357209922861308
datasets/processed_data/euro-daily-hist_1999_2024_14052024.csv,14,<timecave.validation_methods.prequential.GrowingWindow object at 0x15540c895120>,2,LSTM,0.00014560089393170236,0.009026365042731877,0.012066519545076052
datasets/processed_data/euro-daily-hist_1999_2024_14052024.csv,14,<timecave.validation_methods.prequential.RollingWindow object at 0x1554139686a0>,0,LSTM,0.0002281873009239332,0.011759559157416938,0.01510586975066094
datasets/processed_data/euro-daily-hist_1999_2024_14052024.csv,14,<timecave.validation_methods.prequential.RollingWindow object at 0x1554139686a0>,1,LSTM,0.0011966556876285615,0.023403183606465663,0.0345927114813014
datasets/processed_data/euro-daily-hist_1999_2024_14052024.csv,14,<timecave.validation_methods.prequential.RollingWindow object at 0x1554139686a0>,2,LSTM,0.0009743769194533866,0.027737792580740786,0.03121501112371076
datasets/processed_data/euro-daily-hist_1999_2024_14052024.csv,14,<timecave.validation_methods.prequential.RollingWindow object at 0x1554139686a0>,3,LSTM,0.0002017069045570262,0.010677141550699872,0.014202355598879581
datasets/processed_data/euro-daily-hist_1999_2024_14052024.csv,14,<timecave.validation_methods.prequential.RollingWindow object at 0x155413968700>,0,LSTM,0.0009451773653735228,0.020931743470509852,0.030743737010544486
datasets/processed_data/euro-daily-hist_1999_2024_14052024.csv,14,<timecave.validation_methods.prequential.RollingWindow object at 0x155413968700>,1,LSTM,0.00023564058472521948,0.011979098923819405,0.01535058906769442
datasets/processed_data/euro-daily-hist_1999_2024_14052024.csv,14,<timecave.validation_methods.prequential.RollingWindow object at 0x155413968700>,2,LSTM,0.0010317260151096667,0.028566375385647727,0.032120492136791225
datasets/processed_data/euro-daily-hist_1999_2024_14052024.csv,14,<timecave.validation_methods.CV.BlockCV object at 0x1554139680d0>,0,LSTM,0.0004877090134530886,0.017890825154077437,0.022084134881246505
datasets/processed_data/euro-daily-hist_1999_2024_14052024.csv,14,<timecave.validation_methods.CV.BlockCV object at 0x1554139680d0>,1,LSTM,0.00022983812739748677,0.01237056890051706,0.015160413167110148
datasets/processed_data/euro-daily-hist_1999_2024_14052024.csv,14,<timecave.validation_methods.CV.BlockCV object at 0x1554139680d0>,2,LSTM,0.00048149957001097774,0.015412408635639011,0.02194309845967469
datasets/processed_data/euro-daily-hist_1999_2024_14052024.csv,14,<timecave.validation_methods.CV.BlockCV object at 0x1554139680d0>,3,LSTM,0.00020420534261777573,0.011714171678088962,0.014290043478512433
datasets/processed_data/euro-daily-hist_1999_2024_14052024.csv,14,<timecave.validation_methods.CV.BlockCV object at 0x1554139680d0>,4,LSTM,0.00011225253831836598,0.007931566454024546,0.010594929840181386
datasets/processed_data/euro-daily-hist_1999_2024_14052024.csv,14,<timecave.validation_methods.CV.AdaptedhvBlockCV object at 0x155413968130>,0,LSTM,0.00037262962961600714,0.015121805070241294,0.019303617008633568
datasets/processed_data/euro-daily-hist_1999_2024_14052024.csv,14,<timecave.validation_methods.CV.AdaptedhvBlockCV object at 0x155413968130>,1,LSTM,0.0002819814981992294,0.01398336030923753,0.01679230473160934
datasets/processed_data/euro-daily-hist_1999_2024_14052024.csv,14,<timecave.validation_methods.CV.AdaptedhvBlockCV object at 0x155413968130>,2,LSTM,0.0006566312655294685,0.018100856509980705,0.025624817375533987
datasets/processed_data/euro-daily-hist_1999_2024_14052024.csv,14,<timecave.validation_methods.CV.AdaptedhvBlockCV object at 0x155413968130>,3,LSTM,0.00012755779334989501,0.008611035047077,0.011294148633247883
datasets/processed_data/euro-daily-hist_1999_2024_14052024.csv,14,<timecave.validation_methods.CV.AdaptedhvBlockCV object at 0x155413968130>,4,LSTM,0.000588640466977766,0.02206163896506173,0.024261913918274584
datasets/processed_data/euro-daily-hist_1999_2024_14052024.csv,14,<timecave.validation_methods.markov.MarkovCV object at 0x15540ffa0a60>,0,LSTM,0.003072531385676154,0.04143976941518984,0.055430419317159724
datasets/processed_data/euro-daily-hist_1999_2024_14052024.csv,14,<timecave.validation_methods.markov.MarkovCV object at 0x15540ffa0a60>,1,LSTM,0.002584558694501025,0.03909044179095821,0.05083855519682896
datasets/processed_data/euro-daily-hist_1999_2024_14052024.csv,14,<timecave.validation_methods.markov.MarkovCV object at 0x15540ffa0a60>,2,LSTM,0.002696678016940668,0.03831079646321653,0.051929548591728276
datasets/processed_data/euro-daily-hist_1999_2024_14052024.csv,14,<timecave.validation_methods.markov.MarkovCV object at 0x15540ffa0a60>,3,LSTM,0.002452404609965354,0.03732463865298386,0.049521758954679244
datasets/processed_data/euro-daily-hist_1999_2024_14052024.csv,14,<timecave.validation_methods.markov.MarkovCV object at 0x15540ffa0a60>,4,LSTM,0.002586118292601257,0.039298991671175953,0.05085389161707545
datasets/processed_data/euro-daily-hist_1999_2024_14052024.csv,14,<timecave.validation_methods.markov.MarkovCV object at 0x15540ffa0a60>,5,LSTM,0.0032783784387778346,0.043657456549797344,0.05725712565941321
datasets/processed_data/euro-daily-hist_1999_2024_14052024.csv,14,<timecave.validation_methods.markov.MarkovCV object at 0x15540ffa0a60>,6,LSTM,0.0026835295191372567,0.04052370160055343,0.0518027945108877
datasets/processed_data/euro-daily-hist_1999_2024_14052024.csv,14,<timecave.validation_methods.markov.MarkovCV object at 0x15540ffa0a60>,7,LSTM,0.0025977937923609023,0.04029963701222641,0.0509685568989441
datasets/processed_data/euro-daily-hist_1999_2024_14052024.csv,14,<timecave.validation_methods.markov.MarkovCV object at 0x15540ffa0a60>,8,LSTM,0.003125957326764367,0.04117367218588685,0.05591026137270659
datasets/processed_data/euro-daily-hist_1999_2024_14052024.csv,14,<timecave.validation_methods.markov.MarkovCV object at 0x15540ffa0a60>,9,LSTM,0.003532372337052706,0.0453832366961664,0.05943376428472881
datasets/processed_data/euro-daily-hist_1999_2024_14052024.csv,15,<timecave.validation_methods.OOS.Holdout object at 0x15540a89bac0>,0,LSTM,0.16885898618155434,0.3234320786044625,0.41092455047314264
datasets/processed_data/euro-daily-hist_1999_2024_14052024.csv,15,<timecave.validation_methods.OOS.RepeatedHoldout object at 0x15540d8cc490>,0,LSTM,0.11207725529404049,0.25369889265668677,0.33477941288860713
datasets/processed_data/euro-daily-hist_1999_2024_14052024.csv,15,<timecave.validation_methods.OOS.RepeatedHoldout object at 0x15540d8cc490>,1,LSTM,0.1338963808852104,0.2812631080884049,0.3659185440575681
datasets/processed_data/euro-daily-hist_1999_2024_14052024.csv,15,<timecave.validation_methods.OOS.RepeatedHoldout object at 0x15540d8cc490>,2,LSTM,0.11630031983610659,0.25894660981800083,0.34102832702886515
datasets/processed_data/euro-daily-hist_1999_2024_14052024.csv,15,<timecave.validation_methods.OOS.RepeatedHoldout object at 0x15540d8cc490>,3,LSTM,0.1357088199643114,0.28798329752541624,0.3683867803875587
datasets/processed_data/euro-daily-hist_1999_2024_14052024.csv,15,<timecave.validation_methods.prequential.GrowingWindow object at 0x15540a53fdc0>,0,LSTM,777.7976985052888,27.583731795305525,27.889024696200632
datasets/processed_data/euro-daily-hist_1999_2024_14052024.csv,15,<timecave.validation_methods.prequential.GrowingWindow object at 0x15540a53fdc0>,1,LSTM,25.700311802047988,4.017221998029437,5.0695474948014825
datasets/processed_data/euro-daily-hist_1999_2024_14052024.csv,15,<timecave.validation_methods.prequential.GrowingWindow object at 0x15540a53fdc0>,2,LSTM,0.13106381711266013,0.27751002944219677,0.3620273706678269
datasets/processed_data/euro-daily-hist_1999_2024_14052024.csv,15,<timecave.validation_methods.prequential.GrowingWindow object at 0x15540a53fdc0>,3,LSTM,0.11031983127672088,0.25147406058175215,0.3321442928558624
datasets/processed_data/euro-daily-hist_1999_2024_14052024.csv,15,<timecave.validation_methods.prequential.GrowingWindow object at 0x15540e27a830>,0,LSTM,635.4172266253228,24.924243487665088,25.207483544085132
datasets/processed_data/euro-daily-hist_1999_2024_14052024.csv,15,<timecave.validation_methods.prequential.GrowingWindow object at 0x15540e27a830>,1,LSTM,2.0593919934089495,1.2345503532191686,1.4350581846771753
datasets/processed_data/euro-daily-hist_1999_2024_14052024.csv,15,<timecave.validation_methods.prequential.GrowingWindow object at 0x15540e27a830>,2,LSTM,0.132724088957059,0.27142206673758373,0.36431317428424
datasets/processed_data/euro-daily-hist_1999_2024_14052024.csv,15,<timecave.validation_methods.prequential.RollingWindow object at 0x15540e27ac20>,0,LSTM,777.7976985052888,27.583731795305525,27.889024696200632
datasets/processed_data/euro-daily-hist_1999_2024_14052024.csv,15,<timecave.validation_methods.prequential.RollingWindow object at 0x15540e27ac20>,1,LSTM,363.63651573372897,18.69333417646136,19.069255772937993
datasets/processed_data/euro-daily-hist_1999_2024_14052024.csv,15,<timecave.validation_methods.prequential.RollingWindow object at 0x15540e27ac20>,2,LSTM,178.68181193344634,12.93093610162644,13.36719162477468
datasets/processed_data/euro-daily-hist_1999_2024_14052024.csv,15,<timecave.validation_methods.prequential.RollingWindow object at 0x15540e27ac20>,3,LSTM,199.13468913360322,13.272685182698567,14.111509101921142
datasets/processed_data/euro-daily-hist_1999_2024_14052024.csv,15,<timecave.validation_methods.prequential.RollingWindow object at 0x15540e279ae0>,0,LSTM,635.4172266253228,24.924243487665088,25.207483544085132
datasets/processed_data/euro-daily-hist_1999_2024_14052024.csv,15,<timecave.validation_methods.prequential.RollingWindow object at 0x15540e279ae0>,1,LSTM,164.83769463446168,12.384070376790364,12.838913296477303
datasets/processed_data/euro-daily-hist_1999_2024_14052024.csv,15,<timecave.validation_methods.prequential.RollingWindow object at 0x15540e279ae0>,2,LSTM,163.2099928834177,11.842315135265531,12.775366643796087
datasets/processed_data/euro-daily-hist_1999_2024_14052024.csv,15,<timecave.validation_methods.CV.BlockCV object at 0x15540e27bc70>,0,LSTM,33.79095572762487,4.968397612014043,5.8129988583884025
datasets/processed_data/euro-daily-hist_1999_2024_14052024.csv,15,<timecave.validation_methods.CV.BlockCV object at 0x15540e27bc70>,1,LSTM,11.769565990578899,2.3615777566382996,3.430680106127486
datasets/processed_data/euro-daily-hist_1999_2024_14052024.csv,15,<timecave.validation_methods.CV.BlockCV object at 0x15540e27bc70>,2,LSTM,1.0375528855071332,0.6550004722667877,1.0186033995167763
datasets/processed_data/euro-daily-hist_1999_2024_14052024.csv,15,<timecave.validation_methods.CV.BlockCV object at 0x15540e27bc70>,3,LSTM,0.09364199219767666,0.23247948404947918,0.30600979101603376
datasets/processed_data/euro-daily-hist_1999_2024_14052024.csv,15,<timecave.validation_methods.CV.BlockCV object at 0x15540e27bc70>,4,LSTM,0.11031983127672088,0.25147406058175215,0.3321442928558624
datasets/processed_data/euro-daily-hist_1999_2024_14052024.csv,15,<timecave.validation_methods.CV.AdaptedhvBlockCV object at 0x15540e27a290>,0,LSTM,30.041563437109527,4.659626486293248,5.481018467138158
datasets/processed_data/euro-daily-hist_1999_2024_14052024.csv,15,<timecave.validation_methods.CV.AdaptedhvBlockCV object at 0x15540e27a290>,1,LSTM,11.73753218696593,2.358622411934989,3.42600820007278
datasets/processed_data/euro-daily-hist_1999_2024_14052024.csv,15,<timecave.validation_methods.CV.AdaptedhvBlockCV object at 0x15540e27a290>,2,LSTM,1.041971237632393,0.6664244413829987,1.0207699239458385
datasets/processed_data/euro-daily-hist_1999_2024_14052024.csv,15,<timecave.validation_methods.CV.AdaptedhvBlockCV object at 0x15540e27a290>,3,LSTM,0.09425420441660394,0.2315631287493025,0.30700847613152954
datasets/processed_data/euro-daily-hist_1999_2024_14052024.csv,15,<timecave.validation_methods.CV.AdaptedhvBlockCV object at 0x15540e27a290>,4,LSTM,0.11274119130852994,0.25350607930501295,0.33576955089544663
datasets/processed_data/euro-daily-hist_1999_2024_14052024.csv,15,<timecave.validation_methods.markov.MarkovCV object at 0x15540e27b520>,0,LSTM,960.619702486755,29.808713776889313,30.993865562184318
datasets/processed_data/euro-daily-hist_1999_2024_14052024.csv,15,<timecave.validation_methods.markov.MarkovCV object at 0x15540e27b520>,1,LSTM,960.9703629209862,29.81123857638941,30.999521978911
datasets/processed_data/euro-daily-hist_1999_2024_14052024.csv,15,<timecave.validation_methods.markov.MarkovCV object at 0x15540e27b520>,2,LSTM,958.5407435126278,29.761457964686038,30.960309163711976
datasets/processed_data/euro-daily-hist_1999_2024_14052024.csv,15,<timecave.validation_methods.markov.MarkovCV object at 0x15540e27b520>,3,LSTM,960.9166743664009,29.799816262064656,30.998656009033695
datasets/processed_data/euro-daily-hist_1999_2024_14052024.csv,15,<timecave.validation_methods.markov.MarkovCV object at 0x15540e27b520>,4,LSTM,959.3373826583892,29.799033088815875,30.973171982513982
datasets/processed_data/euro-daily-hist_1999_2024_14052024.csv,15,<timecave.validation_methods.markov.MarkovCV object at 0x15540e27b520>,5,LSTM,960.9924416608873,29.80270165692395,30.99987809106493
datasets/processed_data/euro-daily-hist_1999_2024_14052024.csv,15,<timecave.validation_methods.markov.MarkovCV object at 0x15540e27b520>,6,LSTM,959.3723288111626,29.80501664567268,30.973736113216347
datasets/processed_data/euro-daily-hist_1999_2024_14052024.csv,15,<timecave.validation_methods.markov.MarkovCV object at 0x15540e27b520>,7,LSTM,957.9373375414958,29.763760056242205,30.950562798461288
datasets/processed_data/euro-daily-hist_1999_2024_14052024.csv,15,<timecave.validation_methods.markov.MarkovCV object at 0x15540e27b520>,8,LSTM,959.9466085620711,29.806809050898636,30.983005157054585
datasets/processed_data/euro-daily-hist_1999_2024_14052024.csv,15,<timecave.validation_methods.markov.MarkovCV object at 0x15540e27b520>,9,LSTM,959.9344812252999,29.808152735089617,30.982809446938475
datasets/processed_data/euro-daily-hist_1999_2024_14052024.csv,16,<timecave.validation_methods.OOS.Holdout object at 0x15540a53fe50>,0,LSTM,0.00041982466946137475,0.015835948880997,0.02048962345826235
datasets/processed_data/euro-daily-hist_1999_2024_14052024.csv,16,<timecave.validation_methods.OOS.RepeatedHoldout object at 0x15540a53f3a0>,0,LSTM,0.00027780849851124606,0.012143212153006778,0.01666758826319051
datasets/processed_data/euro-daily-hist_1999_2024_14052024.csv,16,<timecave.validation_methods.OOS.RepeatedHoldout object at 0x15540a53f3a0>,1,LSTM,0.00039963668357372175,0.01574899232158709,0.019990915025924195
datasets/processed_data/euro-daily-hist_1999_2024_14052024.csv,16,<timecave.validation_methods.OOS.RepeatedHoldout object at 0x15540a53f3a0>,2,LSTM,0.0008036404674427957,0.024524808880506323,0.02834855318076737
datasets/processed_data/euro-daily-hist_1999_2024_14052024.csv,16,<timecave.validation_methods.OOS.RepeatedHoldout object at 0x15540a53f3a0>,3,LSTM,0.0008505811586908387,0.02556282228532891,0.02916472456051726
datasets/processed_data/euro-daily-hist_1999_2024_14052024.csv,16,<timecave.validation_methods.prequential.GrowingWindow object at 0x15540a646380>,0,LSTM,0.0035232441885734676,0.04192381863149007,0.05935692199376133
datasets/processed_data/euro-daily-hist_1999_2024_14052024.csv,16,<timecave.validation_methods.prequential.GrowingWindow object at 0x15540a646380>,1,LSTM,0.003694435351162167,0.05059571438090008,0.06078186696015652
datasets/processed_data/euro-daily-hist_1999_2024_14052024.csv,16,<timecave.validation_methods.prequential.GrowingWindow object at 0x15540a646380>,2,LSTM,0.0005742309515306186,0.017246109488350998,0.023963116482014993
datasets/processed_data/euro-daily-hist_1999_2024_14052024.csv,16,<timecave.validation_methods.prequential.GrowingWindow object at 0x15540a646380>,3,LSTM,0.0006076681454275367,0.020268165127345493,0.024650925853353597
datasets/processed_data/euro-daily-hist_1999_2024_14052024.csv,16,<timecave.validation_methods.prequential.GrowingWindow object at 0x15540a646200>,0,LSTM,0.0025440501097555752,0.03272004958706809,0.05043857759449185
datasets/processed_data/euro-daily-hist_1999_2024_14052024.csv,16,<timecave.validation_methods.prequential.GrowingWindow object at 0x15540a646200>,1,LSTM,0.00204526592067803,0.03977525879560198,0.04522461631322072
datasets/processed_data/euro-daily-hist_1999_2024_14052024.csv,16,<timecave.validation_methods.prequential.GrowingWindow object at 0x15540a646200>,2,LSTM,0.000345787947329458,0.01376977944728307,0.01859537435303355
datasets/processed_data/euro-daily-hist_1999_2024_14052024.csv,16,<timecave.validation_methods.prequential.RollingWindow object at 0x15540a645e70>,0,LSTM,0.0035232441885734676,0.04192381863149007,0.05935692199376133
datasets/processed_data/euro-daily-hist_1999_2024_14052024.csv,16,<timecave.validation_methods.prequential.RollingWindow object at 0x15540a645e70>,1,LSTM,0.0026168060103322873,0.03519481200735909,0.05115472617786442
datasets/processed_data/euro-daily-hist_1999_2024_14052024.csv,16,<timecave.validation_methods.prequential.RollingWindow object at 0x15540a645e70>,2,LSTM,0.0007161711521453436,0.01962283515639531,0.026761374257413307
datasets/processed_data/euro-daily-hist_1999_2024_14052024.csv,16,<timecave.validation_methods.prequential.RollingWindow object at 0x15540a645e70>,3,LSTM,0.0007526977068298028,0.020431040211995447,0.027435336827343722
datasets/processed_data/euro-daily-hist_1999_2024_14052024.csv,16,<timecave.validation_methods.prequential.RollingWindow object at 0x1554029b32e0>,0,LSTM,0.0025440501097555752,0.03272004958706809,0.05043857759449185
datasets/processed_data/euro-daily-hist_1999_2024_14052024.csv,16,<timecave.validation_methods.prequential.RollingWindow object at 0x1554029b32e0>,1,LSTM,0.0009202462484960674,0.022705464689345582,0.030335560790861728
datasets/processed_data/euro-daily-hist_1999_2024_14052024.csv,16,<timecave.validation_methods.prequential.RollingWindow object at 0x1554029b32e0>,2,LSTM,0.0004009632874831996,0.014869851743062344,0.020024067705718525
datasets/processed_data/euro-daily-hist_1999_2024_14052024.csv,16,<timecave.validation_methods.CV.BlockCV object at 0x15540a550190>,0,LSTM,0.0024251974257754774,0.038721917994907915,0.049246293523223426
datasets/processed_data/euro-daily-hist_1999_2024_14052024.csv,16,<timecave.validation_methods.CV.BlockCV object at 0x15540a550190>,1,LSTM,0.0013199634168665434,0.027388734113420757,0.03633130078687719
datasets/processed_data/euro-daily-hist_1999_2024_14052024.csv,16,<timecave.validation_methods.CV.BlockCV object at 0x15540a550190>,2,LSTM,0.0017018854340287062,0.026938991333007804,0.04125391416615769
datasets/processed_data/euro-daily-hist_1999_2024_14052024.csv,16,<timecave.validation_methods.CV.BlockCV object at 0x15540a550190>,3,LSTM,0.0008575523267870441,0.02308959921482631,0.029283994378961422
datasets/processed_data/euro-daily-hist_1999_2024_14052024.csv,16,<timecave.validation_methods.CV.BlockCV object at 0x15540a550190>,4,LSTM,0.0006076681454275367,0.020268165127345493,0.024650925853353597
datasets/processed_data/euro-daily-hist_1999_2024_14052024.csv,16,<timecave.validation_methods.CV.AdaptedhvBlockCV object at 0x15540a551000>,0,LSTM,0.002114328998785747,0.0352360820733933,0.045981833356073865
datasets/processed_data/euro-daily-hist_1999_2024_14052024.csv,16,<timecave.validation_methods.CV.AdaptedhvBlockCV object at 0x15540a551000>,1,LSTM,0.0011391945435250891,0.025317109768458777,0.03375195614368283
datasets/processed_data/euro-daily-hist_1999_2024_14052024.csv,16,<timecave.validation_methods.CV.AdaptedhvBlockCV object at 0x15540a551000>,2,LSTM,0.0017351287027178046,0.028271411214919315,0.0416548760977368
datasets/processed_data/euro-daily-hist_1999_2024_14052024.csv,16,<timecave.validation_methods.CV.AdaptedhvBlockCV object at 0x15540a551000>,3,LSTM,0.0005506899310763204,0.01721868348366873,0.023466783569043293
datasets/processed_data/euro-daily-hist_1999_2024_14052024.csv,16,<timecave.validation_methods.CV.AdaptedhvBlockCV object at 0x15540a551000>,4,LSTM,0.0004260712182550486,0.016075778177170527,0.020641492636315054
datasets/processed_data/euro-daily-hist_1999_2024_14052024.csv,16,<timecave.validation_methods.markov.MarkovCV object at 0x15540e2b1870>,0,LSTM,0.010313652296628412,0.08001223037092452,0.10155615341587339
datasets/processed_data/euro-daily-hist_1999_2024_14052024.csv,16,<timecave.validation_methods.markov.MarkovCV object at 0x15540e2b1870>,1,LSTM,0.00925902451673912,0.07512115074143129,0.09622382509929191
datasets/processed_data/euro-daily-hist_1999_2024_14052024.csv,16,<timecave.validation_methods.markov.MarkovCV object at 0x15540e2b1870>,2,LSTM,0.010416286770609266,0.07666322375799862,0.10206021149600497
datasets/processed_data/euro-daily-hist_1999_2024_14052024.csv,16,<timecave.validation_methods.markov.MarkovCV object at 0x15540e2b1870>,3,LSTM,0.009957331430144385,0.07546242372428938,0.09978642908804977
datasets/processed_data/euro-daily-hist_1999_2024_14052024.csv,16,<timecave.validation_methods.markov.MarkovCV object at 0x15540e2b1870>,4,LSTM,0.010102785579343628,0.0753274866517812,0.10051261403099428
datasets/processed_data/euro-daily-hist_1999_2024_14052024.csv,16,<timecave.validation_methods.markov.MarkovCV object at 0x15540e2b1870>,5,LSTM,0.009221577598538441,0.07347181200726342,0.09602904559839404
datasets/processed_data/euro-daily-hist_1999_2024_14052024.csv,16,<timecave.validation_methods.markov.MarkovCV object at 0x15540e2b1870>,6,LSTM,0.009430813429525568,0.07498946058412165,0.09711237526456434
datasets/processed_data/euro-daily-hist_1999_2024_14052024.csv,16,<timecave.validation_methods.markov.MarkovCV object at 0x15540e2b1870>,7,LSTM,0.009856990863095232,0.07513450686744706,0.09928237941898467
datasets/processed_data/euro-daily-hist_1999_2024_14052024.csv,16,<timecave.validation_methods.markov.MarkovCV object at 0x15540e2b1870>,8,LSTM,0.010295137547061527,0.07696014334739056,0.10146495723677967
datasets/processed_data/euro-daily-hist_1999_2024_14052024.csv,16,<timecave.validation_methods.markov.MarkovCV object at 0x15540e2b1870>,9,LSTM,0.009351665721322525,0.07325726120815164,0.09670401088539464
datasets/processed_data/euro-daily-hist_1999_2024_14052024.csv,17,<timecave.validation_methods.OOS.Holdout object at 0x1553fd3e0cd0>,0,LSTM,0.0006839518338866189,0.02312548005523488,0.02615247280634508
datasets/processed_data/euro-daily-hist_1999_2024_14052024.csv,17,<timecave.validation_methods.OOS.RepeatedHoldout object at 0x15540e2b2740>,0,LSTM,0.0003745987968458874,0.016584178173731236,0.019354554937943868
datasets/processed_data/euro-daily-hist_1999_2024_14052024.csv,17,<timecave.validation_methods.OOS.RepeatedHoldout object at 0x15540e2b2740>,1,LSTM,0.0003148057043399204,0.014908482433441127,0.01774276484485776
datasets/processed_data/euro-daily-hist_1999_2024_14052024.csv,17,<timecave.validation_methods.OOS.RepeatedHoldout object at 0x15540e2b2740>,2,LSTM,0.0010668645815371566,0.03019914933126241,0.032662893036856926
datasets/processed_data/euro-daily-hist_1999_2024_14052024.csv,17,<timecave.validation_methods.OOS.RepeatedHoldout object at 0x15540e2b2740>,3,LSTM,0.0013821417008331046,0.035514705307863007,0.03717716639058314
datasets/processed_data/euro-daily-hist_1999_2024_14052024.csv,17,<timecave.validation_methods.prequential.GrowingWindow object at 0x15540e2b18d0>,0,LSTM,0.01269229914247091,0.09255908642977762,0.11266010448455527
datasets/processed_data/euro-daily-hist_1999_2024_14052024.csv,17,<timecave.validation_methods.prequential.GrowingWindow object at 0x15540e2b18d0>,1,LSTM,0.001287009028892222,0.02846744544510615,0.03587490806806649
datasets/processed_data/euro-daily-hist_1999_2024_14052024.csv,17,<timecave.validation_methods.prequential.GrowingWindow object at 0x15540e2b18d0>,2,LSTM,0.0009912989916174538,0.027350602972848078,0.031484901010126326
datasets/processed_data/euro-daily-hist_1999_2024_14052024.csv,17,<timecave.validation_methods.prequential.GrowingWindow object at 0x15540e2b18d0>,3,LSTM,0.0010459918636770522,0.03052965447780063,0.03234179747133811
datasets/processed_data/euro-daily-hist_1999_2024_14052024.csv,17,<timecave.validation_methods.prequential.GrowingWindow object at 0x15540e2b0400>,0,LSTM,0.036180351805060136,0.15697195484815324,0.19021133458619163
datasets/processed_data/euro-daily-hist_1999_2024_14052024.csv,17,<timecave.validation_methods.prequential.GrowingWindow object at 0x15540e2b0400>,1,LSTM,0.00364380881433158,0.05622294757588704,0.06036396950442855
datasets/processed_data/euro-daily-hist_1999_2024_14052024.csv,17,<timecave.validation_methods.prequential.GrowingWindow object at 0x15540e2b0400>,2,LSTM,0.0019500325148910974,0.04165992071315219,0.04415917248874912
datasets/processed_data/euro-daily-hist_1999_2024_14052024.csv,17,<timecave.validation_methods.prequential.RollingWindow object at 0x15540e2b2bc0>,0,LSTM,0.01269229914247091,0.09255908642977762,0.11266010448455527
datasets/processed_data/euro-daily-hist_1999_2024_14052024.csv,17,<timecave.validation_methods.prequential.RollingWindow object at 0x15540e2b2bc0>,1,LSTM,0.0014739993415897944,0.030414005875360403,0.03839269906622605
datasets/processed_data/euro-daily-hist_1999_2024_14052024.csv,17,<timecave.validation_methods.prequential.RollingWindow object at 0x15540e2b2bc0>,2,LSTM,0.0014504664892528293,0.032110012746175136,0.03808499034072123
datasets/processed_data/euro-daily-hist_1999_2024_14052024.csv,17,<timecave.validation_methods.prequential.RollingWindow object at 0x15540e2b2bc0>,3,LSTM,0.0015351299601362878,0.03170778153773715,0.03918073455330168
datasets/processed_data/euro-daily-hist_1999_2024_14052024.csv,17,<timecave.validation_methods.prequential.RollingWindow object at 0x15540e2b0a90>,0,LSTM,0.036180351805060136,0.15697195484815324,0.19021133458619163
datasets/processed_data/euro-daily-hist_1999_2024_14052024.csv,17,<timecave.validation_methods.prequential.RollingWindow object at 0x15540e2b0a90>,1,LSTM,0.006517807997784474,0.0742762289908273,0.08073294245711891
datasets/processed_data/euro-daily-hist_1999_2024_14052024.csv,17,<timecave.validation_methods.prequential.RollingWindow object at 0x15540e2b0a90>,2,LSTM,0.00484138449168918,0.06389338307335263,0.06958005814663552
datasets/processed_data/euro-daily-hist_1999_2024_14052024.csv,17,<timecave.validation_methods.CV.BlockCV object at 0x15540e2b0850>,0,LSTM,0.03450504479935021,0.14058357731991725,0.18575533585700899
datasets/processed_data/euro-daily-hist_1999_2024_14052024.csv,17,<timecave.validation_methods.CV.BlockCV object at 0x15540e2b0850>,1,LSTM,0.0006209194653341695,0.01613370817238944,0.024918255663953878
datasets/processed_data/euro-daily-hist_1999_2024_14052024.csv,17,<timecave.validation_methods.CV.BlockCV object at 0x15540e2b0850>,2,LSTM,0.001914596003856439,0.03803740016392299,0.04375609676212492
datasets/processed_data/euro-daily-hist_1999_2024_14052024.csv,17,<timecave.validation_methods.CV.BlockCV object at 0x15540e2b0850>,3,LSTM,0.0007293105689335694,0.023249453521001908,0.02700575066413762
datasets/processed_data/euro-daily-hist_1999_2024_14052024.csv,17,<timecave.validation_methods.CV.BlockCV object at 0x15540e2b0850>,4,LSTM,0.0010459918636770522,0.03052965447780063,0.03234179747133811
datasets/processed_data/euro-daily-hist_1999_2024_14052024.csv,17,<timecave.validation_methods.CV.AdaptedhvBlockCV object at 0x15540e2b0cd0>,0,LSTM,0.03183739221391311,0.1322305173246293,0.17843035676115515
datasets/processed_data/euro-daily-hist_1999_2024_14052024.csv,17,<timecave.validation_methods.CV.AdaptedhvBlockCV object at 0x15540e2b0cd0>,1,LSTM,0.0006174131003511109,0.015567740541730612,0.02484779870232192
datasets/processed_data/euro-daily-hist_1999_2024_14052024.csv,17,<timecave.validation_methods.CV.AdaptedhvBlockCV object at 0x15540e2b0cd0>,2,LSTM,0.0008780787355204211,0.022189275744846897,0.029632393347828336
datasets/processed_data/euro-daily-hist_1999_2024_14052024.csv,17,<timecave.validation_methods.CV.AdaptedhvBlockCV object at 0x15540e2b0cd0>,3,LSTM,0.0007059623745260072,0.022785669676281158,0.026569952475042315
datasets/processed_data/euro-daily-hist_1999_2024_14052024.csv,17,<timecave.validation_methods.CV.AdaptedhvBlockCV object at 0x15540e2b0cd0>,4,LSTM,0.0009520506020403319,0.029007526578630708,0.030855317240960786
datasets/processed_data/euro-daily-hist_1999_2024_14052024.csv,17,<timecave.validation_methods.markov.MarkovCV object at 0x1553fcd68c40>,0,LSTM,0.00528321122201218,0.05391197155866749,0.07268570163389894
datasets/processed_data/euro-daily-hist_1999_2024_14052024.csv,17,<timecave.validation_methods.markov.MarkovCV object at 0x1553fcd68c40>,1,LSTM,0.005107577666350571,0.054728318453655646,0.07146731886919064
datasets/processed_data/euro-daily-hist_1999_2024_14052024.csv,17,<timecave.validation_methods.markov.MarkovCV object at 0x1553fcd68c40>,2,LSTM,0.005180267422507892,0.053513364620791135,0.07197407465544724
datasets/processed_data/euro-daily-hist_1999_2024_14052024.csv,17,<timecave.validation_methods.markov.MarkovCV object at 0x1553fcd68c40>,3,LSTM,0.0057993645807452796,0.056716503059430975,0.07615355921258887
datasets/processed_data/euro-daily-hist_1999_2024_14052024.csv,17,<timecave.validation_methods.markov.MarkovCV object at 0x1553fcd68c40>,4,LSTM,0.004912745616504642,0.053736125015434504,0.07009098099259735
datasets/processed_data/euro-daily-hist_1999_2024_14052024.csv,17,<timecave.validation_methods.markov.MarkovCV object at 0x1553fcd68c40>,5,LSTM,0.004587084231733807,0.051682614702486813,0.06772801659382775
datasets/processed_data/euro-daily-hist_1999_2024_14052024.csv,17,<timecave.validation_methods.markov.MarkovCV object at 0x1553fcd68c40>,6,LSTM,0.005004659491725221,0.052329041293206334,0.07074361802823786
datasets/processed_data/euro-daily-hist_1999_2024_14052024.csv,17,<timecave.validation_methods.markov.MarkovCV object at 0x1553fcd68c40>,7,LSTM,0.0056498711172920865,0.05786558373051893,0.07516562457195501
datasets/processed_data/euro-daily-hist_1999_2024_14052024.csv,17,<timecave.validation_methods.markov.MarkovCV object at 0x1553fcd68c40>,8,LSTM,0.004322581730368017,0.0489482299251886,0.06574634385551806
datasets/processed_data/euro-daily-hist_1999_2024_14052024.csv,17,<timecave.validation_methods.markov.MarkovCV object at 0x1553fcd68c40>,9,LSTM,0.005163402883043321,0.05122425820136482,0.07185682210509536
datasets/processed_data/euro-daily-hist_1999_2024_14052024.csv,18,<timecave.validation_methods.OOS.Holdout object at 0x1553fc47f790>,0,LSTM,0.0024412760199195227,0.03857400583670922,0.04940927058679902
datasets/processed_data/euro-daily-hist_1999_2024_14052024.csv,18,<timecave.validation_methods.OOS.RepeatedHoldout object at 0x155401a92560>,0,LSTM,0.002369433779180937,0.03638401022576664,0.04867683000341063
datasets/processed_data/euro-daily-hist_1999_2024_14052024.csv,18,<timecave.validation_methods.OOS.RepeatedHoldout object at 0x155401a92560>,1,LSTM,0.002794976724555359,0.04039557368690795,0.05286753942217624
datasets/processed_data/euro-daily-hist_1999_2024_14052024.csv,18,<timecave.validation_methods.OOS.RepeatedHoldout object at 0x155401a92560>,2,LSTM,0.0022920877246326073,0.035851668927379274,0.047875752992852315
datasets/processed_data/euro-daily-hist_1999_2024_14052024.csv,18,<timecave.validation_methods.OOS.RepeatedHoldout object at 0x155401a92560>,3,LSTM,0.0019606813605120925,0.03329632010199673,0.04427958175629138
datasets/processed_data/euro-daily-hist_1999_2024_14052024.csv,18,<timecave.validation_methods.prequential.GrowingWindow object at 0x155401fe7340>,0,LSTM,0.01795131197762653,0.12067146233840213,0.13398250623729402
datasets/processed_data/euro-daily-hist_1999_2024_14052024.csv,18,<timecave.validation_methods.prequential.GrowingWindow object at 0x155401fe7340>,1,LSTM,0.15956807096701642,0.23607076817103798,0.3994597238358536
datasets/processed_data/euro-daily-hist_1999_2024_14052024.csv,18,<timecave.validation_methods.prequential.GrowingWindow object at 0x155401fe7340>,2,LSTM,0.0032961448719985038,0.04594897514851886,0.05741206207756784
datasets/processed_data/euro-daily-hist_1999_2024_14052024.csv,18,<timecave.validation_methods.prequential.GrowingWindow object at 0x155401fe7340>,3,LSTM,0.0042709599225217235,0.055894509278797,0.06535258160563914
datasets/processed_data/euro-daily-hist_1999_2024_14052024.csv,18,<timecave.validation_methods.prequential.GrowingWindow object at 0x155401fe7190>,0,LSTM,0.3839162449356367,0.45451886191086543,0.6196097521308366
datasets/processed_data/euro-daily-hist_1999_2024_14052024.csv,18,<timecave.validation_methods.prequential.GrowingWindow object at 0x155401fe7190>,1,LSTM,0.004750487241748142,0.058678333700997475,0.06892377849297107
datasets/processed_data/euro-daily-hist_1999_2024_14052024.csv,18,<timecave.validation_methods.prequential.GrowingWindow object at 0x155401fe7190>,2,LSTM,0.0033420474902087025,0.04472652755156014,0.05781044447337092
datasets/processed_data/euro-daily-hist_1999_2024_14052024.csv,18,<timecave.validation_methods.prequential.RollingWindow object at 0x155401fe7eb0>,0,LSTM,0.01795131197762653,0.12067146233840213,0.13398250623729402
datasets/processed_data/euro-daily-hist_1999_2024_14052024.csv,18,<timecave.validation_methods.prequential.RollingWindow object at 0x155401fe7eb0>,1,LSTM,0.7318996582997397,0.6016526493312291,0.8555113431742093
datasets/processed_data/euro-daily-hist_1999_2024_14052024.csv,18,<timecave.validation_methods.prequential.RollingWindow object at 0x155401fe7eb0>,2,LSTM,0.0120787543558858,0.08527769611612955,0.1099033864623188
datasets/processed_data/euro-daily-hist_1999_2024_14052024.csv,18,<timecave.validation_methods.prequential.RollingWindow object at 0x155401fe7eb0>,3,LSTM,0.540333858819558,0.6564802711719332,0.7350740498885524
datasets/processed_data/euro-daily-hist_1999_2024_14052024.csv,18,<timecave.validation_methods.prequential.RollingWindow object at 0x155401fe7220>,0,LSTM,0.3839162449356367,0.45451886191086543,0.6196097521308366
datasets/processed_data/euro-daily-hist_1999_2024_14052024.csv,18,<timecave.validation_methods.prequential.RollingWindow object at 0x155401fe7220>,1,LSTM,0.17563399549954195,0.3406869378967285,0.41908709774883546
datasets/processed_data/euro-daily-hist_1999_2024_14052024.csv,18,<timecave.validation_methods.prequential.RollingWindow object at 0x155401fe7220>,2,LSTM,0.0032347626135933107,0.04343003261893132,0.056874973526088876
datasets/processed_data/euro-daily-hist_1999_2024_14052024.csv,18,<timecave.validation_methods.CV.BlockCV object at 0x155401fe78e0>,0,LSTM,0.0030979499178914135,0.044152638869512664,0.0556592303027217
datasets/processed_data/euro-daily-hist_1999_2024_14052024.csv,18,<timecave.validation_methods.CV.BlockCV object at 0x155401fe78e0>,1,LSTM,0.0009433174146418353,0.02408405952962239,0.030713472852183867
datasets/processed_data/euro-daily-hist_1999_2024_14052024.csv,18,<timecave.validation_methods.CV.BlockCV object at 0x155401fe78e0>,2,LSTM,0.018316765262402043,0.0900081482849121,0.1353394445917451
datasets/processed_data/euro-daily-hist_1999_2024_14052024.csv,18,<timecave.validation_methods.CV.BlockCV object at 0x155401fe78e0>,3,LSTM,0.004140441777863251,0.05164247422136576,0.06434626467685013
datasets/processed_data/euro-daily-hist_1999_2024_14052024.csv,18,<timecave.validation_methods.CV.BlockCV object at 0x155401fe78e0>,4,LSTM,0.0042709599225217235,0.055894509278797,0.06535258160563914
datasets/processed_data/euro-daily-hist_1999_2024_14052024.csv,18,<timecave.validation_methods.CV.AdaptedhvBlockCV object at 0x155401fe7880>,0,LSTM,0.0022445501738344526,0.03644319803001769,0.0473766838627869
datasets/processed_data/euro-daily-hist_1999_2024_14052024.csv,18,<timecave.validation_methods.CV.AdaptedhvBlockCV object at 0x155401fe7880>,1,LSTM,0.0009401963242295927,0.023913036539713536,0.030662620961515875
datasets/processed_data/euro-daily-hist_1999_2024_14052024.csv,18,<timecave.validation_methods.CV.AdaptedhvBlockCV object at 0x155401fe7880>,2,LSTM,0.013556937288593205,0.06768239135451547,0.11643426166121897
datasets/processed_data/euro-daily-hist_1999_2024_14052024.csv,18,<timecave.validation_methods.CV.AdaptedhvBlockCV object at 0x155401fe7880>,3,LSTM,0.002285718603596769,0.03651023100062777,0.04780918953085033
datasets/processed_data/euro-daily-hist_1999_2024_14052024.csv,18,<timecave.validation_methods.CV.AdaptedhvBlockCV object at 0x155401fe7880>,4,LSTM,0.002057357638266674,0.03370951910691033,0.045358104438641106
datasets/processed_data/euro-daily-hist_1999_2024_14052024.csv,18,<timecave.validation_methods.markov.MarkovCV object at 0x155408aa9c60>,0,LSTM,0.2223841539245121,0.322595530548971,0.4715762440205318
datasets/processed_data/euro-daily-hist_1999_2024_14052024.csv,18,<timecave.validation_methods.markov.MarkovCV object at 0x155408aa9c60>,1,LSTM,0.21911507126896906,0.32105802975539727,0.46809728825209945
datasets/processed_data/euro-daily-hist_1999_2024_14052024.csv,18,<timecave.validation_methods.markov.MarkovCV object at 0x155408aa9c60>,2,LSTM,0.2218551636270962,0.3223808059313825,0.4710150354575703
datasets/processed_data/euro-daily-hist_1999_2024_14052024.csv,18,<timecave.validation_methods.markov.MarkovCV object at 0x155408aa9c60>,3,LSTM,0.22881720717380935,0.3240328216786139,0.47834841608790696
datasets/processed_data/euro-daily-hist_1999_2024_14052024.csv,18,<timecave.validation_methods.markov.MarkovCV object at 0x155408aa9c60>,4,LSTM,0.23200918182868205,0.3283346016823445,0.4816733144244988
datasets/processed_data/euro-daily-hist_1999_2024_14052024.csv,18,<timecave.validation_methods.markov.MarkovCV object at 0x155408aa9c60>,5,LSTM,0.2158776389941854,0.3161535271797471,0.4646263434139151
datasets/processed_data/euro-daily-hist_1999_2024_14052024.csv,18,<timecave.validation_methods.markov.MarkovCV object at 0x155408aa9c60>,6,LSTM,0.217261914775474,0.31717859003936644,0.4661136286094561
datasets/processed_data/euro-daily-hist_1999_2024_14052024.csv,18,<timecave.validation_methods.markov.MarkovCV object at 0x155408aa9c60>,7,LSTM,0.22359331329264323,0.3228175967418897,0.4728565462089356
datasets/processed_data/euro-daily-hist_1999_2024_14052024.csv,18,<timecave.validation_methods.markov.MarkovCV object at 0x155408aa9c60>,8,LSTM,0.22780171498400575,0.3256380855011163,0.47728577915542986
datasets/processed_data/euro-daily-hist_1999_2024_14052024.csv,18,<timecave.validation_methods.markov.MarkovCV object at 0x155408aa9c60>,9,LSTM,0.21949200152597842,0.32038951982143055,0.46849973481953905
datasets/processed_data/euro-daily-hist_1999_2024_14052024.csv,19,<timecave.validation_methods.OOS.Holdout object at 0x1554170ce230>,0,LSTM,0.00025270410029522576,0.014403184755612992,0.0158966694717864
datasets/processed_data/euro-daily-hist_1999_2024_14052024.csv,19,<timecave.validation_methods.OOS.RepeatedHoldout object at 0x1553fc488c10>,0,LSTM,0.000522433101087863,0.021777827600311234,0.022856795512229248
datasets/processed_data/euro-daily-hist_1999_2024_14052024.csv,19,<timecave.validation_methods.OOS.RepeatedHoldout object at 0x1553fc488c10>,1,LSTM,0.0002993015395576897,0.015931761083688958,0.017300333510013317
datasets/processed_data/euro-daily-hist_1999_2024_14052024.csv,19,<timecave.validation_methods.OOS.RepeatedHoldout object at 0x1553fc488c10>,2,LSTM,6.199266887912059e-05,0.005836124450314037,0.007873542333608208
datasets/processed_data/euro-daily-hist_1999_2024_14052024.csv,19,<timecave.validation_methods.OOS.RepeatedHoldout object at 0x1553fc488c10>,3,LSTM,0.0001860994203712504,0.012070663350403632,0.013641826137700569
datasets/processed_data/euro-daily-hist_1999_2024_14052024.csv,19,<timecave.validation_methods.prequential.GrowingWindow object at 0x1553fc488040>,0,LSTM,0.0009537591354650701,0.02684811905724662,0.030882991038192368
datasets/processed_data/euro-daily-hist_1999_2024_14052024.csv,19,<timecave.validation_methods.prequential.GrowingWindow object at 0x1553fc488040>,1,LSTM,0.0006256706231287147,0.021901329454331164,0.025013408866620214
datasets/processed_data/euro-daily-hist_1999_2024_14052024.csv,19,<timecave.validation_methods.prequential.GrowingWindow object at 0x1553fc488040>,2,LSTM,8.023356832262735e-05,0.006986451607113796,0.008957319259835912
datasets/processed_data/euro-daily-hist_1999_2024_14052024.csv,19,<timecave.validation_methods.prequential.GrowingWindow object at 0x1553fc488040>,3,LSTM,0.0002358841054859178,0.013856387500036328,0.0153585189873867
datasets/processed_data/euro-daily-hist_1999_2024_14052024.csv,19,<timecave.validation_methods.prequential.GrowingWindow object at 0x1553fc488be0>,0,LSTM,0.0008564104411549302,0.02479365363729568,0.02926449113097527
datasets/processed_data/euro-daily-hist_1999_2024_14052024.csv,19,<timecave.validation_methods.prequential.GrowingWindow object at 0x1553fc488be0>,1,LSTM,0.0005686427321055926,0.022071749682835172,0.023846230983230715
datasets/processed_data/euro-daily-hist_1999_2024_14052024.csv,19,<timecave.validation_methods.prequential.GrowingWindow object at 0x1553fc488be0>,2,LSTM,9.364670971086437e-05,0.007535840167272657,0.009677123007943237
datasets/processed_data/euro-daily-hist_1999_2024_14052024.csv,19,<timecave.validation_methods.prequential.RollingWindow object at 0x1553fc488610>,0,LSTM,0.0009537591354650701,0.02684811905724662,0.030882991038192368
datasets/processed_data/euro-daily-hist_1999_2024_14052024.csv,19,<timecave.validation_methods.prequential.RollingWindow object at 0x1553fc488610>,1,LSTM,0.00020475677356320771,0.010728868188040596,0.014309324706750061
datasets/processed_data/euro-daily-hist_1999_2024_14052024.csv,19,<timecave.validation_methods.prequential.RollingWindow object at 0x1553fc488610>,2,LSTM,0.0001517140480113749,0.009651997853597008,0.012317225662111372
datasets/processed_data/euro-daily-hist_1999_2024_14052024.csv,19,<timecave.validation_methods.prequential.RollingWindow object at 0x1553fc488610>,3,LSTM,0.0001086569554203856,0.007935728096371605,0.010423864706546493
datasets/processed_data/euro-daily-hist_1999_2024_14052024.csv,19,<timecave.validation_methods.prequential.RollingWindow object at 0x1553fc4886a0>,0,LSTM,0.0008564104411549302,0.02479365363729568,0.02926449113097527
datasets/processed_data/euro-daily-hist_1999_2024_14052024.csv,19,<timecave.validation_methods.prequential.RollingWindow object at 0x1553fc4886a0>,1,LSTM,0.00011504624102238145,0.008275042500995458,0.010725961076863064
datasets/processed_data/euro-daily-hist_1999_2024_14052024.csv,19,<timecave.validation_methods.prequential.RollingWindow object at 0x1553fc4886a0>,2,LSTM,0.00041070503919407906,0.017879808198838006,0.020265858955249814
datasets/processed_data/euro-daily-hist_1999_2024_14052024.csv,19,<timecave.validation_methods.CV.BlockCV object at 0x1553fc488b80>,0,LSTM,0.00034486124891589415,0.01551231201317197,0.01857044019176428
datasets/processed_data/euro-daily-hist_1999_2024_14052024.csv,19,<timecave.validation_methods.CV.BlockCV object at 0x1553fc488b80>,1,LSTM,0.00011506252563136475,0.008526190362839465,0.010726720171206329
datasets/processed_data/euro-daily-hist_1999_2024_14052024.csv,19,<timecave.validation_methods.CV.BlockCV object at 0x1553fc488b80>,2,LSTM,0.0002585525182463485,0.013239201766786127,0.016079568347637584
datasets/processed_data/euro-daily-hist_1999_2024_14052024.csv,19,<timecave.validation_methods.CV.BlockCV object at 0x1553fc488b80>,3,LSTM,9.631084316140044e-05,0.008014533455076673,0.009813808799920673
datasets/processed_data/euro-daily-hist_1999_2024_14052024.csv,19,<timecave.validation_methods.CV.BlockCV object at 0x1553fc488b80>,4,LSTM,0.0002358841054859178,0.013856387500036328,0.0153585189873867
datasets/processed_data/euro-daily-hist_1999_2024_14052024.csv,19,<timecave.validation_methods.CV.AdaptedhvBlockCV object at 0x1553fc488190>,0,LSTM,0.00017536393156668102,0.01038777388236636,0.013242504731608784
datasets/processed_data/euro-daily-hist_1999_2024_14052024.csv,19,<timecave.validation_methods.CV.AdaptedhvBlockCV object at 0x1553fc488190>,1,LSTM,0.000146092729151963,0.009536506876264297,0.012086882524123538
datasets/processed_data/euro-daily-hist_1999_2024_14052024.csv,19,<timecave.validation_methods.CV.AdaptedhvBlockCV object at 0x1553fc488190>,2,LSTM,0.00014785360858237022,0.009100003066289997,0.012159506921843921
datasets/processed_data/euro-daily-hist_1999_2024_14052024.csv,19,<timecave.validation_methods.CV.AdaptedhvBlockCV object at 0x1553fc488190>,3,LSTM,8.38427299316161e-05,0.0070295021689278725,0.009156567584614668
datasets/processed_data/euro-daily-hist_1999_2024_14052024.csv,19,<timecave.validation_methods.CV.AdaptedhvBlockCV object at 0x1553fc488190>,4,LSTM,8.117377909987304e-05,0.007232095337640674,0.009009649221799539
datasets/processed_data/euro-daily-hist_1999_2024_14052024.csv,19,<timecave.validation_methods.markov.MarkovCV object at 0x155426db81c0>,0,LSTM,0.0013364818393120038,0.02847867124531966,0.03655792443933331
datasets/processed_data/euro-daily-hist_1999_2024_14052024.csv,19,<timecave.validation_methods.markov.MarkovCV object at 0x155426db81c0>,1,LSTM,0.0012336378959529317,0.027669249113750273,0.03512318174586311
datasets/processed_data/euro-daily-hist_1999_2024_14052024.csv,19,<timecave.validation_methods.markov.MarkovCV object at 0x155426db81c0>,2,LSTM,0.0013256688254864287,0.02799159370305884,0.03640973531195233
datasets/processed_data/euro-daily-hist_1999_2024_14052024.csv,19,<timecave.validation_methods.markov.MarkovCV object at 0x155426db81c0>,3,LSTM,0.0013739432039132048,0.02830204324667586,0.03706673986086725
datasets/processed_data/euro-daily-hist_1999_2024_14052024.csv,19,<timecave.validation_methods.markov.MarkovCV object at 0x155426db81c0>,4,LSTM,0.0012497398310519798,0.027172986786562287,0.03535165952330922
datasets/processed_data/euro-daily-hist_1999_2024_14052024.csv,19,<timecave.validation_methods.markov.MarkovCV object at 0x155426db81c0>,5,LSTM,0.0014823579305561813,0.030600563076980242,0.03850140167001951
datasets/processed_data/euro-daily-hist_1999_2024_14052024.csv,19,<timecave.validation_methods.markov.MarkovCV object at 0x155426db81c0>,6,LSTM,0.0014490335274323673,0.029680706212712432,0.03806617300744018
datasets/processed_data/euro-daily-hist_1999_2024_14052024.csv,19,<timecave.validation_methods.markov.MarkovCV object at 0x155426db81c0>,7,LSTM,0.0013292376088536622,0.028422394730256116,0.0364587110147035
datasets/processed_data/euro-daily-hist_1999_2024_14052024.csv,19,<timecave.validation_methods.markov.MarkovCV object at 0x155426db81c0>,8,LSTM,0.0015734059054831446,0.03158725406624763,0.03966618087846553
datasets/processed_data/euro-daily-hist_1999_2024_14052024.csv,19,<timecave.validation_methods.markov.MarkovCV object at 0x155426db81c0>,9,LSTM,0.001684281108589566,0.032758684378713654,0.04103999401303034
datasets/processed_data/euro-daily-hist_1999_2024_14052024.csv,20,<timecave.validation_methods.OOS.Holdout object at 0x1553f046a8f0>,0,LSTM,0.105774785100702,0.20927149456686536,0.32523035697902186
datasets/processed_data/euro-daily-hist_1999_2024_14052024.csv,20,<timecave.validation_methods.OOS.RepeatedHoldout object at 0x155426db86a0>,0,LSTM,0.06348321702026025,0.18214550457578718,0.2519587605546992
datasets/processed_data/euro-daily-hist_1999_2024_14052024.csv,20,<timecave.validation_methods.OOS.RepeatedHoldout object at 0x155426db86a0>,1,LSTM,0.1237969564683813,0.22858063595328207,0.3518479166747777
datasets/processed_data/euro-daily-hist_1999_2024_14052024.csv,20,<timecave.validation_methods.OOS.RepeatedHoldout object at 0x155426db86a0>,2,LSTM,0.09054479279219763,0.20241129572851935,0.3009066180598187
datasets/processed_data/euro-daily-hist_1999_2024_14052024.csv,20,<timecave.validation_methods.OOS.RepeatedHoldout object at 0x155426db86a0>,3,LSTM,0.12405042179454545,0.2304521519325954,0.35220792409391566
datasets/processed_data/euro-daily-hist_1999_2024_14052024.csv,20,<timecave.validation_methods.prequential.GrowingWindow object at 0x155426dbb280>,0,LSTM,164.00136591273062,12.671516799159459,12.806301804687044
datasets/processed_data/euro-daily-hist_1999_2024_14052024.csv,20,<timecave.validation_methods.prequential.GrowingWindow object at 0x155426dbb280>,1,LSTM,2.6455086218055044,1.1503613784354076,1.626501958746286
datasets/processed_data/euro-daily-hist_1999_2024_14052024.csv,20,<timecave.validation_methods.prequential.GrowingWindow object at 0x155426dbb280>,2,LSTM,0.06104689861414128,0.19060589454287566,0.24707670593186498
datasets/processed_data/euro-daily-hist_1999_2024_14052024.csv,20,<timecave.validation_methods.prequential.GrowingWindow object at 0x155426dbb280>,3,LSTM,0.13205479174517515,0.23769417247953867,0.3633934393259944
datasets/processed_data/euro-daily-hist_1999_2024_14052024.csv,20,<timecave.validation_methods.prequential.GrowingWindow object at 0x155426db9600>,0,LSTM,101.97522403891021,9.503811348440989,10.098278271017799
datasets/processed_data/euro-daily-hist_1999_2024_14052024.csv,20,<timecave.validation_methods.prequential.GrowingWindow object at 0x155426db9600>,1,LSTM,0.3216845832363741,0.4598123399135044,0.5671724457661657
datasets/processed_data/euro-daily-hist_1999_2024_14052024.csv,20,<timecave.validation_methods.prequential.GrowingWindow object at 0x155426db9600>,2,LSTM,0.10131636506834106,0.23337009934198288,0.3183023170954636
datasets/processed_data/euro-daily-hist_1999_2024_14052024.csv,20,<timecave.validation_methods.prequential.RollingWindow object at 0x155426db8490>,0,LSTM,164.00136591273062,12.671516799159459,12.806301804687044
datasets/processed_data/euro-daily-hist_1999_2024_14052024.csv,20,<timecave.validation_methods.prequential.RollingWindow object at 0x155426db8490>,1,LSTM,40.46840081644974,5.428210888003395,6.36147787989943
datasets/processed_data/euro-daily-hist_1999_2024_14052024.csv,20,<timecave.validation_methods.prequential.RollingWindow object at 0x155426db8490>,2,LSTM,10.210044770547373,2.6664890643601185,3.1953160673941747
datasets/processed_data/euro-daily-hist_1999_2024_14052024.csv,20,<timecave.validation_methods.prequential.RollingWindow object at 0x155426db8490>,3,LSTM,3.0808324998575265,1.5279905855305986,1.7552300418627544
datasets/processed_data/euro-daily-hist_1999_2024_14052024.csv,20,<timecave.validation_methods.prequential.RollingWindow object at 0x155426db8b80>,0,LSTM,101.97522403891021,9.503811348440989,10.098278271017799
datasets/processed_data/euro-daily-hist_1999_2024_14052024.csv,20,<timecave.validation_methods.prequential.RollingWindow object at 0x155426db8b80>,1,LSTM,6.070361359534862,1.9819394747779482,2.4638103335149117
datasets/processed_data/euro-daily-hist_1999_2024_14052024.csv,20,<timecave.validation_methods.prequential.RollingWindow object at 0x155426db8b80>,2,LSTM,1.9524496572946883,1.0390965882219587,1.3973008470958173
datasets/processed_data/euro-daily-hist_1999_2024_14052024.csv,20,<timecave.validation_methods.CV.BlockCV object at 0x155426db8b50>,0,LSTM,0.14130100983297814,0.2858214363025484,0.3759002658059424
datasets/processed_data/euro-daily-hist_1999_2024_14052024.csv,20,<timecave.validation_methods.CV.BlockCV object at 0x155426db8b50>,1,LSTM,2.4115121520415097,1.1013787524937222,1.552904424631957
datasets/processed_data/euro-daily-hist_1999_2024_14052024.csv,20,<timecave.validation_methods.CV.BlockCV object at 0x155426db8b50>,2,LSTM,0.4698306864525782,0.4339848078845796,0.6854419643212533
datasets/processed_data/euro-daily-hist_1999_2024_14052024.csv,20,<timecave.validation_methods.CV.BlockCV object at 0x155426db8b50>,3,LSTM,0.0523621227147565,0.17515193254743291,0.22882771404433622
datasets/processed_data/euro-daily-hist_1999_2024_14052024.csv,20,<timecave.validation_methods.CV.BlockCV object at 0x155426db8b50>,4,LSTM,0.13205479174517515,0.23769417247953867,0.3633934393259944
datasets/processed_data/euro-daily-hist_1999_2024_14052024.csv,20,<timecave.validation_methods.CV.AdaptedhvBlockCV object at 0x155426db8df0>,0,LSTM,0.12330244420937704,0.26934174694824226,0.3511444776860047
datasets/processed_data/euro-daily-hist_1999_2024_14052024.csv,20,<timecave.validation_methods.CV.AdaptedhvBlockCV object at 0x155426db8df0>,1,LSTM,2.4423683652564137,1.1119191835995628,1.5628078465558117
datasets/processed_data/euro-daily-hist_1999_2024_14052024.csv,20,<timecave.validation_methods.CV.AdaptedhvBlockCV object at 0x155426db8df0>,2,LSTM,0.46155573976446473,0.42568022952125184,0.6793789367977673
datasets/processed_data/euro-daily-hist_1999_2024_14052024.csv,20,<timecave.validation_methods.CV.AdaptedhvBlockCV object at 0x155426db8df0>,3,LSTM,0.05274617326111939,0.17490961544945116,0.22966535058889356
datasets/processed_data/euro-daily-hist_1999_2024_14052024.csv,20,<timecave.validation_methods.CV.AdaptedhvBlockCV object at 0x155426db8df0>,4,LSTM,0.06688173404562915,0.1994763444882347,0.2586150305872208
datasets/processed_data/euro-daily-hist_1999_2024_14052024.csv,20,<timecave.validation_methods.markov.MarkovCV object at 0x1553f457c8e0>,0,LSTM,285.77672767822133,16.304549606871742,16.904932051866442
datasets/processed_data/euro-daily-hist_1999_2024_14052024.csv,20,<timecave.validation_methods.markov.MarkovCV object at 0x1553f457c8e0>,1,LSTM,286.1184185102292,16.31006206005089,16.915035279603444
datasets/processed_data/euro-daily-hist_1999_2024_14052024.csv,20,<timecave.validation_methods.markov.MarkovCV object at 0x1553f457c8e0>,2,LSTM,286.56388317754636,16.32310161980782,16.928197871526265
datasets/processed_data/euro-daily-hist_1999_2024_14052024.csv,20,<timecave.validation_methods.markov.MarkovCV object at 0x1553f457c8e0>,3,LSTM,285.96442257022613,16.30521233378715,16.910482623811365
datasets/processed_data/euro-daily-hist_1999_2024_14052024.csv,20,<timecave.validation_methods.markov.MarkovCV object at 0x1553f457c8e0>,4,LSTM,285.0568446406839,16.27648398211986,16.88362652514808
datasets/processed_data/euro-daily-hist_1999_2024_14052024.csv,20,<timecave.validation_methods.markov.MarkovCV object at 0x1553f457c8e0>,5,LSTM,286.47238664118623,16.318953865534656,16.925495166794565
datasets/processed_data/euro-daily-hist_1999_2024_14052024.csv,20,<timecave.validation_methods.markov.MarkovCV object at 0x1553f457c8e0>,6,LSTM,285.5107654998532,16.291544915186854,16.897063812978075
datasets/processed_data/euro-daily-hist_1999_2024_14052024.csv,20,<timecave.validation_methods.markov.MarkovCV object at 0x1553f457c8e0>,7,LSTM,284.8975088572855,16.271819701185645,16.87890721750924
datasets/processed_data/euro-daily-hist_1999_2024_14052024.csv,20,<timecave.validation_methods.markov.MarkovCV object at 0x1553f457c8e0>,8,LSTM,285.565220646831,16.290362061976104,16.898675115133464
datasets/processed_data/euro-daily-hist_1999_2024_14052024.csv,20,<timecave.validation_methods.markov.MarkovCV object at 0x1553f457c8e0>,9,LSTM,285.466439958656,16.28930889274612,16.89575212764013
datasets/processed_data/euro-daily-hist_1999_2024_14052024.csv,21,<timecave.validation_methods.OOS.Holdout object at 0x1553f2ff89d0>,0,LSTM,1.1488279882873709,0.5887017745096572,1.0718339368985155
datasets/processed_data/euro-daily-hist_1999_2024_14052024.csv,21,<timecave.validation_methods.OOS.RepeatedHoldout object at 0x1553f4567e20>,0,LSTM,1.0845448019503485,0.5665312122240382,1.0414148078217194
datasets/processed_data/euro-daily-hist_1999_2024_14052024.csv,21,<timecave.validation_methods.OOS.RepeatedHoldout object at 0x1553f4567e20>,1,LSTM,0.8577457001840224,0.49168694207032654,0.9261456150001588
datasets/processed_data/euro-daily-hist_1999_2024_14052024.csv,21,<timecave.validation_methods.OOS.RepeatedHoldout object at 0x1553f4567e20>,2,LSTM,1.149778617072467,0.5912627239475287,1.0722773041860334
datasets/processed_data/euro-daily-hist_1999_2024_14052024.csv,21,<timecave.validation_methods.OOS.RepeatedHoldout object at 0x1553f4567e20>,3,LSTM,0.8307192716422857,0.48145919503953066,0.9114380240270238
datasets/processed_data/euro-daily-hist_1999_2024_14052024.csv,21,<timecave.validation_methods.prequential.GrowingWindow object at 0x1553f4567d90>,0,LSTM,0.000619988092590402,0.018293236875443233,0.024899560088290754
datasets/processed_data/euro-daily-hist_1999_2024_14052024.csv,21,<timecave.validation_methods.prequential.GrowingWindow object at 0x1553f4567d90>,1,LSTM,0.0007563534481335555,0.020412273198808943,0.02750188081083829
datasets/processed_data/euro-daily-hist_1999_2024_14052024.csv,21,<timecave.validation_methods.prequential.GrowingWindow object at 0x1553f4567d90>,2,LSTM,0.005995093523379267,0.06101634355490549,0.0774279892763545
datasets/processed_data/euro-daily-hist_1999_2024_14052024.csv,21,<timecave.validation_methods.prequential.GrowingWindow object at 0x1553f4567d90>,3,LSTM,0.9889653198260521,0.5866788355611166,0.9944673548317471
datasets/processed_data/euro-daily-hist_1999_2024_14052024.csv,21,<timecave.validation_methods.prequential.GrowingWindow object at 0x1553f4567490>,0,LSTM,0.002671525776923365,0.04283087546176002,0.051686804669309604
datasets/processed_data/euro-daily-hist_1999_2024_14052024.csv,21,<timecave.validation_methods.prequential.GrowingWindow object at 0x1553f4567490>,1,LSTM,0.019198155064140625,0.11546404205649241,0.13855740710673184
datasets/processed_data/euro-daily-hist_1999_2024_14052024.csv,21,<timecave.validation_methods.prequential.GrowingWindow object at 0x1553f4567490>,2,LSTM,2.1739242683273874,1.0223341835534232,1.474423368075597
datasets/processed_data/euro-daily-hist_1999_2024_14052024.csv,21,<timecave.validation_methods.prequential.RollingWindow object at 0x1553f4567850>,0,LSTM,0.000619988092590402,0.018293236875443233,0.024899560088290754
datasets/processed_data/euro-daily-hist_1999_2024_14052024.csv,21,<timecave.validation_methods.prequential.RollingWindow object at 0x1553f4567850>,1,LSTM,0.0010153632780573222,0.023829484215690973,0.031864765463711205
datasets/processed_data/euro-daily-hist_1999_2024_14052024.csv,21,<timecave.validation_methods.prequential.RollingWindow object at 0x1553f4567850>,2,LSTM,0.014375126849019265,0.0904493781869071,0.11989631707862951
datasets/processed_data/euro-daily-hist_1999_2024_14052024.csv,21,<timecave.validation_methods.prequential.RollingWindow object at 0x1553f4567850>,3,LSTM,1.6181728721207698,0.7830343346673876,1.2720742400193354
datasets/processed_data/euro-daily-hist_1999_2024_14052024.csv,21,<timecave.validation_methods.prequential.RollingWindow object at 0x1553f4567e80>,0,LSTM,0.002671525776923365,0.04283087546176002,0.051686804669309604
datasets/processed_data/euro-daily-hist_1999_2024_14052024.csv,21,<timecave.validation_methods.prequential.RollingWindow object at 0x1553f4567e80>,1,LSTM,0.035141823069962705,0.1567122348436628,0.18746152423887602
datasets/processed_data/euro-daily-hist_1999_2024_14052024.csv,21,<timecave.validation_methods.prequential.RollingWindow object at 0x1553f4567e80>,2,LSTM,3.0670736865272707,1.2805483407487417,1.7513062800456323
datasets/processed_data/euro-daily-hist_1999_2024_14052024.csv,21,<timecave.validation_methods.CV.BlockCV object at 0x1553f45677f0>,0,LSTM,0.024671095108168176,0.12001128124046326,0.15707035082461673
datasets/processed_data/euro-daily-hist_1999_2024_14052024.csv,21,<timecave.validation_methods.CV.BlockCV object at 0x1553f45677f0>,1,LSTM,0.00045173753854677403,0.01647137739871797,0.021254118155001726
datasets/processed_data/euro-daily-hist_1999_2024_14052024.csv,21,<timecave.validation_methods.CV.BlockCV object at 0x1553f45677f0>,2,LSTM,0.00040754441713785884,0.013490462741851807,0.020187729370532457
datasets/processed_data/euro-daily-hist_1999_2024_14052024.csv,21,<timecave.validation_methods.CV.BlockCV object at 0x1553f45677f0>,3,LSTM,0.0006373100508548229,0.0207497727185204,0.02524500051207809
datasets/processed_data/euro-daily-hist_1999_2024_14052024.csv,21,<timecave.validation_methods.CV.BlockCV object at 0x1553f45677f0>,4,LSTM,0.9889653198260521,0.5866788355611166,0.9944673548317471
datasets/processed_data/euro-daily-hist_1999_2024_14052024.csv,21,<timecave.validation_methods.CV.AdaptedhvBlockCV object at 0x1553f4567190>,0,LSTM,0.03275808655015911,0.14974284760853224,0.18099195161707912
datasets/processed_data/euro-daily-hist_1999_2024_14052024.csv,21,<timecave.validation_methods.CV.AdaptedhvBlockCV object at 0x1553f4567190>,1,LSTM,0.0009696242446381137,0.028022831775120327,0.03113879003169702
datasets/processed_data/euro-daily-hist_1999_2024_14052024.csv,21,<timecave.validation_methods.CV.AdaptedhvBlockCV object at 0x1553f4567190>,2,LSTM,0.0015079874417660015,0.034851486815861296,0.03883281398206936
datasets/processed_data/euro-daily-hist_1999_2024_14052024.csv,21,<timecave.validation_methods.CV.AdaptedhvBlockCV object at 0x1553f4567190>,3,LSTM,0.00040933292007496575,0.015465717110406781,0.020231977660994136
datasets/processed_data/euro-daily-hist_1999_2024_14052024.csv,21,<timecave.validation_methods.CV.AdaptedhvBlockCV object at 0x1553f4567190>,4,LSTM,0.9708054923480256,0.5702208582298642,0.9852946221044879
datasets/processed_data/euro-daily-hist_1999_2024_14052024.csv,21,<timecave.validation_methods.markov.MarkovCV object at 0x1553f67740d0>,0,LSTM,0.01560559023351994,0.07619262838181301,0.12492233680779406
datasets/processed_data/euro-daily-hist_1999_2024_14052024.csv,21,<timecave.validation_methods.markov.MarkovCV object at 0x1553f67740d0>,1,LSTM,0.014179143268327312,0.06846102856130945,0.11907620781804949
datasets/processed_data/euro-daily-hist_1999_2024_14052024.csv,21,<timecave.validation_methods.markov.MarkovCV object at 0x1553f67740d0>,2,LSTM,0.015048955695771506,0.07379714785149989,0.12267418512373134
datasets/processed_data/euro-daily-hist_1999_2024_14052024.csv,21,<timecave.validation_methods.markov.MarkovCV object at 0x1553f67740d0>,3,LSTM,0.019964360299281447,0.07373549066100477,0.14129529468202912
datasets/processed_data/euro-daily-hist_1999_2024_14052024.csv,21,<timecave.validation_methods.markov.MarkovCV object at 0x1553f67740d0>,4,LSTM,0.01417287246072544,0.07022878161309548,0.11904987383750325
datasets/processed_data/euro-daily-hist_1999_2024_14052024.csv,21,<timecave.validation_methods.markov.MarkovCV object at 0x1553f67740d0>,5,LSTM,0.017414298234222414,0.0811663901943287,0.1319632457702614
datasets/processed_data/euro-daily-hist_1999_2024_14052024.csv,21,<timecave.validation_methods.markov.MarkovCV object at 0x1553f67740d0>,6,LSTM,0.01778636225677732,0.07240450792540995,0.13336552124435055
datasets/processed_data/euro-daily-hist_1999_2024_14052024.csv,21,<timecave.validation_methods.markov.MarkovCV object at 0x1553f67740d0>,7,LSTM,0.015454199014069438,0.07803389946425165,0.12431491871078643
datasets/processed_data/euro-daily-hist_1999_2024_14052024.csv,21,<timecave.validation_methods.markov.MarkovCV object at 0x1553f67740d0>,8,LSTM,0.01698857964595936,0.0816911651356893,0.13034024568781263
datasets/processed_data/euro-daily-hist_1999_2024_14052024.csv,21,<timecave.validation_methods.markov.MarkovCV object at 0x1553f67740d0>,9,LSTM,0.019894485303008608,0.08814290794639808,0.141047812117057
datasets/processed_data/euro-daily-hist_1999_2024_14052024.csv,22,<timecave.validation_methods.OOS.Holdout object at 0x1553eebb7400>,0,LSTM,0.00013152788467113265,0.009869210138550577,0.011468560706171138
datasets/processed_data/euro-daily-hist_1999_2024_14052024.csv,22,<timecave.validation_methods.OOS.RepeatedHoldout object at 0x1553f6ec8340>,0,LSTM,0.00017317063022575998,0.011651227994398638,0.013159431227289423
datasets/processed_data/euro-daily-hist_1999_2024_14052024.csv,22,<timecave.validation_methods.OOS.RepeatedHoldout object at 0x1553f6ec8340>,1,LSTM,0.00015935170569672514,0.011008119325270117,0.012623458547352431
datasets/processed_data/euro-daily-hist_1999_2024_14052024.csv,22,<timecave.validation_methods.OOS.RepeatedHoldout object at 0x1553f6ec8340>,2,LSTM,8.478200453665099e-05,0.007476998390188029,0.009207714403512469
datasets/processed_data/euro-daily-hist_1999_2024_14052024.csv,22,<timecave.validation_methods.OOS.RepeatedHoldout object at 0x1553f6ec8340>,3,LSTM,0.00013604066174396594,0.010050560376682617,0.011663647017291202
datasets/processed_data/euro-daily-hist_1999_2024_14052024.csv,22,<timecave.validation_methods.prequential.GrowingWindow object at 0x1553f6ec8760>,0,LSTM,0.0002507592477825222,0.013015161862509596,0.015835379622305308
datasets/processed_data/euro-daily-hist_1999_2024_14052024.csv,22,<timecave.validation_methods.prequential.GrowingWindow object at 0x1553f6ec8760>,1,LSTM,0.00023782772264488493,0.011780971084049768,0.01542166406860443
datasets/processed_data/euro-daily-hist_1999_2024_14052024.csv,22,<timecave.validation_methods.prequential.GrowingWindow object at 0x1553f6ec8760>,2,LSTM,0.0001265083326431129,0.009419468746366951,0.011247592304271742
datasets/processed_data/euro-daily-hist_1999_2024_14052024.csv,22,<timecave.validation_methods.prequential.GrowingWindow object at 0x1553f6ec8760>,3,LSTM,7.800542753466848e-05,0.006963759525662375,0.008832068134625575
datasets/processed_data/euro-daily-hist_1999_2024_14052024.csv,22,<timecave.validation_methods.prequential.GrowingWindow object at 0x1553f6ec8fa0>,0,LSTM,0.0018695222994008999,0.0375857433222816,0.04323797288727699
datasets/processed_data/euro-daily-hist_1999_2024_14052024.csv,22,<timecave.validation_methods.prequential.GrowingWindow object at 0x1553f6ec8fa0>,1,LSTM,0.0001728835703304187,0.010710331397646957,0.013148519701107753
datasets/processed_data/euro-daily-hist_1999_2024_14052024.csv,22,<timecave.validation_methods.prequential.GrowingWindow object at 0x1553f6ec8fa0>,2,LSTM,0.00011429044262990101,0.008804154408772785,0.01069067082225905
datasets/processed_data/euro-daily-hist_1999_2024_14052024.csv,22,<timecave.validation_methods.prequential.RollingWindow object at 0x1553f6ecace0>,0,LSTM,0.0002507592477825222,0.013015161862509596,0.015835379622305308
datasets/processed_data/euro-daily-hist_1999_2024_14052024.csv,22,<timecave.validation_methods.prequential.RollingWindow object at 0x1553f6ecace0>,1,LSTM,0.0003406781485180699,0.014272052919660296,0.018457468637873124
datasets/processed_data/euro-daily-hist_1999_2024_14052024.csv,22,<timecave.validation_methods.prequential.RollingWindow object at 0x1553f6ecace0>,2,LSTM,0.00011567905487952542,0.008287016968681702,0.01075541979094844
datasets/processed_data/euro-daily-hist_1999_2024_14052024.csv,22,<timecave.validation_methods.prequential.RollingWindow object at 0x1553f6ecace0>,3,LSTM,0.00018995424490061098,0.01129561182548886,0.013782388940260357
datasets/processed_data/euro-daily-hist_1999_2024_14052024.csv,22,<timecave.validation_methods.prequential.RollingWindow object at 0x1553f6ec8490>,0,LSTM,0.0018695222994008999,0.0375857433222816,0.04323797288727699
datasets/processed_data/euro-daily-hist_1999_2024_14052024.csv,22,<timecave.validation_methods.prequential.RollingWindow object at 0x1553f6ec8490>,1,LSTM,0.00011610571294213911,0.008244503954206195,0.010775236096816585
datasets/processed_data/euro-daily-hist_1999_2024_14052024.csv,22,<timecave.validation_methods.prequential.RollingWindow object at 0x1553f6ec8490>,2,LSTM,0.0001083986654707093,0.008106343800317673,0.010411467978662246
datasets/processed_data/euro-daily-hist_1999_2024_14052024.csv,22,<timecave.validation_methods.CV.BlockCV object at 0x1553f6ec9fc0>,0,LSTM,0.00012214659412774598,0.009280051903043474,0.011051995029303352
datasets/processed_data/euro-daily-hist_1999_2024_14052024.csv,22,<timecave.validation_methods.CV.BlockCV object at 0x1553f6ec9fc0>,1,LSTM,6.694506636215595e-05,0.006461585851033526,0.008181996477764823
datasets/processed_data/euro-daily-hist_1999_2024_14052024.csv,22,<timecave.validation_methods.CV.BlockCV object at 0x1553f6ec9fc0>,2,LSTM,0.00015768720280696287,0.009579017538161502,0.012557356521456372
datasets/processed_data/euro-daily-hist_1999_2024_14052024.csv,22,<timecave.validation_methods.CV.BlockCV object at 0x1553f6ec9fc0>,3,LSTM,7.487964749480975e-05,0.006905741950625463,0.008653302692891874
datasets/processed_data/euro-daily-hist_1999_2024_14052024.csv,22,<timecave.validation_methods.CV.BlockCV object at 0x1553f6ec9fc0>,4,LSTM,7.800542753466848e-05,0.006963759525662375,0.008832068134625575
datasets/processed_data/euro-daily-hist_1999_2024_14052024.csv,22,<timecave.validation_methods.CV.AdaptedhvBlockCV object at 0x1553f6ecab00>,0,LSTM,6.490798746537423e-05,0.006386816077459426,0.008056549352258337
datasets/processed_data/euro-daily-hist_1999_2024_14052024.csv,22,<timecave.validation_methods.CV.AdaptedhvBlockCV object at 0x1553f6ecab00>,1,LSTM,6.772753527823902e-05,0.006524246733347575,0.008229674068773259
datasets/processed_data/euro-daily-hist_1999_2024_14052024.csv,22,<timecave.validation_methods.CV.AdaptedhvBlockCV object at 0x1553f6ecab00>,2,LSTM,0.0001632253884436369,0.009821915431613011,0.012775969178251679
datasets/processed_data/euro-daily-hist_1999_2024_14052024.csv,22,<timecave.validation_methods.CV.AdaptedhvBlockCV object at 0x1553f6ecab00>,3,LSTM,0.00017424896476085703,0.011521051621573308,0.01320033956990717
datasets/processed_data/euro-daily-hist_1999_2024_14052024.csv,22,<timecave.validation_methods.CV.AdaptedhvBlockCV object at 0x1553f6ecab00>,4,LSTM,0.00017891684583046496,0.011891423107692171,0.013375980182045163
datasets/processed_data/euro-daily-hist_1999_2024_14052024.csv,22,<timecave.validation_methods.markov.MarkovCV object at 0x1553e6453610>,0,LSTM,0.0013898434147628386,0.02994810580022021,0.037280603733883366
datasets/processed_data/euro-daily-hist_1999_2024_14052024.csv,22,<timecave.validation_methods.markov.MarkovCV object at 0x1553e6453610>,1,LSTM,0.0012255262280857176,0.02765764362962478,0.03500751673691977
datasets/processed_data/euro-daily-hist_1999_2024_14052024.csv,22,<timecave.validation_methods.markov.MarkovCV object at 0x1553e6453610>,2,LSTM,0.0010889611774516973,0.02592494225229016,0.0329994117743286
datasets/processed_data/euro-daily-hist_1999_2024_14052024.csv,22,<timecave.validation_methods.markov.MarkovCV object at 0x1553e6453610>,3,LSTM,0.0010607480096475014,0.025163151556310416,0.03256912663317058
datasets/processed_data/euro-daily-hist_1999_2024_14052024.csv,22,<timecave.validation_methods.markov.MarkovCV object at 0x1553e6453610>,4,LSTM,0.0009901544904800264,0.024261975705738032,0.03146672036422014
datasets/processed_data/euro-daily-hist_1999_2024_14052024.csv,22,<timecave.validation_methods.markov.MarkovCV object at 0x1553e6453610>,5,LSTM,0.0010700562985579457,0.0254569015615769,0.03271171500484109
datasets/processed_data/euro-daily-hist_1999_2024_14052024.csv,22,<timecave.validation_methods.markov.MarkovCV object at 0x1553e6453610>,6,LSTM,0.0016377568363663438,0.03305687107930238,0.040469208496909645
datasets/processed_data/euro-daily-hist_1999_2024_14052024.csv,22,<timecave.validation_methods.markov.MarkovCV object at 0x1553e6453610>,7,LSTM,0.0012080849293742977,0.027311560458298165,0.03475751615657105
datasets/processed_data/euro-daily-hist_1999_2024_14052024.csv,22,<timecave.validation_methods.markov.MarkovCV object at 0x1553e6453610>,8,LSTM,0.0010983167390664452,0.025708931468956305,0.033140862074883405
datasets/processed_data/euro-daily-hist_1999_2024_14052024.csv,22,<timecave.validation_methods.markov.MarkovCV object at 0x1553e6453610>,9,LSTM,0.00122939883924485,0.027271499374411614,0.03506278424832874
datasets/processed_data/euro-daily-hist_1999_2024_14052024.csv,23,<timecave.validation_methods.OOS.Holdout object at 0x1553e1529960>,0,LSTM,2.7901861105815224,1.3055761198210623,1.6703850186653144
datasets/processed_data/euro-daily-hist_1999_2024_14052024.csv,23,<timecave.validation_methods.OOS.RepeatedHoldout object at 0x1553f6e4bd30>,0,LSTM,2.4208656976788134,1.2219582453464877,1.555913139503235
datasets/processed_data/euro-daily-hist_1999_2024_14052024.csv,23,<timecave.validation_methods.OOS.RepeatedHoldout object at 0x1553f6e4bd30>,1,LSTM,0.7595273421248075,0.5637920712503084,0.8715086586631298
datasets/processed_data/euro-daily-hist_1999_2024_14052024.csv,23,<timecave.validation_methods.OOS.RepeatedHoldout object at 0x1553f6e4bd30>,2,LSTM,2.748896948211187,1.291096993923248,1.6579797791924928
datasets/processed_data/euro-daily-hist_1999_2024_14052024.csv,23,<timecave.validation_methods.OOS.RepeatedHoldout object at 0x1553f6e4bd30>,3,LSTM,0.7116368163417781,0.5387916751119745,0.8435856899816272
datasets/processed_data/euro-daily-hist_1999_2024_14052024.csv,23,<timecave.validation_methods.prequential.GrowingWindow object at 0x1553f6e49bd0>,0,LSTM,0.012701822542219895,0.0812896431368873,0.11270236262927187
datasets/processed_data/euro-daily-hist_1999_2024_14052024.csv,23,<timecave.validation_methods.prequential.GrowingWindow object at 0x1553f6e49bd0>,1,LSTM,0.8745598049041124,0.5789361514456612,0.9351790229170629
datasets/processed_data/euro-daily-hist_1999_2024_14052024.csv,23,<timecave.validation_methods.prequential.GrowingWindow object at 0x1553f6e49bd0>,2,LSTM,0.19986994202862043,0.28441015631394156,0.4470681626202211
datasets/processed_data/euro-daily-hist_1999_2024_14052024.csv,23,<timecave.validation_methods.prequential.GrowingWindow object at 0x1553f6e49bd0>,3,LSTM,0.8407808112609213,0.6254844603315082,0.9169410075140719
datasets/processed_data/euro-daily-hist_1999_2024_14052024.csv,23,<timecave.validation_methods.prequential.GrowingWindow object at 0x1553f6e481c0>,0,LSTM,1.0661732181828198,0.6587736634550548,1.0325566416341623
datasets/processed_data/euro-daily-hist_1999_2024_14052024.csv,23,<timecave.validation_methods.prequential.GrowingWindow object at 0x1553f6e481c0>,1,LSTM,4.524945272279227,1.5478196474769228,2.127191874815064
datasets/processed_data/euro-daily-hist_1999_2024_14052024.csv,23,<timecave.validation_methods.prequential.GrowingWindow object at 0x1553f6e481c0>,2,LSTM,4.106728504080337,1.739890675955636,2.02650647768033
datasets/processed_data/euro-daily-hist_1999_2024_14052024.csv,23,<timecave.validation_methods.prequential.RollingWindow object at 0x1553f6e4b9a0>,0,LSTM,0.012701822542219895,0.0812896431368873,0.11270236262927187
datasets/processed_data/euro-daily-hist_1999_2024_14052024.csv,23,<timecave.validation_methods.prequential.RollingWindow object at 0x1553f6e4b9a0>,1,LSTM,2.5859039029033686,1.154985413689023,1.6080745949437074
datasets/processed_data/euro-daily-hist_1999_2024_14052024.csv,23,<timecave.validation_methods.prequential.RollingWindow object at 0x1553f6e4b9a0>,2,LSTM,0.5151849482172767,0.4639186307809013,0.717763852682257
datasets/processed_data/euro-daily-hist_1999_2024_14052024.csv,23,<timecave.validation_methods.prequential.RollingWindow object at 0x1553f6e4b9a0>,3,LSTM,1.6603825087896253,0.9734860149347215,1.288558306321303
datasets/processed_data/euro-daily-hist_1999_2024_14052024.csv,23,<timecave.validation_methods.prequential.RollingWindow object at 0x1553f6e49e40>,0,LSTM,1.0661732181828198,0.6587736634550548,1.0325566416341623
datasets/processed_data/euro-daily-hist_1999_2024_14052024.csv,23,<timecave.validation_methods.prequential.RollingWindow object at 0x1553f6e49e40>,1,LSTM,9.504829793482564,2.4690866883428666,3.082990397890101
datasets/processed_data/euro-daily-hist_1999_2024_14052024.csv,23,<timecave.validation_methods.prequential.RollingWindow object at 0x1553f6e49e40>,2,LSTM,6.389020205366716,2.270130058024089,2.527651124140101
datasets/processed_data/euro-daily-hist_1999_2024_14052024.csv,23,<timecave.validation_methods.CV.BlockCV object at 0x1553f6e49f90>,0,LSTM,0.021266863009612908,0.11272875919596353,0.1458316255467685
datasets/processed_data/euro-daily-hist_1999_2024_14052024.csv,23,<timecave.validation_methods.CV.BlockCV object at 0x1553f6e49f90>,1,LSTM,0.007989629292320638,0.06715656071399505,0.08938472628095159
datasets/processed_data/euro-daily-hist_1999_2024_14052024.csv,23,<timecave.validation_methods.CV.BlockCV object at 0x1553f6e49f90>,2,LSTM,0.017194889318435835,0.08663787524995352,0.1311292847476712
datasets/processed_data/euro-daily-hist_1999_2024_14052024.csv,23,<timecave.validation_methods.CV.BlockCV object at 0x1553f6e49f90>,3,LSTM,0.012813356879159986,0.08669178325108118,0.11319609922236713
datasets/processed_data/euro-daily-hist_1999_2024_14052024.csv,23,<timecave.validation_methods.CV.BlockCV object at 0x1553f6e49f90>,4,LSTM,0.8407808112609213,0.6254844603315082,0.9169410075140719
datasets/processed_data/euro-daily-hist_1999_2024_14052024.csv,23,<timecave.validation_methods.CV.AdaptedhvBlockCV object at 0x1553f6e4bdc0>,0,LSTM,0.029423036993742838,0.13972084812709262,0.17153144607838772
datasets/processed_data/euro-daily-hist_1999_2024_14052024.csv,23,<timecave.validation_methods.CV.AdaptedhvBlockCV object at 0x1553f6e4bdc0>,1,LSTM,0.010353191783156706,0.07681843843732561,0.10175063529608405
datasets/processed_data/euro-daily-hist_1999_2024_14052024.csv,23,<timecave.validation_methods.CV.AdaptedhvBlockCV object at 0x1553f6e4bdc0>,2,LSTM,0.018289798643919337,0.09239470171973821,0.13523978203146933
datasets/processed_data/euro-daily-hist_1999_2024_14052024.csv,23,<timecave.validation_methods.CV.AdaptedhvBlockCV object at 0x1553f6e4bdc0>,3,LSTM,0.01458434200095309,0.09340943346005395,0.12076564909341186
datasets/processed_data/euro-daily-hist_1999_2024_14052024.csv,23,<timecave.validation_methods.CV.AdaptedhvBlockCV object at 0x1553f6e4bdc0>,4,LSTM,0.8836283278977967,0.6630191336640857,0.9400150679099759
datasets/processed_data/euro-daily-hist_1999_2024_14052024.csv,23,<timecave.validation_methods.markov.MarkovCV object at 0x1553e0859c90>,0,LSTM,0.4317320623752362,0.3996906234070175,0.6570632103346193
datasets/processed_data/euro-daily-hist_1999_2024_14052024.csv,23,<timecave.validation_methods.markov.MarkovCV object at 0x1553e0859c90>,1,LSTM,0.41181111368347423,0.3952232287857318,0.641725107568244
datasets/processed_data/euro-daily-hist_1999_2024_14052024.csv,23,<timecave.validation_methods.markov.MarkovCV object at 0x1553e0859c90>,2,LSTM,0.4223205266494775,0.4056200128467938,0.649861928912194
datasets/processed_data/euro-daily-hist_1999_2024_14052024.csv,23,<timecave.validation_methods.markov.MarkovCV object at 0x1553e0859c90>,3,LSTM,0.43388145099498443,0.4297520267887735,0.6586967822868003
datasets/processed_data/euro-daily-hist_1999_2024_14052024.csv,23,<timecave.validation_methods.markov.MarkovCV object at 0x1553e0859c90>,4,LSTM,0.42354030048200275,0.421885061220839,0.6507997391532996
datasets/processed_data/euro-daily-hist_1999_2024_14052024.csv,23,<timecave.validation_methods.markov.MarkovCV object at 0x1553e0859c90>,5,LSTM,0.4209394466981533,0.40713984811506193,0.6487984638531085
datasets/processed_data/euro-daily-hist_1999_2024_14052024.csv,23,<timecave.validation_methods.markov.MarkovCV object at 0x1553e0859c90>,6,LSTM,0.4324457713912875,0.4125638735219436,0.6576060913581074
datasets/processed_data/euro-daily-hist_1999_2024_14052024.csv,23,<timecave.validation_methods.markov.MarkovCV object at 0x1553e0859c90>,7,LSTM,0.40036301038662453,0.39377551669819183,0.632742451860648
datasets/processed_data/euro-daily-hist_1999_2024_14052024.csv,23,<timecave.validation_methods.markov.MarkovCV object at 0x1553e0859c90>,8,LSTM,0.43880760007620234,0.4110547216389779,0.6624255430432935
datasets/processed_data/euro-daily-hist_1999_2024_14052024.csv,23,<timecave.validation_methods.markov.MarkovCV object at 0x1553e0859c90>,9,LSTM,0.4177511617980756,0.39994189009565767,0.6463367247790238
datasets/processed_data/kalimati_tarkari_dataset_12052024.csv,0,<timecave.validation_methods.OOS.Holdout object at 0x1553e18ddea0>,0,LSTM,2897.8122017656683,45.77511734186217,53.831331042114016
datasets/processed_data/kalimati_tarkari_dataset_12052024.csv,0,<timecave.validation_methods.OOS.RepeatedHoldout object at 0x1553e085b490>,0,LSTM,3240.7885528487936,48.839121441508446,56.92792419233986
datasets/processed_data/kalimati_tarkari_dataset_12052024.csv,0,<timecave.validation_methods.OOS.RepeatedHoldout object at 0x1553e085b490>,1,LSTM,2941.755383148562,46.00946296061071,54.23795150214066
datasets/processed_data/kalimati_tarkari_dataset_12052024.csv,0,<timecave.validation_methods.OOS.RepeatedHoldout object at 0x1553e085b490>,2,LSTM,3105.8537762302353,47.58814331696038,55.7301872976418
datasets/processed_data/kalimati_tarkari_dataset_12052024.csv,0,<timecave.validation_methods.OOS.RepeatedHoldout object at 0x1553e085b490>,3,LSTM,3212.8880857099916,48.55360780223723,56.68234368575449
datasets/processed_data/kalimati_tarkari_dataset_12052024.csv,0,<timecave.validation_methods.prequential.GrowingWindow object at 0x1553e085aaa0>,0,LSTM,7210.720705815369,82.49124929315413,84.91596260901345
datasets/processed_data/kalimati_tarkari_dataset_12052024.csv,0,<timecave.validation_methods.prequential.GrowingWindow object at 0x1553e085aaa0>,1,LSTM,3769.83499244019,59.982491090469864,61.39898201468971
datasets/processed_data/kalimati_tarkari_dataset_12052024.csv,0,<timecave.validation_methods.prequential.GrowingWindow object at 0x1553e085aaa0>,2,LSTM,1614.0270201234737,39.18887271505477,40.17495513530132
datasets/processed_data/kalimati_tarkari_dataset_12052024.csv,0,<timecave.validation_methods.prequential.GrowingWindow object at 0x1553e085aaa0>,3,LSTM,3417.4934672746467,50.43275091058577,58.45933173818057
datasets/processed_data/kalimati_tarkari_dataset_12052024.csv,0,<timecave.validation_methods.prequential.GrowingWindow object at 0x1553e085ad70>,0,LSTM,6453.791196401537,79.25819069760112,80.33549151154511
datasets/processed_data/kalimati_tarkari_dataset_12052024.csv,0,<timecave.validation_methods.prequential.GrowingWindow object at 0x1553e085ad70>,1,LSTM,3200.8003760396705,55.879712837269324,56.57561644418619
datasets/processed_data/kalimati_tarkari_dataset_12052024.csv,0,<timecave.validation_methods.prequential.GrowingWindow object at 0x1553e085ad70>,2,LSTM,5030.10892084793,64.46766460593993,70.92326078831915
datasets/processed_data/kalimati_tarkari_dataset_12052024.csv,0,<timecave.validation_methods.prequential.RollingWindow object at 0x1553e085abc0>,0,LSTM,7210.720705815369,82.49124929315413,84.91596260901345
datasets/processed_data/kalimati_tarkari_dataset_12052024.csv,0,<timecave.validation_methods.prequential.RollingWindow object at 0x1553e085abc0>,1,LSTM,6519.557541818193,79.67197644840967,80.74377710894007
datasets/processed_data/kalimati_tarkari_dataset_12052024.csv,0,<timecave.validation_methods.prequential.RollingWindow object at 0x1553e085abc0>,2,LSTM,5802.050588774019,75.65575693577071,76.17119264376802
datasets/processed_data/kalimati_tarkari_dataset_12052024.csv,0,<timecave.validation_methods.prequential.RollingWindow object at 0x1553e085abc0>,3,LSTM,11102.709839267693,101.13689930120756,105.36939707176697
datasets/processed_data/kalimati_tarkari_dataset_12052024.csv,0,<timecave.validation_methods.prequential.RollingWindow object at 0x1553e085b340>,0,LSTM,6453.791196401537,79.25819069760112,80.33549151154511
datasets/processed_data/kalimati_tarkari_dataset_12052024.csv,0,<timecave.validation_methods.prequential.RollingWindow object at 0x1553e085b340>,1,LSTM,5788.9641311683,75.56922294900507,76.08524253209882
datasets/processed_data/kalimati_tarkari_dataset_12052024.csv,0,<timecave.validation_methods.prequential.RollingWindow object at 0x1553e085b340>,2,LSTM,11061.784924165866,100.93442027469693,105.17502043815283
datasets/processed_data/kalimati_tarkari_dataset_12052024.csv,0,<timecave.validation_methods.CV.BlockCV object at 0x1553e085b700>,0,LSTM,3784.884788585069,47.86232819203206,61.52141731612715
datasets/processed_data/kalimati_tarkari_dataset_12052024.csv,0,<timecave.validation_methods.CV.BlockCV object at 0x1553e085b700>,1,LSTM,1407.8734094404506,31.83231707683538,37.5216392157972
datasets/processed_data/kalimati_tarkari_dataset_12052024.csv,0,<timecave.validation_methods.CV.BlockCV object at 0x1553e085b700>,2,LSTM,966.6553583583045,28.190730205510846,31.09108165307705
datasets/processed_data/kalimati_tarkari_dataset_12052024.csv,0,<timecave.validation_methods.CV.BlockCV object at 0x1553e085b700>,3,LSTM,649.5951213882946,23.90262678885095,25.48715600823863
datasets/processed_data/kalimati_tarkari_dataset_12052024.csv,0,<timecave.validation_methods.CV.BlockCV object at 0x1553e085b700>,4,LSTM,3417.4934672746467,50.43275091058577,58.45933173818057
datasets/processed_data/kalimati_tarkari_dataset_12052024.csv,0,<timecave.validation_methods.CV.AdaptedhvBlockCV object at 0x1553e085b520>,0,LSTM,3784.9466493053915,47.86296314755902,61.52192007167357
datasets/processed_data/kalimati_tarkari_dataset_12052024.csv,0,<timecave.validation_methods.CV.AdaptedhvBlockCV object at 0x1553e085b520>,1,LSTM,1406.1480904588948,31.807080892817456,37.4986411815001
datasets/processed_data/kalimati_tarkari_dataset_12052024.csv,0,<timecave.validation_methods.CV.AdaptedhvBlockCV object at 0x1553e085b520>,2,LSTM,966.690863572562,28.191360056269872,31.091652634952712
datasets/processed_data/kalimati_tarkari_dataset_12052024.csv,0,<timecave.validation_methods.CV.AdaptedhvBlockCV object at 0x1553e085b520>,3,LSTM,649.7734252297229,23.90635851436423,25.490653683845043
datasets/processed_data/kalimati_tarkari_dataset_12052024.csv,0,<timecave.validation_methods.CV.AdaptedhvBlockCV object at 0x1553e085b520>,4,LSTM,3434.0129890917083,50.59625973691043,58.60045212361171
datasets/processed_data/kalimati_tarkari_dataset_12052024.csv,0,<timecave.validation_methods.markov.MarkovCV object at 0x1553e085b010>,0,LSTM,10867.394654828056,100.22693812743478,104.2467968564409
datasets/processed_data/kalimati_tarkari_dataset_12052024.csv,0,<timecave.validation_methods.markov.MarkovCV object at 0x1553e085b010>,1,LSTM,10375.015594860419,98.41478394004456,101.85782048944705
datasets/processed_data/kalimati_tarkari_dataset_12052024.csv,0,<timecave.validation_methods.markov.MarkovCV object at 0x1553e085b010>,2,LSTM,10400.675652773873,98.70094647345604,101.98370287832205
datasets/processed_data/kalimati_tarkari_dataset_12052024.csv,0,<timecave.validation_methods.markov.MarkovCV object at 0x1553e085b010>,3,LSTM,10341.822857821247,98.2894889043725,101.69475334461089
datasets/processed_data/kalimati_tarkari_dataset_12052024.csv,0,<timecave.validation_methods.markov.MarkovCV object at 0x1553e085b010>,4,LSTM,10605.878827236822,99.48463460561392,102.98484756136129
datasets/processed_data/kalimati_tarkari_dataset_12052024.csv,0,<timecave.validation_methods.markov.MarkovCV object at 0x1553e085b010>,5,LSTM,10385.591028486158,98.42779841215714,101.90971999022545
datasets/processed_data/kalimati_tarkari_dataset_12052024.csv,0,<timecave.validation_methods.markov.MarkovCV object at 0x1553e085b010>,6,LSTM,10595.763041691573,99.46265208184182,102.93572286476436
datasets/processed_data/kalimati_tarkari_dataset_12052024.csv,0,<timecave.validation_methods.markov.MarkovCV object at 0x1553e085b010>,7,LSTM,10769.301345527285,99.8442212434093,103.77524437710221
datasets/processed_data/kalimati_tarkari_dataset_12052024.csv,0,<timecave.validation_methods.markov.MarkovCV object at 0x1553e085b010>,8,LSTM,10527.608417568405,99.20123239465661,102.60413450523524
datasets/processed_data/kalimati_tarkari_dataset_12052024.csv,0,<timecave.validation_methods.markov.MarkovCV object at 0x1553e085b010>,9,LSTM,10540.827944792438,99.08992306820981,102.66853434617852
