filename,column_index,method,iteration,model,mse,mae,rmse
datasets/synthetic_data/s2.csv,200,<timecave.validation_methods.OOS.Holdout object at 0x00000250F01029C0>,0,Tree,1.8503378056562287,1.0972434721560806,1.3602712250342681
datasets/synthetic_data/s2.csv,200,<timecave.validation_methods.OOS.Holdout object at 0x00000250F01029C0>,0,ARMA,1.2181919002759027,0.9032955231663612,1.103717309946665
datasets/synthetic_data/s2.csv,200,<timecave.validation_methods.OOS.Repeated_Holdout object at 0x00000250F25E6FF0>,0,Tree,2.162967850766992,1.1318739422448383,1.4707031824154704
datasets/synthetic_data/s2.csv,200,<timecave.validation_methods.OOS.Repeated_Holdout object at 0x00000250F25E6FF0>,0,ARMA,0.9233177122307903,0.7746191601154514,0.9608942253082752
datasets/synthetic_data/s2.csv,200,<timecave.validation_methods.OOS.Repeated_Holdout object at 0x00000250F25E6FF0>,1,Tree,2.551345245848674,1.3047544226234966,1.59729309954331
datasets/synthetic_data/s2.csv,200,<timecave.validation_methods.OOS.Repeated_Holdout object at 0x00000250F25E6FF0>,1,ARMA,1.0000073670782779,0.8231285528511624,1.0000036835323547
datasets/synthetic_data/s2.csv,200,<timecave.validation_methods.OOS.Repeated_Holdout object at 0x00000250F25E6FF0>,2,Tree,1.4468390985379032,0.9113604378210368,1.2028462489187481
datasets/synthetic_data/s2.csv,200,<timecave.validation_methods.OOS.Repeated_Holdout object at 0x00000250F25E6FF0>,2,ARMA,0.9590432874843695,0.805587020367984,0.979307555104304
datasets/synthetic_data/s2.csv,200,<timecave.validation_methods.OOS.Repeated_Holdout object at 0x00000250F25E6FF0>,3,Tree,2.0859566039569324,1.166799297553605,1.4442841146938272
datasets/synthetic_data/s2.csv,200,<timecave.validation_methods.OOS.Repeated_Holdout object at 0x00000250F25E6FF0>,3,ARMA,1.2181919002759027,0.9032955231663612,1.103717309946665
datasets/synthetic_data/s2.csv,200,<timecave.validation_methods.prequential.Growing_Window object at 0x00000250CB37BEC0>,0,Tree,2.068000523566615,1.1764909308888138,1.4380544230197323
datasets/synthetic_data/s2.csv,200,<timecave.validation_methods.prequential.Growing_Window object at 0x00000250CB37BEC0>,0,ARMA,0.9740419661358183,0.778802785304811,0.9869356443739471
datasets/synthetic_data/s2.csv,200,<timecave.validation_methods.prequential.Growing_Window object at 0x00000250CB37BEC0>,1,Tree,2.853545964556986,1.4160521445879468,1.6892441992077363
datasets/synthetic_data/s2.csv,200,<timecave.validation_methods.prequential.Growing_Window object at 0x00000250CB37BEC0>,1,ARMA,2.530492234836104,1.268236142602504,1.590752097228259
datasets/synthetic_data/s2.csv,200,<timecave.validation_methods.prequential.Growing_Window object at 0x00000250CB37BEC0>,2,Tree,3.411748205995551,1.4508757352035422,1.8470918239209309
datasets/synthetic_data/s2.csv,200,<timecave.validation_methods.prequential.Growing_Window object at 0x00000250CB37BEC0>,2,ARMA,1.9808945055118856,1.1464846549028,1.4074425407496698
datasets/synthetic_data/s2.csv,200,<timecave.validation_methods.prequential.Growing_Window object at 0x00000250CB37BEC0>,3,Tree,1.9577024529179183,1.1876938135217676,1.3991792068630517
datasets/synthetic_data/s2.csv,200,<timecave.validation_methods.prequential.Growing_Window object at 0x00000250CB37BEC0>,3,ARMA,1.0041767099001309,0.8314777027810444,1.002086178878908
datasets/synthetic_data/s2.csv,200,<timecave.validation_methods.prequential.Growing_Window object at 0x00000250F25290A0>,0,Tree,3.5228126762557617,1.5294261687807373,1.876915734990722
datasets/synthetic_data/s2.csv,200,<timecave.validation_methods.prequential.Growing_Window object at 0x00000250F25290A0>,0,ARMA,2.8394041769636225,1.3288820114466366,1.6850531673996587
datasets/synthetic_data/s2.csv,200,<timecave.validation_methods.prequential.Growing_Window object at 0x00000250F25290A0>,1,Tree,2.9360931187419115,1.3026737580399088,1.7135031715003948
datasets/synthetic_data/s2.csv,200,<timecave.validation_methods.prequential.Growing_Window object at 0x00000250F25290A0>,1,ARMA,1.9130741146424897,1.1154172157707511,1.3831392246055672
datasets/synthetic_data/s2.csv,200,<timecave.validation_methods.prequential.Growing_Window object at 0x00000250F25290A0>,2,Tree,2.7465279614021627,1.2450762345448576,1.6572652055124317
datasets/synthetic_data/s2.csv,200,<timecave.validation_methods.prequential.Growing_Window object at 0x00000250F25290A0>,2,ARMA,1.0858720340850117,0.8596795469281542,1.0420518384826216
datasets/synthetic_data/s2.csv,200,<timecave.validation_methods.prequential.Rolling_Window object at 0x00000250F043E000>,0,Tree,2.382935277469755,1.323561858984213,1.5436758978068406
datasets/synthetic_data/s2.csv,200,<timecave.validation_methods.prequential.Rolling_Window object at 0x00000250F043E000>,0,ARMA,0.9740419661358183,0.778802785304811,0.9869356443739471
datasets/synthetic_data/s2.csv,200,<timecave.validation_methods.prequential.Rolling_Window object at 0x00000250F043E000>,1,Tree,3.2676752355427174,1.5720655020203422,1.8076712188732544
datasets/synthetic_data/s2.csv,200,<timecave.validation_methods.prequential.Rolling_Window object at 0x00000250F043E000>,1,ARMA,2.5562669108374187,1.2809928195908509,1.5988329840347362
datasets/synthetic_data/s2.csv,200,<timecave.validation_methods.prequential.Rolling_Window object at 0x00000250F043E000>,2,Tree,2.1147313953541444,1.1732451024959067,1.4542116061131352
datasets/synthetic_data/s2.csv,200,<timecave.validation_methods.prequential.Rolling_Window object at 0x00000250F043E000>,2,ARMA,2.000171793760795,1.1581385136771845,1.414274299335456
datasets/synthetic_data/s2.csv,200,<timecave.validation_methods.prequential.Rolling_Window object at 0x00000250F043E000>,3,Tree,3.486094474612266,1.6216705886829192,1.8671085867223325
datasets/synthetic_data/s2.csv,200,<timecave.validation_methods.prequential.Rolling_Window object at 0x00000250F043E000>,3,ARMA,1.0270290756198908,0.8457343300201007,1.0134244301475521
datasets/synthetic_data/s2.csv,200,<timecave.validation_methods.prequential.Rolling_Window object at 0x00000250F0435010>,0,Tree,3.831235907525099,1.5871155919413937,1.9573543132312807
datasets/synthetic_data/s2.csv,200,<timecave.validation_methods.prequential.Rolling_Window object at 0x00000250F0435010>,0,ARMA,2.8394041769636225,1.3288820114466366,1.6850531673996587
datasets/synthetic_data/s2.csv,200,<timecave.validation_methods.prequential.Rolling_Window object at 0x00000250F0435010>,1,Tree,3.079499897335603,1.4047785865995739,1.754850391724492
datasets/synthetic_data/s2.csv,200,<timecave.validation_methods.prequential.Rolling_Window object at 0x00000250F0435010>,1,ARMA,1.952780477888006,1.1409038826601392,1.397419220523321
datasets/synthetic_data/s2.csv,200,<timecave.validation_methods.prequential.Rolling_Window object at 0x00000250F0435010>,2,Tree,2.305510042863515,1.2825053801559354,1.5183906094492006
datasets/synthetic_data/s2.csv,200,<timecave.validation_methods.prequential.Rolling_Window object at 0x00000250F0435010>,2,ARMA,1.1168448598399148,0.8742970811895385,1.0568088095014703
datasets/synthetic_data/s2.csv,200,<timecave.validation_methods.CV.Block_CV object at 0x00000250F25E44A0>,0,Tree,2.7608292133307457,1.3444716171044615,1.6615743177272408
datasets/synthetic_data/s2.csv,200,<timecave.validation_methods.CV.Block_CV object at 0x00000250F25E44A0>,0,ARMA,1.6689522346563646,1.0989877760664584,1.2918793421432067
datasets/synthetic_data/s2.csv,200,<timecave.validation_methods.CV.Block_CV object at 0x00000250F25E44A0>,1,Tree,2.5608575538052527,1.2429774684085655,1.6002679631253176
datasets/synthetic_data/s2.csv,200,<timecave.validation_methods.CV.Block_CV object at 0x00000250F25E44A0>,1,ARMA,1.034967607722714,0.8129129712931101,1.0173335774084693
datasets/synthetic_data/s2.csv,200,<timecave.validation_methods.CV.Block_CV object at 0x00000250F25E44A0>,2,Tree,2.883558398418988,1.3003753719846118,1.6981043543960976
datasets/synthetic_data/s2.csv,200,<timecave.validation_methods.CV.Block_CV object at 0x00000250F25E44A0>,2,ARMA,2.6419877332796022,1.286484664646923,1.625419248464716
datasets/synthetic_data/s2.csv,200,<timecave.validation_methods.CV.Block_CV object at 0x00000250F25E44A0>,3,Tree,4.798987443027999,1.6783291469975832,2.1906591343766832
datasets/synthetic_data/s2.csv,200,<timecave.validation_methods.CV.Block_CV object at 0x00000250F25E44A0>,3,ARMA,1.9372947394694755,1.1292487638714184,1.3918673569954414
datasets/synthetic_data/s2.csv,200,<timecave.validation_methods.CV.Block_CV object at 0x00000250F25E44A0>,4,Tree,1.7703486337583318,1.0529446577716957,1.330544487703561
datasets/synthetic_data/s2.csv,200,<timecave.validation_methods.CV.Block_CV object at 0x00000250F25E44A0>,4,ARMA,1.0041767099001309,0.8314777027810444,1.002086178878908
datasets/synthetic_data/s2.csv,200,<timecave.validation_methods.CV.AdaptedhvBlockCV object at 0x00000250F25E43E0>,0,Tree,3.1946275011071976,1.4301685165061846,1.787352092092433
datasets/synthetic_data/s2.csv,200,<timecave.validation_methods.CV.AdaptedhvBlockCV object at 0x00000250F25E43E0>,0,ARMA,1.6698974935746778,1.0998641558127917,1.292245136796683
datasets/synthetic_data/s2.csv,200,<timecave.validation_methods.CV.AdaptedhvBlockCV object at 0x00000250F25E43E0>,1,Tree,1.827266963785188,1.1047358905969824,1.3517643891541113
datasets/synthetic_data/s2.csv,200,<timecave.validation_methods.CV.AdaptedhvBlockCV object at 0x00000250F25E43E0>,1,ARMA,1.0186123878769895,0.7997347200264668,1.0092632896707328
datasets/synthetic_data/s2.csv,200,<timecave.validation_methods.CV.AdaptedhvBlockCV object at 0x00000250F25E43E0>,2,Tree,2.4899172563126957,1.2953060557166622,1.5779471652475237
datasets/synthetic_data/s2.csv,200,<timecave.validation_methods.CV.AdaptedhvBlockCV object at 0x00000250F25E43E0>,2,ARMA,2.6418853128382116,1.2858793975991871,1.6253877423058818
datasets/synthetic_data/s2.csv,200,<timecave.validation_methods.CV.AdaptedhvBlockCV object at 0x00000250F25E43E0>,3,Tree,3.131409428939677,1.421554504672662,1.7695788846331992
datasets/synthetic_data/s2.csv,200,<timecave.validation_methods.CV.AdaptedhvBlockCV object at 0x00000250F25E43E0>,3,ARMA,1.938489577526719,1.1271310695804169,1.3922965120715913
datasets/synthetic_data/s2.csv,200,<timecave.validation_methods.CV.AdaptedhvBlockCV object at 0x00000250F25E43E0>,4,Tree,2.425891457578893,1.2075749690998325,1.5575273537177101
datasets/synthetic_data/s2.csv,200,<timecave.validation_methods.CV.AdaptedhvBlockCV object at 0x00000250F25E43E0>,4,ARMA,1.0242927355922011,0.840226810471666,1.0120734832966434
datasets/synthetic_data/s2.csv,200,<timecave.validation_methods.markov.MarkovCV object at 0x00000250F2381100>,0,Tree,4.008513469530891,1.4979400157984408,2.0021272360993674
datasets/synthetic_data/s2.csv,200,<timecave.validation_methods.markov.MarkovCV object at 0x00000250F2381100>,0,ARMA,3.9253685333844457,1.4769273506847211,1.981254282868417
datasets/synthetic_data/s2.csv,200,<timecave.validation_methods.markov.MarkovCV object at 0x00000250F2381100>,1,Tree,3.001711122445572,1.4417934588740304,1.7325446956559512
datasets/synthetic_data/s2.csv,200,<timecave.validation_methods.markov.MarkovCV object at 0x00000250F2381100>,1,ARMA,2.243124168337453,1.3622190989332765,1.4977063024296362
datasets/synthetic_data/s2.csv,200,<timecave.validation_methods.markov.MarkovCV object at 0x00000250F2381100>,2,Tree,9.486989328249154,2.3564974961753955,3.080095668684522
datasets/synthetic_data/s2.csv,200,<timecave.validation_methods.markov.MarkovCV object at 0x00000250F2381100>,2,ARMA,2.1454199141879133,1.1717061716087156,1.4647252009124145
datasets/synthetic_data/s2.csv,200,<timecave.validation_methods.markov.MarkovCV object at 0x00000250F2381100>,3,Tree,2.134264835906392,1.2492669171621464,1.4609123299864342
datasets/synthetic_data/s2.csv,200,<timecave.validation_methods.markov.MarkovCV object at 0x00000250F2381100>,3,ARMA,1.6090503801321696,0.9194689801675483,1.2684834962001554
datasets/synthetic_data/s2.csv,200,<timecave.validation_methods.markov.MarkovCV object at 0x00000250F2381100>,4,Tree,3.119796320980176,1.3556916251597126,1.7662945170554587
datasets/synthetic_data/s2.csv,200,<timecave.validation_methods.markov.MarkovCV object at 0x00000250F2381100>,4,ARMA,2.045954810679306,1.1032251967979847,1.4303687673741012
datasets/synthetic_data/s2.csv,200,<timecave.validation_methods.markov.MarkovCV object at 0x00000250F2381100>,5,Tree,3.1084233971781488,1.3853941383661665,1.7630721474682052
datasets/synthetic_data/s2.csv,200,<timecave.validation_methods.markov.MarkovCV object at 0x00000250F2381100>,5,ARMA,1.4353867898666497,1.0080576710576619,1.1980762871648238
datasets/synthetic_data/s2.csv,200,<timecave.validation_methods.markov.MarkovCV object at 0x00000250F2381100>,6,Tree,5.155754282559479,1.88904012136802,2.2706286095615633
datasets/synthetic_data/s2.csv,200,<timecave.validation_methods.markov.MarkovCV object at 0x00000250F2381100>,6,ARMA,2.3309114059316487,1.2428602801079591,1.5267322639977348
datasets/synthetic_data/s2.csv,200,<timecave.validation_methods.markov.MarkovCV object at 0x00000250F2381100>,7,Tree,4.616721231052501,1.795666356004759,2.148655679966546
datasets/synthetic_data/s2.csv,200,<timecave.validation_methods.markov.MarkovCV object at 0x00000250F2381100>,7,ARMA,2.7944270959650113,1.4254161390565592,1.6716540000744804
datasets/synthetic_data/s2.csv,200,<timecave.validation_methods.markov.MarkovCV object at 0x00000250F2381100>,8,Tree,4.146973190737668,1.722003529265649,2.0364118421227246
datasets/synthetic_data/s2.csv,200,<timecave.validation_methods.markov.MarkovCV object at 0x00000250F2381100>,8,ARMA,1.2928724210571687,0.9215595772585936,1.1370454788869127
datasets/synthetic_data/s2.csv,200,<timecave.validation_methods.markov.MarkovCV object at 0x00000250F2381100>,9,Tree,3.636007466052311,1.5128998502906021,1.9068317875607987
datasets/synthetic_data/s2.csv,200,<timecave.validation_methods.markov.MarkovCV object at 0x00000250F2381100>,9,ARMA,2.2092329250726452,1.3529605717057283,1.4863488571236045
datasets/synthetic_data/s2.csv,201,<timecave.validation_methods.OOS.Holdout object at 0x00000250F2529280>,0,Tree,2.4331638691793547,1.3465963498670894,1.5598602082171833
datasets/synthetic_data/s2.csv,201,<timecave.validation_methods.OOS.Holdout object at 0x00000250F2529280>,0,ARMA,1.6470157233240414,1.047832098468067,1.2833611040249122
datasets/synthetic_data/s2.csv,201,<timecave.validation_methods.OOS.Repeated_Holdout object at 0x00000250F25E44D0>,0,Tree,2.50628797375633,1.2685759850109823,1.5831260132270994
datasets/synthetic_data/s2.csv,201,<timecave.validation_methods.OOS.Repeated_Holdout object at 0x00000250F25E44D0>,0,ARMA,1.7664663605020399,1.1156286442846417,1.3290847830375758
datasets/synthetic_data/s2.csv,201,<timecave.validation_methods.OOS.Repeated_Holdout object at 0x00000250F25E44D0>,1,Tree,2.597319542530545,1.3202445608631694,1.6116201607483525
datasets/synthetic_data/s2.csv,201,<timecave.validation_methods.OOS.Repeated_Holdout object at 0x00000250F25E44D0>,1,ARMA,1.8442811529013525,1.1435036170584185,1.3580431336674665
datasets/synthetic_data/s2.csv,201,<timecave.validation_methods.OOS.Repeated_Holdout object at 0x00000250F25E44D0>,2,Tree,3.4994557760036087,1.6455685920013163,1.8706832377512792
datasets/synthetic_data/s2.csv,201,<timecave.validation_methods.OOS.Repeated_Holdout object at 0x00000250F25E44D0>,2,ARMA,1.7700976678197116,1.1056152724868518,1.3304501748730433
datasets/synthetic_data/s2.csv,201,<timecave.validation_methods.OOS.Repeated_Holdout object at 0x00000250F25E44D0>,3,Tree,2.701655913758982,1.4282255472054808,1.643671473792431
datasets/synthetic_data/s2.csv,201,<timecave.validation_methods.OOS.Repeated_Holdout object at 0x00000250F25E44D0>,3,ARMA,1.6470157233240414,1.047832098468067,1.2833611040249122
datasets/synthetic_data/s2.csv,201,<timecave.validation_methods.prequential.Growing_Window object at 0x00000250F255B1D0>,0,Tree,2.284338860014108,1.2299130418851352,1.5114029442918615
datasets/synthetic_data/s2.csv,201,<timecave.validation_methods.prequential.Growing_Window object at 0x00000250F255B1D0>,0,ARMA,2.07345880292757,1.134047855789556,1.4399509724041197
datasets/synthetic_data/s2.csv,201,<timecave.validation_methods.prequential.Growing_Window object at 0x00000250F255B1D0>,1,Tree,2.280568778554876,1.2473490829952336,1.5101552167094865
datasets/synthetic_data/s2.csv,201,<timecave.validation_methods.prequential.Growing_Window object at 0x00000250F255B1D0>,1,ARMA,1.3266055939900974,0.9632577795302606,1.1517836576328462
datasets/synthetic_data/s2.csv,201,<timecave.validation_methods.prequential.Growing_Window object at 0x00000250F255B1D0>,2,Tree,1.5536202747409145,1.0307756900244225,1.2464430491365879
datasets/synthetic_data/s2.csv,201,<timecave.validation_methods.prequential.Growing_Window object at 0x00000250F255B1D0>,2,ARMA,1.492221369045737,0.983906779527202,1.2215651309061408
datasets/synthetic_data/s2.csv,201,<timecave.validation_methods.prequential.Growing_Window object at 0x00000250F255B1D0>,3,Tree,2.060950544766255,1.1654093870259312,1.4356011092104433
datasets/synthetic_data/s2.csv,201,<timecave.validation_methods.prequential.Growing_Window object at 0x00000250F255B1D0>,3,ARMA,1.8554077361605303,1.1374034397442143,1.3621335236167307
datasets/synthetic_data/s2.csv,201,<timecave.validation_methods.prequential.Growing_Window object at 0x00000250F2381190>,0,Tree,2.3216929919404294,1.198115619855857,1.523710271652859
datasets/synthetic_data/s2.csv,201,<timecave.validation_methods.prequential.Growing_Window object at 0x00000250F2381190>,0,ARMA,1.3134830658965786,0.9368292233037554,1.1460728885618832
datasets/synthetic_data/s2.csv,201,<timecave.validation_methods.prequential.Growing_Window object at 0x00000250F2381190>,1,Tree,1.7600378574198643,1.0342811249756196,1.3266641841173916
datasets/synthetic_data/s2.csv,201,<timecave.validation_methods.prequential.Growing_Window object at 0x00000250F2381190>,1,ARMA,1.4798385117357498,0.9786899015509245,1.2164861329812806
datasets/synthetic_data/s2.csv,201,<timecave.validation_methods.prequential.Growing_Window object at 0x00000250F2381190>,2,Tree,3.866291797792308,1.648897190700195,1.9662888388515833
datasets/synthetic_data/s2.csv,201,<timecave.validation_methods.prequential.Growing_Window object at 0x00000250F2381190>,2,ARMA,1.911720354652721,1.163583729893039,1.382649758490096
datasets/synthetic_data/s2.csv,201,<timecave.validation_methods.prequential.Rolling_Window object at 0x00000250F23DAE70>,0,Tree,2.2269333297653393,1.2530465279867253,1.492291301913048
datasets/synthetic_data/s2.csv,201,<timecave.validation_methods.prequential.Rolling_Window object at 0x00000250F23DAE70>,0,ARMA,2.07345880292757,1.134047855789556,1.4399509724041197
datasets/synthetic_data/s2.csv,201,<timecave.validation_methods.prequential.Rolling_Window object at 0x00000250F23DAE70>,1,Tree,4.999813716531195,1.9130818151053217,2.2360263228618744
datasets/synthetic_data/s2.csv,201,<timecave.validation_methods.prequential.Rolling_Window object at 0x00000250F23DAE70>,1,ARMA,1.2895715566995145,0.9412950112077767,1.135593041850607
datasets/synthetic_data/s2.csv,201,<timecave.validation_methods.prequential.Rolling_Window object at 0x00000250F23DAE70>,2,Tree,2.0978965327860575,1.0926266512424665,1.4484117276472384
datasets/synthetic_data/s2.csv,201,<timecave.validation_methods.prequential.Rolling_Window object at 0x00000250F23DAE70>,2,ARMA,1.5331830914412659,1.0004918267937315,1.2382177076109298
datasets/synthetic_data/s2.csv,201,<timecave.validation_methods.prequential.Rolling_Window object at 0x00000250F23DAE70>,3,Tree,3.121699643183768,1.502663386962158,1.7668332244962364
datasets/synthetic_data/s2.csv,201,<timecave.validation_methods.prequential.Rolling_Window object at 0x00000250F23DAE70>,3,ARMA,1.8305536958744488,1.1344733528421824,1.3529795622530478
datasets/synthetic_data/s2.csv,201,<timecave.validation_methods.prequential.Rolling_Window object at 0x00000250F22E70E0>,0,Tree,2.2146710657639397,1.15888422429308,1.488177094892923
datasets/synthetic_data/s2.csv,201,<timecave.validation_methods.prequential.Rolling_Window object at 0x00000250F22E70E0>,0,ARMA,1.3134830658965786,0.9368292233037554,1.1460728885618832
datasets/synthetic_data/s2.csv,201,<timecave.validation_methods.prequential.Rolling_Window object at 0x00000250F22E70E0>,1,Tree,3.434344594486952,1.463327441078597,1.8531984768197258
datasets/synthetic_data/s2.csv,201,<timecave.validation_methods.prequential.Rolling_Window object at 0x00000250F22E70E0>,1,ARMA,1.491062495313267,0.9819434478767539,1.2210906990528045
datasets/synthetic_data/s2.csv,201,<timecave.validation_methods.prequential.Rolling_Window object at 0x00000250F22E70E0>,2,Tree,3.5361716037942927,1.4851119843880287,1.880471112193509
datasets/synthetic_data/s2.csv,201,<timecave.validation_methods.prequential.Rolling_Window object at 0x00000250F22E70E0>,2,ARMA,1.9611905427708667,1.178243400647233,1.4004251292985521
datasets/synthetic_data/s2.csv,201,<timecave.validation_methods.CV.Block_CV object at 0x00000250F2632F60>,0,Tree,1.6633895505852367,1.0465173501993879,1.2897246026129907
datasets/synthetic_data/s2.csv,201,<timecave.validation_methods.CV.Block_CV object at 0x00000250F2632F60>,0,ARMA,0.8368792699217257,0.7381162629427293,0.9148110569520493
datasets/synthetic_data/s2.csv,201,<timecave.validation_methods.CV.Block_CV object at 0x00000250F2632F60>,1,Tree,3.0610387121370866,1.426541358136497,1.7495824393657724
datasets/synthetic_data/s2.csv,201,<timecave.validation_methods.CV.Block_CV object at 0x00000250F2632F60>,1,ARMA,1.9291047965740966,1.0737098786415125,1.388922170812352
datasets/synthetic_data/s2.csv,201,<timecave.validation_methods.CV.Block_CV object at 0x00000250F2632F60>,2,Tree,2.1769328122580216,1.2954728203903794,1.4754432595860885
datasets/synthetic_data/s2.csv,201,<timecave.validation_methods.CV.Block_CV object at 0x00000250F2632F60>,2,ARMA,1.2504893443719878,0.9232688019917921,1.1182528087923533
datasets/synthetic_data/s2.csv,201,<timecave.validation_methods.CV.Block_CV object at 0x00000250F2632F60>,3,Tree,2.2398846951086218,1.2758837425979206,1.496624433553262
datasets/synthetic_data/s2.csv,201,<timecave.validation_methods.CV.Block_CV object at 0x00000250F2632F60>,3,ARMA,1.5144686534476126,0.9853506928906816,1.230637498797925
datasets/synthetic_data/s2.csv,201,<timecave.validation_methods.CV.Block_CV object at 0x00000250F2632F60>,4,Tree,2.4137744362856814,1.2739361696365732,1.553632658090606
datasets/synthetic_data/s2.csv,201,<timecave.validation_methods.CV.Block_CV object at 0x00000250F2632F60>,4,ARMA,1.8554077361605303,1.1374034397442143,1.3621335236167307
datasets/synthetic_data/s2.csv,201,<timecave.validation_methods.CV.AdaptedhvBlockCV object at 0x00000250F2632E70>,0,Tree,1.872650662975173,1.1085626131225905,1.3684482682860806
datasets/synthetic_data/s2.csv,201,<timecave.validation_methods.CV.AdaptedhvBlockCV object at 0x00000250F2632E70>,0,ARMA,0.8419117923128275,0.7419977402104985,0.9175575144440961
datasets/synthetic_data/s2.csv,201,<timecave.validation_methods.CV.AdaptedhvBlockCV object at 0x00000250F2632E70>,1,Tree,2.7171289431321295,1.2863308857341933,1.6483716034717808
datasets/synthetic_data/s2.csv,201,<timecave.validation_methods.CV.AdaptedhvBlockCV object at 0x00000250F2632E70>,1,ARMA,1.9476057414213233,1.0759334861959475,1.3955664589769
datasets/synthetic_data/s2.csv,201,<timecave.validation_methods.CV.AdaptedhvBlockCV object at 0x00000250F2632E70>,2,Tree,2.7770246356313044,1.454497203233735,1.6664407087056246
datasets/synthetic_data/s2.csv,201,<timecave.validation_methods.CV.AdaptedhvBlockCV object at 0x00000250F2632E70>,2,ARMA,1.2536465002239299,0.9236037064442856,1.1196635656410054
datasets/synthetic_data/s2.csv,201,<timecave.validation_methods.CV.AdaptedhvBlockCV object at 0x00000250F2632E70>,3,Tree,2.622636557596553,1.3883236490545932,1.6194556361927772
datasets/synthetic_data/s2.csv,201,<timecave.validation_methods.CV.AdaptedhvBlockCV object at 0x00000250F2632E70>,3,ARMA,1.5227976216719865,0.9855525525193851,1.2340168644196021
datasets/synthetic_data/s2.csv,201,<timecave.validation_methods.CV.AdaptedhvBlockCV object at 0x00000250F2632E70>,4,Tree,2.1286740774863016,1.2225471334570233,1.4589976276493055
datasets/synthetic_data/s2.csv,201,<timecave.validation_methods.CV.AdaptedhvBlockCV object at 0x00000250F2632E70>,4,ARMA,1.8672681585343396,1.1512210070640716,1.3664802078824045
datasets/synthetic_data/s2.csv,201,<timecave.validation_methods.markov.MarkovCV object at 0x00000250F1CA2180>,0,Tree,3.2183935555959713,1.4326703082805514,1.7939881704169545
datasets/synthetic_data/s2.csv,201,<timecave.validation_methods.markov.MarkovCV object at 0x00000250F1CA2180>,0,ARMA,1.659355193634498,0.8568098856085142,1.2881596149679968
datasets/synthetic_data/s2.csv,201,<timecave.validation_methods.markov.MarkovCV object at 0x00000250F1CA2180>,1,Tree,2.631678373408122,1.3192533345742086,1.6222448561817424
datasets/synthetic_data/s2.csv,201,<timecave.validation_methods.markov.MarkovCV object at 0x00000250F1CA2180>,1,ARMA,2.3926907105321096,1.2737868745484695,1.5468324765572092
datasets/synthetic_data/s2.csv,201,<timecave.validation_methods.markov.MarkovCV object at 0x00000250F1CA2180>,2,Tree,2.1568460251930586,1.2243437822782652,1.4686204496714115
datasets/synthetic_data/s2.csv,201,<timecave.validation_methods.markov.MarkovCV object at 0x00000250F1CA2180>,2,ARMA,1.0552737280609237,0.8825509954486501,1.0272651693019303
datasets/synthetic_data/s2.csv,201,<timecave.validation_methods.markov.MarkovCV object at 0x00000250F1CA2180>,3,Tree,2.581087577135821,1.3323725802322106,1.6065763527252046
datasets/synthetic_data/s2.csv,201,<timecave.validation_methods.markov.MarkovCV object at 0x00000250F1CA2180>,3,ARMA,1.8488000524210304,1.0290124297873267,1.3597058698192894
datasets/synthetic_data/s2.csv,201,<timecave.validation_methods.markov.MarkovCV object at 0x00000250F1CA2180>,4,Tree,3.555017407749242,1.687974138245451,1.885475379778066
datasets/synthetic_data/s2.csv,201,<timecave.validation_methods.markov.MarkovCV object at 0x00000250F1CA2180>,4,ARMA,1.6138702043123094,1.0115220272159389,1.2703819127775353
datasets/synthetic_data/s2.csv,201,<timecave.validation_methods.markov.MarkovCV object at 0x00000250F1CA2180>,5,Tree,1.3695558202392886,0.9141711201589686,1.1702802314998269
datasets/synthetic_data/s2.csv,201,<timecave.validation_methods.markov.MarkovCV object at 0x00000250F1CA2180>,5,ARMA,1.1678371827564429,0.914988322593104,1.0806651575564203
datasets/synthetic_data/s2.csv,201,<timecave.validation_methods.markov.MarkovCV object at 0x00000250F1CA2180>,6,Tree,2.7929666653304657,1.4416979422282017,1.6712171209422388
datasets/synthetic_data/s2.csv,201,<timecave.validation_methods.markov.MarkovCV object at 0x00000250F1CA2180>,6,ARMA,2.769222284518933,1.3614002143261583,1.6640980393351026
datasets/synthetic_data/s2.csv,201,<timecave.validation_methods.markov.MarkovCV object at 0x00000250F1CA2180>,7,Tree,11.381489603597185,3.1029293331970114,3.3736463364729246
datasets/synthetic_data/s2.csv,201,<timecave.validation_methods.markov.MarkovCV object at 0x00000250F1CA2180>,7,ARMA,1.6450394725201058,1.113285777115909,1.2825909217361964
datasets/synthetic_data/s2.csv,201,<timecave.validation_methods.markov.MarkovCV object at 0x00000250F1CA2180>,8,Tree,3.5489224968902247,1.6794297097477233,1.8838584068050934
datasets/synthetic_data/s2.csv,201,<timecave.validation_methods.markov.MarkovCV object at 0x00000250F1CA2180>,8,ARMA,2.502773150708026,1.3629260859672077,1.5820155342815145
datasets/synthetic_data/s2.csv,201,<timecave.validation_methods.markov.MarkovCV object at 0x00000250F1CA2180>,9,Tree,3.266908849624812,1.6223537914454005,1.8074592248858097
datasets/synthetic_data/s2.csv,201,<timecave.validation_methods.markov.MarkovCV object at 0x00000250F1CA2180>,9,ARMA,1.3521559414244817,0.8791944611137251,1.1628224032174825
datasets/synthetic_data/s2.csv,202,<timecave.validation_methods.OOS.Holdout object at 0x00000250F26212E0>,0,Tree,2.556139431698758,1.2780036828529866,1.5987931172289798
datasets/synthetic_data/s2.csv,202,<timecave.validation_methods.OOS.Holdout object at 0x00000250F26212E0>,0,ARMA,2.629189788007996,1.2864690444278826,1.621477655722704
datasets/synthetic_data/s2.csv,202,<timecave.validation_methods.OOS.Repeated_Holdout object at 0x00000250F25E7500>,0,Tree,1.50671045820429,1.017841405554368,1.2274813473956703
datasets/synthetic_data/s2.csv,202,<timecave.validation_methods.OOS.Repeated_Holdout object at 0x00000250F25E7500>,0,ARMA,2.2281527622959363,1.2009456649213588,1.4926998232383952
datasets/synthetic_data/s2.csv,202,<timecave.validation_methods.OOS.Repeated_Holdout object at 0x00000250F25E7500>,1,Tree,2.9620496603747073,1.2975074873623744,1.7210606207727568
datasets/synthetic_data/s2.csv,202,<timecave.validation_methods.OOS.Repeated_Holdout object at 0x00000250F25E7500>,1,ARMA,2.3735254788248534,1.2341399815806133,1.5406250286246985
datasets/synthetic_data/s2.csv,202,<timecave.validation_methods.OOS.Repeated_Holdout object at 0x00000250F25E7500>,2,Tree,2.939957089840407,1.400304038498257,1.7146303070459261
datasets/synthetic_data/s2.csv,202,<timecave.validation_methods.OOS.Repeated_Holdout object at 0x00000250F25E7500>,2,ARMA,2.7085144238340146,1.3083120735001343,1.6457564898349983
datasets/synthetic_data/s2.csv,202,<timecave.validation_methods.OOS.Repeated_Holdout object at 0x00000250F25E7500>,3,Tree,3.2618520606850483,1.4732587943331863,1.8060598164748167
datasets/synthetic_data/s2.csv,202,<timecave.validation_methods.OOS.Repeated_Holdout object at 0x00000250F25E7500>,3,ARMA,2.629189788007996,1.2864690444278826,1.621477655722704
datasets/synthetic_data/s2.csv,202,<timecave.validation_methods.prequential.Growing_Window object at 0x00000250F25E7410>,0,Tree,2.924373634565901,1.2437277586554156,1.7100800082352583
datasets/synthetic_data/s2.csv,202,<timecave.validation_methods.prequential.Growing_Window object at 0x00000250F25E7410>,0,ARMA,1.7642177744377068,0.9742625849506191,1.3282385984595189
datasets/synthetic_data/s2.csv,202,<timecave.validation_methods.prequential.Growing_Window object at 0x00000250F25E7410>,1,Tree,1.6804900782934569,0.9754680235047812,1.2963371777024129
datasets/synthetic_data/s2.csv,202,<timecave.validation_methods.prequential.Growing_Window object at 0x00000250F25E7410>,1,ARMA,1.9703195881922428,1.211810332986607,1.4036807287243929
datasets/synthetic_data/s2.csv,202,<timecave.validation_methods.prequential.Growing_Window object at 0x00000250F25E7410>,2,Tree,4.544942964921335,1.6726481257787584,2.131887183910381
datasets/synthetic_data/s2.csv,202,<timecave.validation_methods.prequential.Growing_Window object at 0x00000250F25E7410>,2,ARMA,2.469499898217352,1.308802337672895,1.5714642529237985
datasets/synthetic_data/s2.csv,202,<timecave.validation_methods.prequential.Growing_Window object at 0x00000250F25E7410>,3,Tree,2.1508925738413684,1.145763164995724,1.466592163432414
datasets/synthetic_data/s2.csv,202,<timecave.validation_methods.prequential.Growing_Window object at 0x00000250F25E7410>,3,ARMA,2.440969437672207,1.2701599826090528,1.5623602138022483
datasets/synthetic_data/s2.csv,202,<timecave.validation_methods.prequential.Growing_Window object at 0x00000250F2631250>,0,Tree,2.1428248413649142,1.166885682943163,1.4638390763212035
datasets/synthetic_data/s2.csv,202,<timecave.validation_methods.prequential.Growing_Window object at 0x00000250F2631250>,0,ARMA,1.9619379772535426,1.2106990888595068,1.400691963728479
datasets/synthetic_data/s2.csv,202,<timecave.validation_methods.prequential.Growing_Window object at 0x00000250F2631250>,1,Tree,4.092681517203041,1.4829827173261516,2.023037695447873
datasets/synthetic_data/s2.csv,202,<timecave.validation_methods.prequential.Growing_Window object at 0x00000250F2631250>,1,ARMA,2.4706714812153105,1.301783815391596,1.571836976666254
datasets/synthetic_data/s2.csv,202,<timecave.validation_methods.prequential.Growing_Window object at 0x00000250F2631250>,2,Tree,3.186185717907896,1.524876295382838,1.7849889965789414
datasets/synthetic_data/s2.csv,202,<timecave.validation_methods.prequential.Growing_Window object at 0x00000250F2631250>,2,ARMA,2.4335102962760358,1.2603633530761331,1.559971248541471
datasets/synthetic_data/s2.csv,202,<timecave.validation_methods.prequential.Rolling_Window object at 0x00000250F26318B0>,0,Tree,2.100313995011146,1.0781955004189805,1.4492460091410104
datasets/synthetic_data/s2.csv,202,<timecave.validation_methods.prequential.Rolling_Window object at 0x00000250F26318B0>,0,ARMA,1.7642177744377068,0.9742625849506191,1.3282385984595189
datasets/synthetic_data/s2.csv,202,<timecave.validation_methods.prequential.Rolling_Window object at 0x00000250F26318B0>,1,Tree,1.647239573234354,1.071872900095037,1.2834483134253416
datasets/synthetic_data/s2.csv,202,<timecave.validation_methods.prequential.Rolling_Window object at 0x00000250F26318B0>,1,ARMA,1.9916173766826115,1.2165347314954749,1.411246745499387
datasets/synthetic_data/s2.csv,202,<timecave.validation_methods.prequential.Rolling_Window object at 0x00000250F26318B0>,2,Tree,3.228698929714082,1.4380806587519113,1.7968580716667863
datasets/synthetic_data/s2.csv,202,<timecave.validation_methods.prequential.Rolling_Window object at 0x00000250F26318B0>,2,ARMA,2.585623231460031,1.3473464091659835,1.6079873231652142
datasets/synthetic_data/s2.csv,202,<timecave.validation_methods.prequential.Rolling_Window object at 0x00000250F26318B0>,3,Tree,2.2613154286393886,1.1375319432122493,1.5037670792511015
datasets/synthetic_data/s2.csv,202,<timecave.validation_methods.prequential.Rolling_Window object at 0x00000250F26318B0>,3,ARMA,2.3837663808880207,1.2557198118415693,1.543945070554008
datasets/synthetic_data/s2.csv,202,<timecave.validation_methods.prequential.Rolling_Window object at 0x00000250F26310D0>,0,Tree,1.8407724362390672,1.093670858440301,1.3567506905246325
datasets/synthetic_data/s2.csv,202,<timecave.validation_methods.prequential.Rolling_Window object at 0x00000250F26310D0>,0,ARMA,1.9619379772535426,1.2106990888595068,1.400691963728479
datasets/synthetic_data/s2.csv,202,<timecave.validation_methods.prequential.Rolling_Window object at 0x00000250F26310D0>,1,Tree,4.450671421420265,1.730242789973191,2.109661447109527
datasets/synthetic_data/s2.csv,202,<timecave.validation_methods.prequential.Rolling_Window object at 0x00000250F26310D0>,1,ARMA,2.5415610549780343,1.33820398950655,1.5942274163299395
datasets/synthetic_data/s2.csv,202,<timecave.validation_methods.prequential.Rolling_Window object at 0x00000250F26310D0>,2,Tree,3.003969165726044,1.3476269041445774,1.7331962282805846
datasets/synthetic_data/s2.csv,202,<timecave.validation_methods.prequential.Rolling_Window object at 0x00000250F26310D0>,2,ARMA,2.6442994767997194,1.3037807177141838,1.626130215204096
datasets/synthetic_data/s2.csv,202,<timecave.validation_methods.CV.Block_CV object at 0x00000250F2631A60>,0,Tree,2.71582247974091,1.317068156667074,1.6479752667260847
datasets/synthetic_data/s2.csv,202,<timecave.validation_methods.CV.Block_CV object at 0x00000250F2631A60>,0,ARMA,1.9178988853768006,1.0804607800649284,1.3848822640848575
datasets/synthetic_data/s2.csv,202,<timecave.validation_methods.CV.Block_CV object at 0x00000250F2631A60>,1,Tree,1.7523799080040414,1.0103196049673957,1.3237748705894221
datasets/synthetic_data/s2.csv,202,<timecave.validation_methods.CV.Block_CV object at 0x00000250F2631A60>,1,ARMA,1.760362062315519,0.9811202088785693,1.3267863664944402
datasets/synthetic_data/s2.csv,202,<timecave.validation_methods.CV.Block_CV object at 0x00000250F2631A60>,2,Tree,3.079133747610376,1.5369050657082548,1.7547460635688503
datasets/synthetic_data/s2.csv,202,<timecave.validation_methods.CV.Block_CV object at 0x00000250F2631A60>,2,ARMA,1.9124067968150236,1.2025341674674308,1.3828979705007247
datasets/synthetic_data/s2.csv,202,<timecave.validation_methods.CV.Block_CV object at 0x00000250F2631A60>,3,Tree,4.775475909422646,1.779602965848176,2.1852862305479905
datasets/synthetic_data/s2.csv,202,<timecave.validation_methods.CV.Block_CV object at 0x00000250F2631A60>,3,ARMA,2.374977102100307,1.276388201917103,1.5410960716646795
datasets/synthetic_data/s2.csv,202,<timecave.validation_methods.CV.Block_CV object at 0x00000250F2631A60>,4,Tree,1.9540725613770507,1.0955623487995934,1.3978814546938703
datasets/synthetic_data/s2.csv,202,<timecave.validation_methods.CV.Block_CV object at 0x00000250F2631A60>,4,ARMA,2.440969437672207,1.2701599826090528,1.5623602138022483
datasets/synthetic_data/s2.csv,202,<timecave.validation_methods.CV.AdaptedhvBlockCV object at 0x00000250F29B2F60>,0,Tree,2.5452475850292453,1.3486757110785232,1.595383209460738
datasets/synthetic_data/s2.csv,202,<timecave.validation_methods.CV.AdaptedhvBlockCV object at 0x00000250F29B2F60>,0,ARMA,1.9194658643947347,1.0805740020616497,1.3854478930637322
datasets/synthetic_data/s2.csv,202,<timecave.validation_methods.CV.AdaptedhvBlockCV object at 0x00000250F29B2F60>,1,Tree,2.4780849141387504,1.2743123696395022,1.5741934170040066
datasets/synthetic_data/s2.csv,202,<timecave.validation_methods.CV.AdaptedhvBlockCV object at 0x00000250F29B2F60>,1,ARMA,1.754509018383741,0.9798044886198383,1.3245788079173473
datasets/synthetic_data/s2.csv,202,<timecave.validation_methods.CV.AdaptedhvBlockCV object at 0x00000250F29B2F60>,2,Tree,2.064699153541118,1.1176182936461347,1.4369061046363183
datasets/synthetic_data/s2.csv,202,<timecave.validation_methods.CV.AdaptedhvBlockCV object at 0x00000250F29B2F60>,2,ARMA,1.911987884045502,1.2032154005337068,1.3827465002832233
datasets/synthetic_data/s2.csv,202,<timecave.validation_methods.CV.AdaptedhvBlockCV object at 0x00000250F29B2F60>,3,Tree,5.350028143992186,1.829640519296834,2.313012785090516
datasets/synthetic_data/s2.csv,202,<timecave.validation_methods.CV.AdaptedhvBlockCV object at 0x00000250F29B2F60>,3,ARMA,2.383783224487066,1.2788062910006026,1.5439505252717995
datasets/synthetic_data/s2.csv,202,<timecave.validation_methods.CV.AdaptedhvBlockCV object at 0x00000250F29B2F60>,4,Tree,1.973646045734543,1.1489400456381322,1.4048651343579366
datasets/synthetic_data/s2.csv,202,<timecave.validation_methods.CV.AdaptedhvBlockCV object at 0x00000250F29B2F60>,4,ARMA,2.430057266940075,1.2680550363880905,1.5588640950833639
datasets/synthetic_data/s2.csv,202,<timecave.validation_methods.markov.MarkovCV object at 0x00000250F2632AB0>,0,Tree,4.1796115285136,1.7487046257824788,2.044409824011223
datasets/synthetic_data/s2.csv,202,<timecave.validation_methods.markov.MarkovCV object at 0x00000250F2632AB0>,0,ARMA,4.126083010386392,1.6276963876288346,2.03127620238765
datasets/synthetic_data/s2.csv,202,<timecave.validation_methods.markov.MarkovCV object at 0x00000250F2632AB0>,1,Tree,4.6539173928529,1.8551836028858955,2.157293997778907
datasets/synthetic_data/s2.csv,202,<timecave.validation_methods.markov.MarkovCV object at 0x00000250F2632AB0>,1,ARMA,1.9283790964040166,1.2087649471085653,1.3886609004375463
datasets/synthetic_data/s2.csv,202,<timecave.validation_methods.markov.MarkovCV object at 0x00000250F2632AB0>,2,Tree,4.561343568755585,1.8980770289544815,2.135730219095002
datasets/synthetic_data/s2.csv,202,<timecave.validation_methods.markov.MarkovCV object at 0x00000250F2632AB0>,2,ARMA,2.1367286357398854,1.212067097616007,1.461755326906622
datasets/synthetic_data/s2.csv,202,<timecave.validation_methods.markov.MarkovCV object at 0x00000250F2632AB0>,3,Tree,4.641669323981027,1.88053132371138,2.1544533701106245
datasets/synthetic_data/s2.csv,202,<timecave.validation_methods.markov.MarkovCV object at 0x00000250F2632AB0>,3,ARMA,3.5039563712833512,1.6337122771037687,1.8718857794436474
datasets/synthetic_data/s2.csv,202,<timecave.validation_methods.markov.MarkovCV object at 0x00000250F2632AB0>,4,Tree,3.198706987831187,1.5946542132832078,1.7884929375961167
datasets/synthetic_data/s2.csv,202,<timecave.validation_methods.markov.MarkovCV object at 0x00000250F2632AB0>,4,ARMA,2.539969103073497,1.2059943721859618,1.5937280517934975
datasets/synthetic_data/s2.csv,202,<timecave.validation_methods.markov.MarkovCV object at 0x00000250F2632AB0>,5,Tree,4.274681690627987,1.7292961081901248,2.067530336084089
datasets/synthetic_data/s2.csv,202,<timecave.validation_methods.markov.MarkovCV object at 0x00000250F2632AB0>,5,ARMA,2.129680997567367,1.3075854913441312,1.4593426594077783
datasets/synthetic_data/s2.csv,202,<timecave.validation_methods.markov.MarkovCV object at 0x00000250F2632AB0>,6,Tree,6.998653134584384,2.205502905379238,2.6454967651812358
datasets/synthetic_data/s2.csv,202,<timecave.validation_methods.markov.MarkovCV object at 0x00000250F2632AB0>,6,ARMA,3.144010452377918,1.299915285641498,1.7731357681739766
datasets/synthetic_data/s2.csv,202,<timecave.validation_methods.markov.MarkovCV object at 0x00000250F2632AB0>,7,Tree,18.286661219351043,3.564110869322268,4.2762905910790305
datasets/synthetic_data/s2.csv,202,<timecave.validation_methods.markov.MarkovCV object at 0x00000250F2632AB0>,7,ARMA,4.670519446827109,1.7323211559116973,2.161138460818073
datasets/synthetic_data/s2.csv,202,<timecave.validation_methods.markov.MarkovCV object at 0x00000250F2632AB0>,8,Tree,4.314931910321522,1.5993864709088295,2.0772414184012225
datasets/synthetic_data/s2.csv,202,<timecave.validation_methods.markov.MarkovCV object at 0x00000250F2632AB0>,8,ARMA,1.437623530094969,0.9266588573089989,1.1990093953322338
datasets/synthetic_data/s2.csv,202,<timecave.validation_methods.markov.MarkovCV object at 0x00000250F2632AB0>,9,Tree,2.8060372423508664,1.2518825004177787,1.6751230528981644
datasets/synthetic_data/s2.csv,202,<timecave.validation_methods.markov.MarkovCV object at 0x00000250F2632AB0>,9,ARMA,2.8279907845429557,1.2739527785847908,1.6816631007853373
datasets/synthetic_data/s2.csv,203,<timecave.validation_methods.OOS.Holdout object at 0x00000250F29B1040>,0,Tree,1.668769647754918,0.9723969830758014,1.2918086730452456
datasets/synthetic_data/s2.csv,203,<timecave.validation_methods.OOS.Holdout object at 0x00000250F29B1040>,0,ARMA,1.369036771851339,0.8327243630365976,1.1700584480492155
datasets/synthetic_data/s2.csv,203,<timecave.validation_methods.OOS.Repeated_Holdout object at 0x00000250F29B3590>,0,Tree,1.471672943813695,0.9510736959086091,1.2131252795213259
datasets/synthetic_data/s2.csv,203,<timecave.validation_methods.OOS.Repeated_Holdout object at 0x00000250F29B3590>,0,ARMA,1.402244110610982,0.8043815259983359,1.1841638867196473
datasets/synthetic_data/s2.csv,203,<timecave.validation_methods.OOS.Repeated_Holdout object at 0x00000250F29B3590>,1,Tree,1.6172574167081637,0.9907067414946059,1.2717143612887933
datasets/synthetic_data/s2.csv,203,<timecave.validation_methods.OOS.Repeated_Holdout object at 0x00000250F29B3590>,1,ARMA,1.522794740552119,0.8482958795313814,1.2340156970444578
datasets/synthetic_data/s2.csv,203,<timecave.validation_methods.OOS.Repeated_Holdout object at 0x00000250F29B3590>,2,Tree,1.8458522749288153,1.0266151145558196,1.35862146123518
datasets/synthetic_data/s2.csv,203,<timecave.validation_methods.OOS.Repeated_Holdout object at 0x00000250F29B3590>,2,ARMA,1.3758793836854415,0.8001389016489027,1.1729788504851404
datasets/synthetic_data/s2.csv,203,<timecave.validation_methods.OOS.Repeated_Holdout object at 0x00000250F29B3590>,3,Tree,1.5715760058483041,0.9383288262825461,1.2536251456668792
datasets/synthetic_data/s2.csv,203,<timecave.validation_methods.OOS.Repeated_Holdout object at 0x00000250F29B3590>,3,ARMA,1.369036771851339,0.8327243630365976,1.1700584480492155
datasets/synthetic_data/s2.csv,203,<timecave.validation_methods.prequential.Growing_Window object at 0x00000250F29B3AA0>,0,Tree,1.4782075589939097,0.9948011482520327,1.2158155941564122
datasets/synthetic_data/s2.csv,203,<timecave.validation_methods.prequential.Growing_Window object at 0x00000250F29B3AA0>,0,ARMA,1.2689643243860211,0.8766310627578655,1.1264831664903037
datasets/synthetic_data/s2.csv,203,<timecave.validation_methods.prequential.Growing_Window object at 0x00000250F29B3AA0>,1,Tree,2.2526244952905268,1.0593615617652676,1.5008745768019813
datasets/synthetic_data/s2.csv,203,<timecave.validation_methods.prequential.Growing_Window object at 0x00000250F29B3AA0>,1,ARMA,2.103640036171432,1.1852752889288471,1.450393062645927
datasets/synthetic_data/s2.csv,203,<timecave.validation_methods.prequential.Growing_Window object at 0x00000250F29B3AA0>,2,Tree,1.8495206289174997,1.0816989549725247,1.3599708191419033
datasets/synthetic_data/s2.csv,203,<timecave.validation_methods.prequential.Growing_Window object at 0x00000250F29B3AA0>,2,ARMA,0.7801810512672417,0.7141654421139627,0.8832785807814212
datasets/synthetic_data/s2.csv,203,<timecave.validation_methods.prequential.Growing_Window object at 0x00000250F29B3AA0>,3,Tree,1.7740226974235336,1.0957241093119932,1.331924433826309
datasets/synthetic_data/s2.csv,203,<timecave.validation_methods.prequential.Growing_Window object at 0x00000250F29B3AA0>,3,ARMA,1.5281549233874578,0.8303190655048178,1.2361856346792977
datasets/synthetic_data/s2.csv,203,<timecave.validation_methods.prequential.Growing_Window object at 0x00000250F29B31A0>,0,Tree,1.7978510392765028,1.1577242684750177,1.3408396769474353
datasets/synthetic_data/s2.csv,203,<timecave.validation_methods.prequential.Growing_Window object at 0x00000250F29B31A0>,0,ARMA,2.0642295794060423,1.16820336573474,1.4367426977040956
datasets/synthetic_data/s2.csv,203,<timecave.validation_methods.prequential.Growing_Window object at 0x00000250F29B31A0>,1,Tree,0.9433604328165154,0.8334139586436335,0.9712674362998666
datasets/synthetic_data/s2.csv,203,<timecave.validation_methods.prequential.Growing_Window object at 0x00000250F29B31A0>,1,ARMA,0.8162839103910259,0.7416730489454253,0.903484316627038
datasets/synthetic_data/s2.csv,203,<timecave.validation_methods.prequential.Growing_Window object at 0x00000250F29B31A0>,2,Tree,1.8601917954512797,1.1398059052947156,1.3638884835100265
datasets/synthetic_data/s2.csv,203,<timecave.validation_methods.prequential.Growing_Window object at 0x00000250F29B31A0>,2,ARMA,1.5480510771751175,0.84611574732672,1.2442070073645775
datasets/synthetic_data/s2.csv,203,<timecave.validation_methods.prequential.Rolling_Window object at 0x00000250F29B0A10>,0,Tree,1.608083309488015,1.0550314583829146,1.268102247252963
datasets/synthetic_data/s2.csv,203,<timecave.validation_methods.prequential.Rolling_Window object at 0x00000250F29B0A10>,0,ARMA,1.2689643243860211,0.8766310627578655,1.1264831664903037
datasets/synthetic_data/s2.csv,203,<timecave.validation_methods.prequential.Rolling_Window object at 0x00000250F29B0A10>,1,Tree,1.7700672203155714,0.9378850778897864,1.3304387322667555
datasets/synthetic_data/s2.csv,203,<timecave.validation_methods.prequential.Rolling_Window object at 0x00000250F29B0A10>,1,ARMA,2.1970784000947337,1.210150132607836,1.4822544990974842
datasets/synthetic_data/s2.csv,203,<timecave.validation_methods.prequential.Rolling_Window object at 0x00000250F29B0A10>,2,Tree,2.192319559859477,1.1506798380753036,1.4806483579363052
datasets/synthetic_data/s2.csv,203,<timecave.validation_methods.prequential.Rolling_Window object at 0x00000250F29B0A10>,2,ARMA,0.844851993723295,0.7701349532299215,0.9191583072155172
datasets/synthetic_data/s2.csv,203,<timecave.validation_methods.prequential.Rolling_Window object at 0x00000250F29B0A10>,3,Tree,2.3342532034564165,1.1260233137036044,1.5278263001586327
datasets/synthetic_data/s2.csv,203,<timecave.validation_methods.prequential.Rolling_Window object at 0x00000250F29B0A10>,3,ARMA,1.5315371372377045,0.844999877171862,1.2375528826024786
datasets/synthetic_data/s2.csv,203,<timecave.validation_methods.prequential.Rolling_Window object at 0x00000250F0265D90>,0,Tree,1.9411279782330786,1.1666943907508134,1.3932436894646532
datasets/synthetic_data/s2.csv,203,<timecave.validation_methods.prequential.Rolling_Window object at 0x00000250F0265D90>,0,ARMA,2.0642295794060423,1.16820336573474,1.4367426977040956
datasets/synthetic_data/s2.csv,203,<timecave.validation_methods.prequential.Rolling_Window object at 0x00000250F0265D90>,1,Tree,2.048867171695273,1.1236334734891684,1.4313864508563972
datasets/synthetic_data/s2.csv,203,<timecave.validation_methods.prequential.Rolling_Window object at 0x00000250F0265D90>,1,ARMA,0.8329022522508017,0.7260284948377689,0.9126347857992274
datasets/synthetic_data/s2.csv,203,<timecave.validation_methods.prequential.Rolling_Window object at 0x00000250F0265D90>,2,Tree,1.7459282822816877,1.0294597948017643,1.3213357946720765
datasets/synthetic_data/s2.csv,203,<timecave.validation_methods.prequential.Rolling_Window object at 0x00000250F0265D90>,2,ARMA,1.5132116585070576,0.8178315315453788,1.230126683926114
datasets/synthetic_data/s2.csv,203,<timecave.validation_methods.CV.Block_CV object at 0x00000250F1EB4650>,0,Tree,1.4361372322306638,1.0024686794416842,1.1983894326264162
datasets/synthetic_data/s2.csv,203,<timecave.validation_methods.CV.Block_CV object at 0x00000250F1EB4650>,0,ARMA,1.0054857419606056,0.7609867560343206,1.0027391195922326
datasets/synthetic_data/s2.csv,203,<timecave.validation_methods.CV.Block_CV object at 0x00000250F1EB4650>,1,Tree,1.3958996462906645,0.9356354156855651,1.1814819703620807
datasets/synthetic_data/s2.csv,203,<timecave.validation_methods.CV.Block_CV object at 0x00000250F1EB4650>,1,ARMA,1.2476733465370407,0.8604569873342057,1.1169929930563758
datasets/synthetic_data/s2.csv,203,<timecave.validation_methods.CV.Block_CV object at 0x00000250F1EB4650>,2,Tree,2.198752347562785,1.1013058564980158,1.4828190542216488
datasets/synthetic_data/s2.csv,203,<timecave.validation_methods.CV.Block_CV object at 0x00000250F1EB4650>,2,ARMA,2.1221695850487516,1.165315778007865,1.456766825902056
datasets/synthetic_data/s2.csv,203,<timecave.validation_methods.CV.Block_CV object at 0x00000250F1EB4650>,3,Tree,2.0333297572136253,1.1242391962582947,1.4259487218037068
datasets/synthetic_data/s2.csv,203,<timecave.validation_methods.CV.Block_CV object at 0x00000250F1EB4650>,3,ARMA,0.8064809515179487,0.7374899372515007,0.8980428450346614
datasets/synthetic_data/s2.csv,203,<timecave.validation_methods.CV.Block_CV object at 0x00000250F1EB4650>,4,Tree,2.084107257827763,1.1639921323225628,1.4436437433895397
datasets/synthetic_data/s2.csv,203,<timecave.validation_methods.CV.Block_CV object at 0x00000250F1EB4650>,4,ARMA,1.5281549233874578,0.8303190655048178,1.2361856346792977
datasets/synthetic_data/s2.csv,203,<timecave.validation_methods.CV.AdaptedhvBlockCV object at 0x00000250F2669430>,0,Tree,1.0074599462028095,0.8310449781669689,1.0037230425783845
datasets/synthetic_data/s2.csv,203,<timecave.validation_methods.CV.AdaptedhvBlockCV object at 0x00000250F2669430>,0,ARMA,1.0058230530747514,0.7610763101991238,1.002907300339743
datasets/synthetic_data/s2.csv,203,<timecave.validation_methods.CV.AdaptedhvBlockCV object at 0x00000250F2669430>,1,Tree,1.6112632877649022,1.012485833122703,1.269355461549247
datasets/synthetic_data/s2.csv,203,<timecave.validation_methods.CV.AdaptedhvBlockCV object at 0x00000250F2669430>,1,ARMA,1.2499642107717994,0.86443249469357,1.1180179832059052
datasets/synthetic_data/s2.csv,203,<timecave.validation_methods.CV.AdaptedhvBlockCV object at 0x00000250F2669430>,2,Tree,1.7132236821973545,1.0150926236001803,1.3089017083789578
datasets/synthetic_data/s2.csv,203,<timecave.validation_methods.CV.AdaptedhvBlockCV object at 0x00000250F2669430>,2,ARMA,2.123888789332056,1.167899466026363,1.4573567817566349
datasets/synthetic_data/s2.csv,203,<timecave.validation_methods.CV.AdaptedhvBlockCV object at 0x00000250F2669430>,3,Tree,1.931717811077986,1.083843685894342,1.3898625151711899
datasets/synthetic_data/s2.csv,203,<timecave.validation_methods.CV.AdaptedhvBlockCV object at 0x00000250F2669430>,3,ARMA,0.7950966900655515,0.7254043238557679,0.8916819444541599
datasets/synthetic_data/s2.csv,203,<timecave.validation_methods.CV.AdaptedhvBlockCV object at 0x00000250F2669430>,4,Tree,1.1809152739165154,0.9102850112937942,1.0866992564258593
datasets/synthetic_data/s2.csv,203,<timecave.validation_methods.CV.AdaptedhvBlockCV object at 0x00000250F2669430>,4,ARMA,1.5895651020915258,0.8663761540789322,1.260779561260225
datasets/synthetic_data/s2.csv,203,<timecave.validation_methods.markov.MarkovCV object at 0x00000250F29F4E30>,0,Tree,1.277918615730271,0.9252868600196418,1.1304506250740327
datasets/synthetic_data/s2.csv,203,<timecave.validation_methods.markov.MarkovCV object at 0x00000250F29F4E30>,0,ARMA,1.3367584895267368,0.8600747087883559,1.1561827232434918
datasets/synthetic_data/s2.csv,203,<timecave.validation_methods.markov.MarkovCV object at 0x00000250F29F4E30>,1,Tree,3.1852629484112733,1.4373658337281552,1.7847304974172638
datasets/synthetic_data/s2.csv,203,<timecave.validation_methods.markov.MarkovCV object at 0x00000250F29F4E30>,1,ARMA,0.8769659313291851,0.7541079861854162,0.9364645916046079
datasets/synthetic_data/s2.csv,203,<timecave.validation_methods.markov.MarkovCV object at 0x00000250F29F4E30>,2,Tree,7.87392427005335,2.4583400081576223,2.8060513662535387
datasets/synthetic_data/s2.csv,203,<timecave.validation_methods.markov.MarkovCV object at 0x00000250F29F4E30>,2,ARMA,1.971699395614695,0.9640654253845872,1.4041721388827992
datasets/synthetic_data/s2.csv,203,<timecave.validation_methods.markov.MarkovCV object at 0x00000250F29F4E30>,3,Tree,2.188261179272017,1.236071096766853,1.4792772489536967
datasets/synthetic_data/s2.csv,203,<timecave.validation_methods.markov.MarkovCV object at 0x00000250F29F4E30>,3,ARMA,3.119205179497094,1.4536660992214048,1.766127169684305
datasets/synthetic_data/s2.csv,203,<timecave.validation_methods.markov.MarkovCV object at 0x00000250F29F4E30>,4,Tree,4.698602772429921,1.7236993792677218,2.1676260684052315
datasets/synthetic_data/s2.csv,203,<timecave.validation_methods.markov.MarkovCV object at 0x00000250F29F4E30>,4,ARMA,1.7776120115285958,1.1157395792377363,1.3332711695407637
datasets/synthetic_data/s2.csv,203,<timecave.validation_methods.markov.MarkovCV object at 0x00000250F29F4E30>,5,Tree,2.4018301720721085,1.2633501563362808,1.5497839114122034
datasets/synthetic_data/s2.csv,203,<timecave.validation_methods.markov.MarkovCV object at 0x00000250F29F4E30>,5,ARMA,1.7171263575884046,1.033192534956855,1.3103916809826002
datasets/synthetic_data/s2.csv,203,<timecave.validation_methods.markov.MarkovCV object at 0x00000250F29F4E30>,6,Tree,1.4221286827554152,0.7495176776166552,1.1925303697413392
datasets/synthetic_data/s2.csv,203,<timecave.validation_methods.markov.MarkovCV object at 0x00000250F29F4E30>,6,ARMA,1.2442829193337799,0.8986820380192451,1.1154743024085225
datasets/synthetic_data/s2.csv,203,<timecave.validation_methods.markov.MarkovCV object at 0x00000250F29F4E30>,7,Tree,1.9439509264584562,1.0383077890305743,1.394256406282021
datasets/synthetic_data/s2.csv,203,<timecave.validation_methods.markov.MarkovCV object at 0x00000250F29F4E30>,7,ARMA,0.9713958339062759,0.7633158300955506,0.9855941527354329
datasets/synthetic_data/s2.csv,203,<timecave.validation_methods.markov.MarkovCV object at 0x00000250F29F4E30>,8,Tree,3.086254584865205,1.400171647800301,1.7567739139870004
datasets/synthetic_data/s2.csv,203,<timecave.validation_methods.markov.MarkovCV object at 0x00000250F29F4E30>,8,ARMA,1.2512776073899552,0.9165222352314129,1.1186052062233374
datasets/synthetic_data/s2.csv,203,<timecave.validation_methods.markov.MarkovCV object at 0x00000250F29F4E30>,9,Tree,1.7041120641672765,1.0357274170992445,1.305416433237791
datasets/synthetic_data/s2.csv,203,<timecave.validation_methods.markov.MarkovCV object at 0x00000250F29F4E30>,9,ARMA,1.1012875408840703,0.7722279099489766,1.0494224796925546
datasets/synthetic_data/s2.csv,204,<timecave.validation_methods.OOS.Holdout object at 0x00000250F29B12E0>,0,Tree,2.13994118354739,1.1292511234374134,1.4628537806450068
datasets/synthetic_data/s2.csv,204,<timecave.validation_methods.OOS.Holdout object at 0x00000250F29B12E0>,0,ARMA,1.094452390908658,0.845453308026535,1.0461607863558346
datasets/synthetic_data/s2.csv,204,<timecave.validation_methods.OOS.Repeated_Holdout object at 0x00000250F2668D40>,0,Tree,1.7610439044361168,1.0380705884533274,1.3270432941076629
datasets/synthetic_data/s2.csv,204,<timecave.validation_methods.OOS.Repeated_Holdout object at 0x00000250F2668D40>,0,ARMA,1.1233301088416474,0.8177793317546086,1.0598726852040519
datasets/synthetic_data/s2.csv,204,<timecave.validation_methods.OOS.Repeated_Holdout object at 0x00000250F2668D40>,1,Tree,1.9853514652552338,1.0681138796128282,1.409025005191616
datasets/synthetic_data/s2.csv,204,<timecave.validation_methods.OOS.Repeated_Holdout object at 0x00000250F2668D40>,1,ARMA,1.2191372939642964,0.8788687886528065,1.104145503982286
datasets/synthetic_data/s2.csv,204,<timecave.validation_methods.OOS.Repeated_Holdout object at 0x00000250F2668D40>,2,Tree,2.0982135651585296,1.151335723717338,1.4485211648983696
datasets/synthetic_data/s2.csv,204,<timecave.validation_methods.OOS.Repeated_Holdout object at 0x00000250F2668D40>,2,ARMA,1.1412663554912932,0.8487525018772252,1.068300685898541
datasets/synthetic_data/s2.csv,204,<timecave.validation_methods.OOS.Repeated_Holdout object at 0x00000250F2668D40>,3,Tree,2.4431912835108545,1.211409516989518,1.5630711063514848
datasets/synthetic_data/s2.csv,204,<timecave.validation_methods.OOS.Repeated_Holdout object at 0x00000250F2668D40>,3,ARMA,1.094452390908658,0.845453308026535,1.0461607863558346
datasets/synthetic_data/s2.csv,204,<timecave.validation_methods.prequential.Growing_Window object at 0x00000250F6A473E0>,0,Tree,3.0207588620005805,1.439176436123989,1.7380330439898375
datasets/synthetic_data/s2.csv,204,<timecave.validation_methods.prequential.Growing_Window object at 0x00000250F6A473E0>,0,ARMA,2.585031954667311,1.4256664200944509,1.6078034564794637
datasets/synthetic_data/s2.csv,204,<timecave.validation_methods.prequential.Growing_Window object at 0x00000250F6A473E0>,1,Tree,3.981319654972749,1.636229859700008,1.9953244485478419
datasets/synthetic_data/s2.csv,204,<timecave.validation_methods.prequential.Growing_Window object at 0x00000250F6A473E0>,1,ARMA,1.8034287317268936,1.1014304115381524,1.3429179914376357
datasets/synthetic_data/s2.csv,204,<timecave.validation_methods.prequential.Growing_Window object at 0x00000250F6A473E0>,2,Tree,2.250862150403291,1.2108411920779176,1.5002873559432843
datasets/synthetic_data/s2.csv,204,<timecave.validation_methods.prequential.Growing_Window object at 0x00000250F6A473E0>,2,ARMA,0.7115100668692113,0.6760123179330547,0.8435105612078673
datasets/synthetic_data/s2.csv,204,<timecave.validation_methods.prequential.Growing_Window object at 0x00000250F6A473E0>,3,Tree,2.5487959864213274,1.189517522916346,1.5964949064814855
datasets/synthetic_data/s2.csv,204,<timecave.validation_methods.prequential.Growing_Window object at 0x00000250F6A473E0>,3,ARMA,1.2472111877221619,0.8953895646699559,1.1167860975684474
datasets/synthetic_data/s2.csv,204,<timecave.validation_methods.prequential.Growing_Window object at 0x00000250F6A47080>,0,Tree,2.1409143441603353,1.196735894032481,1.4631863668584175
datasets/synthetic_data/s2.csv,204,<timecave.validation_methods.prequential.Growing_Window object at 0x00000250F6A47080>,0,ARMA,1.819642987294614,1.1034328037017314,1.3489414321217263
datasets/synthetic_data/s2.csv,204,<timecave.validation_methods.prequential.Growing_Window object at 0x00000250F6A47080>,1,Tree,2.8238254542035803,1.4345580045093742,1.6804241887700797
datasets/synthetic_data/s2.csv,204,<timecave.validation_methods.prequential.Growing_Window object at 0x00000250F6A47080>,1,ARMA,0.6866697253923641,0.6772753648124745,0.8286553719082282
datasets/synthetic_data/s2.csv,204,<timecave.validation_methods.prequential.Growing_Window object at 0x00000250F6A47080>,2,Tree,3.0561762928589675,1.332855387246141,1.7481922928725453
datasets/synthetic_data/s2.csv,204,<timecave.validation_methods.prequential.Growing_Window object at 0x00000250F6A47080>,2,ARMA,1.3598068370190108,0.95053976873125,1.166107558083306
datasets/synthetic_data/s2.csv,204,<timecave.validation_methods.prequential.Rolling_Window object at 0x00000250F6A46FC0>,0,Tree,3.0658473647705082,1.4495370511676473,1.750956128739526
datasets/synthetic_data/s2.csv,204,<timecave.validation_methods.prequential.Rolling_Window object at 0x00000250F6A46FC0>,0,ARMA,2.585031954667311,1.4256664200944509,1.6078034564794637
datasets/synthetic_data/s2.csv,204,<timecave.validation_methods.prequential.Rolling_Window object at 0x00000250F6A46FC0>,1,Tree,3.00211259614969,1.4371975666580885,1.7326605542199227
datasets/synthetic_data/s2.csv,204,<timecave.validation_methods.prequential.Rolling_Window object at 0x00000250F6A46FC0>,1,ARMA,2.0032715157519565,1.157933496127972,1.4153697452439615
datasets/synthetic_data/s2.csv,204,<timecave.validation_methods.prequential.Rolling_Window object at 0x00000250F6A46FC0>,2,Tree,1.6887726420897045,1.0593924765799496,1.2995278535259276
datasets/synthetic_data/s2.csv,204,<timecave.validation_methods.prequential.Rolling_Window object at 0x00000250F6A46FC0>,2,ARMA,0.922594901999717,0.7496843267711606,0.9605180383520744
datasets/synthetic_data/s2.csv,204,<timecave.validation_methods.prequential.Rolling_Window object at 0x00000250F6A46FC0>,3,Tree,1.5521696415845543,0.9426327731420601,1.2458610041190608
datasets/synthetic_data/s2.csv,204,<timecave.validation_methods.prequential.Rolling_Window object at 0x00000250F6A46FC0>,3,ARMA,1.2832470135707899,0.9207108512268131,1.1328049318266538
datasets/synthetic_data/s2.csv,204,<timecave.validation_methods.prequential.Rolling_Window object at 0x00000250F6A47620>,0,Tree,2.2896438797556296,1.20518402020173,1.5131569250264922
datasets/synthetic_data/s2.csv,204,<timecave.validation_methods.prequential.Rolling_Window object at 0x00000250F6A47620>,0,ARMA,1.819642987294614,1.1034328037017314,1.3489414321217263
datasets/synthetic_data/s2.csv,204,<timecave.validation_methods.prequential.Rolling_Window object at 0x00000250F6A47620>,1,Tree,2.516154163441767,1.4201235931445257,1.5862389994706874
datasets/synthetic_data/s2.csv,204,<timecave.validation_methods.prequential.Rolling_Window object at 0x00000250F6A47620>,1,ARMA,0.7511538148282502,0.7234228035523917,0.8666913030763895
datasets/synthetic_data/s2.csv,204,<timecave.validation_methods.prequential.Rolling_Window object at 0x00000250F6A47620>,2,Tree,1.747098120287012,1.0452581311369666,1.321778393032286
datasets/synthetic_data/s2.csv,204,<timecave.validation_methods.prequential.Rolling_Window object at 0x00000250F6A47620>,2,ARMA,1.6630357011462131,1.0338801157511868,1.2895874150852331
datasets/synthetic_data/s2.csv,204,<timecave.validation_methods.CV.Block_CV object at 0x00000250F6A45CD0>,0,Tree,3.6292501442797347,1.4864999204543254,1.905059092070305
datasets/synthetic_data/s2.csv,204,<timecave.validation_methods.CV.Block_CV object at 0x00000250F6A45CD0>,0,ARMA,2.110911975101849,1.102885893477467,1.452897785496918
datasets/synthetic_data/s2.csv,204,<timecave.validation_methods.CV.Block_CV object at 0x00000250F6A45CD0>,1,Tree,5.032829445506454,1.7392737081071648,2.2433968542160465
datasets/synthetic_data/s2.csv,204,<timecave.validation_methods.CV.Block_CV object at 0x00000250F6A45CD0>,1,ARMA,2.3636684961221563,1.3464455491054843,1.5374226797215385
datasets/synthetic_data/s2.csv,204,<timecave.validation_methods.CV.Block_CV object at 0x00000250F6A45CD0>,2,Tree,2.175190296114291,1.0905330242303604,1.4748526353891398
datasets/synthetic_data/s2.csv,204,<timecave.validation_methods.CV.Block_CV object at 0x00000250F6A45CD0>,2,ARMA,1.8233436936379699,1.0966979633986975,1.350312442969393
datasets/synthetic_data/s2.csv,204,<timecave.validation_methods.CV.Block_CV object at 0x00000250F6A45CD0>,3,Tree,2.153107870653651,1.1527194220053911,1.467347222253019
datasets/synthetic_data/s2.csv,204,<timecave.validation_methods.CV.Block_CV object at 0x00000250F6A45CD0>,3,ARMA,0.6489915929325124,0.6739425461313606,0.8056001445708115
datasets/synthetic_data/s2.csv,204,<timecave.validation_methods.CV.Block_CV object at 0x00000250F6A45CD0>,4,Tree,2.1580847754772163,1.0880101200209473,1.4690421285576587
datasets/synthetic_data/s2.csv,204,<timecave.validation_methods.CV.Block_CV object at 0x00000250F6A45CD0>,4,ARMA,1.2472111877221619,0.8953895646699559,1.1167860975684474
datasets/synthetic_data/s2.csv,204,<timecave.validation_methods.CV.AdaptedhvBlockCV object at 0x00000250F6A475C0>,0,Tree,3.632054218174025,1.489570729418257,1.9057949045408913
datasets/synthetic_data/s2.csv,204,<timecave.validation_methods.CV.AdaptedhvBlockCV object at 0x00000250F6A475C0>,0,ARMA,2.1015948442004735,1.0903761989604237,1.4496878437099738
datasets/synthetic_data/s2.csv,204,<timecave.validation_methods.CV.AdaptedhvBlockCV object at 0x00000250F6A475C0>,1,Tree,4.830763875839279,1.8013211683471908,2.19789987848384
datasets/synthetic_data/s2.csv,204,<timecave.validation_methods.CV.AdaptedhvBlockCV object at 0x00000250F6A475C0>,1,ARMA,2.3533209550920104,1.3358901450027463,1.534053765385037
datasets/synthetic_data/s2.csv,204,<timecave.validation_methods.CV.AdaptedhvBlockCV object at 0x00000250F6A475C0>,2,Tree,1.970681080193853,0.9770825711372835,1.403809488568108
datasets/synthetic_data/s2.csv,204,<timecave.validation_methods.CV.AdaptedhvBlockCV object at 0x00000250F6A475C0>,2,ARMA,1.8383036065993963,1.1032214309332988,1.3558405535310545
datasets/synthetic_data/s2.csv,204,<timecave.validation_methods.CV.AdaptedhvBlockCV object at 0x00000250F6A475C0>,3,Tree,1.3287301249723484,1.0018313473792078,1.1527055673381423
datasets/synthetic_data/s2.csv,204,<timecave.validation_methods.CV.AdaptedhvBlockCV object at 0x00000250F6A475C0>,3,ARMA,0.6377127697037301,0.6672555398371081,0.7985692015747478
datasets/synthetic_data/s2.csv,204,<timecave.validation_methods.CV.AdaptedhvBlockCV object at 0x00000250F6A475C0>,4,Tree,2.5957922876540893,1.2397796143239637,1.6111462651336437
datasets/synthetic_data/s2.csv,204,<timecave.validation_methods.CV.AdaptedhvBlockCV object at 0x00000250F6A475C0>,4,ARMA,1.2701160491251606,0.9043796720970148,1.1269942542556108
datasets/synthetic_data/s2.csv,204,<timecave.validation_methods.markov.MarkovCV object at 0x00000250F26436B0>,0,Tree,2.180168285430142,1.1406188628698217,1.4765392935611779
datasets/synthetic_data/s2.csv,204,<timecave.validation_methods.markov.MarkovCV object at 0x00000250F26436B0>,0,ARMA,3.015464341004338,1.3683482659032196,1.7365092401148743
datasets/synthetic_data/s2.csv,204,<timecave.validation_methods.markov.MarkovCV object at 0x00000250F26436B0>,1,Tree,2.2620120998967588,1.3751386202024904,1.5039987034225657
datasets/synthetic_data/s2.csv,204,<timecave.validation_methods.markov.MarkovCV object at 0x00000250F26436B0>,1,ARMA,1.1702368947787851,0.8125393893145834,1.0817748817470227
datasets/synthetic_data/s2.csv,204,<timecave.validation_methods.markov.MarkovCV object at 0x00000250F26436B0>,2,Tree,1.332541558646292,1.09995865786029,1.1543576389690902
datasets/synthetic_data/s2.csv,204,<timecave.validation_methods.markov.MarkovCV object at 0x00000250F26436B0>,2,ARMA,1.446792151250224,0.9993194724968414,1.2028267336778908
datasets/synthetic_data/s2.csv,204,<timecave.validation_methods.markov.MarkovCV object at 0x00000250F26436B0>,3,Tree,2.0761306172119034,1.2219988211289465,1.4408784186085595
datasets/synthetic_data/s2.csv,204,<timecave.validation_methods.markov.MarkovCV object at 0x00000250F26436B0>,3,ARMA,1.297483217766281,0.9635605255893098,1.139071208382637
datasets/synthetic_data/s2.csv,204,<timecave.validation_methods.markov.MarkovCV object at 0x00000250F26436B0>,4,Tree,2.798668515313371,1.277573604521202,1.6729221486110377
datasets/synthetic_data/s2.csv,204,<timecave.validation_methods.markov.MarkovCV object at 0x00000250F26436B0>,4,ARMA,2.0758793790638004,1.1456065559512327,1.4407912336850888
datasets/synthetic_data/s2.csv,204,<timecave.validation_methods.markov.MarkovCV object at 0x00000250F26436B0>,5,Tree,2.759725840813114,1.2011510277658042,1.6612422583154793
datasets/synthetic_data/s2.csv,204,<timecave.validation_methods.markov.MarkovCV object at 0x00000250F26436B0>,5,ARMA,2.588155053635205,1.319323390106645,1.6087743948842563
datasets/synthetic_data/s2.csv,204,<timecave.validation_methods.markov.MarkovCV object at 0x00000250F26436B0>,6,Tree,4.368000689059528,1.7588944860008853,2.0899762412667586
datasets/synthetic_data/s2.csv,204,<timecave.validation_methods.markov.MarkovCV object at 0x00000250F26436B0>,6,ARMA,1.9608183350638355,1.0630233141890448,1.4002922320229572
datasets/synthetic_data/s2.csv,204,<timecave.validation_methods.markov.MarkovCV object at 0x00000250F26436B0>,7,Tree,6.777816708960698,2.2501717402346793,2.6034240355656046
datasets/synthetic_data/s2.csv,204,<timecave.validation_methods.markov.MarkovCV object at 0x00000250F26436B0>,7,ARMA,2.7079502398956827,1.3613330698500148,1.6455850752530794
datasets/synthetic_data/s2.csv,204,<timecave.validation_methods.markov.MarkovCV object at 0x00000250F26436B0>,8,Tree,2.620164394661819,1.364353357220599,1.6186921865079287
datasets/synthetic_data/s2.csv,204,<timecave.validation_methods.markov.MarkovCV object at 0x00000250F26436B0>,8,ARMA,2.3298968741596937,1.1833230224119005,1.5263999718814507
datasets/synthetic_data/s2.csv,204,<timecave.validation_methods.markov.MarkovCV object at 0x00000250F26436B0>,9,Tree,0.9181227838489935,0.8670553572248452,0.9581872384085448
datasets/synthetic_data/s2.csv,204,<timecave.validation_methods.markov.MarkovCV object at 0x00000250F26436B0>,9,ARMA,0.9407223972488046,0.772817311079153,0.9699084478695938
datasets/synthetic_data/s2.csv,205,<timecave.validation_methods.OOS.Holdout object at 0x00000250F265AC90>,0,Tree,3.669074111889961,1.593797169969693,1.9154827359937132
datasets/synthetic_data/s2.csv,205,<timecave.validation_methods.OOS.Holdout object at 0x00000250F265AC90>,0,ARMA,2.0153585915181615,1.0757405028521048,1.4196332595139358
datasets/synthetic_data/s2.csv,205,<timecave.validation_methods.OOS.Repeated_Holdout object at 0x00000250F26416D0>,0,Tree,4.650458625144516,1.7034119891867967,2.1564922038218723
datasets/synthetic_data/s2.csv,205,<timecave.validation_methods.OOS.Repeated_Holdout object at 0x00000250F26416D0>,0,ARMA,2.1622486632353892,1.1133401254413398,1.470458657438348
datasets/synthetic_data/s2.csv,205,<timecave.validation_methods.OOS.Repeated_Holdout object at 0x00000250F26416D0>,1,Tree,5.1518760932191325,1.8170123739177304,2.2697744586674538
datasets/synthetic_data/s2.csv,205,<timecave.validation_methods.OOS.Repeated_Holdout object at 0x00000250F26416D0>,1,ARMA,2.299799008510293,1.1172057542471767,1.5165088224307477
datasets/synthetic_data/s2.csv,205,<timecave.validation_methods.OOS.Repeated_Holdout object at 0x00000250F26416D0>,2,Tree,3.3708090207283625,1.5022980476043426,1.8359763126817195
datasets/synthetic_data/s2.csv,205,<timecave.validation_methods.OOS.Repeated_Holdout object at 0x00000250F26416D0>,2,ARMA,2.0881584942811386,1.1100746987263392,1.445046191054507
datasets/synthetic_data/s2.csv,205,<timecave.validation_methods.OOS.Repeated_Holdout object at 0x00000250F26416D0>,3,Tree,3.1206411383073487,1.5245380246893658,1.7665336504882516
datasets/synthetic_data/s2.csv,205,<timecave.validation_methods.OOS.Repeated_Holdout object at 0x00000250F26416D0>,3,ARMA,2.0153585915181615,1.0757405028521048,1.4196332595139358
datasets/synthetic_data/s2.csv,205,<timecave.validation_methods.prequential.Growing_Window object at 0x00000250F2643080>,0,Tree,3.474009323863507,1.359238723901996,1.8638694492542944
datasets/synthetic_data/s2.csv,205,<timecave.validation_methods.prequential.Growing_Window object at 0x00000250F2643080>,0,ARMA,1.6304665505898517,1.0126268607145859,1.2768972357201858
datasets/synthetic_data/s2.csv,205,<timecave.validation_methods.prequential.Growing_Window object at 0x00000250F2643080>,1,Tree,1.8973443004241874,1.10361745862858,1.3774412148705975
datasets/synthetic_data/s2.csv,205,<timecave.validation_methods.prequential.Growing_Window object at 0x00000250F2643080>,1,ARMA,1.4118538180926554,0.9802556314902195,1.1882145505306083
datasets/synthetic_data/s2.csv,205,<timecave.validation_methods.prequential.Growing_Window object at 0x00000250F2643080>,2,Tree,2.4282523834163374,1.3490619875755865,1.5582850777108588
datasets/synthetic_data/s2.csv,205,<timecave.validation_methods.prequential.Growing_Window object at 0x00000250F2643080>,2,ARMA,1.073203238288472,0.8751870397464,1.035955229866847
datasets/synthetic_data/s2.csv,205,<timecave.validation_methods.prequential.Growing_Window object at 0x00000250F2643080>,3,Tree,4.442139838021355,1.6371880195382829,2.107638450498888
datasets/synthetic_data/s2.csv,205,<timecave.validation_methods.prequential.Growing_Window object at 0x00000250F2643080>,3,ARMA,2.353158101211824,1.1433424195774071,1.5340006848798418
datasets/synthetic_data/s2.csv,205,<timecave.validation_methods.prequential.Growing_Window object at 0x00000250F26429C0>,0,Tree,2.0142827678087722,1.0747478565429758,1.419254299908502
datasets/synthetic_data/s2.csv,205,<timecave.validation_methods.prequential.Growing_Window object at 0x00000250F26429C0>,0,ARMA,1.5348307978326292,1.0256128874546375,1.2388828830170466
datasets/synthetic_data/s2.csv,205,<timecave.validation_methods.prequential.Growing_Window object at 0x00000250F26429C0>,1,Tree,2.8234068930072054,1.4210945543520448,1.680299643815711
datasets/synthetic_data/s2.csv,205,<timecave.validation_methods.prequential.Growing_Window object at 0x00000250F26429C0>,1,ARMA,1.1170017689069212,0.8663035793609376,1.0568830441003967
datasets/synthetic_data/s2.csv,205,<timecave.validation_methods.prequential.Growing_Window object at 0x00000250F26429C0>,2,Tree,3.781908630353254,1.5402133418511172,1.94471299433959
datasets/synthetic_data/s2.csv,205,<timecave.validation_methods.prequential.Growing_Window object at 0x00000250F26429C0>,2,ARMA,2.313895704084622,1.1214032401756775,1.5211494680289055
datasets/synthetic_data/s2.csv,205,<timecave.validation_methods.prequential.Rolling_Window object at 0x00000250F2641D90>,0,Tree,2.9877163990988604,1.2611168495822018,1.7285012002017415
datasets/synthetic_data/s2.csv,205,<timecave.validation_methods.prequential.Rolling_Window object at 0x00000250F2641D90>,0,ARMA,1.6304665505898517,1.0126268607145859,1.2768972357201858
datasets/synthetic_data/s2.csv,205,<timecave.validation_methods.prequential.Rolling_Window object at 0x00000250F2641D90>,1,Tree,2.2409386690223636,1.272149287657078,1.4969765091751988
datasets/synthetic_data/s2.csv,205,<timecave.validation_methods.prequential.Rolling_Window object at 0x00000250F2641D90>,1,ARMA,1.3718206694832609,0.9658335715211623,1.1712474843017853
datasets/synthetic_data/s2.csv,205,<timecave.validation_methods.prequential.Rolling_Window object at 0x00000250F2641D90>,2,Tree,2.0896580028056366,1.1935345867411205,1.445564942437951
datasets/synthetic_data/s2.csv,205,<timecave.validation_methods.prequential.Rolling_Window object at 0x00000250F2641D90>,2,ARMA,1.0279781936850525,0.9000570662011443,1.0138925947481086
datasets/synthetic_data/s2.csv,205,<timecave.validation_methods.prequential.Rolling_Window object at 0x00000250F2641D90>,3,Tree,2.2394391611962448,1.2166144204726577,1.4964755798863691
datasets/synthetic_data/s2.csv,205,<timecave.validation_methods.prequential.Rolling_Window object at 0x00000250F2641D90>,3,ARMA,2.322917932746308,1.1721691129358436,1.5241121785309335
datasets/synthetic_data/s2.csv,205,<timecave.validation_methods.prequential.Rolling_Window object at 0x00000250F2640D70>,0,Tree,2.536149046543025,1.1812843129569648,1.592529135225797
datasets/synthetic_data/s2.csv,205,<timecave.validation_methods.prequential.Rolling_Window object at 0x00000250F2640D70>,0,ARMA,1.5348307978326292,1.0256128874546375,1.2388828830170466
datasets/synthetic_data/s2.csv,205,<timecave.validation_methods.prequential.Rolling_Window object at 0x00000250F2640D70>,1,Tree,2.5813117429978893,1.3734041814177045,1.606646116292536
datasets/synthetic_data/s2.csv,205,<timecave.validation_methods.prequential.Rolling_Window object at 0x00000250F2640D70>,1,ARMA,1.1921031158159097,0.906637897951766,1.0918347474851264
datasets/synthetic_data/s2.csv,205,<timecave.validation_methods.prequential.Rolling_Window object at 0x00000250F2640D70>,2,Tree,3.681296030735759,1.5870811817425474,1.9186703809502452
datasets/synthetic_data/s2.csv,205,<timecave.validation_methods.prequential.Rolling_Window object at 0x00000250F2640D70>,2,ARMA,2.263121758183158,1.1087852686504847,1.5043675608650826
datasets/synthetic_data/s2.csv,205,<timecave.validation_methods.CV.Block_CV object at 0x00000250F2633410>,0,Tree,2.1241138774198025,1.157826613144722,1.457434004481782
datasets/synthetic_data/s2.csv,205,<timecave.validation_methods.CV.Block_CV object at 0x00000250F2633410>,0,ARMA,1.743598468075326,1.0174986858001236,1.3204538871446159
datasets/synthetic_data/s2.csv,205,<timecave.validation_methods.CV.Block_CV object at 0x00000250F2633410>,1,Tree,2.552143895945255,1.285325018560502,1.5975430810921047
datasets/synthetic_data/s2.csv,205,<timecave.validation_methods.CV.Block_CV object at 0x00000250F2633410>,1,ARMA,1.682792690738553,1.0451689651406797,1.2972249961893862
datasets/synthetic_data/s2.csv,205,<timecave.validation_methods.CV.Block_CV object at 0x00000250F2633410>,2,Tree,1.9760759628357094,1.1415382370383855,1.4057296905293384
datasets/synthetic_data/s2.csv,205,<timecave.validation_methods.CV.Block_CV object at 0x00000250F2633410>,2,ARMA,1.2062442625882899,0.8730792678140303,1.098291519856313
datasets/synthetic_data/s2.csv,205,<timecave.validation_methods.CV.Block_CV object at 0x00000250F2633410>,3,Tree,1.4635685337548974,1.004743727056346,1.209780365915606
datasets/synthetic_data/s2.csv,205,<timecave.validation_methods.CV.Block_CV object at 0x00000250F2633410>,3,ARMA,1.3489037118900804,0.9801829137226277,1.1614231407588194
datasets/synthetic_data/s2.csv,205,<timecave.validation_methods.CV.Block_CV object at 0x00000250F2633410>,4,Tree,4.668080327146488,1.6989071068588184,2.160574073515298
datasets/synthetic_data/s2.csv,205,<timecave.validation_methods.CV.Block_CV object at 0x00000250F2633410>,4,ARMA,2.353158101211824,1.1433424195774071,1.5340006848798418
datasets/synthetic_data/s2.csv,205,<timecave.validation_methods.CV.AdaptedhvBlockCV object at 0x00000250F29F7590>,0,Tree,2.2124067252243553,1.1515463851235925,1.4874161237610528
datasets/synthetic_data/s2.csv,205,<timecave.validation_methods.CV.AdaptedhvBlockCV object at 0x00000250F29F7590>,0,ARMA,1.7437292023485993,1.0174629772077575,1.3205033897527865
datasets/synthetic_data/s2.csv,205,<timecave.validation_methods.CV.AdaptedhvBlockCV object at 0x00000250F29F7590>,1,Tree,1.7405598492643195,1.0624418653361023,1.31930278907623
datasets/synthetic_data/s2.csv,205,<timecave.validation_methods.CV.AdaptedhvBlockCV object at 0x00000250F29F7590>,1,ARMA,1.6677945970335832,1.0432829242869586,1.2914312204037748
datasets/synthetic_data/s2.csv,205,<timecave.validation_methods.CV.AdaptedhvBlockCV object at 0x00000250F29F7590>,2,Tree,2.3967429115092,1.2362954176216274,1.5481417607923378
datasets/synthetic_data/s2.csv,205,<timecave.validation_methods.CV.AdaptedhvBlockCV object at 0x00000250F29F7590>,2,ARMA,1.188448142151288,0.8685574591457006,1.0901596865373844
datasets/synthetic_data/s2.csv,205,<timecave.validation_methods.CV.AdaptedhvBlockCV object at 0x00000250F29F7590>,3,Tree,1.6358837266932595,1.108888705502709,1.2790167030548347
datasets/synthetic_data/s2.csv,205,<timecave.validation_methods.CV.AdaptedhvBlockCV object at 0x00000250F29F7590>,3,ARMA,1.277647155869704,0.9633046318334445,1.1303305515952862
datasets/synthetic_data/s2.csv,205,<timecave.validation_methods.CV.AdaptedhvBlockCV object at 0x00000250F29F7590>,4,Tree,4.977372428079884,1.7869288468550024,2.231002561199759
datasets/synthetic_data/s2.csv,205,<timecave.validation_methods.CV.AdaptedhvBlockCV object at 0x00000250F29F7590>,4,ARMA,2.3326427673308006,1.1571782685438805,1.5272991741406792
datasets/synthetic_data/s2.csv,205,<timecave.validation_methods.markov.MarkovCV object at 0x00000250F29F7260>,0,Tree,3.0415736768222668,1.3266769598440042,1.7440108018077947
datasets/synthetic_data/s2.csv,205,<timecave.validation_methods.markov.MarkovCV object at 0x00000250F29F7260>,0,ARMA,1.6126263633757174,1.0395811544311353,1.2698922644758954
datasets/synthetic_data/s2.csv,205,<timecave.validation_methods.markov.MarkovCV object at 0x00000250F29F7260>,1,Tree,3.378607800787256,1.5896960957570152,1.8380989638175786
datasets/synthetic_data/s2.csv,205,<timecave.validation_methods.markov.MarkovCV object at 0x00000250F29F7260>,1,ARMA,1.538424585405461,1.0466334510621105,1.2403324495494992
datasets/synthetic_data/s2.csv,205,<timecave.validation_methods.markov.MarkovCV object at 0x00000250F29F7260>,2,Tree,2.335818463060152,1.3222547098486763,1.5283384648238596
datasets/synthetic_data/s2.csv,205,<timecave.validation_methods.markov.MarkovCV object at 0x00000250F29F7260>,2,ARMA,2.6750444291884503,1.374621495923245,1.6355563057224445
datasets/synthetic_data/s2.csv,205,<timecave.validation_methods.markov.MarkovCV object at 0x00000250F29F7260>,3,Tree,2.870172905856685,1.3831779132306952,1.6941584653912056
datasets/synthetic_data/s2.csv,205,<timecave.validation_methods.markov.MarkovCV object at 0x00000250F29F7260>,3,ARMA,2.143903003034814,1.21562407287008,1.4642072951036729
datasets/synthetic_data/s2.csv,205,<timecave.validation_methods.markov.MarkovCV object at 0x00000250F29F7260>,4,Tree,3.031083064629034,1.4911239487139127,1.741000592943332
datasets/synthetic_data/s2.csv,205,<timecave.validation_methods.markov.MarkovCV object at 0x00000250F29F7260>,4,ARMA,1.1702132295625163,0.8298305023380699,1.0817639435489224
datasets/synthetic_data/s2.csv,205,<timecave.validation_methods.markov.MarkovCV object at 0x00000250F29F7260>,5,Tree,2.9403577046370657,1.5296068921266288,1.7147471255660602
datasets/synthetic_data/s2.csv,205,<timecave.validation_methods.markov.MarkovCV object at 0x00000250F29F7260>,5,ARMA,1.8522155991127853,1.1526613532772059,1.3609612775949158
datasets/synthetic_data/s2.csv,205,<timecave.validation_methods.markov.MarkovCV object at 0x00000250F29F7260>,6,Tree,4.5667421975788445,1.7648235441336673,2.1369937289516887
datasets/synthetic_data/s2.csv,205,<timecave.validation_methods.markov.MarkovCV object at 0x00000250F29F7260>,6,ARMA,2.9994351538505866,1.325931290923266,1.731887742854769
datasets/synthetic_data/s2.csv,205,<timecave.validation_methods.markov.MarkovCV object at 0x00000250F29F7260>,7,Tree,3.083888795145372,1.2376768356949701,1.7561004513254281
datasets/synthetic_data/s2.csv,205,<timecave.validation_methods.markov.MarkovCV object at 0x00000250F29F7260>,7,ARMA,2.0133221685980325,1.0231174334303386,1.418915842676384
datasets/synthetic_data/s2.csv,205,<timecave.validation_methods.markov.MarkovCV object at 0x00000250F29F7260>,8,Tree,1.8754074645675998,1.1540588956466047,1.3694551707038825
datasets/synthetic_data/s2.csv,205,<timecave.validation_methods.markov.MarkovCV object at 0x00000250F29F7260>,8,ARMA,1.0437232658873727,0.8274925072391244,1.0216277530917868
datasets/synthetic_data/s2.csv,205,<timecave.validation_methods.markov.MarkovCV object at 0x00000250F29F7260>,9,Tree,1.4604373062034512,1.0488687564254564,1.2084855424056389
datasets/synthetic_data/s2.csv,205,<timecave.validation_methods.markov.MarkovCV object at 0x00000250F29F7260>,9,ARMA,0.9026684463496429,0.7034249674402103,0.9500886518371024
datasets/synthetic_data/s2.csv,206,<timecave.validation_methods.OOS.Holdout object at 0x00000250F2604F50>,0,Tree,1.922297257902424,1.1434553185644492,1.3864693497883118
datasets/synthetic_data/s2.csv,206,<timecave.validation_methods.OOS.Holdout object at 0x00000250F2604F50>,0,ARMA,0.9086653276943132,0.758786830674803,0.9532393863528265
datasets/synthetic_data/s2.csv,206,<timecave.validation_methods.OOS.Repeated_Holdout object at 0x00000250F29F6AE0>,0,Tree,1.2621691182778323,0.9309718873701953,1.1234630026297405
datasets/synthetic_data/s2.csv,206,<timecave.validation_methods.OOS.Repeated_Holdout object at 0x00000250F29F6AE0>,0,ARMA,0.909264547743978,0.7767111746955517,0.9535536417758458
datasets/synthetic_data/s2.csv,206,<timecave.validation_methods.OOS.Repeated_Holdout object at 0x00000250F29F6AE0>,1,Tree,1.4037574740428715,0.970328564487021,1.1848027152411795
datasets/synthetic_data/s2.csv,206,<timecave.validation_methods.OOS.Repeated_Holdout object at 0x00000250F29F6AE0>,1,ARMA,0.877055533114915,0.753997621581278,0.9365124308384353
datasets/synthetic_data/s2.csv,206,<timecave.validation_methods.OOS.Repeated_Holdout object at 0x00000250F29F6AE0>,2,Tree,1.749106900529456,0.94873405133578,1.3225380525827815
datasets/synthetic_data/s2.csv,206,<timecave.validation_methods.OOS.Repeated_Holdout object at 0x00000250F29F6AE0>,2,ARMA,0.984279997481329,0.793846119587484,0.9921088637248077
datasets/synthetic_data/s2.csv,206,<timecave.validation_methods.OOS.Repeated_Holdout object at 0x00000250F29F6AE0>,3,Tree,1.995770482332825,1.1454996207960428,1.4127174106426328
datasets/synthetic_data/s2.csv,206,<timecave.validation_methods.OOS.Repeated_Holdout object at 0x00000250F29F6AE0>,3,ARMA,0.9086653276943132,0.758786830674803,0.9532393863528265
datasets/synthetic_data/s2.csv,206,<timecave.validation_methods.prequential.Growing_Window object at 0x00000250F29F6D20>,0,Tree,1.912116144717663,1.2014111014239817,1.3827928784592662
datasets/synthetic_data/s2.csv,206,<timecave.validation_methods.prequential.Growing_Window object at 0x00000250F29F6D20>,0,ARMA,1.7214740853315165,1.0896148584292273,1.3120495742659712
datasets/synthetic_data/s2.csv,206,<timecave.validation_methods.prequential.Growing_Window object at 0x00000250F29F6D20>,1,Tree,2.9277572024474203,1.4269368257851274,1.7110690232855659
datasets/synthetic_data/s2.csv,206,<timecave.validation_methods.prequential.Growing_Window object at 0x00000250F29F6D20>,1,ARMA,1.6454774943041146,1.0868019807229092,1.2827616669920077
datasets/synthetic_data/s2.csv,206,<timecave.validation_methods.prequential.Growing_Window object at 0x00000250F29F6D20>,2,Tree,2.380925483396312,1.3175067587826257,1.5430247837919882
datasets/synthetic_data/s2.csv,206,<timecave.validation_methods.prequential.Growing_Window object at 0x00000250F29F6D20>,2,ARMA,0.884704791498685,0.7435525236327998,0.9405874714765687
datasets/synthetic_data/s2.csv,206,<timecave.validation_methods.prequential.Growing_Window object at 0x00000250F29F6D20>,3,Tree,1.110214542431746,0.8696207373438086,1.0536671876981583
datasets/synthetic_data/s2.csv,206,<timecave.validation_methods.prequential.Growing_Window object at 0x00000250F29F6D20>,3,ARMA,0.7048636928536962,0.6701446393314632,0.8395616075391348
datasets/synthetic_data/s2.csv,206,<timecave.validation_methods.prequential.Growing_Window object at 0x00000250F29F4680>,0,Tree,2.2151382140597624,1.1290517956973423,1.488334039810876
datasets/synthetic_data/s2.csv,206,<timecave.validation_methods.prequential.Growing_Window object at 0x00000250F29F4680>,0,ARMA,1.7334775832302876,1.1156304961384944,1.316615958900046
datasets/synthetic_data/s2.csv,206,<timecave.validation_methods.prequential.Growing_Window object at 0x00000250F29F4680>,1,Tree,2.537495804080254,1.3121798585048723,1.5929519151814515
datasets/synthetic_data/s2.csv,206,<timecave.validation_methods.prequential.Growing_Window object at 0x00000250F29F4680>,1,ARMA,0.8982443712316597,0.7789596184485879,0.9477575487600506
datasets/synthetic_data/s2.csv,206,<timecave.validation_methods.prequential.Growing_Window object at 0x00000250F29F4680>,2,Tree,1.8305947166561156,1.1844663431608684,1.3529947215921116
datasets/synthetic_data/s2.csv,206,<timecave.validation_methods.prequential.Growing_Window object at 0x00000250F29F4680>,2,ARMA,0.7474540412169052,0.6942782583665225,0.8645542442304619
datasets/synthetic_data/s2.csv,206,<timecave.validation_methods.prequential.Rolling_Window object at 0x00000250F29F5640>,0,Tree,2.0516479272100625,1.2529796299240543,1.4323574718658965
datasets/synthetic_data/s2.csv,206,<timecave.validation_methods.prequential.Rolling_Window object at 0x00000250F29F5640>,0,ARMA,1.7214740853315165,1.0896148584292273,1.3120495742659712
datasets/synthetic_data/s2.csv,206,<timecave.validation_methods.prequential.Rolling_Window object at 0x00000250F29F5640>,1,Tree,2.754758251015163,1.3915780728094507,1.659746441784155
datasets/synthetic_data/s2.csv,206,<timecave.validation_methods.prequential.Rolling_Window object at 0x00000250F29F5640>,1,ARMA,1.7044561682860706,1.0871761285319983,1.3055482251859065
datasets/synthetic_data/s2.csv,206,<timecave.validation_methods.prequential.Rolling_Window object at 0x00000250F29F5640>,2,Tree,1.4567734058937676,0.9400496559773794,1.2069686847196026
datasets/synthetic_data/s2.csv,206,<timecave.validation_methods.prequential.Rolling_Window object at 0x00000250F29F5640>,2,ARMA,0.8933601291817569,0.7682434988233717,0.9451773003948819
datasets/synthetic_data/s2.csv,206,<timecave.validation_methods.prequential.Rolling_Window object at 0x00000250F29F5640>,3,Tree,1.6185810823812703,1.05842810746651,1.272234680544934
datasets/synthetic_data/s2.csv,206,<timecave.validation_methods.prequential.Rolling_Window object at 0x00000250F29F5640>,3,ARMA,0.9558289323278075,0.7817007105450874,0.9776650409663872
datasets/synthetic_data/s2.csv,206,<timecave.validation_methods.prequential.Rolling_Window object at 0x00000250F29F6A50>,0,Tree,2.3768790191698312,1.2250054262903516,1.5417130145295626
datasets/synthetic_data/s2.csv,206,<timecave.validation_methods.prequential.Rolling_Window object at 0x00000250F29F6A50>,0,ARMA,1.7334775832302876,1.1156304961384944,1.316615958900046
datasets/synthetic_data/s2.csv,206,<timecave.validation_methods.prequential.Rolling_Window object at 0x00000250F29F6A50>,1,Tree,2.9742173060708406,1.3832544603180705,1.7245919245058643
datasets/synthetic_data/s2.csv,206,<timecave.validation_methods.prequential.Rolling_Window object at 0x00000250F29F6A50>,1,ARMA,0.9083638615686398,0.788227347706949,0.9530812460481214
datasets/synthetic_data/s2.csv,206,<timecave.validation_methods.prequential.Rolling_Window object at 0x00000250F29F6A50>,2,Tree,2.0385727540820864,1.2681285085616907,1.427785962279391
datasets/synthetic_data/s2.csv,206,<timecave.validation_methods.prequential.Rolling_Window object at 0x00000250F29F6A50>,2,ARMA,0.7950513355574073,0.7331116299055449,0.8916565120927493
datasets/synthetic_data/s2.csv,206,<timecave.validation_methods.CV.Block_CV object at 0x00000250F29F6CF0>,0,Tree,2.121957740296945,1.1491485024946815,1.4566941134970461
datasets/synthetic_data/s2.csv,206,<timecave.validation_methods.CV.Block_CV object at 0x00000250F29F6CF0>,0,ARMA,1.6998572798755478,1.0775911904289848,1.303785749222451
datasets/synthetic_data/s2.csv,206,<timecave.validation_methods.CV.Block_CV object at 0x00000250F29F6CF0>,1,Tree,2.9667531032723624,1.5083505050017223,1.7224265160732875
datasets/synthetic_data/s2.csv,206,<timecave.validation_methods.CV.Block_CV object at 0x00000250F29F6CF0>,1,ARMA,1.8510011201646912,1.1450267153361509,1.3605150201907699
datasets/synthetic_data/s2.csv,206,<timecave.validation_methods.CV.Block_CV object at 0x00000250F29F6CF0>,2,Tree,2.610644271633379,1.2971988611612384,1.61574882690144
datasets/synthetic_data/s2.csv,206,<timecave.validation_methods.CV.Block_CV object at 0x00000250F29F6CF0>,2,ARMA,1.5949175986438353,1.1014826815622554,1.2629004706008449
datasets/synthetic_data/s2.csv,206,<timecave.validation_methods.CV.Block_CV object at 0x00000250F29F6CF0>,3,Tree,2.4824858375846097,1.352004427077228,1.575590631345785
datasets/synthetic_data/s2.csv,206,<timecave.validation_methods.CV.Block_CV object at 0x00000250F29F6CF0>,3,ARMA,0.825390323790444,0.7376130604644129,0.908509946995873
datasets/synthetic_data/s2.csv,206,<timecave.validation_methods.CV.Block_CV object at 0x00000250F29F6CF0>,4,Tree,1.146673907326311,0.8777258914971341,1.0708286078202762
datasets/synthetic_data/s2.csv,206,<timecave.validation_methods.CV.Block_CV object at 0x00000250F29F6CF0>,4,ARMA,0.7048636928536962,0.6701446393314632,0.8395616075391348
datasets/synthetic_data/s2.csv,206,<timecave.validation_methods.CV.AdaptedhvBlockCV object at 0x00000250F29F4C20>,0,Tree,1.6450936364402664,0.9683361637118951,1.2826120366035345
datasets/synthetic_data/s2.csv,206,<timecave.validation_methods.CV.AdaptedhvBlockCV object at 0x00000250F29F4C20>,0,ARMA,1.6999254843055307,1.0776450023235953,1.3038119052629986
datasets/synthetic_data/s2.csv,206,<timecave.validation_methods.CV.AdaptedhvBlockCV object at 0x00000250F29F4C20>,1,Tree,3.175137282449172,1.5233502944604562,1.7818914900883196
datasets/synthetic_data/s2.csv,206,<timecave.validation_methods.CV.AdaptedhvBlockCV object at 0x00000250F29F4C20>,1,ARMA,1.846016406560727,1.1445814519440445,1.3586818636313385
datasets/synthetic_data/s2.csv,206,<timecave.validation_methods.CV.AdaptedhvBlockCV object at 0x00000250F29F4C20>,2,Tree,2.2271265645333056,1.118261793350472,1.4923560448275424
datasets/synthetic_data/s2.csv,206,<timecave.validation_methods.CV.AdaptedhvBlockCV object at 0x00000250F29F4C20>,2,ARMA,1.5968253954955542,1.0984965825744744,1.263655568379119
datasets/synthetic_data/s2.csv,206,<timecave.validation_methods.CV.AdaptedhvBlockCV object at 0x00000250F29F4C20>,3,Tree,2.7704873823576004,1.4614164412921318,1.6644781111079834
datasets/synthetic_data/s2.csv,206,<timecave.validation_methods.CV.AdaptedhvBlockCV object at 0x00000250F29F4C20>,3,ARMA,0.8256385342789397,0.7382107837748346,0.9086465397936316
datasets/synthetic_data/s2.csv,206,<timecave.validation_methods.CV.AdaptedhvBlockCV object at 0x00000250F29F4C20>,4,Tree,1.279058041310574,0.9672598482572426,1.1309544824220708
datasets/synthetic_data/s2.csv,206,<timecave.validation_methods.CV.AdaptedhvBlockCV object at 0x00000250F29F4C20>,4,ARMA,0.8635438511671847,0.7351832566097737,0.9292706016910169
datasets/synthetic_data/s2.csv,206,<timecave.validation_methods.markov.MarkovCV object at 0x00000250F29F7890>,0,Tree,1.1777940187624363,0.9562141474243482,1.0852621889490282
datasets/synthetic_data/s2.csv,206,<timecave.validation_methods.markov.MarkovCV object at 0x00000250F29F7890>,0,ARMA,1.3621450883016282,0.9430046646570692,1.1671097156230121
datasets/synthetic_data/s2.csv,206,<timecave.validation_methods.markov.MarkovCV object at 0x00000250F29F7890>,1,Tree,0.907252130103456,0.7785336268458096,0.9524978373221936
datasets/synthetic_data/s2.csv,206,<timecave.validation_methods.markov.MarkovCV object at 0x00000250F29F7890>,1,ARMA,0.9291593251773589,0.8278557700193938,0.9639291079624885
datasets/synthetic_data/s2.csv,206,<timecave.validation_methods.markov.MarkovCV object at 0x00000250F29F7890>,2,Tree,1.7377664804663304,1.091941465138771,1.3182437105734017
datasets/synthetic_data/s2.csv,206,<timecave.validation_methods.markov.MarkovCV object at 0x00000250F29F7890>,2,ARMA,1.6184545702017348,1.0856605127009726,1.2721849591162973
datasets/synthetic_data/s2.csv,206,<timecave.validation_methods.markov.MarkovCV object at 0x00000250F29F7890>,3,Tree,1.5793881861829895,1.000775781692034,1.2567371189644194
datasets/synthetic_data/s2.csv,206,<timecave.validation_methods.markov.MarkovCV object at 0x00000250F29F7890>,3,ARMA,1.506948519927429,0.9521000210055252,1.227578315191104
datasets/synthetic_data/s2.csv,206,<timecave.validation_methods.markov.MarkovCV object at 0x00000250F29F7890>,4,Tree,4.373844523084968,1.7707708314188844,2.0913738362820187
datasets/synthetic_data/s2.csv,206,<timecave.validation_methods.markov.MarkovCV object at 0x00000250F29F7890>,4,ARMA,2.472189421661562,1.3815047044662179,1.5723197580840742
datasets/synthetic_data/s2.csv,206,<timecave.validation_methods.markov.MarkovCV object at 0x00000250F29F7890>,5,Tree,2.236406777294501,1.2139469562167116,1.4954620614694647
datasets/synthetic_data/s2.csv,206,<timecave.validation_methods.markov.MarkovCV object at 0x00000250F29F7890>,5,ARMA,2.3459259844789377,1.1568434613104948,1.5316415979200022
datasets/synthetic_data/s2.csv,206,<timecave.validation_methods.markov.MarkovCV object at 0x00000250F29F7890>,6,Tree,3.111410279058198,1.4929153121713907,1.7639190114793246
datasets/synthetic_data/s2.csv,206,<timecave.validation_methods.markov.MarkovCV object at 0x00000250F29F7890>,6,ARMA,1.4258226187066037,1.051753543420395,1.1940781459798198
datasets/synthetic_data/s2.csv,206,<timecave.validation_methods.markov.MarkovCV object at 0x00000250F29F7890>,7,Tree,2.2671652727372504,1.186550947813512,1.5057108861721265
datasets/synthetic_data/s2.csv,206,<timecave.validation_methods.markov.MarkovCV object at 0x00000250F29F7890>,7,ARMA,1.4801459967187598,0.9501044501933475,1.2166125088617
datasets/synthetic_data/s2.csv,206,<timecave.validation_methods.markov.MarkovCV object at 0x00000250F29F7890>,8,Tree,4.708293515406558,1.9194040205410239,2.1698602525062665
datasets/synthetic_data/s2.csv,206,<timecave.validation_methods.markov.MarkovCV object at 0x00000250F29F7890>,8,ARMA,2.4088487121911477,1.3612820894856446,1.5520466204953858
datasets/synthetic_data/s2.csv,206,<timecave.validation_methods.markov.MarkovCV object at 0x00000250F29F7890>,9,Tree,2.878654442628385,1.3828888745893078,1.6966597898896483
datasets/synthetic_data/s2.csv,206,<timecave.validation_methods.markov.MarkovCV object at 0x00000250F29F7890>,9,ARMA,2.007022024132554,1.1383222762160592,1.4166940474684553
datasets/synthetic_data/s2.csv,207,<timecave.validation_methods.OOS.Holdout object at 0x00000250F2631880>,0,Tree,2.3201562720160966,1.1578491371913444,1.5232059191114302
datasets/synthetic_data/s2.csv,207,<timecave.validation_methods.OOS.Holdout object at 0x00000250F2631880>,0,ARMA,1.8583268743626107,1.0960322411609995,1.3632046340746538
datasets/synthetic_data/s2.csv,207,<timecave.validation_methods.OOS.Repeated_Holdout object at 0x00000250F29B13A0>,0,Tree,2.1008287510316253,1.1471322647703663,1.4494235926849077
datasets/synthetic_data/s2.csv,207,<timecave.validation_methods.OOS.Repeated_Holdout object at 0x00000250F29B13A0>,0,ARMA,2.026504989337937,1.1132566319945796,1.4235536482120852
datasets/synthetic_data/s2.csv,207,<timecave.validation_methods.OOS.Repeated_Holdout object at 0x00000250F29B13A0>,1,Tree,2.483789389769705,1.2995166057885683,1.5760042480176586
datasets/synthetic_data/s2.csv,207,<timecave.validation_methods.OOS.Repeated_Holdout object at 0x00000250F29B13A0>,1,ARMA,1.9787302497520567,1.1425127448226853,1.4066734694846763
datasets/synthetic_data/s2.csv,207,<timecave.validation_methods.OOS.Repeated_Holdout object at 0x00000250F29B13A0>,2,Tree,3.2472476225305247,1.4743641572486226,1.8020121038801389
datasets/synthetic_data/s2.csv,207,<timecave.validation_methods.OOS.Repeated_Holdout object at 0x00000250F29B13A0>,2,ARMA,1.8915805486486597,1.0876031133972461,1.3753474283426206
datasets/synthetic_data/s2.csv,207,<timecave.validation_methods.OOS.Repeated_Holdout object at 0x00000250F29B13A0>,3,Tree,2.2932644577483052,1.1448313538061545,1.5143528181201054
datasets/synthetic_data/s2.csv,207,<timecave.validation_methods.OOS.Repeated_Holdout object at 0x00000250F29B13A0>,3,ARMA,1.8583268743626107,1.0960322411609995,1.3632046340746538
datasets/synthetic_data/s2.csv,207,<timecave.validation_methods.prequential.Growing_Window object at 0x00000250F29B1D00>,0,Tree,2.4950142045204786,1.2809275498328976,1.5795613962491228
datasets/synthetic_data/s2.csv,207,<timecave.validation_methods.prequential.Growing_Window object at 0x00000250F29B1D00>,0,ARMA,1.8503389463619313,1.0199634627835121,1.3602716443276803
datasets/synthetic_data/s2.csv,207,<timecave.validation_methods.prequential.Growing_Window object at 0x00000250F29B1D00>,1,Tree,4.911500780270648,1.8052456582687384,2.216190601069919
datasets/synthetic_data/s2.csv,207,<timecave.validation_methods.prequential.Growing_Window object at 0x00000250F29B1D00>,1,ARMA,3.431107914827262,1.4966970293153978,1.8523250024839761
datasets/synthetic_data/s2.csv,207,<timecave.validation_methods.prequential.Growing_Window object at 0x00000250F29B1D00>,2,Tree,3.3828350112360037,1.2525190115700042,1.839248490888603
datasets/synthetic_data/s2.csv,207,<timecave.validation_methods.prequential.Growing_Window object at 0x00000250F29B1D00>,2,ARMA,1.35747676163792,0.886287892024687,1.1651080471947313
datasets/synthetic_data/s2.csv,207,<timecave.validation_methods.prequential.Growing_Window object at 0x00000250F29B1D00>,3,Tree,1.7978340308146816,1.0623390838143458,1.340833334465802
datasets/synthetic_data/s2.csv,207,<timecave.validation_methods.prequential.Growing_Window object at 0x00000250F29B1D00>,3,ARMA,1.6535993804423257,1.0491944938670588,1.2859235515544172
datasets/synthetic_data/s2.csv,207,<timecave.validation_methods.prequential.Growing_Window object at 0x00000250F29B3800>,0,Tree,2.352478726751884,1.2101378687532556,1.5337792301214292
datasets/synthetic_data/s2.csv,207,<timecave.validation_methods.prequential.Growing_Window object at 0x00000250F29B3800>,0,ARMA,3.250399425151517,1.4036026597381601,1.8028864149334303
datasets/synthetic_data/s2.csv,207,<timecave.validation_methods.prequential.Growing_Window object at 0x00000250F29B3800>,1,Tree,2.023644629359627,1.1455599049478908,1.422548638662182
datasets/synthetic_data/s2.csv,207,<timecave.validation_methods.prequential.Growing_Window object at 0x00000250F29B3800>,1,ARMA,1.5550198364764696,0.9557233783750464,1.2470043450110628
datasets/synthetic_data/s2.csv,207,<timecave.validation_methods.prequential.Growing_Window object at 0x00000250F29B3800>,2,Tree,1.8258812706767489,1.058323618007243,1.3512517421549357
datasets/synthetic_data/s2.csv,207,<timecave.validation_methods.prequential.Growing_Window object at 0x00000250F29B3800>,2,ARMA,1.6335175485483522,1.0431074878852615,1.2780913694053144
datasets/synthetic_data/s2.csv,207,<timecave.validation_methods.prequential.Rolling_Window object at 0x00000250F2606780>,0,Tree,2.2875804565989055,1.2132793748992148,1.5124749441226806
datasets/synthetic_data/s2.csv,207,<timecave.validation_methods.prequential.Rolling_Window object at 0x00000250F2606780>,0,ARMA,1.8503389463619313,1.0199634627835121,1.3602716443276803
datasets/synthetic_data/s2.csv,207,<timecave.validation_methods.prequential.Rolling_Window object at 0x00000250F2606780>,1,Tree,6.767744355867699,2.188814096357958,2.6014888729086847
datasets/synthetic_data/s2.csv,207,<timecave.validation_methods.prequential.Rolling_Window object at 0x00000250F2606780>,1,ARMA,3.4116230849683644,1.4674738408229577,1.8470579538737717
datasets/synthetic_data/s2.csv,207,<timecave.validation_methods.prequential.Rolling_Window object at 0x00000250F2606780>,2,Tree,3.2358942669924664,1.316274039558479,1.7988591570749686
datasets/synthetic_data/s2.csv,207,<timecave.validation_methods.prequential.Rolling_Window object at 0x00000250F2606780>,2,ARMA,1.534696241391268,1.0141872436535238,1.2388285762732743
datasets/synthetic_data/s2.csv,207,<timecave.validation_methods.prequential.Rolling_Window object at 0x00000250F2606780>,3,Tree,3.767203880148239,1.4283762405951814,1.9409286128418632
datasets/synthetic_data/s2.csv,207,<timecave.validation_methods.prequential.Rolling_Window object at 0x00000250F2606780>,3,ARMA,1.7068161491100957,0.9567109005218206,1.3064517400616433
datasets/synthetic_data/s2.csv,207,<timecave.validation_methods.prequential.Rolling_Window object at 0x00000250F2606150>,0,Tree,2.211289579708921,1.2410163858129568,1.4870405440703092
datasets/synthetic_data/s2.csv,207,<timecave.validation_methods.prequential.Rolling_Window object at 0x00000250F2606150>,0,ARMA,3.250399425151517,1.4036026597381601,1.8028864149334303
datasets/synthetic_data/s2.csv,207,<timecave.validation_methods.prequential.Rolling_Window object at 0x00000250F2606150>,1,Tree,3.0009723647297615,1.3196086453327849,1.7323314823467713
datasets/synthetic_data/s2.csv,207,<timecave.validation_methods.prequential.Rolling_Window object at 0x00000250F2606150>,1,ARMA,1.5943637149930654,0.9535957010705344,1.262681161256897
datasets/synthetic_data/s2.csv,207,<timecave.validation_methods.prequential.Rolling_Window object at 0x00000250F2606150>,2,Tree,2.7335462679655764,1.4299942010769346,1.6533439654123931
datasets/synthetic_data/s2.csv,207,<timecave.validation_methods.prequential.Rolling_Window object at 0x00000250F2606150>,2,ARMA,2.765198738468928,1.3733126264575255,1.6628886729029482
datasets/synthetic_data/s2.csv,207,<timecave.validation_methods.CV.Block_CV object at 0x00000250F2604170>,0,Tree,2.156943768503074,1.058844722486808,1.4686537265479138
datasets/synthetic_data/s2.csv,207,<timecave.validation_methods.CV.Block_CV object at 0x00000250F2604170>,0,ARMA,1.5185279503881661,0.9615419116710191,1.2322856610332549
datasets/synthetic_data/s2.csv,207,<timecave.validation_methods.CV.Block_CV object at 0x00000250F2604170>,1,Tree,2.5895878719187526,1.146827875580481,1.6092196468843998
datasets/synthetic_data/s2.csv,207,<timecave.validation_methods.CV.Block_CV object at 0x00000250F2604170>,1,ARMA,1.140771238622409,0.8557131568711045,1.068068929714936
datasets/synthetic_data/s2.csv,207,<timecave.validation_methods.CV.Block_CV object at 0x00000250F2604170>,2,Tree,6.928195864917142,2.1381406258227575,2.6321466267890816
datasets/synthetic_data/s2.csv,207,<timecave.validation_methods.CV.Block_CV object at 0x00000250F2604170>,2,ARMA,3.4372597334469583,1.4931722551813318,1.8539848255708455
datasets/synthetic_data/s2.csv,207,<timecave.validation_methods.CV.Block_CV object at 0x00000250F2604170>,3,Tree,2.9154742985735407,1.321147621206035,1.7074760023419189
datasets/synthetic_data/s2.csv,207,<timecave.validation_methods.CV.Block_CV object at 0x00000250F2604170>,3,ARMA,1.437961403745668,0.8854263223634555,1.1991502840535326
datasets/synthetic_data/s2.csv,207,<timecave.validation_methods.CV.Block_CV object at 0x00000250F2604170>,4,Tree,1.8104820351822706,1.0984015131472047,1.345541539746087
datasets/synthetic_data/s2.csv,207,<timecave.validation_methods.CV.Block_CV object at 0x00000250F2604170>,4,ARMA,1.6535993804423257,1.0491944938670588,1.2859235515544172
datasets/synthetic_data/s2.csv,207,<timecave.validation_methods.CV.AdaptedhvBlockCV object at 0x00000250F2642B70>,0,Tree,2.5619963231745113,1.1531144788658605,1.6006237294175392
datasets/synthetic_data/s2.csv,207,<timecave.validation_methods.CV.AdaptedhvBlockCV object at 0x00000250F2642B70>,0,ARMA,1.519017130142764,0.9638737917925541,1.2324841297731846
datasets/synthetic_data/s2.csv,207,<timecave.validation_methods.CV.AdaptedhvBlockCV object at 0x00000250F2642B70>,1,Tree,2.108311304969005,1.0926605085213046,1.4520025154830156
datasets/synthetic_data/s2.csv,207,<timecave.validation_methods.CV.AdaptedhvBlockCV object at 0x00000250F2642B70>,1,ARMA,1.1311797515144204,0.8504532248523125,1.0635693449486123
datasets/synthetic_data/s2.csv,207,<timecave.validation_methods.CV.AdaptedhvBlockCV object at 0x00000250F2642B70>,2,Tree,6.852439069354237,2.248443802383944,2.617716384437825
datasets/synthetic_data/s2.csv,207,<timecave.validation_methods.CV.AdaptedhvBlockCV object at 0x00000250F2642B70>,2,ARMA,3.4224819437723486,1.4889997239012065,1.8499951199320361
datasets/synthetic_data/s2.csv,207,<timecave.validation_methods.CV.AdaptedhvBlockCV object at 0x00000250F2642B70>,3,Tree,3.7065543282332913,1.481722398331637,1.9252413688245147
datasets/synthetic_data/s2.csv,207,<timecave.validation_methods.CV.AdaptedhvBlockCV object at 0x00000250F2642B70>,3,ARMA,1.422640149777159,0.8823416271327196,1.1927447965835605
datasets/synthetic_data/s2.csv,207,<timecave.validation_methods.CV.AdaptedhvBlockCV object at 0x00000250F2642B70>,4,Tree,2.406041937369997,1.2769006752547352,1.5511421396409797
datasets/synthetic_data/s2.csv,207,<timecave.validation_methods.CV.AdaptedhvBlockCV object at 0x00000250F2642B70>,4,ARMA,2.233199615976104,1.1418653898273836,1.494389378969251
datasets/synthetic_data/s2.csv,207,<timecave.validation_methods.markov.MarkovCV object at 0x00000250F2604B00>,0,Tree,1.5228726964453605,0.9295249955325214,1.2340472829050597
datasets/synthetic_data/s2.csv,207,<timecave.validation_methods.markov.MarkovCV object at 0x00000250F2604B00>,0,ARMA,0.724178432864526,0.7127908047284232,0.8509867407101747
datasets/synthetic_data/s2.csv,207,<timecave.validation_methods.markov.MarkovCV object at 0x00000250F2604B00>,1,Tree,2.127729222404258,1.258472892264889,1.4586737888932735
datasets/synthetic_data/s2.csv,207,<timecave.validation_methods.markov.MarkovCV object at 0x00000250F2604B00>,1,ARMA,2.4984461481203533,1.2383733047875591,1.5806473826000387
datasets/synthetic_data/s2.csv,207,<timecave.validation_methods.markov.MarkovCV object at 0x00000250F2604B00>,2,Tree,3.870683995449362,1.6591943692567641,1.9674053968232785
datasets/synthetic_data/s2.csv,207,<timecave.validation_methods.markov.MarkovCV object at 0x00000250F2604B00>,2,ARMA,3.6291644537789978,1.5023263213101468,1.9050366016901086
datasets/synthetic_data/s2.csv,207,<timecave.validation_methods.markov.MarkovCV object at 0x00000250F2604B00>,3,Tree,1.7154234844252307,1.1121579470449892,1.3097417624956573
datasets/synthetic_data/s2.csv,207,<timecave.validation_methods.markov.MarkovCV object at 0x00000250F2604B00>,3,ARMA,3.0861497100952326,1.432522277228626,1.756744065051945
datasets/synthetic_data/s2.csv,207,<timecave.validation_methods.markov.MarkovCV object at 0x00000250F2604B00>,4,Tree,5.872757392777993,1.8918732638496782,2.4233772700052283
datasets/synthetic_data/s2.csv,207,<timecave.validation_methods.markov.MarkovCV object at 0x00000250F2604B00>,4,ARMA,2.085203686294231,1.2815419817003142,1.4440234368922933
datasets/synthetic_data/s2.csv,207,<timecave.validation_methods.markov.MarkovCV object at 0x00000250F2604B00>,5,Tree,2.785268438680077,1.24517737515379,1.6689123520065627
datasets/synthetic_data/s2.csv,207,<timecave.validation_methods.markov.MarkovCV object at 0x00000250F2604B00>,5,ARMA,1.9197394551146278,1.0862365262512566,1.3855466268280645
datasets/synthetic_data/s2.csv,207,<timecave.validation_methods.markov.MarkovCV object at 0x00000250F2604B00>,6,Tree,3.1300378577833907,1.6166806533475464,1.769191300505231
datasets/synthetic_data/s2.csv,207,<timecave.validation_methods.markov.MarkovCV object at 0x00000250F2604B00>,6,ARMA,2.30154736867039,1.2850130670447903,1.517085155378692
datasets/synthetic_data/s2.csv,207,<timecave.validation_methods.markov.MarkovCV object at 0x00000250F2604B00>,7,Tree,3.205696725876933,1.5388616381967362,1.7904459572623053
datasets/synthetic_data/s2.csv,207,<timecave.validation_methods.markov.MarkovCV object at 0x00000250F2604B00>,7,ARMA,2.2187795208520886,1.2643256457699759,1.4895568202831635
datasets/synthetic_data/s2.csv,207,<timecave.validation_methods.markov.MarkovCV object at 0x00000250F2604B00>,8,Tree,4.183503775534038,1.5718238542199843,2.0453615268538807
datasets/synthetic_data/s2.csv,207,<timecave.validation_methods.markov.MarkovCV object at 0x00000250F2604B00>,8,ARMA,2.4473252787933513,1.0991440534696888,1.5643929425797571
datasets/synthetic_data/s2.csv,207,<timecave.validation_methods.markov.MarkovCV object at 0x00000250F2604B00>,9,Tree,2.4823947155001442,1.2203530532360019,1.5755617142784806
datasets/synthetic_data/s2.csv,207,<timecave.validation_methods.markov.MarkovCV object at 0x00000250F2604B00>,9,ARMA,1.3344196138600066,0.9196954490400734,1.1551708158796286
datasets/synthetic_data/s2.csv,208,<timecave.validation_methods.OOS.Holdout object at 0x00000250F29B1EE0>,0,Tree,3.0027435291547837,1.4532121604081134,1.7328426152293184
datasets/synthetic_data/s2.csv,208,<timecave.validation_methods.OOS.Holdout object at 0x00000250F29B1EE0>,0,ARMA,2.1028229706189574,1.1717962802642226,1.4501113649023503
datasets/synthetic_data/s2.csv,208,<timecave.validation_methods.OOS.Repeated_Holdout object at 0x00000250F29B3830>,0,Tree,3.677518136161717,1.6009865358673623,1.9176856197410765
datasets/synthetic_data/s2.csv,208,<timecave.validation_methods.OOS.Repeated_Holdout object at 0x00000250F29B3830>,0,ARMA,1.722187556378743,1.0290383639535134,1.3123214379025983
datasets/synthetic_data/s2.csv,208,<timecave.validation_methods.OOS.Repeated_Holdout object at 0x00000250F29B3830>,1,Tree,2.777890557224255,1.3505957493014427,1.6667005001571984
datasets/synthetic_data/s2.csv,208,<timecave.validation_methods.OOS.Repeated_Holdout object at 0x00000250F29B3830>,1,ARMA,1.3933178974790792,0.9503739494639069,1.1803888755317373
datasets/synthetic_data/s2.csv,208,<timecave.validation_methods.OOS.Repeated_Holdout object at 0x00000250F29B3830>,2,Tree,3.9587628026984336,1.72041674290159,1.9896639924113904
datasets/synthetic_data/s2.csv,208,<timecave.validation_methods.OOS.Repeated_Holdout object at 0x00000250F29B3830>,2,ARMA,2.1953025721207484,1.2133158018058179,1.481655348628941
datasets/synthetic_data/s2.csv,208,<timecave.validation_methods.OOS.Repeated_Holdout object at 0x00000250F29B3830>,3,Tree,3.2004199854601234,1.484201144629579,1.7889717676531744
datasets/synthetic_data/s2.csv,208,<timecave.validation_methods.OOS.Repeated_Holdout object at 0x00000250F29B3830>,3,ARMA,2.1028229706189574,1.1717962802642226,1.4501113649023503
datasets/synthetic_data/s2.csv,208,<timecave.validation_methods.prequential.Growing_Window object at 0x00000250F29B2540>,0,Tree,2.2866673559662307,1.1571744584794732,1.5121730575454089
datasets/synthetic_data/s2.csv,208,<timecave.validation_methods.prequential.Growing_Window object at 0x00000250F29B2540>,0,ARMA,1.3411577797826704,0.7856701366090436,1.158083667004535
datasets/synthetic_data/s2.csv,208,<timecave.validation_methods.prequential.Growing_Window object at 0x00000250F29B2540>,1,Tree,3.1167222796142484,1.4227241714196748,1.7654241075770571
datasets/synthetic_data/s2.csv,208,<timecave.validation_methods.prequential.Growing_Window object at 0x00000250F29B2540>,1,ARMA,1.5723400306769149,1.0206285333267837,1.2539298348300494
datasets/synthetic_data/s2.csv,208,<timecave.validation_methods.prequential.Growing_Window object at 0x00000250F29B2540>,2,Tree,2.9594295661893653,1.334217402420725,1.7202992664619041
datasets/synthetic_data/s2.csv,208,<timecave.validation_methods.prequential.Growing_Window object at 0x00000250F29B2540>,2,ARMA,2.205130422707565,1.2197071277836118,1.4849681554523535
datasets/synthetic_data/s2.csv,208,<timecave.validation_methods.prequential.Growing_Window object at 0x00000250F29B2540>,3,Tree,3.441543142842924,1.4652361373318796,1.8551396558865654
datasets/synthetic_data/s2.csv,208,<timecave.validation_methods.prequential.Growing_Window object at 0x00000250F29B2540>,3,ARMA,1.443142606377907,0.9631849072928695,1.2013087056947132
datasets/synthetic_data/s2.csv,208,<timecave.validation_methods.prequential.Growing_Window object at 0x00000250F29B06B0>,0,Tree,3.0854895400768756,1.4441663820730295,1.7565561591013468
datasets/synthetic_data/s2.csv,208,<timecave.validation_methods.prequential.Growing_Window object at 0x00000250F29B06B0>,0,ARMA,1.5692660817789408,1.0007239673982538,1.2527035091269365
datasets/synthetic_data/s2.csv,208,<timecave.validation_methods.prequential.Growing_Window object at 0x00000250F29B06B0>,1,Tree,2.27858313178067,1.303216448385797,1.5094976421911597
datasets/synthetic_data/s2.csv,208,<timecave.validation_methods.prequential.Growing_Window object at 0x00000250F29B06B0>,1,ARMA,2.1266087356678813,1.1854286444786761,1.4582896610988783
datasets/synthetic_data/s2.csv,208,<timecave.validation_methods.prequential.Growing_Window object at 0x00000250F29B06B0>,2,Tree,4.164614804653224,1.664630548790022,2.0407387889323867
datasets/synthetic_data/s2.csv,208,<timecave.validation_methods.prequential.Growing_Window object at 0x00000250F29B06B0>,2,ARMA,1.3440369194335466,0.9477469812762793,1.1593260626042816
datasets/synthetic_data/s2.csv,208,<timecave.validation_methods.prequential.Rolling_Window object at 0x00000250F29B3260>,0,Tree,2.1458239212295362,1.1061266829338603,1.464863106651791
datasets/synthetic_data/s2.csv,208,<timecave.validation_methods.prequential.Rolling_Window object at 0x00000250F29B3260>,0,ARMA,1.3411577797826704,0.7856701366090436,1.158083667004535
datasets/synthetic_data/s2.csv,208,<timecave.validation_methods.prequential.Rolling_Window object at 0x00000250F29B3260>,1,Tree,2.810541480131226,1.275054276665153,1.6764669636265506
datasets/synthetic_data/s2.csv,208,<timecave.validation_methods.prequential.Rolling_Window object at 0x00000250F29B3260>,1,ARMA,1.5804774152836256,1.0121065340530588,1.257170400257509
datasets/synthetic_data/s2.csv,208,<timecave.validation_methods.prequential.Rolling_Window object at 0x00000250F29B3260>,2,Tree,2.7306394476926594,1.3474127483345233,1.6524646585306022
datasets/synthetic_data/s2.csv,208,<timecave.validation_methods.prequential.Rolling_Window object at 0x00000250F29B3260>,2,ARMA,1.99284611263916,1.1128836025751514,1.411682015412522
datasets/synthetic_data/s2.csv,208,<timecave.validation_methods.prequential.Rolling_Window object at 0x00000250F29B3260>,3,Tree,3.053436855204719,1.4853379086317486,1.7474086114028164
datasets/synthetic_data/s2.csv,208,<timecave.validation_methods.prequential.Rolling_Window object at 0x00000250F29B3260>,3,ARMA,1.750652882182803,1.0415221523172178,1.3231223987911334
datasets/synthetic_data/s2.csv,208,<timecave.validation_methods.prequential.Rolling_Window object at 0x00000250F29B23F0>,0,Tree,3.0709794513865427,1.4504950379126,1.752421025720287
datasets/synthetic_data/s2.csv,208,<timecave.validation_methods.prequential.Rolling_Window object at 0x00000250F29B23F0>,0,ARMA,1.5692660817789408,1.0007239673982538,1.2527035091269365
datasets/synthetic_data/s2.csv,208,<timecave.validation_methods.prequential.Rolling_Window object at 0x00000250F29B23F0>,1,Tree,4.0910547479084105,1.4738113417242216,2.022635594443154
datasets/synthetic_data/s2.csv,208,<timecave.validation_methods.prequential.Rolling_Window object at 0x00000250F29B23F0>,1,ARMA,2.2325897669850088,1.2042943151402312,1.4941853188226046
datasets/synthetic_data/s2.csv,208,<timecave.validation_methods.prequential.Rolling_Window object at 0x00000250F29B23F0>,2,Tree,2.1709247877571483,1.219532342102438,1.473405846247784
datasets/synthetic_data/s2.csv,208,<timecave.validation_methods.prequential.Rolling_Window object at 0x00000250F29B23F0>,2,ARMA,1.4103895536135955,0.9439243602765524,1.187598229037748
datasets/synthetic_data/s2.csv,208,<timecave.validation_methods.CV.Block_CV object at 0x00000250F25E7050>,0,Tree,2.8171916793719842,1.3792800107092145,1.6784491887966058
datasets/synthetic_data/s2.csv,208,<timecave.validation_methods.CV.Block_CV object at 0x00000250F25E7050>,0,ARMA,3.0135269516498875,1.4605127734527712,1.7359513102762667
datasets/synthetic_data/s2.csv,208,<timecave.validation_methods.CV.Block_CV object at 0x00000250F25E7050>,1,Tree,4.026959890646343,1.7153992926298105,2.006728653965539
datasets/synthetic_data/s2.csv,208,<timecave.validation_methods.CV.Block_CV object at 0x00000250F25E7050>,1,ARMA,1.4117197959435106,0.8296280680883295,1.1881581527488294
datasets/synthetic_data/s2.csv,208,<timecave.validation_methods.CV.Block_CV object at 0x00000250F25E7050>,2,Tree,3.1961589182404455,1.4323581198664428,1.7877804446409087
datasets/synthetic_data/s2.csv,208,<timecave.validation_methods.CV.Block_CV object at 0x00000250F25E7050>,2,ARMA,1.4966351790762757,0.9728189861825283,1.223370417770626
datasets/synthetic_data/s2.csv,208,<timecave.validation_methods.CV.Block_CV object at 0x00000250F25E7050>,3,Tree,3.448127214556524,1.5256397500457697,1.8569133567715335
datasets/synthetic_data/s2.csv,208,<timecave.validation_methods.CV.Block_CV object at 0x00000250F25E7050>,3,ARMA,2.081906714909656,1.1554621768221818,1.4428813932231768
datasets/synthetic_data/s2.csv,208,<timecave.validation_methods.CV.Block_CV object at 0x00000250F25E7050>,4,Tree,3.086449044844769,1.4337375186024195,1.7568292588765617
datasets/synthetic_data/s2.csv,208,<timecave.validation_methods.CV.Block_CV object at 0x00000250F25E7050>,4,ARMA,1.443142606377907,0.9631849072928695,1.2013087056947132
datasets/synthetic_data/s2.csv,208,<timecave.validation_methods.CV.AdaptedhvBlockCV object at 0x00000250F29F5400>,0,Tree,2.535667049615244,1.254787654063781,1.5923777973883095
datasets/synthetic_data/s2.csv,208,<timecave.validation_methods.CV.AdaptedhvBlockCV object at 0x00000250F29F5400>,0,ARMA,3.016191284821704,1.4596128409462406,1.7367185393211255
datasets/synthetic_data/s2.csv,208,<timecave.validation_methods.CV.AdaptedhvBlockCV object at 0x00000250F29F5400>,1,Tree,2.9220216574364346,1.2600261729384836,1.7093921894745028
datasets/synthetic_data/s2.csv,208,<timecave.validation_methods.CV.AdaptedhvBlockCV object at 0x00000250F29F5400>,1,ARMA,1.3950806078822038,0.8213931941660764,1.1811353046464252
datasets/synthetic_data/s2.csv,208,<timecave.validation_methods.CV.AdaptedhvBlockCV object at 0x00000250F29F5400>,2,Tree,3.069485310587641,1.4040191516838645,1.7519946662554773
datasets/synthetic_data/s2.csv,208,<timecave.validation_methods.CV.AdaptedhvBlockCV object at 0x00000250F29F5400>,2,ARMA,1.4935768080443586,0.9708539051512128,1.2221198010196703
datasets/synthetic_data/s2.csv,208,<timecave.validation_methods.CV.AdaptedhvBlockCV object at 0x00000250F29F5400>,3,Tree,3.208344165362895,1.5131114583001082,1.7911851287242464
datasets/synthetic_data/s2.csv,208,<timecave.validation_methods.CV.AdaptedhvBlockCV object at 0x00000250F29F5400>,3,ARMA,2.0859236662226994,1.1499486792796296,1.444272711859744
datasets/synthetic_data/s2.csv,208,<timecave.validation_methods.CV.AdaptedhvBlockCV object at 0x00000250F29F5400>,4,Tree,3.303043563296395,1.455430570399132,1.8174277326200332
datasets/synthetic_data/s2.csv,208,<timecave.validation_methods.CV.AdaptedhvBlockCV object at 0x00000250F29F5400>,4,ARMA,1.4026420367836376,0.9687742675289862,1.1843318946915335
datasets/synthetic_data/s2.csv,208,<timecave.validation_methods.markov.MarkovCV object at 0x00000250F29F7B30>,0,Tree,3.1347358966714283,1.5914866111151,1.7705185389233935
datasets/synthetic_data/s2.csv,208,<timecave.validation_methods.markov.MarkovCV object at 0x00000250F29F7B30>,0,ARMA,1.7783854250947126,1.0118044801587933,1.3335611816091202
datasets/synthetic_data/s2.csv,208,<timecave.validation_methods.markov.MarkovCV object at 0x00000250F29F7B30>,1,Tree,7.759721955877775,2.4407162336531347,2.7856277489782757
datasets/synthetic_data/s2.csv,208,<timecave.validation_methods.markov.MarkovCV object at 0x00000250F29F7B30>,1,ARMA,2.2518739322753203,1.2168727735219065,1.5006245140858256
datasets/synthetic_data/s2.csv,208,<timecave.validation_methods.markov.MarkovCV object at 0x00000250F29F7B30>,2,Tree,2.55082110208139,1.357294906266725,1.5971290186085125
datasets/synthetic_data/s2.csv,208,<timecave.validation_methods.markov.MarkovCV object at 0x00000250F29F7B30>,2,ARMA,1.8276603310116082,1.1166990498002973,1.3519098827257712
datasets/synthetic_data/s2.csv,208,<timecave.validation_methods.markov.MarkovCV object at 0x00000250F29F7B30>,3,Tree,1.6076985141592715,0.9967465712331796,1.2679505172360912
datasets/synthetic_data/s2.csv,208,<timecave.validation_methods.markov.MarkovCV object at 0x00000250F29F7B30>,3,ARMA,1.4361362371137365,0.9818725665794239,1.1983890174370493
datasets/synthetic_data/s2.csv,208,<timecave.validation_methods.markov.MarkovCV object at 0x00000250F29F7B30>,4,Tree,3.6075168244023335,1.6443080032397956,1.899346420325248
datasets/synthetic_data/s2.csv,208,<timecave.validation_methods.markov.MarkovCV object at 0x00000250F29F7B30>,4,ARMA,1.5578687153093635,1.0723686211713588,1.2481461113625134
datasets/synthetic_data/s2.csv,208,<timecave.validation_methods.markov.MarkovCV object at 0x00000250F29F7B30>,5,Tree,3.192666845106369,1.5615723641259145,1.7868035272817124
datasets/synthetic_data/s2.csv,208,<timecave.validation_methods.markov.MarkovCV object at 0x00000250F29F7B30>,5,ARMA,2.0559197592109424,1.1734209608334671,1.4338478856597523
datasets/synthetic_data/s2.csv,208,<timecave.validation_methods.markov.MarkovCV object at 0x00000250F29F7B30>,6,Tree,4.595800929784998,1.7442671582663642,2.14378192216116
datasets/synthetic_data/s2.csv,208,<timecave.validation_methods.markov.MarkovCV object at 0x00000250F29F7B30>,6,ARMA,2.972553653718194,1.3464167970470209,1.7241095248615135
datasets/synthetic_data/s2.csv,208,<timecave.validation_methods.markov.MarkovCV object at 0x00000250F29F7B30>,7,Tree,2.6582252458303675,1.322791873934193,1.6304064664464404
datasets/synthetic_data/s2.csv,208,<timecave.validation_methods.markov.MarkovCV object at 0x00000250F29F7B30>,7,ARMA,1.8652807271248664,1.1273464861005036,1.3657528060102482
datasets/synthetic_data/s2.csv,208,<timecave.validation_methods.markov.MarkovCV object at 0x00000250F29F7B30>,8,Tree,6.843644084821205,2.096804355444213,2.6160359486867155
datasets/synthetic_data/s2.csv,208,<timecave.validation_methods.markov.MarkovCV object at 0x00000250F29F7B30>,8,ARMA,3.3658554055405236,1.5689308855885304,1.834626775543332
datasets/synthetic_data/s2.csv,208,<timecave.validation_methods.markov.MarkovCV object at 0x00000250F29F7B30>,9,Tree,1.905962702906853,1.0953799153380572,1.3805660806013065
datasets/synthetic_data/s2.csv,208,<timecave.validation_methods.markov.MarkovCV object at 0x00000250F29F7B30>,9,ARMA,4.254036159881151,1.5507714418391667,2.062531493064082
datasets/synthetic_data/s2.csv,209,<timecave.validation_methods.OOS.Holdout object at 0x00000250F2606B70>,0,Tree,3.408961180999601,1.4827710302459618,1.8463372338225759
datasets/synthetic_data/s2.csv,209,<timecave.validation_methods.OOS.Holdout object at 0x00000250F2606B70>,0,ARMA,1.8508782364942924,1.0594532210337702,1.3604698587231885
datasets/synthetic_data/s2.csv,209,<timecave.validation_methods.OOS.Repeated_Holdout object at 0x00000250F2605280>,0,Tree,3.157804961201827,1.5089416114975485,1.777021373310357
datasets/synthetic_data/s2.csv,209,<timecave.validation_methods.OOS.Repeated_Holdout object at 0x00000250F2605280>,0,ARMA,1.8382621700521535,1.0477398391613086,1.3558252726852946
datasets/synthetic_data/s2.csv,209,<timecave.validation_methods.OOS.Repeated_Holdout object at 0x00000250F2605280>,1,Tree,2.870701534580665,1.4258253746259133,1.694314473343324
datasets/synthetic_data/s2.csv,209,<timecave.validation_methods.OOS.Repeated_Holdout object at 0x00000250F2605280>,1,ARMA,1.9562397770120545,1.0784261959873878,1.3986564185002885
datasets/synthetic_data/s2.csv,209,<timecave.validation_methods.OOS.Repeated_Holdout object at 0x00000250F2605280>,2,Tree,2.6914757078390767,1.3610057263189608,1.6405717624776663
datasets/synthetic_data/s2.csv,209,<timecave.validation_methods.OOS.Repeated_Holdout object at 0x00000250F2605280>,2,ARMA,2.012444489584033,1.1244723678154613,1.418606530925342
datasets/synthetic_data/s2.csv,209,<timecave.validation_methods.OOS.Repeated_Holdout object at 0x00000250F2605280>,3,Tree,3.212067026832282,1.321952550944997,1.7922240448203683
datasets/synthetic_data/s2.csv,209,<timecave.validation_methods.OOS.Repeated_Holdout object at 0x00000250F2605280>,3,ARMA,1.8508782364942924,1.0594532210337702,1.3604698587231885
datasets/synthetic_data/s2.csv,209,<timecave.validation_methods.prequential.Growing_Window object at 0x00000250F2604050>,0,Tree,1.643673297676091,0.994814869666259,1.2820582271005054
datasets/synthetic_data/s2.csv,209,<timecave.validation_methods.prequential.Growing_Window object at 0x00000250F2604050>,0,ARMA,1.2170541199131022,0.8815075327413824,1.1032017584798812
datasets/synthetic_data/s2.csv,209,<timecave.validation_methods.prequential.Growing_Window object at 0x00000250F2604050>,1,Tree,3.454727627216444,1.3486732689325227,1.8586897608843829
datasets/synthetic_data/s2.csv,209,<timecave.validation_methods.prequential.Growing_Window object at 0x00000250F2604050>,1,ARMA,3.273737970360231,1.3931498677506577,1.80934738797176
datasets/synthetic_data/s2.csv,209,<timecave.validation_methods.prequential.Growing_Window object at 0x00000250F2604050>,2,Tree,1.8037668644239633,1.08483494404348,1.3430438803047215
datasets/synthetic_data/s2.csv,209,<timecave.validation_methods.prequential.Growing_Window object at 0x00000250F2604050>,2,ARMA,1.7354737542992482,1.0575022327946866,1.3173738096300716
datasets/synthetic_data/s2.csv,209,<timecave.validation_methods.prequential.Growing_Window object at 0x00000250F2604050>,3,Tree,1.9743685052895796,1.1730435575142448,1.4051222385577633
datasets/synthetic_data/s2.csv,209,<timecave.validation_methods.prequential.Growing_Window object at 0x00000250F2604050>,3,ARMA,2.0169101345947453,1.0947908402098285,1.4201796134977946
datasets/synthetic_data/s2.csv,209,<timecave.validation_methods.prequential.Growing_Window object at 0x00000250F265AF00>,0,Tree,4.392564823427495,1.4857684790108987,2.0958446563205717
datasets/synthetic_data/s2.csv,209,<timecave.validation_methods.prequential.Growing_Window object at 0x00000250F265AF00>,0,ARMA,2.589353109434903,1.2396343603123035,1.6091467022726371
datasets/synthetic_data/s2.csv,209,<timecave.validation_methods.prequential.Growing_Window object at 0x00000250F265AF00>,1,Tree,2.282609153492793,1.1073958117551637,1.5108306170755188
datasets/synthetic_data/s2.csv,209,<timecave.validation_methods.prequential.Growing_Window object at 0x00000250F265AF00>,1,ARMA,2.2402616096555175,1.2238879630741357,1.4967503498097194
datasets/synthetic_data/s2.csv,209,<timecave.validation_methods.prequential.Growing_Window object at 0x00000250F265AF00>,2,Tree,4.565751055164443,1.7299363110811223,2.1367618152626284
datasets/synthetic_data/s2.csv,209,<timecave.validation_methods.prequential.Growing_Window object at 0x00000250F265AF00>,2,ARMA,2.0589712981752912,1.1037778264777909,1.434911599428791
datasets/synthetic_data/s2.csv,209,<timecave.validation_methods.prequential.Rolling_Window object at 0x00000250F29F77A0>,0,Tree,2.157393259149787,1.1252298514091057,1.468806746699438
datasets/synthetic_data/s2.csv,209,<timecave.validation_methods.prequential.Rolling_Window object at 0x00000250F29F77A0>,0,ARMA,1.2170541199131022,0.8815075327413824,1.1032017584798812
datasets/synthetic_data/s2.csv,209,<timecave.validation_methods.prequential.Rolling_Window object at 0x00000250F29F77A0>,1,Tree,5.133301288510193,1.7802751015085008,2.2656789906141146
datasets/synthetic_data/s2.csv,209,<timecave.validation_methods.prequential.Rolling_Window object at 0x00000250F29F77A0>,1,ARMA,4.257469624447898,1.661581656024326,2.06336366752153
datasets/synthetic_data/s2.csv,209,<timecave.validation_methods.prequential.Rolling_Window object at 0x00000250F29F77A0>,2,Tree,3.2171555508069827,1.378393720526814,1.7936430946002002
datasets/synthetic_data/s2.csv,209,<timecave.validation_methods.prequential.Rolling_Window object at 0x00000250F29F77A0>,2,ARMA,1.7315580207125318,1.0578945056478142,1.3158867811147477
datasets/synthetic_data/s2.csv,209,<timecave.validation_methods.prequential.Rolling_Window object at 0x00000250F29F77A0>,3,Tree,2.7359821719325588,1.2389832132502596,1.6540804611422502
datasets/synthetic_data/s2.csv,209,<timecave.validation_methods.prequential.Rolling_Window object at 0x00000250F29F77A0>,3,ARMA,2.0882193264876197,1.1156003975032158,1.4450672394347674
datasets/synthetic_data/s2.csv,209,<timecave.validation_methods.prequential.Rolling_Window object at 0x00000250F29F6BD0>,0,Tree,4.277154954311395,1.4727832236702716,2.068128369882149
datasets/synthetic_data/s2.csv,209,<timecave.validation_methods.prequential.Rolling_Window object at 0x00000250F29F6BD0>,0,ARMA,2.589353109434903,1.2396343603123035,1.6091467022726371
datasets/synthetic_data/s2.csv,209,<timecave.validation_methods.prequential.Rolling_Window object at 0x00000250F29F6BD0>,1,Tree,2.126898808339863,1.1412607681914548,1.4583891141735332
datasets/synthetic_data/s2.csv,209,<timecave.validation_methods.prequential.Rolling_Window object at 0x00000250F29F6BD0>,1,ARMA,3.154463422805344,1.4918768246174063,1.7760809167392526
datasets/synthetic_data/s2.csv,209,<timecave.validation_methods.prequential.Rolling_Window object at 0x00000250F29F6BD0>,2,Tree,5.0895191266134265,1.8818430295805169,2.2559962603278905
datasets/synthetic_data/s2.csv,209,<timecave.validation_methods.prequential.Rolling_Window object at 0x00000250F29F6BD0>,2,ARMA,2.131517844615477,1.1238102771287495,1.45997186432324
datasets/synthetic_data/s2.csv,209,<timecave.validation_methods.CV.Block_CV object at 0x00000250F29F6750>,0,Tree,2.286023414043118,1.2182401515872787,1.51196012316566
datasets/synthetic_data/s2.csv,209,<timecave.validation_methods.CV.Block_CV object at 0x00000250F29F6750>,0,ARMA,1.911535766464151,1.0624026503812316,1.382583005270986
datasets/synthetic_data/s2.csv,209,<timecave.validation_methods.CV.Block_CV object at 0x00000250F29F6750>,1,Tree,3.0669094562518344,1.395904843817149,1.7512593914814087
datasets/synthetic_data/s2.csv,209,<timecave.validation_methods.CV.Block_CV object at 0x00000250F29F6750>,1,ARMA,1.3217606953619336,0.9281016940553644,1.1496785182658384
datasets/synthetic_data/s2.csv,209,<timecave.validation_methods.CV.Block_CV object at 0x00000250F29F6750>,2,Tree,3.5411988757908595,1.5195204014684476,1.8818073428996018
datasets/synthetic_data/s2.csv,209,<timecave.validation_methods.CV.Block_CV object at 0x00000250F29F6750>,2,ARMA,2.5275478440054258,1.2137749520401542,1.589826356557667
datasets/synthetic_data/s2.csv,209,<timecave.validation_methods.CV.Block_CV object at 0x00000250F29F6750>,3,Tree,2.1554429907154296,1.1660158821269244,1.4681427010735126
datasets/synthetic_data/s2.csv,209,<timecave.validation_methods.CV.Block_CV object at 0x00000250F29F6750>,3,ARMA,1.846259564883878,1.1047817405227152,1.3587713438558666
datasets/synthetic_data/s2.csv,209,<timecave.validation_methods.CV.Block_CV object at 0x00000250F29F6750>,4,Tree,2.0901319232939577,1.1952199924925349,1.4457288553853926
datasets/synthetic_data/s2.csv,209,<timecave.validation_methods.CV.Block_CV object at 0x00000250F29F6750>,4,ARMA,2.0169101345947453,1.0947908402098285,1.4201796134977946
datasets/synthetic_data/s2.csv,209,<timecave.validation_methods.CV.AdaptedhvBlockCV object at 0x00000250F29F70B0>,0,Tree,2.067414578966623,1.105088767888054,1.4378506803443196
datasets/synthetic_data/s2.csv,209,<timecave.validation_methods.CV.AdaptedhvBlockCV object at 0x00000250F29F70B0>,0,ARMA,1.9090655475387277,1.0619451121114696,1.3816893817130997
datasets/synthetic_data/s2.csv,209,<timecave.validation_methods.CV.AdaptedhvBlockCV object at 0x00000250F29F70B0>,1,Tree,3.1497125367477223,1.49580332136051,1.774742949485283
datasets/synthetic_data/s2.csv,209,<timecave.validation_methods.CV.AdaptedhvBlockCV object at 0x00000250F29F70B0>,1,ARMA,1.2923084902456774,0.908363050139702,1.1367974710763906
datasets/synthetic_data/s2.csv,209,<timecave.validation_methods.CV.AdaptedhvBlockCV object at 0x00000250F29F70B0>,2,Tree,3.555065984393076,1.6055237228865176,1.8854882615368032
datasets/synthetic_data/s2.csv,209,<timecave.validation_methods.CV.AdaptedhvBlockCV object at 0x00000250F29F70B0>,2,ARMA,2.4957925640755665,1.2163638140264237,1.579807761746842
datasets/synthetic_data/s2.csv,209,<timecave.validation_methods.CV.AdaptedhvBlockCV object at 0x00000250F29F70B0>,3,Tree,1.3785741119249673,0.8380619504839493,1.174126957328281
datasets/synthetic_data/s2.csv,209,<timecave.validation_methods.CV.AdaptedhvBlockCV object at 0x00000250F29F70B0>,3,ARMA,1.8218289605325357,1.0972130271397136,1.349751443982386
datasets/synthetic_data/s2.csv,209,<timecave.validation_methods.CV.AdaptedhvBlockCV object at 0x00000250F29F70B0>,4,Tree,3.022636984565594,1.4626782217812566,1.7385732612017228
datasets/synthetic_data/s2.csv,209,<timecave.validation_methods.CV.AdaptedhvBlockCV object at 0x00000250F29F70B0>,4,ARMA,2.018365802222448,1.107937108788771,1.4206920152596227
datasets/synthetic_data/s2.csv,209,<timecave.validation_methods.markov.MarkovCV object at 0x00000250F29F52E0>,0,Tree,9.539396747611354,2.4893158945954346,3.088591385666183
datasets/synthetic_data/s2.csv,209,<timecave.validation_methods.markov.MarkovCV object at 0x00000250F29F52E0>,0,ARMA,1.7615555461952226,1.0000398232271628,1.3272360551895894
datasets/synthetic_data/s2.csv,209,<timecave.validation_methods.markov.MarkovCV object at 0x00000250F29F52E0>,1,Tree,5.8271409249035555,2.0905753953311628,2.413947166966078
datasets/synthetic_data/s2.csv,209,<timecave.validation_methods.markov.MarkovCV object at 0x00000250F29F52E0>,1,ARMA,2.4434861067875846,1.277022198986415,1.5631654124844192
datasets/synthetic_data/s2.csv,209,<timecave.validation_methods.markov.MarkovCV object at 0x00000250F29F52E0>,2,Tree,2.648474130818343,1.4465058540204334,1.6274133251323535
datasets/synthetic_data/s2.csv,209,<timecave.validation_methods.markov.MarkovCV object at 0x00000250F29F52E0>,2,ARMA,1.5826392443929682,1.1211279334399464,1.2580299060010331
datasets/synthetic_data/s2.csv,209,<timecave.validation_methods.markov.MarkovCV object at 0x00000250F29F52E0>,3,Tree,2.416483825275649,1.3000343645093488,1.5545043664382705
datasets/synthetic_data/s2.csv,209,<timecave.validation_methods.markov.MarkovCV object at 0x00000250F29F52E0>,3,ARMA,2.0973395443531775,1.0635739082057392,1.4482194392954326
datasets/synthetic_data/s2.csv,209,<timecave.validation_methods.markov.MarkovCV object at 0x00000250F29F52E0>,4,Tree,3.9947367401550182,1.5950175551059198,1.9986837519114968
datasets/synthetic_data/s2.csv,209,<timecave.validation_methods.markov.MarkovCV object at 0x00000250F29F52E0>,4,ARMA,1.5918174218280152,0.9902930776209344,1.2616724701078388
datasets/synthetic_data/s2.csv,209,<timecave.validation_methods.markov.MarkovCV object at 0x00000250F29F52E0>,5,Tree,4.443245763240107,1.7370476738384242,2.107900795398139
datasets/synthetic_data/s2.csv,209,<timecave.validation_methods.markov.MarkovCV object at 0x00000250F29F52E0>,5,ARMA,2.4277366918005057,1.1607324869229907,1.5581196012503358
datasets/synthetic_data/s2.csv,209,<timecave.validation_methods.markov.MarkovCV object at 0x00000250F29F52E0>,6,Tree,5.633411682461603,2.1100614421617734,2.373480921023298
datasets/synthetic_data/s2.csv,209,<timecave.validation_methods.markov.MarkovCV object at 0x00000250F29F52E0>,6,ARMA,3.2163090671902905,1.3332146147718928,1.7934071113916914
datasets/synthetic_data/s2.csv,209,<timecave.validation_methods.markov.MarkovCV object at 0x00000250F29F52E0>,7,Tree,10.057427074391189,2.945245997796071,3.1713446792159297
datasets/synthetic_data/s2.csv,209,<timecave.validation_methods.markov.MarkovCV object at 0x00000250F29F52E0>,7,ARMA,2.498749807118722,1.2005554090280057,1.5807434349440526
datasets/synthetic_data/s2.csv,209,<timecave.validation_methods.markov.MarkovCV object at 0x00000250F29F52E0>,8,Tree,6.610893169552008,2.238473378515366,2.5711657219152575
datasets/synthetic_data/s2.csv,209,<timecave.validation_methods.markov.MarkovCV object at 0x00000250F29F52E0>,8,ARMA,2.598465416600791,1.365503882511448,1.611975625312241
datasets/synthetic_data/s2.csv,209,<timecave.validation_methods.markov.MarkovCV object at 0x00000250F29F52E0>,9,Tree,4.686060058208344,1.7113102074892053,2.1647309436066977
datasets/synthetic_data/s2.csv,209,<timecave.validation_methods.markov.MarkovCV object at 0x00000250F29F52E0>,9,ARMA,1.918367355671333,1.04354782763918,1.3850513909856677
datasets/synthetic_data/s2.csv,210,<timecave.validation_methods.OOS.Holdout object at 0x00000250E98FC830>,0,Tree,2.637464703169819,1.3872987500361265,1.624027309859603
datasets/synthetic_data/s2.csv,210,<timecave.validation_methods.OOS.Holdout object at 0x00000250E98FC830>,0,ARMA,2.4724941328145333,1.2594736933170063,1.5724166536940942
datasets/synthetic_data/s2.csv,210,<timecave.validation_methods.OOS.Repeated_Holdout object at 0x00000250F04761B0>,0,Tree,2.4663613460404745,1.3965834223671172,1.5704653278695695
datasets/synthetic_data/s2.csv,210,<timecave.validation_methods.OOS.Repeated_Holdout object at 0x00000250F04761B0>,0,ARMA,2.4498182217950255,1.2581340027551728,1.5651895162551483
datasets/synthetic_data/s2.csv,210,<timecave.validation_methods.OOS.Repeated_Holdout object at 0x00000250F04761B0>,1,Tree,2.5028881665463456,1.390237147158269,1.5820518849097034
datasets/synthetic_data/s2.csv,210,<timecave.validation_methods.OOS.Repeated_Holdout object at 0x00000250F04761B0>,1,ARMA,2.647125236333892,1.3416978485616113,1.6269988433720204
datasets/synthetic_data/s2.csv,210,<timecave.validation_methods.OOS.Repeated_Holdout object at 0x00000250F04761B0>,2,Tree,2.4545730391754312,1.3063906383401795,1.5667077070007127
datasets/synthetic_data/s2.csv,210,<timecave.validation_methods.OOS.Repeated_Holdout object at 0x00000250F04761B0>,2,ARMA,2.4653659498484966,1.2506522051411597,1.5701483846593915
datasets/synthetic_data/s2.csv,210,<timecave.validation_methods.OOS.Repeated_Holdout object at 0x00000250F04761B0>,3,Tree,3.106517341295904,1.5004102357551228,1.7625315149794922
datasets/synthetic_data/s2.csv,210,<timecave.validation_methods.OOS.Repeated_Holdout object at 0x00000250F04761B0>,3,ARMA,2.4724941328145333,1.2594736933170063,1.5724166536940942
datasets/synthetic_data/s2.csv,210,<timecave.validation_methods.prequential.Growing_Window object at 0x00000250F2640F20>,0,Tree,2.882274404575674,1.3351128710875462,1.6977262454753046
datasets/synthetic_data/s2.csv,210,<timecave.validation_methods.prequential.Growing_Window object at 0x00000250F2640F20>,0,ARMA,1.9676999896961715,1.1333415125667354,1.402747300726746
datasets/synthetic_data/s2.csv,210,<timecave.validation_methods.prequential.Growing_Window object at 0x00000250F2640F20>,1,Tree,2.278454355975328,1.2597889407939096,1.5094549864024855
datasets/synthetic_data/s2.csv,210,<timecave.validation_methods.prequential.Growing_Window object at 0x00000250F2640F20>,1,ARMA,1.7925490114491396,1.0836578551598368,1.3388610874355635
datasets/synthetic_data/s2.csv,210,<timecave.validation_methods.prequential.Growing_Window object at 0x00000250F2640F20>,2,Tree,2.24047623716954,1.2130772144351252,1.4968220459258141
datasets/synthetic_data/s2.csv,210,<timecave.validation_methods.prequential.Growing_Window object at 0x00000250F2640F20>,2,ARMA,2.032830847918246,1.1302274174333156,1.4257737716476082
datasets/synthetic_data/s2.csv,210,<timecave.validation_methods.prequential.Growing_Window object at 0x00000250F2640F20>,3,Tree,2.316877063956186,1.3520981689835656,1.522129121972307
datasets/synthetic_data/s2.csv,210,<timecave.validation_methods.prequential.Growing_Window object at 0x00000250F2640F20>,3,ARMA,2.5152866378183556,1.3036979916342717,1.5859655222665956
datasets/synthetic_data/s2.csv,210,<timecave.validation_methods.prequential.Growing_Window object at 0x00000250F2641880>,0,Tree,2.4590814937332706,1.2822284805901711,1.568145877695462
datasets/synthetic_data/s2.csv,210,<timecave.validation_methods.prequential.Growing_Window object at 0x00000250F2641880>,0,ARMA,2.2703553929939337,1.1630951399612455,1.5067698540234782
datasets/synthetic_data/s2.csv,210,<timecave.validation_methods.prequential.Growing_Window object at 0x00000250F2641880>,1,Tree,1.7739022677397596,1.0032235029052357,1.3318792241565147
datasets/synthetic_data/s2.csv,210,<timecave.validation_methods.prequential.Growing_Window object at 0x00000250F2641880>,1,ARMA,2.2610538778248737,1.1985825127577279,1.5036801115346554
datasets/synthetic_data/s2.csv,210,<timecave.validation_methods.prequential.Growing_Window object at 0x00000250F2641880>,2,Tree,2.6288423937086147,1.4051980533977226,1.6213705294313865
datasets/synthetic_data/s2.csv,210,<timecave.validation_methods.prequential.Growing_Window object at 0x00000250F2641880>,2,ARMA,2.7953400762223346,1.3717801370371674,1.67192705469537
datasets/synthetic_data/s2.csv,210,<timecave.validation_methods.prequential.Rolling_Window object at 0x00000250F26418E0>,0,Tree,2.916243817782482,1.362539238137413,1.7077013256955917
datasets/synthetic_data/s2.csv,210,<timecave.validation_methods.prequential.Rolling_Window object at 0x00000250F26418E0>,0,ARMA,1.9676999896961715,1.1333415125667354,1.402747300726746
datasets/synthetic_data/s2.csv,210,<timecave.validation_methods.prequential.Rolling_Window object at 0x00000250F26418E0>,1,Tree,2.4735481893373787,1.3740017250048533,1.5727517888520677
datasets/synthetic_data/s2.csv,210,<timecave.validation_methods.prequential.Rolling_Window object at 0x00000250F26418E0>,1,ARMA,1.8109983939875414,1.1253697169214,1.3457334037570523
datasets/synthetic_data/s2.csv,210,<timecave.validation_methods.prequential.Rolling_Window object at 0x00000250F26418E0>,2,Tree,2.5006120145792106,1.2299433549454595,1.5813323542441071
datasets/synthetic_data/s2.csv,210,<timecave.validation_methods.prequential.Rolling_Window object at 0x00000250F26418E0>,2,ARMA,1.9977321330289217,1.1190413920509448,1.4134115228867075
datasets/synthetic_data/s2.csv,210,<timecave.validation_methods.prequential.Rolling_Window object at 0x00000250F26418E0>,3,Tree,3.337731401964118,1.4398877511047043,1.826945922014146
datasets/synthetic_data/s2.csv,210,<timecave.validation_methods.prequential.Rolling_Window object at 0x00000250F26418E0>,3,ARMA,2.5846146749988272,1.3058004530835388,1.6076736842403148
datasets/synthetic_data/s2.csv,210,<timecave.validation_methods.prequential.Rolling_Window object at 0x00000250F2642750>,0,Tree,2.449917956585755,1.27525365755122,1.5652213762231064
datasets/synthetic_data/s2.csv,210,<timecave.validation_methods.prequential.Rolling_Window object at 0x00000250F2642750>,0,ARMA,2.2703553929939337,1.1630951399612455,1.5067698540234782
datasets/synthetic_data/s2.csv,210,<timecave.validation_methods.prequential.Rolling_Window object at 0x00000250F2642750>,1,Tree,2.3303084046925866,1.2359754939373984,1.5265347702206415
datasets/synthetic_data/s2.csv,210,<timecave.validation_methods.prequential.Rolling_Window object at 0x00000250F2642750>,1,ARMA,2.0957728426484783,1.1625604841816153,1.4476784320588874
datasets/synthetic_data/s2.csv,210,<timecave.validation_methods.prequential.Rolling_Window object at 0x00000250F2642750>,2,Tree,3.4158111912552025,1.450355197206929,1.8481913297208172
datasets/synthetic_data/s2.csv,210,<timecave.validation_methods.prequential.Rolling_Window object at 0x00000250F2642750>,2,ARMA,2.9847399371704837,1.395029576450948,1.7276399906145041
datasets/synthetic_data/s2.csv,210,<timecave.validation_methods.CV.Block_CV object at 0x00000250F26430B0>,0,Tree,3.604176590323846,1.6666664979970378,1.8984669052485077
datasets/synthetic_data/s2.csv,210,<timecave.validation_methods.CV.Block_CV object at 0x00000250F26430B0>,0,ARMA,1.7846575525311699,1.0047846228077035,1.3359107576972236
datasets/synthetic_data/s2.csv,210,<timecave.validation_methods.CV.Block_CV object at 0x00000250F26430B0>,1,Tree,1.7099353274245375,1.0328237215507663,1.307644954651123
datasets/synthetic_data/s2.csv,210,<timecave.validation_methods.CV.Block_CV object at 0x00000250F26430B0>,1,ARMA,2.031210337918926,1.1881305605434775,1.4252053669274916
datasets/synthetic_data/s2.csv,210,<timecave.validation_methods.CV.Block_CV object at 0x00000250F26430B0>,2,Tree,1.9124987971566094,1.2058834556622005,1.382931233704919
datasets/synthetic_data/s2.csv,210,<timecave.validation_methods.CV.Block_CV object at 0x00000250F26430B0>,2,ARMA,2.292192635126775,1.2234198120428783,1.5139988887468758
datasets/synthetic_data/s2.csv,210,<timecave.validation_methods.CV.Block_CV object at 0x00000250F26430B0>,3,Tree,1.676606098737871,1.1248010996619913,1.2948382519596302
datasets/synthetic_data/s2.csv,210,<timecave.validation_methods.CV.Block_CV object at 0x00000250F26430B0>,3,ARMA,2.10670553572958,1.1576066471402855,1.4514494602739636
datasets/synthetic_data/s2.csv,210,<timecave.validation_methods.CV.Block_CV object at 0x00000250F26430B0>,4,Tree,2.475891123354365,1.3684478947303402,1.5734964643603
datasets/synthetic_data/s2.csv,210,<timecave.validation_methods.CV.Block_CV object at 0x00000250F26430B0>,4,ARMA,2.5152866378183556,1.3036979916342717,1.5859655222665956
datasets/synthetic_data/s2.csv,210,<timecave.validation_methods.CV.AdaptedhvBlockCV object at 0x00000250F2642000>,0,Tree,2.593280611576389,1.3195717964633218,1.610366607818353
datasets/synthetic_data/s2.csv,210,<timecave.validation_methods.CV.AdaptedhvBlockCV object at 0x00000250F2642000>,0,ARMA,1.7850699912198522,1.0053482346392777,1.3360651148876885
datasets/synthetic_data/s2.csv,210,<timecave.validation_methods.CV.AdaptedhvBlockCV object at 0x00000250F2642000>,1,Tree,1.566030623718604,1.0895911082242689,1.2514114526080558
datasets/synthetic_data/s2.csv,210,<timecave.validation_methods.CV.AdaptedhvBlockCV object at 0x00000250F2642000>,1,ARMA,1.8328577542400935,1.1418046368437165,1.3538307701629821
datasets/synthetic_data/s2.csv,210,<timecave.validation_methods.CV.AdaptedhvBlockCV object at 0x00000250F2642000>,2,Tree,1.7578242564793092,1.129323748218891,1.3258296483633594
datasets/synthetic_data/s2.csv,210,<timecave.validation_methods.CV.AdaptedhvBlockCV object at 0x00000250F2642000>,2,ARMA,2.2464960839513775,1.223964653663241,1.4988315729098374
datasets/synthetic_data/s2.csv,210,<timecave.validation_methods.CV.AdaptedhvBlockCV object at 0x00000250F2642000>,3,Tree,2.1705721137252905,1.302223156813569,1.4732861615196453
datasets/synthetic_data/s2.csv,210,<timecave.validation_methods.CV.AdaptedhvBlockCV object at 0x00000250F2642000>,3,ARMA,2.051586182223107,1.1343351756218611,1.4323359180803599
datasets/synthetic_data/s2.csv,210,<timecave.validation_methods.CV.AdaptedhvBlockCV object at 0x00000250F2642000>,4,Tree,2.2931387109977286,1.3478060034117918,1.5143112992372898
datasets/synthetic_data/s2.csv,210,<timecave.validation_methods.CV.AdaptedhvBlockCV object at 0x00000250F2642000>,4,ARMA,2.669876312221214,1.3429647921298526,1.6339756155528191
datasets/synthetic_data/s2.csv,210,<timecave.validation_methods.markov.MarkovCV object at 0x00000250F043D2B0>,0,Tree,3.466500769207184,1.40433592434689,1.8618541213551572
datasets/synthetic_data/s2.csv,210,<timecave.validation_methods.markov.MarkovCV object at 0x00000250F043D2B0>,0,ARMA,3.1660108206641366,1.6203028590195534,1.7793287556447057
datasets/synthetic_data/s2.csv,210,<timecave.validation_methods.markov.MarkovCV object at 0x00000250F043D2B0>,1,Tree,6.813268342140598,2.2805144530119725,2.610223810737424
datasets/synthetic_data/s2.csv,210,<timecave.validation_methods.markov.MarkovCV object at 0x00000250F043D2B0>,1,ARMA,1.211630842869511,0.8908755159936607,1.100741042602442
datasets/synthetic_data/s2.csv,210,<timecave.validation_methods.markov.MarkovCV object at 0x00000250F043D2B0>,2,Tree,3.6346616217145074,1.5387787844105993,1.9064788542531772
datasets/synthetic_data/s2.csv,210,<timecave.validation_methods.markov.MarkovCV object at 0x00000250F043D2B0>,2,ARMA,2.5184979420308813,1.2354101777836775,1.5869776123281896
datasets/synthetic_data/s2.csv,210,<timecave.validation_methods.markov.MarkovCV object at 0x00000250F043D2B0>,3,Tree,3.2836908676020853,1.4372628071171845,1.8120957114904515
datasets/synthetic_data/s2.csv,210,<timecave.validation_methods.markov.MarkovCV object at 0x00000250F043D2B0>,3,ARMA,0.7631954735471372,0.7730066768916786,0.8736105960593297
datasets/synthetic_data/s2.csv,210,<timecave.validation_methods.markov.MarkovCV object at 0x00000250F043D2B0>,4,Tree,6.749012756303139,2.195562983403512,2.597886209267669
datasets/synthetic_data/s2.csv,210,<timecave.validation_methods.markov.MarkovCV object at 0x00000250F043D2B0>,4,ARMA,3.4394185911686863,1.6834652432672683,1.8545669551592594
datasets/synthetic_data/s2.csv,210,<timecave.validation_methods.markov.MarkovCV object at 0x00000250F043D2B0>,5,Tree,4.165174590844741,1.8267174498159664,2.0408759371516783
datasets/synthetic_data/s2.csv,210,<timecave.validation_methods.markov.MarkovCV object at 0x00000250F043D2B0>,5,ARMA,2.3084874454675735,1.1606798097134057,1.5193707399669028
datasets/synthetic_data/s2.csv,210,<timecave.validation_methods.markov.MarkovCV object at 0x00000250F043D2B0>,6,Tree,2.143768461689387,1.2466575083247002,1.4641613509751537
datasets/synthetic_data/s2.csv,210,<timecave.validation_methods.markov.MarkovCV object at 0x00000250F043D2B0>,6,ARMA,1.4443363760064933,0.8646793114231192,1.2018054651259051
datasets/synthetic_data/s2.csv,210,<timecave.validation_methods.markov.MarkovCV object at 0x00000250F043D2B0>,7,Tree,4.0124113996966235,1.687231411735689,2.003100446731672
datasets/synthetic_data/s2.csv,210,<timecave.validation_methods.markov.MarkovCV object at 0x00000250F043D2B0>,7,ARMA,2.8120982444223808,1.352364390643796,1.6769311984760678
datasets/synthetic_data/s2.csv,210,<timecave.validation_methods.markov.MarkovCV object at 0x00000250F043D2B0>,8,Tree,2.574701665328371,1.279025542024398,1.6045876932496932
datasets/synthetic_data/s2.csv,210,<timecave.validation_methods.markov.MarkovCV object at 0x00000250F043D2B0>,8,ARMA,2.9202806327805395,1.3667158348901973,1.7088828610471052
datasets/synthetic_data/s2.csv,210,<timecave.validation_methods.markov.MarkovCV object at 0x00000250F043D2B0>,9,Tree,3.016149515279909,1.417800883843362,1.7367065138588929
datasets/synthetic_data/s2.csv,210,<timecave.validation_methods.markov.MarkovCV object at 0x00000250F043D2B0>,9,ARMA,1.1026595846566545,0.7314405208222983,1.0500759899438967
datasets/synthetic_data/s2.csv,211,<timecave.validation_methods.OOS.Holdout object at 0x00000250F04772F0>,0,Tree,2.619341668055444,1.178602716107983,1.6184380334308275
datasets/synthetic_data/s2.csv,211,<timecave.validation_methods.OOS.Holdout object at 0x00000250F04772F0>,0,ARMA,1.3311881776823369,0.9193522134597872,1.1537712848230957
datasets/synthetic_data/s2.csv,211,<timecave.validation_methods.OOS.Repeated_Holdout object at 0x00000250F0476F30>,0,Tree,2.2338639909777993,1.1185001047748107,1.4946116522286983
datasets/synthetic_data/s2.csv,211,<timecave.validation_methods.OOS.Repeated_Holdout object at 0x00000250F0476F30>,0,ARMA,1.4584307410119668,0.9561732814480516,1.2076550587862276
datasets/synthetic_data/s2.csv,211,<timecave.validation_methods.OOS.Repeated_Holdout object at 0x00000250F0476F30>,1,Tree,2.82063795517306,1.2953708336252492,1.6794755000216763
datasets/synthetic_data/s2.csv,211,<timecave.validation_methods.OOS.Repeated_Holdout object at 0x00000250F0476F30>,1,ARMA,1.3899291310533028,0.9623893782178552,1.1789525567440375
datasets/synthetic_data/s2.csv,211,<timecave.validation_methods.OOS.Repeated_Holdout object at 0x00000250F0476F30>,2,Tree,1.8565691498912873,1.0711370736593404,1.3625597784652559
datasets/synthetic_data/s2.csv,211,<timecave.validation_methods.OOS.Repeated_Holdout object at 0x00000250F0476F30>,2,ARMA,1.2307529742767271,0.8559938709585652,1.1093930657241045
datasets/synthetic_data/s2.csv,211,<timecave.validation_methods.OOS.Repeated_Holdout object at 0x00000250F0476F30>,3,Tree,2.4815029465582525,1.2307956246041791,1.5752786885368102
datasets/synthetic_data/s2.csv,211,<timecave.validation_methods.OOS.Repeated_Holdout object at 0x00000250F0476F30>,3,ARMA,1.3311881776823369,0.9193522134597872,1.1537712848230957
datasets/synthetic_data/s2.csv,211,<timecave.validation_methods.prequential.Growing_Window object at 0x00000250F0476570>,0,Tree,4.138035209084042,1.711887210088415,2.0342161166120087
datasets/synthetic_data/s2.csv,211,<timecave.validation_methods.prequential.Growing_Window object at 0x00000250F0476570>,0,ARMA,1.5073541884480626,0.9716213474948027,1.2277435352906823
datasets/synthetic_data/s2.csv,211,<timecave.validation_methods.prequential.Growing_Window object at 0x00000250F0476570>,1,Tree,1.8735353345684786,1.0265676139838529,1.3687714690803863
datasets/synthetic_data/s2.csv,211,<timecave.validation_methods.prequential.Growing_Window object at 0x00000250F0476570>,1,ARMA,2.5009752472228692,1.3130210024727287,1.5814472002640079
datasets/synthetic_data/s2.csv,211,<timecave.validation_methods.prequential.Growing_Window object at 0x00000250F0476570>,2,Tree,2.8839632805652475,1.3709235314144241,1.6982235661317526
datasets/synthetic_data/s2.csv,211,<timecave.validation_methods.prequential.Growing_Window object at 0x00000250F0476570>,2,ARMA,1.9953114685021773,1.1657375682011235,1.4125549435339417
datasets/synthetic_data/s2.csv,211,<timecave.validation_methods.prequential.Growing_Window object at 0x00000250F0476570>,3,Tree,2.201227228613828,1.2671601404504615,1.4836533384230388
datasets/synthetic_data/s2.csv,211,<timecave.validation_methods.prequential.Growing_Window object at 0x00000250F0476570>,3,ARMA,1.4295951830121036,0.9718636470679862,1.1956567998435437
datasets/synthetic_data/s2.csv,211,<timecave.validation_methods.prequential.Growing_Window object at 0x00000250F0476F90>,0,Tree,4.210973242663775,1.5630364421480594,2.052065603888866
datasets/synthetic_data/s2.csv,211,<timecave.validation_methods.prequential.Growing_Window object at 0x00000250F0476F90>,0,ARMA,3.175549607698841,1.5213705961381843,1.7820071850861996
datasets/synthetic_data/s2.csv,211,<timecave.validation_methods.prequential.Growing_Window object at 0x00000250F0476F90>,1,Tree,3.2525002045819154,1.4449986360131324,1.803468936406146
datasets/synthetic_data/s2.csv,211,<timecave.validation_methods.prequential.Growing_Window object at 0x00000250F0476F90>,1,ARMA,2.7669059747482097,1.3174885928662419,1.6634019282026247
datasets/synthetic_data/s2.csv,211,<timecave.validation_methods.prequential.Growing_Window object at 0x00000250F0476F90>,2,Tree,2.579413453424566,1.306800031775273,1.6060552460686295
datasets/synthetic_data/s2.csv,211,<timecave.validation_methods.prequential.Growing_Window object at 0x00000250F0476F90>,2,ARMA,1.249524657708525,0.9283960102726815,1.117821389001179
datasets/synthetic_data/s2.csv,211,<timecave.validation_methods.prequential.Rolling_Window object at 0x00000250F25E6EA0>,0,Tree,4.026316305379443,1.6618190656361822,2.006568290734069
datasets/synthetic_data/s2.csv,211,<timecave.validation_methods.prequential.Rolling_Window object at 0x00000250F25E6EA0>,0,ARMA,1.5073541884480626,0.9716213474948027,1.2277435352906823
datasets/synthetic_data/s2.csv,211,<timecave.validation_methods.prequential.Rolling_Window object at 0x00000250F25E6EA0>,1,Tree,4.671155721396595,1.7384078360262878,2.161285663996454
datasets/synthetic_data/s2.csv,211,<timecave.validation_methods.prequential.Rolling_Window object at 0x00000250F25E6EA0>,1,ARMA,2.557046776758619,1.3323749466190105,1.599076851423539
datasets/synthetic_data/s2.csv,211,<timecave.validation_methods.prequential.Rolling_Window object at 0x00000250F25E6EA0>,2,Tree,3.916089632116084,1.665865633887057,1.978911223909775
datasets/synthetic_data/s2.csv,211,<timecave.validation_methods.prequential.Rolling_Window object at 0x00000250F25E6EA0>,2,ARMA,2.1304920922502784,1.2020678176136141,1.459620530223619
datasets/synthetic_data/s2.csv,211,<timecave.validation_methods.prequential.Rolling_Window object at 0x00000250F25E6EA0>,3,Tree,2.6866550793397574,1.3492826397570594,1.639101912432463
datasets/synthetic_data/s2.csv,211,<timecave.validation_methods.prequential.Rolling_Window object at 0x00000250F25E6EA0>,3,ARMA,1.2614856928584448,0.9244390439001254,1.1231588012647387
datasets/synthetic_data/s2.csv,211,<timecave.validation_methods.prequential.Rolling_Window object at 0x00000250F25E7C20>,0,Tree,3.4969783710782223,1.498321099090983,1.8700209547163429
datasets/synthetic_data/s2.csv,211,<timecave.validation_methods.prequential.Rolling_Window object at 0x00000250F25E7C20>,0,ARMA,3.175549607698841,1.5213705961381843,1.7820071850861996
datasets/synthetic_data/s2.csv,211,<timecave.validation_methods.prequential.Rolling_Window object at 0x00000250F25E7C20>,1,Tree,4.072718254474888,1.6682205616401224,2.0180976820944245
datasets/synthetic_data/s2.csv,211,<timecave.validation_methods.prequential.Rolling_Window object at 0x00000250F25E7C20>,1,ARMA,2.555483496202753,1.2830088814324774,1.5985879694914362
datasets/synthetic_data/s2.csv,211,<timecave.validation_methods.prequential.Rolling_Window object at 0x00000250F25E7C20>,2,Tree,2.5124462130277925,1.3138348621148808,1.5850697817534067
datasets/synthetic_data/s2.csv,211,<timecave.validation_methods.prequential.Rolling_Window object at 0x00000250F25E7C20>,2,ARMA,1.2861166331283642,0.9385315163689902,1.1340708236827028
datasets/synthetic_data/s2.csv,211,<timecave.validation_methods.CV.Block_CV object at 0x00000250F2620B30>,0,Tree,2.0777391191614916,1.2254093333323606,1.4414364776713164
datasets/synthetic_data/s2.csv,211,<timecave.validation_methods.CV.Block_CV object at 0x00000250F2620B30>,0,ARMA,2.357435689946996,1.2639835916723796,1.5353943109009478
datasets/synthetic_data/s2.csv,211,<timecave.validation_methods.CV.Block_CV object at 0x00000250F2620B30>,1,Tree,3.628260269174802,1.5250315353906376,1.9047992726727931
datasets/synthetic_data/s2.csv,211,<timecave.validation_methods.CV.Block_CV object at 0x00000250F2620B30>,1,ARMA,1.2645197216548336,0.871372399061719,1.124508657883448
datasets/synthetic_data/s2.csv,211,<timecave.validation_methods.CV.Block_CV object at 0x00000250F2620B30>,2,Tree,2.696382025989202,1.2818096180205414,1.6420663890321858
datasets/synthetic_data/s2.csv,211,<timecave.validation_methods.CV.Block_CV object at 0x00000250F2620B30>,2,ARMA,2.781175677570431,1.4131243316810753,1.6676857250604598
datasets/synthetic_data/s2.csv,211,<timecave.validation_methods.CV.Block_CV object at 0x00000250F2620B30>,3,Tree,3.8311360649422963,1.5816032875807522,1.9573288085915193
datasets/synthetic_data/s2.csv,211,<timecave.validation_methods.CV.Block_CV object at 0x00000250F2620B30>,3,ARMA,2.0899172912294297,1.1861518836350577,1.4456546237706396
datasets/synthetic_data/s2.csv,211,<timecave.validation_methods.CV.Block_CV object at 0x00000250F2620B30>,4,Tree,2.0914447916500003,1.2123799728575142,1.4461828347930286
datasets/synthetic_data/s2.csv,211,<timecave.validation_methods.CV.Block_CV object at 0x00000250F2620B30>,4,ARMA,1.4295951830121036,0.9718636470679862,1.1956567998435437
datasets/synthetic_data/s2.csv,211,<timecave.validation_methods.CV.AdaptedhvBlockCV object at 0x00000250F2668800>,0,Tree,2.0591151817005944,1.2117426172285988,1.4349617352740087
datasets/synthetic_data/s2.csv,211,<timecave.validation_methods.CV.AdaptedhvBlockCV object at 0x00000250F2668800>,0,ARMA,2.3582789815468486,1.264290490379632,1.5356689036204545
datasets/synthetic_data/s2.csv,211,<timecave.validation_methods.CV.AdaptedhvBlockCV object at 0x00000250F2668800>,1,Tree,3.9654055907731736,1.5641990104703654,1.9913326168104548
datasets/synthetic_data/s2.csv,211,<timecave.validation_methods.CV.AdaptedhvBlockCV object at 0x00000250F2668800>,1,ARMA,1.2694121095461945,0.8768210829330398,1.1266819025555503
datasets/synthetic_data/s2.csv,211,<timecave.validation_methods.CV.AdaptedhvBlockCV object at 0x00000250F2668800>,2,Tree,2.1040842880915225,1.0570746797106003,1.4505462033632444
datasets/synthetic_data/s2.csv,211,<timecave.validation_methods.CV.AdaptedhvBlockCV object at 0x00000250F2668800>,2,ARMA,2.774130868643209,1.4128535667049027,1.665572234591826
datasets/synthetic_data/s2.csv,211,<timecave.validation_methods.CV.AdaptedhvBlockCV object at 0x00000250F2668800>,3,Tree,3.0034973082499374,1.4477659838653423,1.7330600994339282
datasets/synthetic_data/s2.csv,211,<timecave.validation_methods.CV.AdaptedhvBlockCV object at 0x00000250F2668800>,3,ARMA,2.0864421270051903,1.1854791705417305,1.4444521892417175
datasets/synthetic_data/s2.csv,211,<timecave.validation_methods.CV.AdaptedhvBlockCV object at 0x00000250F2668800>,4,Tree,2.584049448260337,1.2052284333959575,1.607497884371963
datasets/synthetic_data/s2.csv,211,<timecave.validation_methods.CV.AdaptedhvBlockCV object at 0x00000250F2668800>,4,ARMA,1.259232065243432,0.8979353533193514,1.1221550985685678
datasets/synthetic_data/s2.csv,211,<timecave.validation_methods.markov.MarkovCV object at 0x00000250F25E70B0>,0,Tree,1.447562618319699,1.0300421893207428,1.2031469645557433
datasets/synthetic_data/s2.csv,211,<timecave.validation_methods.markov.MarkovCV object at 0x00000250F25E70B0>,0,ARMA,2.4438781805340444,1.3482781547111187,1.5632908176452789
datasets/synthetic_data/s2.csv,211,<timecave.validation_methods.markov.MarkovCV object at 0x00000250F25E70B0>,1,Tree,2.5448696665215023,1.2655860254093416,1.595264763768542
datasets/synthetic_data/s2.csv,211,<timecave.validation_methods.markov.MarkovCV object at 0x00000250F25E70B0>,1,ARMA,0.8441799105959472,0.7275895979817122,0.9187926374302023
datasets/synthetic_data/s2.csv,211,<timecave.validation_methods.markov.MarkovCV object at 0x00000250F25E70B0>,2,Tree,5.027390273595302,1.9058357409474034,2.2421842639701364
datasets/synthetic_data/s2.csv,211,<timecave.validation_methods.markov.MarkovCV object at 0x00000250F25E70B0>,2,ARMA,1.455639645539935,0.9640730083258032,1.2064989206542769
datasets/synthetic_data/s2.csv,211,<timecave.validation_methods.markov.MarkovCV object at 0x00000250F25E70B0>,3,Tree,1.600454813444848,1.1435278236010493,1.26509083209264
datasets/synthetic_data/s2.csv,211,<timecave.validation_methods.markov.MarkovCV object at 0x00000250F25E70B0>,3,ARMA,2.1316915836528283,1.1098171774617809,1.460031363927785
datasets/synthetic_data/s2.csv,211,<timecave.validation_methods.markov.MarkovCV object at 0x00000250F25E70B0>,4,Tree,4.201121277434818,1.5359464225045123,2.049663698618585
datasets/synthetic_data/s2.csv,211,<timecave.validation_methods.markov.MarkovCV object at 0x00000250F25E70B0>,4,ARMA,3.2786959293518834,1.5182800093461954,1.810716965555877
datasets/synthetic_data/s2.csv,211,<timecave.validation_methods.markov.MarkovCV object at 0x00000250F25E70B0>,5,Tree,6.246819944360876,2.137812776095794,2.4993639079495558
datasets/synthetic_data/s2.csv,211,<timecave.validation_methods.markov.MarkovCV object at 0x00000250F25E70B0>,5,ARMA,4.003108072716231,1.6495725749095294,2.000776867298358
datasets/synthetic_data/s2.csv,211,<timecave.validation_methods.markov.MarkovCV object at 0x00000250F25E70B0>,6,Tree,2.107463756270741,1.298771191824676,1.4517106310386862
datasets/synthetic_data/s2.csv,211,<timecave.validation_methods.markov.MarkovCV object at 0x00000250F25E70B0>,6,ARMA,1.688644466458198,1.0762893282459236,1.2994785363591805
datasets/synthetic_data/s2.csv,211,<timecave.validation_methods.markov.MarkovCV object at 0x00000250F25E70B0>,7,Tree,3.2589057410700737,1.5691120325476997,1.8052439561095541
datasets/synthetic_data/s2.csv,211,<timecave.validation_methods.markov.MarkovCV object at 0x00000250F25E70B0>,7,ARMA,2.427887571671226,1.3322140018642274,1.5581680177924415
datasets/synthetic_data/s2.csv,211,<timecave.validation_methods.markov.MarkovCV object at 0x00000250F25E70B0>,8,Tree,5.410294116245823,1.7651204917858037,2.3260038942886196
datasets/synthetic_data/s2.csv,211,<timecave.validation_methods.markov.MarkovCV object at 0x00000250F25E70B0>,8,ARMA,2.954352782142974,1.4754017326092121,1.7188230805242795
datasets/synthetic_data/s2.csv,211,<timecave.validation_methods.markov.MarkovCV object at 0x00000250F25E70B0>,9,Tree,7.378721559907461,2.4352433538853595,2.716380231099369
datasets/synthetic_data/s2.csv,211,<timecave.validation_methods.markov.MarkovCV object at 0x00000250F25E70B0>,9,ARMA,1.4416527738471916,0.9495669350858602,1.2006884582801618
datasets/synthetic_data/s2.csv,212,<timecave.validation_methods.OOS.Holdout object at 0x00000250F25E7DD0>,0,Tree,1.67500349380915,1.0363387775866775,1.294219260330007
datasets/synthetic_data/s2.csv,212,<timecave.validation_methods.OOS.Holdout object at 0x00000250F25E7DD0>,0,ARMA,1.1818993473175337,0.8882676858533637,1.0871519430684626
datasets/synthetic_data/s2.csv,212,<timecave.validation_methods.OOS.Repeated_Holdout object at 0x00000250F2A0C0B0>,0,Tree,2.1644918752969557,1.1828656742321946,1.4712212190207683
datasets/synthetic_data/s2.csv,212,<timecave.validation_methods.OOS.Repeated_Holdout object at 0x00000250F2A0C0B0>,0,ARMA,1.197400165969766,0.9045781755046174,1.0942578151284852
datasets/synthetic_data/s2.csv,212,<timecave.validation_methods.OOS.Repeated_Holdout object at 0x00000250F2A0C0B0>,1,Tree,1.9195250287457488,1.0731172488156375,1.3854692449656718
datasets/synthetic_data/s2.csv,212,<timecave.validation_methods.OOS.Repeated_Holdout object at 0x00000250F2A0C0B0>,1,ARMA,1.190616491741267,0.8847697832815147,1.09115374340249
datasets/synthetic_data/s2.csv,212,<timecave.validation_methods.OOS.Repeated_Holdout object at 0x00000250F2A0C0B0>,2,Tree,1.5938132286389506,1.0099430667468707,1.262463159319491
datasets/synthetic_data/s2.csv,212,<timecave.validation_methods.OOS.Repeated_Holdout object at 0x00000250F2A0C0B0>,2,ARMA,1.1658773224030736,0.872730020432926,1.0797579925164127
datasets/synthetic_data/s2.csv,212,<timecave.validation_methods.OOS.Repeated_Holdout object at 0x00000250F2A0C0B0>,3,Tree,1.6449419218523285,1.0198164333544082,1.2825528924189944
datasets/synthetic_data/s2.csv,212,<timecave.validation_methods.OOS.Repeated_Holdout object at 0x00000250F2A0C0B0>,3,ARMA,1.1818993473175337,0.8882676858533637,1.0871519430684626
datasets/synthetic_data/s2.csv,212,<timecave.validation_methods.prequential.Growing_Window object at 0x00000250F2A0DD60>,0,Tree,4.881589832912551,1.8002156702011622,2.2094320159064753
datasets/synthetic_data/s2.csv,212,<timecave.validation_methods.prequential.Growing_Window object at 0x00000250F2A0DD60>,0,ARMA,1.0401506535852487,0.864756056512219,1.0198777640409897
datasets/synthetic_data/s2.csv,212,<timecave.validation_methods.prequential.Growing_Window object at 0x00000250F2A0DD60>,1,Tree,2.9456276863934545,1.4004098422400153,1.716283102053229
datasets/synthetic_data/s2.csv,212,<timecave.validation_methods.prequential.Growing_Window object at 0x00000250F2A0DD60>,1,ARMA,2.0560257022427573,1.0629836765207221,1.4338848287930093
datasets/synthetic_data/s2.csv,212,<timecave.validation_methods.prequential.Growing_Window object at 0x00000250F2A0DD60>,2,Tree,2.103799156739611,1.0388224974832494,1.45044791590033
datasets/synthetic_data/s2.csv,212,<timecave.validation_methods.prequential.Growing_Window object at 0x00000250F2A0DD60>,2,ARMA,1.6699048333801934,1.0355932024489918,1.292247976736738
datasets/synthetic_data/s2.csv,212,<timecave.validation_methods.prequential.Growing_Window object at 0x00000250F2A0DD60>,3,Tree,1.764493901624995,1.0759605097460243,1.3283425392665082
datasets/synthetic_data/s2.csv,212,<timecave.validation_methods.prequential.Growing_Window object at 0x00000250F2A0DD60>,3,ARMA,1.2249035041411676,0.9103195731004785,1.1067535878149064
datasets/synthetic_data/s2.csv,212,<timecave.validation_methods.prequential.Growing_Window object at 0x00000250F2A0CBC0>,0,Tree,3.191314802844712,1.4381683255270845,1.7864251461633402
datasets/synthetic_data/s2.csv,212,<timecave.validation_methods.prequential.Growing_Window object at 0x00000250F2A0CBC0>,0,ARMA,2.0764879218138423,1.0603207425588739,1.4410024017377079
datasets/synthetic_data/s2.csv,212,<timecave.validation_methods.prequential.Growing_Window object at 0x00000250F2A0CBC0>,1,Tree,3.707370950849776,1.6294678943595784,1.9254534403225065
datasets/synthetic_data/s2.csv,212,<timecave.validation_methods.prequential.Growing_Window object at 0x00000250F2A0CBC0>,1,ARMA,1.6459264086781893,1.0107147950618187,1.2829366347088969
datasets/synthetic_data/s2.csv,212,<timecave.validation_methods.prequential.Growing_Window object at 0x00000250F2A0CBC0>,2,Tree,1.6263912790232624,0.9976789267288458,1.2753004661738592
datasets/synthetic_data/s2.csv,212,<timecave.validation_methods.prequential.Growing_Window object at 0x00000250F2A0CBC0>,2,ARMA,1.1952329740017253,0.8916801524303452,1.0932671100887126
datasets/synthetic_data/s2.csv,212,<timecave.validation_methods.prequential.Rolling_Window object at 0x00000250F2A0D070>,0,Tree,4.625466129941347,1.7801941681221845,2.1506896870402636
datasets/synthetic_data/s2.csv,212,<timecave.validation_methods.prequential.Rolling_Window object at 0x00000250F2A0D070>,0,ARMA,1.0401506535852487,0.864756056512219,1.0198777640409897
datasets/synthetic_data/s2.csv,212,<timecave.validation_methods.prequential.Rolling_Window object at 0x00000250F2A0D070>,1,Tree,2.642160296469989,1.3982332251917773,1.6254723302689558
datasets/synthetic_data/s2.csv,212,<timecave.validation_methods.prequential.Rolling_Window object at 0x00000250F2A0D070>,1,ARMA,2.0620882396139795,1.0608564036433905,1.4359972979131888
datasets/synthetic_data/s2.csv,212,<timecave.validation_methods.prequential.Rolling_Window object at 0x00000250F2A0D070>,2,Tree,4.906849408053908,1.6445619964271099,2.2151409454149658
datasets/synthetic_data/s2.csv,212,<timecave.validation_methods.prequential.Rolling_Window object at 0x00000250F2A0D070>,2,ARMA,1.689945625380978,1.0266766525213615,1.2999790865167709
datasets/synthetic_data/s2.csv,212,<timecave.validation_methods.prequential.Rolling_Window object at 0x00000250F2A0D070>,3,Tree,2.6426116830930053,1.2236536492482502,1.625611172172794
datasets/synthetic_data/s2.csv,212,<timecave.validation_methods.prequential.Rolling_Window object at 0x00000250F2A0D070>,3,ARMA,1.2387094025182575,0.9100448361855424,1.1129732263258885
datasets/synthetic_data/s2.csv,212,<timecave.validation_methods.prequential.Rolling_Window object at 0x00000250F2A0C170>,0,Tree,3.750729257504874,1.6116388936509192,1.9366799574284013
datasets/synthetic_data/s2.csv,212,<timecave.validation_methods.prequential.Rolling_Window object at 0x00000250F2A0C170>,0,ARMA,2.0764879218138423,1.0603207425588739,1.4410024017377079
datasets/synthetic_data/s2.csv,212,<timecave.validation_methods.prequential.Rolling_Window object at 0x00000250F2A0C170>,1,Tree,1.964064769550066,1.0374201690883285,1.401450951532042
datasets/synthetic_data/s2.csv,212,<timecave.validation_methods.prequential.Rolling_Window object at 0x00000250F2A0C170>,1,ARMA,1.6312986433226841,1.000566801668678,1.277223020197602
datasets/synthetic_data/s2.csv,212,<timecave.validation_methods.prequential.Rolling_Window object at 0x00000250F2A0C170>,2,Tree,2.766627453251937,1.3557311904474056,1.6633182056515636
datasets/synthetic_data/s2.csv,212,<timecave.validation_methods.prequential.Rolling_Window object at 0x00000250F2A0C170>,2,ARMA,1.289987699404839,0.9292607498669714,1.135776254112067
datasets/synthetic_data/s2.csv,212,<timecave.validation_methods.CV.Block_CV object at 0x00000250F2A0DE20>,0,Tree,2.4589739945231774,1.2756366556137078,1.5681116014248404
datasets/synthetic_data/s2.csv,212,<timecave.validation_methods.CV.Block_CV object at 0x00000250F2A0DE20>,0,ARMA,1.9611838321803265,1.1459031394336845,1.4004227333845758
datasets/synthetic_data/s2.csv,212,<timecave.validation_methods.CV.Block_CV object at 0x00000250F2A0DE20>,1,Tree,1.9631928716618856,1.1177517693232364,1.4011398472893009
datasets/synthetic_data/s2.csv,212,<timecave.validation_methods.CV.Block_CV object at 0x00000250F2A0DE20>,1,ARMA,1.0033959705511166,0.8528439724513255,1.0016965461411538
datasets/synthetic_data/s2.csv,212,<timecave.validation_methods.CV.Block_CV object at 0x00000250F2A0DE20>,2,Tree,2.7242045701543898,1.3933022129654942,1.6505164555842482
datasets/synthetic_data/s2.csv,212,<timecave.validation_methods.CV.Block_CV object at 0x00000250F2A0DE20>,2,ARMA,2.0685072580864565,1.0502362524423459,1.4382305997601554
datasets/synthetic_data/s2.csv,212,<timecave.validation_methods.CV.Block_CV object at 0x00000250F2A0DE20>,3,Tree,2.3516878182607424,1.1968195947133693,1.5335213784818074
datasets/synthetic_data/s2.csv,212,<timecave.validation_methods.CV.Block_CV object at 0x00000250F2A0DE20>,3,ARMA,1.684034016867078,1.0268694547109878,1.2977033624319072
datasets/synthetic_data/s2.csv,212,<timecave.validation_methods.CV.Block_CV object at 0x00000250F2A0DE20>,4,Tree,1.8803071007062375,1.1177263780591393,1.3712429036119886
datasets/synthetic_data/s2.csv,212,<timecave.validation_methods.CV.Block_CV object at 0x00000250F2A0DE20>,4,ARMA,1.2249035041411676,0.9103195731004785,1.1067535878149064
datasets/synthetic_data/s2.csv,212,<timecave.validation_methods.CV.AdaptedhvBlockCV object at 0x00000250F2A0EB70>,0,Tree,2.390312161796387,1.2838313184274512,1.5460634404177558
datasets/synthetic_data/s2.csv,212,<timecave.validation_methods.CV.AdaptedhvBlockCV object at 0x00000250F2A0EB70>,0,ARMA,1.9611168239967283,1.1459270779270372,1.4003988089100647
datasets/synthetic_data/s2.csv,212,<timecave.validation_methods.CV.AdaptedhvBlockCV object at 0x00000250F2A0EB70>,1,Tree,1.8286377704329182,1.0515897062076125,1.3522713375772328
datasets/synthetic_data/s2.csv,212,<timecave.validation_methods.CV.AdaptedhvBlockCV object at 0x00000250F2A0EB70>,1,ARMA,1.0019977329484415,0.8527084519759435,1.0009983681047845
datasets/synthetic_data/s2.csv,212,<timecave.validation_methods.CV.AdaptedhvBlockCV object at 0x00000250F2A0EB70>,2,Tree,3.6459594587161206,1.4647590798820718,1.9094395666572221
datasets/synthetic_data/s2.csv,212,<timecave.validation_methods.CV.AdaptedhvBlockCV object at 0x00000250F2A0EB70>,2,ARMA,2.070133644284813,1.0506912947919793,1.438795900843762
datasets/synthetic_data/s2.csv,212,<timecave.validation_methods.CV.AdaptedhvBlockCV object at 0x00000250F2A0EB70>,3,Tree,2.8339446295994755,1.1966997920003717,1.6834323953160326
datasets/synthetic_data/s2.csv,212,<timecave.validation_methods.CV.AdaptedhvBlockCV object at 0x00000250F2A0EB70>,3,ARMA,1.684844696948141,1.0345229316880593,1.2980156766958328
datasets/synthetic_data/s2.csv,212,<timecave.validation_methods.CV.AdaptedhvBlockCV object at 0x00000250F2A0EB70>,4,Tree,1.6591436925501715,1.062648746556394,1.2880775180672053
datasets/synthetic_data/s2.csv,212,<timecave.validation_methods.CV.AdaptedhvBlockCV object at 0x00000250F2A0EB70>,4,ARMA,1.2100610158991278,0.899974392843999,1.100027734149975
datasets/synthetic_data/s2.csv,212,<timecave.validation_methods.markov.MarkovCV object at 0x00000250F2A0D6D0>,0,Tree,4.993716013853744,1.9682045524570646,2.234662393708218
datasets/synthetic_data/s2.csv,212,<timecave.validation_methods.markov.MarkovCV object at 0x00000250F2A0D6D0>,0,ARMA,2.012307974154199,1.0946551333928727,1.4185584140789547
datasets/synthetic_data/s2.csv,212,<timecave.validation_methods.markov.MarkovCV object at 0x00000250F2A0D6D0>,1,Tree,4.583397442577953,1.6183682829571677,2.140887069085605
datasets/synthetic_data/s2.csv,212,<timecave.validation_methods.markov.MarkovCV object at 0x00000250F2A0D6D0>,1,ARMA,1.1092044059390815,0.8424370634783219,1.0531877353725125
datasets/synthetic_data/s2.csv,212,<timecave.validation_methods.markov.MarkovCV object at 0x00000250F2A0D6D0>,2,Tree,2.9209007017724136,1.52061032041207,1.7090642766649866
datasets/synthetic_data/s2.csv,212,<timecave.validation_methods.markov.MarkovCV object at 0x00000250F2A0D6D0>,2,ARMA,2.115324439583737,1.2265451112296113,1.454415497574107
datasets/synthetic_data/s2.csv,212,<timecave.validation_methods.markov.MarkovCV object at 0x00000250F2A0D6D0>,3,Tree,4.8551347598810874,1.914857779401085,2.203437033337029
datasets/synthetic_data/s2.csv,212,<timecave.validation_methods.markov.MarkovCV object at 0x00000250F2A0D6D0>,3,ARMA,1.9990628190392967,1.0504311788532215,1.4138821800416386
datasets/synthetic_data/s2.csv,212,<timecave.validation_methods.markov.MarkovCV object at 0x00000250F2A0D6D0>,4,Tree,3.66284431766188,1.487047942802222,1.913855876930622
datasets/synthetic_data/s2.csv,212,<timecave.validation_methods.markov.MarkovCV object at 0x00000250F2A0D6D0>,4,ARMA,1.806210771393825,1.1495118483062357,1.3439534111693845
datasets/synthetic_data/s2.csv,212,<timecave.validation_methods.markov.MarkovCV object at 0x00000250F2A0D6D0>,5,Tree,4.605333831004316,1.788497501168576,2.146004154470423
datasets/synthetic_data/s2.csv,212,<timecave.validation_methods.markov.MarkovCV object at 0x00000250F2A0D6D0>,5,ARMA,1.6778147505765006,1.0286422574445249,1.295304887112104
datasets/synthetic_data/s2.csv,212,<timecave.validation_methods.markov.MarkovCV object at 0x00000250F2A0D6D0>,6,Tree,3.5305409431920065,1.5210354470676748,1.87897337479593
datasets/synthetic_data/s2.csv,212,<timecave.validation_methods.markov.MarkovCV object at 0x00000250F2A0D6D0>,6,ARMA,3.3701391468225115,1.5799294586302497,1.8357938737294315
datasets/synthetic_data/s2.csv,212,<timecave.validation_methods.markov.MarkovCV object at 0x00000250F2A0D6D0>,7,Tree,3.0929143229132743,1.399934495433889,1.758668337951552
datasets/synthetic_data/s2.csv,212,<timecave.validation_methods.markov.MarkovCV object at 0x00000250F2A0D6D0>,7,ARMA,1.4148732523023078,0.9452632483140508,1.1894844481128402
datasets/synthetic_data/s2.csv,212,<timecave.validation_methods.markov.MarkovCV object at 0x00000250F2A0D6D0>,8,Tree,3.755256606983355,1.7150769919055877,1.9378484478883675
datasets/synthetic_data/s2.csv,212,<timecave.validation_methods.markov.MarkovCV object at 0x00000250F2A0D6D0>,8,ARMA,0.9517449962681378,0.8092291870457122,0.9755741879878422
datasets/synthetic_data/s2.csv,212,<timecave.validation_methods.markov.MarkovCV object at 0x00000250F2A0D6D0>,9,Tree,3.0614261050984592,1.5092067653722054,1.7496931459825917
datasets/synthetic_data/s2.csv,212,<timecave.validation_methods.markov.MarkovCV object at 0x00000250F2A0D6D0>,9,ARMA,2.137294602068691,1.1716394125145042,1.4619489054234047
datasets/synthetic_data/s2.csv,213,<timecave.validation_methods.OOS.Holdout object at 0x00000250F26592E0>,0,Tree,2.3047609851611313,1.271314299064325,1.5181439276831203
datasets/synthetic_data/s2.csv,213,<timecave.validation_methods.OOS.Holdout object at 0x00000250F26592E0>,0,ARMA,1.4623741225644873,0.9108802693811174,1.20928661721053
datasets/synthetic_data/s2.csv,213,<timecave.validation_methods.OOS.Repeated_Holdout object at 0x00000250F2658F20>,0,Tree,2.1974335701870973,1.1795600533090573,1.4823743016482367
datasets/synthetic_data/s2.csv,213,<timecave.validation_methods.OOS.Repeated_Holdout object at 0x00000250F2658F20>,0,ARMA,1.6138257043387112,0.9846776417440543,1.2703643982490658
datasets/synthetic_data/s2.csv,213,<timecave.validation_methods.OOS.Repeated_Holdout object at 0x00000250F2658F20>,1,Tree,1.7849353383368185,1.1036136989079437,1.336014722350326
datasets/synthetic_data/s2.csv,213,<timecave.validation_methods.OOS.Repeated_Holdout object at 0x00000250F2658F20>,1,ARMA,1.6316156223006364,0.9853199886383842,1.277347103296765
datasets/synthetic_data/s2.csv,213,<timecave.validation_methods.OOS.Repeated_Holdout object at 0x00000250F2658F20>,2,Tree,1.6517240548593433,0.9657387969508804,1.2851941701001228
datasets/synthetic_data/s2.csv,213,<timecave.validation_methods.OOS.Repeated_Holdout object at 0x00000250F2658F20>,2,ARMA,1.6066811559288436,0.9577475070502331,1.267549271598088
datasets/synthetic_data/s2.csv,213,<timecave.validation_methods.OOS.Repeated_Holdout object at 0x00000250F2658F20>,3,Tree,2.8129356150780622,1.379507373778433,1.6771808534198278
datasets/synthetic_data/s2.csv,213,<timecave.validation_methods.OOS.Repeated_Holdout object at 0x00000250F2658F20>,3,ARMA,1.4623741225644873,0.9108802693811174,1.20928661721053
datasets/synthetic_data/s2.csv,213,<timecave.validation_methods.prequential.Growing_Window object at 0x00000250F2604770>,0,Tree,2.1124812058379776,1.204483549891116,1.4534377199721966
datasets/synthetic_data/s2.csv,213,<timecave.validation_methods.prequential.Growing_Window object at 0x00000250F2604770>,0,ARMA,1.6356241134084277,1.1345764763416943,1.2789152096243237
datasets/synthetic_data/s2.csv,213,<timecave.validation_methods.prequential.Growing_Window object at 0x00000250F2604770>,1,Tree,2.9371621717231773,1.4105549832797213,1.713815092629067
datasets/synthetic_data/s2.csv,213,<timecave.validation_methods.prequential.Growing_Window object at 0x00000250F2604770>,1,ARMA,1.4153615495050302,0.9398361630767791,1.189689686222853
datasets/synthetic_data/s2.csv,213,<timecave.validation_methods.prequential.Growing_Window object at 0x00000250F2604770>,2,Tree,1.9800263177209358,1.1972239400544298,1.4071340795108815
datasets/synthetic_data/s2.csv,213,<timecave.validation_methods.prequential.Growing_Window object at 0x00000250F2604770>,2,ARMA,1.1803964267810643,0.8695545412283578,1.086460504013406
datasets/synthetic_data/s2.csv,213,<timecave.validation_methods.prequential.Growing_Window object at 0x00000250F2604770>,3,Tree,2.123326311973113,1.2253349949611656,1.4571637903726242
datasets/synthetic_data/s2.csv,213,<timecave.validation_methods.prequential.Growing_Window object at 0x00000250F2604770>,3,ARMA,1.6353712978987283,0.9708968257490533,1.2788163659801701
datasets/synthetic_data/s2.csv,213,<timecave.validation_methods.prequential.Growing_Window object at 0x00000250F29B0950>,0,Tree,1.9580104447479798,1.195230939000596,1.399289264143758
datasets/synthetic_data/s2.csv,213,<timecave.validation_methods.prequential.Growing_Window object at 0x00000250F29B0950>,0,ARMA,1.335091556253447,0.937580965645534,1.1554616204156014
datasets/synthetic_data/s2.csv,213,<timecave.validation_methods.prequential.Growing_Window object at 0x00000250F29B0950>,1,Tree,1.9703928678662974,1.1900118802987658,1.4037068311674976
datasets/synthetic_data/s2.csv,213,<timecave.validation_methods.prequential.Growing_Window object at 0x00000250F29B0950>,1,ARMA,1.200975790958745,0.8948892279926655,1.0958904101043796
datasets/synthetic_data/s2.csv,213,<timecave.validation_methods.prequential.Growing_Window object at 0x00000250F29B0950>,2,Tree,2.0008775809130586,1.1478858574573767,1.414523800051826
datasets/synthetic_data/s2.csv,213,<timecave.validation_methods.prequential.Growing_Window object at 0x00000250F29B0950>,2,ARMA,1.749145052066304,1.026970575287899,1.3225524761106093
datasets/synthetic_data/s2.csv,213,<timecave.validation_methods.prequential.Rolling_Window object at 0x00000250F29B1070>,0,Tree,1.4999075622869313,1.0566636499134259,1.224707133271841
datasets/synthetic_data/s2.csv,213,<timecave.validation_methods.prequential.Rolling_Window object at 0x00000250F29B1070>,0,ARMA,1.6356241134084277,1.1345764763416943,1.2789152096243237
datasets/synthetic_data/s2.csv,213,<timecave.validation_methods.prequential.Rolling_Window object at 0x00000250F29B1070>,1,Tree,2.245655122500815,1.2090847721835571,1.4985510076406525
datasets/synthetic_data/s2.csv,213,<timecave.validation_methods.prequential.Rolling_Window object at 0x00000250F29B1070>,1,ARMA,1.3704957895238596,0.9362330885971697,1.1706817627023407
datasets/synthetic_data/s2.csv,213,<timecave.validation_methods.prequential.Rolling_Window object at 0x00000250F29B1070>,2,Tree,1.8203639373843474,1.1862057480974044,1.3492086337495575
datasets/synthetic_data/s2.csv,213,<timecave.validation_methods.prequential.Rolling_Window object at 0x00000250F29B1070>,2,ARMA,1.1944501244215053,0.8934165346543532,1.0929090192790547
datasets/synthetic_data/s2.csv,213,<timecave.validation_methods.prequential.Rolling_Window object at 0x00000250F29B1070>,3,Tree,2.876273876519721,1.3244016571481252,1.6959580998714918
datasets/synthetic_data/s2.csv,213,<timecave.validation_methods.prequential.Rolling_Window object at 0x00000250F29B1070>,3,ARMA,1.5906205738303842,0.9395071297106931,1.2611980708161523
datasets/synthetic_data/s2.csv,213,<timecave.validation_methods.prequential.Rolling_Window object at 0x00000250F29B1430>,0,Tree,1.7356511144154143,1.1007372638824162,1.3174411236998085
datasets/synthetic_data/s2.csv,213,<timecave.validation_methods.prequential.Rolling_Window object at 0x00000250F29B1430>,0,ARMA,1.335091556253447,0.937580965645534,1.1554616204156014
datasets/synthetic_data/s2.csv,213,<timecave.validation_methods.prequential.Rolling_Window object at 0x00000250F29B1430>,1,Tree,2.083575135495356,1.2192870187760534,1.443459433269725
datasets/synthetic_data/s2.csv,213,<timecave.validation_methods.prequential.Rolling_Window object at 0x00000250F29B1430>,1,ARMA,1.1217723575199186,0.8449957098688985,1.0591375536349934
datasets/synthetic_data/s2.csv,213,<timecave.validation_methods.prequential.Rolling_Window object at 0x00000250F29B1430>,2,Tree,2.3839374166833456,1.308697422027808,1.5440004587704452
datasets/synthetic_data/s2.csv,213,<timecave.validation_methods.prequential.Rolling_Window object at 0x00000250F29B1430>,2,ARMA,1.8801256334510976,1.069170669531425,1.3711767331205331
datasets/synthetic_data/s2.csv,213,<timecave.validation_methods.CV.Block_CV object at 0x00000250F29B1E50>,0,Tree,2.1256921333087213,1.171380818785968,1.457975354149967
datasets/synthetic_data/s2.csv,213,<timecave.validation_methods.CV.Block_CV object at 0x00000250F29B1E50>,0,ARMA,1.247218771078534,0.8529270395975558,1.1167894927328668
datasets/synthetic_data/s2.csv,213,<timecave.validation_methods.CV.Block_CV object at 0x00000250F29B1E50>,1,Tree,1.7282829190507771,1.0931763488553967,1.3146417455150194
datasets/synthetic_data/s2.csv,213,<timecave.validation_methods.CV.Block_CV object at 0x00000250F29B1E50>,1,ARMA,1.452000082121931,1.0688805427318433,1.2049896605871484
datasets/synthetic_data/s2.csv,213,<timecave.validation_methods.CV.Block_CV object at 0x00000250F29B1E50>,2,Tree,2.413297241151705,1.3074338212920749,1.5534790765091446
datasets/synthetic_data/s2.csv,213,<timecave.validation_methods.CV.Block_CV object at 0x00000250F29B1E50>,2,ARMA,1.4484360355342936,0.9737510349774279,1.2035098817767529
datasets/synthetic_data/s2.csv,213,<timecave.validation_methods.CV.Block_CV object at 0x00000250F29B1E50>,3,Tree,2.0223400322618086,1.2010323379408272,1.422090022558983
datasets/synthetic_data/s2.csv,213,<timecave.validation_methods.CV.Block_CV object at 0x00000250F29B1E50>,3,ARMA,1.1699063941693921,0.8738596429678909,1.081622112463217
datasets/synthetic_data/s2.csv,213,<timecave.validation_methods.CV.Block_CV object at 0x00000250F29B1E50>,4,Tree,1.784056229939197,1.0813457608930008,1.3356856778221429
datasets/synthetic_data/s2.csv,213,<timecave.validation_methods.CV.Block_CV object at 0x00000250F29B1E50>,4,ARMA,1.6353712978987283,0.9708968257490533,1.2788163659801701
datasets/synthetic_data/s2.csv,213,<timecave.validation_methods.CV.AdaptedhvBlockCV object at 0x00000250F29B3500>,0,Tree,2.2874661786445207,1.2267400677995413,1.512437165188862
datasets/synthetic_data/s2.csv,213,<timecave.validation_methods.CV.AdaptedhvBlockCV object at 0x00000250F29B3500>,0,ARMA,1.2527450427920126,0.8529589180546242,1.1192609359715957
datasets/synthetic_data/s2.csv,213,<timecave.validation_methods.CV.AdaptedhvBlockCV object at 0x00000250F29B3500>,1,Tree,3.303479332915638,1.4634370935958154,1.8175476150339605
datasets/synthetic_data/s2.csv,213,<timecave.validation_methods.CV.AdaptedhvBlockCV object at 0x00000250F29B3500>,1,ARMA,1.4474721133042738,1.0665354407148344,1.203109352180538
datasets/synthetic_data/s2.csv,213,<timecave.validation_methods.CV.AdaptedhvBlockCV object at 0x00000250F29B3500>,2,Tree,2.926236624644992,1.511861578749639,1.7106246299656134
datasets/synthetic_data/s2.csv,213,<timecave.validation_methods.CV.AdaptedhvBlockCV object at 0x00000250F29B3500>,2,ARMA,1.4381823310844295,0.9706411535188192,1.1992423988020227
datasets/synthetic_data/s2.csv,213,<timecave.validation_methods.CV.AdaptedhvBlockCV object at 0x00000250F29B3500>,3,Tree,2.3742138468958256,1.2897621985956897,1.540848417884065
datasets/synthetic_data/s2.csv,213,<timecave.validation_methods.CV.AdaptedhvBlockCV object at 0x00000250F29B3500>,3,ARMA,1.175304964460471,0.8769861398597925,1.0841148299236898
datasets/synthetic_data/s2.csv,213,<timecave.validation_methods.CV.AdaptedhvBlockCV object at 0x00000250F29B3500>,4,Tree,1.6360037235613314,1.0548671001220002,1.2790636120073666
datasets/synthetic_data/s2.csv,213,<timecave.validation_methods.CV.AdaptedhvBlockCV object at 0x00000250F29B3500>,4,ARMA,1.6265117713773138,0.9710400236873388,1.2753477060697267
datasets/synthetic_data/s2.csv,213,<timecave.validation_methods.markov.MarkovCV object at 0x00000250F265AAB0>,0,Tree,2.7130071487484586,1.1258766128618134,1.6471208664662282
datasets/synthetic_data/s2.csv,213,<timecave.validation_methods.markov.MarkovCV object at 0x00000250F265AAB0>,0,ARMA,1.9695284245836848,1.189184588066321,1.4033988829209196
datasets/synthetic_data/s2.csv,213,<timecave.validation_methods.markov.MarkovCV object at 0x00000250F265AAB0>,1,Tree,1.2799145327504464,0.8897309158433861,1.131333077723111
datasets/synthetic_data/s2.csv,213,<timecave.validation_methods.markov.MarkovCV object at 0x00000250F265AAB0>,1,ARMA,1.468631624255677,1.0143663592744832,1.2118711252669059
datasets/synthetic_data/s2.csv,213,<timecave.validation_methods.markov.MarkovCV object at 0x00000250F265AAB0>,2,Tree,3.210578378698647,1.5338843099510686,1.7918086892016811
datasets/synthetic_data/s2.csv,213,<timecave.validation_methods.markov.MarkovCV object at 0x00000250F265AAB0>,2,ARMA,2.364169986088511,1.3063989181576934,1.537585765441561
datasets/synthetic_data/s2.csv,213,<timecave.validation_methods.markov.MarkovCV object at 0x00000250F265AAB0>,3,Tree,1.749359125171479,0.9014801049954914,1.3226334054345819
datasets/synthetic_data/s2.csv,213,<timecave.validation_methods.markov.MarkovCV object at 0x00000250F265AAB0>,3,ARMA,0.9028810400226519,0.8151191931024607,0.9502005262167833
datasets/synthetic_data/s2.csv,213,<timecave.validation_methods.markov.MarkovCV object at 0x00000250F265AAB0>,4,Tree,1.628080576727928,0.9747725128548342,1.275962607887836
datasets/synthetic_data/s2.csv,213,<timecave.validation_methods.markov.MarkovCV object at 0x00000250F265AAB0>,4,ARMA,1.2295206701827286,0.9235076921740627,1.108837531012875
datasets/synthetic_data/s2.csv,213,<timecave.validation_methods.markov.MarkovCV object at 0x00000250F265AAB0>,5,Tree,2.816697444002328,1.224112130784046,1.6783019525706118
datasets/synthetic_data/s2.csv,213,<timecave.validation_methods.markov.MarkovCV object at 0x00000250F265AAB0>,5,ARMA,1.2250202778737465,0.9125193004537205,1.1068063416306153
datasets/synthetic_data/s2.csv,213,<timecave.validation_methods.markov.MarkovCV object at 0x00000250F265AAB0>,6,Tree,3.97980247690341,1.4487380442909916,1.994944229020804
datasets/synthetic_data/s2.csv,213,<timecave.validation_methods.markov.MarkovCV object at 0x00000250F265AAB0>,6,ARMA,2.2137699601923506,1.1234515262666451,1.4878743092722417
datasets/synthetic_data/s2.csv,213,<timecave.validation_methods.markov.MarkovCV object at 0x00000250F265AAB0>,7,Tree,3.4060815653485954,1.3309676092696618,1.8455572506288163
datasets/synthetic_data/s2.csv,213,<timecave.validation_methods.markov.MarkovCV object at 0x00000250F265AAB0>,7,ARMA,1.5593223070905207,0.9331869547423728,1.2487282759233573
datasets/synthetic_data/s2.csv,213,<timecave.validation_methods.markov.MarkovCV object at 0x00000250F265AAB0>,8,Tree,4.553212328950421,1.8757488490034262,2.1338257494346675
datasets/synthetic_data/s2.csv,213,<timecave.validation_methods.markov.MarkovCV object at 0x00000250F265AAB0>,8,ARMA,1.2528410895164301,0.9704996562228274,1.119303841464162
datasets/synthetic_data/s2.csv,213,<timecave.validation_methods.markov.MarkovCV object at 0x00000250F265AAB0>,9,Tree,1.5842086746043536,1.063230529141581,1.2586535165025972
datasets/synthetic_data/s2.csv,213,<timecave.validation_methods.markov.MarkovCV object at 0x00000250F265AAB0>,9,ARMA,1.2540075554718089,0.815024922822752,1.1198247878448704
datasets/synthetic_data/s2.csv,214,<timecave.validation_methods.OOS.Holdout object at 0x00000250F2668BC0>,0,Tree,2.701822741113034,1.3263898038179958,1.6437222213966185
datasets/synthetic_data/s2.csv,214,<timecave.validation_methods.OOS.Holdout object at 0x00000250F2668BC0>,0,ARMA,2.1618541861657747,1.1756279924804784,1.4703245172973805
datasets/synthetic_data/s2.csv,214,<timecave.validation_methods.OOS.Repeated_Holdout object at 0x00000250F2669C70>,0,Tree,3.0987153766315476,1.4177023430712092,1.760316839842063
datasets/synthetic_data/s2.csv,214,<timecave.validation_methods.OOS.Repeated_Holdout object at 0x00000250F2669C70>,0,ARMA,2.459033740288473,1.2827041188529944,1.568130651536559
datasets/synthetic_data/s2.csv,214,<timecave.validation_methods.OOS.Repeated_Holdout object at 0x00000250F2669C70>,1,Tree,3.3828547691566517,1.526363925691014,1.839253862074687
datasets/synthetic_data/s2.csv,214,<timecave.validation_methods.OOS.Repeated_Holdout object at 0x00000250F2669C70>,1,ARMA,2.7288021139139316,1.3813270164298395,1.6519086275923167
datasets/synthetic_data/s2.csv,214,<timecave.validation_methods.OOS.Repeated_Holdout object at 0x00000250F2669C70>,2,Tree,2.959259110817921,1.3693388874117816,1.7202497233884158
datasets/synthetic_data/s2.csv,214,<timecave.validation_methods.OOS.Repeated_Holdout object at 0x00000250F2669C70>,2,ARMA,2.162487762484634,1.1740031585729631,1.470539956099335
datasets/synthetic_data/s2.csv,214,<timecave.validation_methods.OOS.Repeated_Holdout object at 0x00000250F2669C70>,3,Tree,2.995112604409964,1.4213962158953017,1.730639362897413
datasets/synthetic_data/s2.csv,214,<timecave.validation_methods.OOS.Repeated_Holdout object at 0x00000250F2669C70>,3,ARMA,2.1618541861657747,1.1756279924804784,1.4703245172973805
datasets/synthetic_data/s2.csv,214,<timecave.validation_methods.prequential.Growing_Window object at 0x00000250F2668D70>,0,Tree,2.367504269047149,1.2344451517873356,1.53866964259621
datasets/synthetic_data/s2.csv,214,<timecave.validation_methods.prequential.Growing_Window object at 0x00000250F2668D70>,0,ARMA,1.7115362542559756,0.9983182573692332,1.3082569526878027
datasets/synthetic_data/s2.csv,214,<timecave.validation_methods.prequential.Growing_Window object at 0x00000250F2668D70>,1,Tree,1.5869758789389907,1.0788498101149724,1.2597523085666447
datasets/synthetic_data/s2.csv,214,<timecave.validation_methods.prequential.Growing_Window object at 0x00000250F2668D70>,1,ARMA,1.0997492216757048,0.8120336059794586,1.048689287480188
datasets/synthetic_data/s2.csv,214,<timecave.validation_methods.prequential.Growing_Window object at 0x00000250F2668D70>,2,Tree,2.643183251780064,1.3082381775839054,1.625786963836303
datasets/synthetic_data/s2.csv,214,<timecave.validation_methods.prequential.Growing_Window object at 0x00000250F2668D70>,2,ARMA,1.1751165205299208,0.80228342411757,1.0840279150141479
datasets/synthetic_data/s2.csv,214,<timecave.validation_methods.prequential.Growing_Window object at 0x00000250F2668D70>,3,Tree,3.16773224668623,1.4515442345481109,1.7798124189605573
datasets/synthetic_data/s2.csv,214,<timecave.validation_methods.prequential.Growing_Window object at 0x00000250F2668D70>,3,ARMA,2.655517501166595,1.34052407355765,1.6295758654222254
datasets/synthetic_data/s2.csv,214,<timecave.validation_methods.prequential.Growing_Window object at 0x00000250F26696D0>,0,Tree,1.4626827217613194,0.9860792444885109,1.2094142060358475
datasets/synthetic_data/s2.csv,214,<timecave.validation_methods.prequential.Growing_Window object at 0x00000250F26696D0>,0,ARMA,1.2482573000957635,0.9237451277729098,1.1172543578325231
datasets/synthetic_data/s2.csv,214,<timecave.validation_methods.prequential.Growing_Window object at 0x00000250F26696D0>,1,Tree,2.9959943675795007,1.3860017930556472,1.730894094847949
datasets/synthetic_data/s2.csv,214,<timecave.validation_methods.prequential.Growing_Window object at 0x00000250F26696D0>,1,ARMA,1.1958252733428205,0.8198118361795301,1.0935379615462923
datasets/synthetic_data/s2.csv,214,<timecave.validation_methods.prequential.Growing_Window object at 0x00000250F26696D0>,2,Tree,2.8126431164355004,1.410544324342852,1.6770936516591732
datasets/synthetic_data/s2.csv,214,<timecave.validation_methods.prequential.Growing_Window object at 0x00000250F26696D0>,2,ARMA,2.7048031694682706,1.3593794009659939,1.6446285810079644
datasets/synthetic_data/s2.csv,214,<timecave.validation_methods.prequential.Rolling_Window object at 0x00000250F252AC60>,0,Tree,2.334513185892882,1.2225638131124532,1.5279113802485018
datasets/synthetic_data/s2.csv,214,<timecave.validation_methods.prequential.Rolling_Window object at 0x00000250F252AC60>,0,ARMA,1.7115362542559756,0.9983182573692332,1.3082569526878027
datasets/synthetic_data/s2.csv,214,<timecave.validation_methods.prequential.Rolling_Window object at 0x00000250F252AC60>,1,Tree,1.0481898265476466,0.8791787743249633,1.023811421379761
datasets/synthetic_data/s2.csv,214,<timecave.validation_methods.prequential.Rolling_Window object at 0x00000250F252AC60>,1,ARMA,1.082638140092916,0.7694599476315656,1.0404989861085479
datasets/synthetic_data/s2.csv,214,<timecave.validation_methods.prequential.Rolling_Window object at 0x00000250F252AC60>,2,Tree,2.0381472051394596,1.157879765178563,1.427636930434156
datasets/synthetic_data/s2.csv,214,<timecave.validation_methods.prequential.Rolling_Window object at 0x00000250F252AC60>,2,ARMA,1.212194562549811,0.8249464629572796,1.1009970765400836
datasets/synthetic_data/s2.csv,214,<timecave.validation_methods.prequential.Rolling_Window object at 0x00000250F252AC60>,3,Tree,2.170956426401743,1.14533468512929,1.4734165827768273
datasets/synthetic_data/s2.csv,214,<timecave.validation_methods.prequential.Rolling_Window object at 0x00000250F252AC60>,3,ARMA,2.675039166308165,1.3336606993153508,1.6355546968255648
datasets/synthetic_data/s2.csv,214,<timecave.validation_methods.prequential.Rolling_Window object at 0x00000250F2A0DAF0>,0,Tree,1.3788773719257321,0.9677378381591274,1.1742560929906782
datasets/synthetic_data/s2.csv,214,<timecave.validation_methods.prequential.Rolling_Window object at 0x00000250F2A0DAF0>,0,ARMA,1.2482573000957635,0.9237451277729098,1.1172543578325231
datasets/synthetic_data/s2.csv,214,<timecave.validation_methods.prequential.Rolling_Window object at 0x00000250F2A0DAF0>,1,Tree,1.9483294525736223,1.2100364483681705,1.3958257242842398
datasets/synthetic_data/s2.csv,214,<timecave.validation_methods.prequential.Rolling_Window object at 0x00000250F2A0DAF0>,1,ARMA,1.259732036214861,0.8131665969421588,1.122377849128742
datasets/synthetic_data/s2.csv,214,<timecave.validation_methods.prequential.Rolling_Window object at 0x00000250F2A0DAF0>,2,Tree,1.8790681294280813,1.0909043460687788,1.3707910597272224
datasets/synthetic_data/s2.csv,214,<timecave.validation_methods.prequential.Rolling_Window object at 0x00000250F2A0DAF0>,2,ARMA,2.709189924809217,1.334356850250063,1.6459617021088968
datasets/synthetic_data/s2.csv,214,<timecave.validation_methods.CV.Block_CV object at 0x00000250F2A0C050>,0,Tree,2.5709228018671912,1.2319502277279712,1.6034097423513403
datasets/synthetic_data/s2.csv,214,<timecave.validation_methods.CV.Block_CV object at 0x00000250F2A0C050>,0,ARMA,2.1712238460036,1.2120402375739077,1.4735073281133013
datasets/synthetic_data/s2.csv,214,<timecave.validation_methods.CV.Block_CV object at 0x00000250F2A0C050>,1,Tree,1.3477654378439141,0.9713929953819966,1.160933003167674
datasets/synthetic_data/s2.csv,214,<timecave.validation_methods.CV.Block_CV object at 0x00000250F2A0C050>,1,ARMA,1.2362921630228243,0.8739097762670847,1.1118867581830554
datasets/synthetic_data/s2.csv,214,<timecave.validation_methods.CV.Block_CV object at 0x00000250F2A0C050>,2,Tree,1.7189778166343568,1.1010223377487958,1.3110979431889735
datasets/synthetic_data/s2.csv,214,<timecave.validation_methods.CV.Block_CV object at 0x00000250F2A0C050>,2,ARMA,1.0738429635347972,0.815351587488551,1.0362639449169295
datasets/synthetic_data/s2.csv,214,<timecave.validation_methods.CV.Block_CV object at 0x00000250F2A0C050>,3,Tree,2.467147695042414,1.3180863839008696,1.5707156633338875
datasets/synthetic_data/s2.csv,214,<timecave.validation_methods.CV.Block_CV object at 0x00000250F2A0C050>,3,ARMA,1.1672439962689927,0.8048106918388768,1.0803906683551985
datasets/synthetic_data/s2.csv,214,<timecave.validation_methods.CV.Block_CV object at 0x00000250F2A0C050>,4,Tree,3.1656581889724955,1.4713315948617027,1.7792296616717291
datasets/synthetic_data/s2.csv,214,<timecave.validation_methods.CV.Block_CV object at 0x00000250F2A0C050>,4,ARMA,2.655517501166595,1.34052407355765,1.6295758654222254
datasets/synthetic_data/s2.csv,214,<timecave.validation_methods.CV.AdaptedhvBlockCV object at 0x00000250F2642E70>,0,Tree,2.4064957577248527,1.2277321611445928,1.5512884186136544
datasets/synthetic_data/s2.csv,214,<timecave.validation_methods.CV.AdaptedhvBlockCV object at 0x00000250F2642E70>,0,ARMA,2.1700663027680873,1.2116998048698888,1.473114490719607
datasets/synthetic_data/s2.csv,214,<timecave.validation_methods.CV.AdaptedhvBlockCV object at 0x00000250F2642E70>,1,Tree,1.4101766086402003,0.971988485794962,1.187508572028093
datasets/synthetic_data/s2.csv,214,<timecave.validation_methods.CV.AdaptedhvBlockCV object at 0x00000250F2642E70>,1,ARMA,1.2549902719946413,0.8893015541107574,1.1202634832907128
datasets/synthetic_data/s2.csv,214,<timecave.validation_methods.CV.AdaptedhvBlockCV object at 0x00000250F2642E70>,2,Tree,1.585686750264392,1.0266774850802538,1.2592405450367266
datasets/synthetic_data/s2.csv,214,<timecave.validation_methods.CV.AdaptedhvBlockCV object at 0x00000250F2642E70>,2,ARMA,1.075246955447487,0.816617363521161,1.0369411533194577
datasets/synthetic_data/s2.csv,214,<timecave.validation_methods.CV.AdaptedhvBlockCV object at 0x00000250F2642E70>,3,Tree,1.5081937283002451,0.9838562129903985,1.2280853912901355
datasets/synthetic_data/s2.csv,214,<timecave.validation_methods.CV.AdaptedhvBlockCV object at 0x00000250F2642E70>,3,ARMA,1.1644314206396804,0.803058807032411,1.0790882357989453
datasets/synthetic_data/s2.csv,214,<timecave.validation_methods.CV.AdaptedhvBlockCV object at 0x00000250F2642E70>,4,Tree,3.431161921229334,1.521018312461157,1.8523395804304712
datasets/synthetic_data/s2.csv,214,<timecave.validation_methods.CV.AdaptedhvBlockCV object at 0x00000250F2642E70>,4,ARMA,2.7913153260148773,1.382725219983696,1.6707229949979372
datasets/synthetic_data/s2.csv,214,<timecave.validation_methods.markov.MarkovCV object at 0x00000250F2A0F110>,0,Tree,6.234155897207457,1.9810971144938587,2.496829168607147
datasets/synthetic_data/s2.csv,214,<timecave.validation_methods.markov.MarkovCV object at 0x00000250F2A0F110>,0,ARMA,3.090572288249615,1.4521506549211243,1.758002357293532
datasets/synthetic_data/s2.csv,214,<timecave.validation_methods.markov.MarkovCV object at 0x00000250F2A0F110>,1,Tree,6.449785888184503,1.8664706797214041,2.5396428662677164
datasets/synthetic_data/s2.csv,214,<timecave.validation_methods.markov.MarkovCV object at 0x00000250F2A0F110>,1,ARMA,3.62646158632689,1.664623664944082,1.9043270691577354
datasets/synthetic_data/s2.csv,214,<timecave.validation_methods.markov.MarkovCV object at 0x00000250F2A0F110>,2,Tree,5.34314447519031,1.917529976104919,2.3115242752760157
datasets/synthetic_data/s2.csv,214,<timecave.validation_methods.markov.MarkovCV object at 0x00000250F2A0F110>,2,ARMA,2.703352665168467,1.361183972913952,1.644187539536919
datasets/synthetic_data/s2.csv,214,<timecave.validation_methods.markov.MarkovCV object at 0x00000250F2A0F110>,3,Tree,3.3950503411946316,1.4251382685466258,1.8425662379395298
datasets/synthetic_data/s2.csv,214,<timecave.validation_methods.markov.MarkovCV object at 0x00000250F2A0F110>,3,ARMA,2.602957960739832,1.2292455779335965,1.6133685136198215
datasets/synthetic_data/s2.csv,214,<timecave.validation_methods.markov.MarkovCV object at 0x00000250F2A0F110>,4,Tree,0.9930798222609891,0.7836983247582983,0.9965339042205182
datasets/synthetic_data/s2.csv,214,<timecave.validation_methods.markov.MarkovCV object at 0x00000250F2A0F110>,4,ARMA,0.8181219142114138,0.710657414537357,0.9045009199616183
datasets/synthetic_data/s2.csv,214,<timecave.validation_methods.markov.MarkovCV object at 0x00000250F2A0F110>,5,Tree,1.2981564697742238,0.9382625265518776,1.1393666967988068
datasets/synthetic_data/s2.csv,214,<timecave.validation_methods.markov.MarkovCV object at 0x00000250F2A0F110>,5,ARMA,1.609534136495652,0.9194718713997221,1.268674164825489
datasets/synthetic_data/s2.csv,214,<timecave.validation_methods.markov.MarkovCV object at 0x00000250F2A0F110>,6,Tree,3.212952756904784,1.5429036871191473,1.792471131400666
datasets/synthetic_data/s2.csv,214,<timecave.validation_methods.markov.MarkovCV object at 0x00000250F2A0F110>,6,ARMA,1.9098114614113497,1.1895549560617986,1.381959283557714
datasets/synthetic_data/s2.csv,214,<timecave.validation_methods.markov.MarkovCV object at 0x00000250F2A0F110>,7,Tree,2.231425916187804,1.2867944902383195,1.493795808063406
datasets/synthetic_data/s2.csv,214,<timecave.validation_methods.markov.MarkovCV object at 0x00000250F2A0F110>,7,ARMA,1.8421299765662047,0.8645361703697003,1.3572508893223112
datasets/synthetic_data/s2.csv,214,<timecave.validation_methods.markov.MarkovCV object at 0x00000250F2A0F110>,8,Tree,1.7383699300337128,1.0005965669922068,1.3184725746232695
datasets/synthetic_data/s2.csv,214,<timecave.validation_methods.markov.MarkovCV object at 0x00000250F2A0F110>,8,ARMA,2.394963238035344,1.0635718278988737,1.5475668767569768
datasets/synthetic_data/s2.csv,214,<timecave.validation_methods.markov.MarkovCV object at 0x00000250F2A0F110>,9,Tree,2.662886726175878,1.389131174948193,1.631835385746944
datasets/synthetic_data/s2.csv,214,<timecave.validation_methods.markov.MarkovCV object at 0x00000250F2A0F110>,9,ARMA,2.2499244523175337,1.1836338354284608,1.4999748172277871
datasets/synthetic_data/s2.csv,215,<timecave.validation_methods.OOS.Holdout object at 0x00000250F26432F0>,0,Tree,3.4771514600395603,1.4285390063812813,1.8647121654667136
datasets/synthetic_data/s2.csv,215,<timecave.validation_methods.OOS.Holdout object at 0x00000250F26432F0>,0,ARMA,2.6025176778393,1.2048810438487945,1.6132320595126108
datasets/synthetic_data/s2.csv,215,<timecave.validation_methods.OOS.Repeated_Holdout object at 0x00000250F26427E0>,0,Tree,4.17755770533047,1.6114684459338942,2.043907460070164
datasets/synthetic_data/s2.csv,215,<timecave.validation_methods.OOS.Repeated_Holdout object at 0x00000250F26427E0>,0,ARMA,2.880805341935492,1.2500856375330935,1.6972935344057292
datasets/synthetic_data/s2.csv,215,<timecave.validation_methods.OOS.Repeated_Holdout object at 0x00000250F26427E0>,1,Tree,2.991882798341698,1.390601682820076,1.72970598609755
datasets/synthetic_data/s2.csv,215,<timecave.validation_methods.OOS.Repeated_Holdout object at 0x00000250F26427E0>,1,ARMA,3.0721630303445866,1.3010714222135034,1.7527586914189262
datasets/synthetic_data/s2.csv,215,<timecave.validation_methods.OOS.Repeated_Holdout object at 0x00000250F26427E0>,2,Tree,3.483411320002658,1.422022036958882,1.8663899163901037
datasets/synthetic_data/s2.csv,215,<timecave.validation_methods.OOS.Repeated_Holdout object at 0x00000250F26427E0>,2,ARMA,2.750216341920597,1.2621088592483092,1.6583776234382195
datasets/synthetic_data/s2.csv,215,<timecave.validation_methods.OOS.Repeated_Holdout object at 0x00000250F26427E0>,3,Tree,3.908535882437201,1.554215658074486,1.9770017406257387
datasets/synthetic_data/s2.csv,215,<timecave.validation_methods.OOS.Repeated_Holdout object at 0x00000250F26427E0>,3,ARMA,2.6025176778393,1.2048810438487945,1.6132320595126108
datasets/synthetic_data/s2.csv,215,<timecave.validation_methods.prequential.Growing_Window object at 0x00000250F2622F00>,0,Tree,5.823382992251464,1.9596461688502884,2.413168662205662
datasets/synthetic_data/s2.csv,215,<timecave.validation_methods.prequential.Growing_Window object at 0x00000250F2622F00>,0,ARMA,2.692097421689575,1.3326317551700384,1.6407612323825715
datasets/synthetic_data/s2.csv,215,<timecave.validation_methods.prequential.Growing_Window object at 0x00000250F2622F00>,1,Tree,2.7234293140099464,1.4026230072438048,1.6502815862785194
datasets/synthetic_data/s2.csv,215,<timecave.validation_methods.prequential.Growing_Window object at 0x00000250F2622F00>,1,ARMA,0.8260885418515684,0.7640495652914396,0.9088941312669856
datasets/synthetic_data/s2.csv,215,<timecave.validation_methods.prequential.Growing_Window object at 0x00000250F2622F00>,2,Tree,2.2316044967724578,1.242985460750775,1.4938555809623826
datasets/synthetic_data/s2.csv,215,<timecave.validation_methods.prequential.Growing_Window object at 0x00000250F2622F00>,2,ARMA,1.6766215554077863,1.0588131922129926,1.2948442205175827
datasets/synthetic_data/s2.csv,215,<timecave.validation_methods.prequential.Growing_Window object at 0x00000250F2622F00>,3,Tree,3.203381538072542,1.3893143730180582,1.7897993010593511
datasets/synthetic_data/s2.csv,215,<timecave.validation_methods.prequential.Growing_Window object at 0x00000250F2622F00>,3,ARMA,3.126795902038335,1.3154187070665326,1.7682748378117965
datasets/synthetic_data/s2.csv,215,<timecave.validation_methods.prequential.Growing_Window object at 0x00000250F2621A90>,0,Tree,3.9575425104112107,1.659915469927064,1.989357310894956
datasets/synthetic_data/s2.csv,215,<timecave.validation_methods.prequential.Growing_Window object at 0x00000250F2621A90>,0,ARMA,1.2927865887392178,0.9457986325193556,1.1370077346875076
datasets/synthetic_data/s2.csv,215,<timecave.validation_methods.prequential.Growing_Window object at 0x00000250F2621A90>,1,Tree,2.603936975347262,1.212883702746153,1.613671892098038
datasets/synthetic_data/s2.csv,215,<timecave.validation_methods.prequential.Growing_Window object at 0x00000250F2621A90>,1,ARMA,1.7381453704450127,1.1082060960466351,1.3183874128817419
datasets/synthetic_data/s2.csv,215,<timecave.validation_methods.prequential.Growing_Window object at 0x00000250F2621A90>,2,Tree,4.51011772692132,1.5877449653312554,2.1237037756997372
datasets/synthetic_data/s2.csv,215,<timecave.validation_methods.prequential.Growing_Window object at 0x00000250F2621A90>,2,ARMA,3.3261546585056254,1.3758192500939401,1.823774837666543
datasets/synthetic_data/s2.csv,215,<timecave.validation_methods.prequential.Rolling_Window object at 0x00000250F2630710>,0,Tree,4.196676576431078,1.6241965921015549,2.048579160401442
datasets/synthetic_data/s2.csv,215,<timecave.validation_methods.prequential.Rolling_Window object at 0x00000250F2630710>,0,ARMA,2.692097421689575,1.3326317551700384,1.6407612323825715
datasets/synthetic_data/s2.csv,215,<timecave.validation_methods.prequential.Rolling_Window object at 0x00000250F2630710>,1,Tree,1.5727168262601507,1.0393673011264701,1.254080071709997
datasets/synthetic_data/s2.csv,215,<timecave.validation_methods.prequential.Rolling_Window object at 0x00000250F2630710>,1,ARMA,0.7233536111767771,0.7216864811225471,0.8505019759981614
datasets/synthetic_data/s2.csv,215,<timecave.validation_methods.prequential.Rolling_Window object at 0x00000250F2630710>,2,Tree,1.7752027323427546,1.0660497749836246,1.3323673413675203
datasets/synthetic_data/s2.csv,215,<timecave.validation_methods.prequential.Rolling_Window object at 0x00000250F2630710>,2,ARMA,1.8525013069046534,1.1465783661929319,1.361066238984956
datasets/synthetic_data/s2.csv,215,<timecave.validation_methods.prequential.Rolling_Window object at 0x00000250F2630710>,3,Tree,3.146082164975638,1.4446975198795313,1.7737198665447815
datasets/synthetic_data/s2.csv,215,<timecave.validation_methods.prequential.Rolling_Window object at 0x00000250F2630710>,3,ARMA,3.039670846550063,1.2866645083786925,1.7434651836357569
datasets/synthetic_data/s2.csv,215,<timecave.validation_methods.prequential.Rolling_Window object at 0x00000250F256FF50>,0,Tree,3.2158757620480545,1.4649329613208906,1.7932863023087124
datasets/synthetic_data/s2.csv,215,<timecave.validation_methods.prequential.Rolling_Window object at 0x00000250F256FF50>,0,ARMA,1.2927865887392178,0.9457986325193556,1.1370077346875076
datasets/synthetic_data/s2.csv,215,<timecave.validation_methods.prequential.Rolling_Window object at 0x00000250F256FF50>,1,Tree,2.380874209028704,1.1826281309844509,1.5430081688146386
datasets/synthetic_data/s2.csv,215,<timecave.validation_methods.prequential.Rolling_Window object at 0x00000250F256FF50>,1,ARMA,1.8633555548804752,1.1675000025436821,1.365047821462851
datasets/synthetic_data/s2.csv,215,<timecave.validation_methods.prequential.Rolling_Window object at 0x00000250F256FF50>,2,Tree,3.8925533572603572,1.6206734654117216,1.9729554879064954
datasets/synthetic_data/s2.csv,215,<timecave.validation_methods.prequential.Rolling_Window object at 0x00000250F256FF50>,2,ARMA,3.714379315036426,1.4799854962588617,1.927272506688254
datasets/synthetic_data/s2.csv,215,<timecave.validation_methods.CV.Block_CV object at 0x00000250E98F31D0>,0,Tree,3.0740926287318837,1.4740443844803952,1.7533090511178808
datasets/synthetic_data/s2.csv,215,<timecave.validation_methods.CV.Block_CV object at 0x00000250E98F31D0>,0,ARMA,2.3653725927905933,1.338219211517639,1.5379767855174515
datasets/synthetic_data/s2.csv,215,<timecave.validation_methods.CV.Block_CV object at 0x00000250E98F31D0>,1,Tree,2.000587795776048,1.1722262723379828,1.4144213642956784
datasets/synthetic_data/s2.csv,215,<timecave.validation_methods.CV.Block_CV object at 0x00000250E98F31D0>,1,ARMA,2.3504862861864453,1.2858744920329888,1.5331295725366612
datasets/synthetic_data/s2.csv,215,<timecave.validation_methods.CV.Block_CV object at 0x00000250E98F31D0>,2,Tree,1.7430420335343724,1.1666321048462385,1.3202431721218528
datasets/synthetic_data/s2.csv,215,<timecave.validation_methods.CV.Block_CV object at 0x00000250E98F31D0>,2,ARMA,0.9977161409526141,0.8450636330280028,0.9988574177291842
datasets/synthetic_data/s2.csv,215,<timecave.validation_methods.CV.Block_CV object at 0x00000250E98F31D0>,3,Tree,1.832133655310596,1.0710406486454485,1.3535633178062252
datasets/synthetic_data/s2.csv,215,<timecave.validation_methods.CV.Block_CV object at 0x00000250E98F31D0>,3,ARMA,1.7350227011146977,1.0625872205536984,1.3172026044290597
datasets/synthetic_data/s2.csv,215,<timecave.validation_methods.CV.Block_CV object at 0x00000250E98F31D0>,4,Tree,3.211645108982968,1.4249654304352628,1.792106333056989
datasets/synthetic_data/s2.csv,215,<timecave.validation_methods.CV.Block_CV object at 0x00000250E98F31D0>,4,ARMA,3.126795902038335,1.3154187070665326,1.7682748378117965
datasets/synthetic_data/s2.csv,215,<timecave.validation_methods.CV.AdaptedhvBlockCV object at 0x00000250F235B740>,0,Tree,2.7695313394971794,1.3696945659155713,1.6641908963508902
datasets/synthetic_data/s2.csv,215,<timecave.validation_methods.CV.AdaptedhvBlockCV object at 0x00000250F235B740>,0,ARMA,2.350698962109338,1.333006538351396,1.5331989310292835
datasets/synthetic_data/s2.csv,215,<timecave.validation_methods.CV.AdaptedhvBlockCV object at 0x00000250F235B740>,1,Tree,3.079504295449226,1.469682625209299,1.7548516448546942
datasets/synthetic_data/s2.csv,215,<timecave.validation_methods.CV.AdaptedhvBlockCV object at 0x00000250F235B740>,1,ARMA,2.356304709583677,1.2873668109921383,1.535025963814188
datasets/synthetic_data/s2.csv,215,<timecave.validation_methods.CV.AdaptedhvBlockCV object at 0x00000250F235B740>,2,Tree,2.272163613799371,1.3103577928861034,1.507369766778998
datasets/synthetic_data/s2.csv,215,<timecave.validation_methods.CV.AdaptedhvBlockCV object at 0x00000250F235B740>,2,ARMA,1.0226909930125998,0.8534543379659414,1.011281856364782
datasets/synthetic_data/s2.csv,215,<timecave.validation_methods.CV.AdaptedhvBlockCV object at 0x00000250F235B740>,3,Tree,2.8200574105067893,1.430446670273375,1.6793026560173092
datasets/synthetic_data/s2.csv,215,<timecave.validation_methods.CV.AdaptedhvBlockCV object at 0x00000250F235B740>,3,ARMA,1.7490746458812385,1.0654766062787426,1.3225258583034354
datasets/synthetic_data/s2.csv,215,<timecave.validation_methods.CV.AdaptedhvBlockCV object at 0x00000250F235B740>,4,Tree,3.002126239764695,1.3945799855566106,1.7326644914018106
datasets/synthetic_data/s2.csv,215,<timecave.validation_methods.CV.AdaptedhvBlockCV object at 0x00000250F235B740>,4,ARMA,3.151366662614694,1.321513497184222,1.7752089067528627
datasets/synthetic_data/s2.csv,215,<timecave.validation_methods.markov.MarkovCV object at 0x00000250F2604D40>,0,Tree,3.6382917850415035,1.5133609627890343,1.9074306763396418
datasets/synthetic_data/s2.csv,215,<timecave.validation_methods.markov.MarkovCV object at 0x00000250F2604D40>,0,ARMA,4.078080552109713,1.6890491467208804,2.0194257976240952
datasets/synthetic_data/s2.csv,215,<timecave.validation_methods.markov.MarkovCV object at 0x00000250F2604D40>,1,Tree,1.2453536653405384,0.9544601427681153,1.115954150196386
datasets/synthetic_data/s2.csv,215,<timecave.validation_methods.markov.MarkovCV object at 0x00000250F2604D40>,1,ARMA,2.529385611352286,1.2979319736373276,1.5904042289154936
datasets/synthetic_data/s2.csv,215,<timecave.validation_methods.markov.MarkovCV object at 0x00000250F2604D40>,2,Tree,4.586043058708131,1.8009325464346773,2.1415048584367327
datasets/synthetic_data/s2.csv,215,<timecave.validation_methods.markov.MarkovCV object at 0x00000250F2604D40>,2,ARMA,2.672388420811838,1.2910498114099427,1.6347441453670473
datasets/synthetic_data/s2.csv,215,<timecave.validation_methods.markov.MarkovCV object at 0x00000250F2604D40>,3,Tree,3.5543870459407523,1.5818054642301633,1.8853082098003902
datasets/synthetic_data/s2.csv,215,<timecave.validation_methods.markov.MarkovCV object at 0x00000250F2604D40>,3,ARMA,3.753392326039476,1.5344708386795403,1.9373673699222551
datasets/synthetic_data/s2.csv,215,<timecave.validation_methods.markov.MarkovCV object at 0x00000250F2604D40>,4,Tree,5.132590730074132,1.8408020659195363,2.265522176027887
datasets/synthetic_data/s2.csv,215,<timecave.validation_methods.markov.MarkovCV object at 0x00000250F2604D40>,4,ARMA,2.8424293985062254,1.436565900930382,1.685950591952868
datasets/synthetic_data/s2.csv,215,<timecave.validation_methods.markov.MarkovCV object at 0x00000250F2604D40>,5,Tree,5.319840220219598,1.9861860255240595,2.306477882013959
datasets/synthetic_data/s2.csv,215,<timecave.validation_methods.markov.MarkovCV object at 0x00000250F2604D40>,5,ARMA,3.4604523800471796,1.5423572918315824,1.8602291203094257
datasets/synthetic_data/s2.csv,215,<timecave.validation_methods.markov.MarkovCV object at 0x00000250F2604D40>,6,Tree,0.6303661793255645,0.5581843336539977,0.7939560311034639
datasets/synthetic_data/s2.csv,215,<timecave.validation_methods.markov.MarkovCV object at 0x00000250F2604D40>,6,ARMA,1.753648411120702,0.9649808645509457,1.3242539073458315
datasets/synthetic_data/s2.csv,215,<timecave.validation_methods.markov.MarkovCV object at 0x00000250F2604D40>,7,Tree,1.7751256015302117,1.0113801144811692,1.3323383960279054
datasets/synthetic_data/s2.csv,215,<timecave.validation_methods.markov.MarkovCV object at 0x00000250F2604D40>,7,ARMA,1.697048125461369,1.0249186689397887,1.3027079970052264
datasets/synthetic_data/s2.csv,215,<timecave.validation_methods.markov.MarkovCV object at 0x00000250F2604D40>,8,Tree,4.028681704824727,1.463683788478466,2.007157618331138
datasets/synthetic_data/s2.csv,215,<timecave.validation_methods.markov.MarkovCV object at 0x00000250F2604D40>,8,ARMA,3.893901799439079,1.5584382427929881,1.9732971898421887
datasets/synthetic_data/s2.csv,215,<timecave.validation_methods.markov.MarkovCV object at 0x00000250F2604D40>,9,Tree,2.349637372463542,1.1919366723751015,1.5328526910514078
datasets/synthetic_data/s2.csv,215,<timecave.validation_methods.markov.MarkovCV object at 0x00000250F2604D40>,9,ARMA,2.509349082860587,1.0686652697033694,1.5840925108277568
datasets/synthetic_data/s2.csv,216,<timecave.validation_methods.OOS.Holdout object at 0x00000250E98F1850>,0,Tree,2.922640645198289,1.3343160691432603,1.709573234815721
datasets/synthetic_data/s2.csv,216,<timecave.validation_methods.OOS.Holdout object at 0x00000250E98F1850>,0,ARMA,2.122854022638721,1.0917565679613053,1.4570017236224262
datasets/synthetic_data/s2.csv,216,<timecave.validation_methods.OOS.Repeated_Holdout object at 0x00000250F2659280>,0,Tree,3.4338894524315178,1.5056752327171665,1.8530756736926632
datasets/synthetic_data/s2.csv,216,<timecave.validation_methods.OOS.Repeated_Holdout object at 0x00000250F2659280>,0,ARMA,2.346403769839019,1.1511516553221226,1.5317975616376398
datasets/synthetic_data/s2.csv,216,<timecave.validation_methods.OOS.Repeated_Holdout object at 0x00000250F2659280>,1,Tree,3.190180416471381,1.3755845525417634,1.7861076161506566
datasets/synthetic_data/s2.csv,216,<timecave.validation_methods.OOS.Repeated_Holdout object at 0x00000250F2659280>,1,ARMA,2.456706180551577,1.1738913703332565,1.5673883311265198
datasets/synthetic_data/s2.csv,216,<timecave.validation_methods.OOS.Repeated_Holdout object at 0x00000250F2659280>,2,Tree,3.1790687694981195,1.3904876773070498,1.782994326827239
datasets/synthetic_data/s2.csv,216,<timecave.validation_methods.OOS.Repeated_Holdout object at 0x00000250F2659280>,2,ARMA,2.0632073803935493,1.0624194115765335,1.4363869187630294
datasets/synthetic_data/s2.csv,216,<timecave.validation_methods.OOS.Repeated_Holdout object at 0x00000250F2659280>,3,Tree,3.2811412364247654,1.4043686562521904,1.8113920714259422
datasets/synthetic_data/s2.csv,216,<timecave.validation_methods.OOS.Repeated_Holdout object at 0x00000250F2659280>,3,ARMA,2.122854022638721,1.0917565679613053,1.4570017236224262
datasets/synthetic_data/s2.csv,216,<timecave.validation_methods.prequential.Growing_Window object at 0x00000250F29F5BB0>,0,Tree,3.410251819557228,1.5015694066872836,1.846686713971059
datasets/synthetic_data/s2.csv,216,<timecave.validation_methods.prequential.Growing_Window object at 0x00000250F29F5BB0>,0,ARMA,2.0405153635545075,1.1966360856128788,1.4284660876459432
datasets/synthetic_data/s2.csv,216,<timecave.validation_methods.prequential.Growing_Window object at 0x00000250F29F5BB0>,1,Tree,4.5036543297010665,1.7381548433476115,2.1221815025348483
datasets/synthetic_data/s2.csv,216,<timecave.validation_methods.prequential.Growing_Window object at 0x00000250F29F5BB0>,1,ARMA,3.595005741715358,1.5558577463223524,1.8960500367119424
datasets/synthetic_data/s2.csv,216,<timecave.validation_methods.prequential.Growing_Window object at 0x00000250F29F5BB0>,2,Tree,1.030814101257387,0.8015220477879578,1.015290156190528
datasets/synthetic_data/s2.csv,216,<timecave.validation_methods.prequential.Growing_Window object at 0x00000250F29F5BB0>,2,ARMA,1.3666739427274046,0.9369240852408535,1.1690483064131287
datasets/synthetic_data/s2.csv,216,<timecave.validation_methods.prequential.Growing_Window object at 0x00000250F29F5BB0>,3,Tree,2.535033007478845,1.2214310899495975,1.5921786983497943
datasets/synthetic_data/s2.csv,216,<timecave.validation_methods.prequential.Growing_Window object at 0x00000250F29F5BB0>,3,ARMA,2.5322438017051887,1.2098047553832796,1.5913025487647496
datasets/synthetic_data/s2.csv,216,<timecave.validation_methods.prequential.Growing_Window object at 0x00000250F29F5280>,0,Tree,2.3137967454734727,1.2935265916253902,1.5211169401046958
datasets/synthetic_data/s2.csv,216,<timecave.validation_methods.prequential.Growing_Window object at 0x00000250F29F5280>,0,ARMA,3.769752418623069,1.5722349022712576,1.9415850273997965
datasets/synthetic_data/s2.csv,216,<timecave.validation_methods.prequential.Growing_Window object at 0x00000250F29F5280>,1,Tree,3.389712740862113,1.4062722686687192,1.8411172534257867
datasets/synthetic_data/s2.csv,216,<timecave.validation_methods.prequential.Growing_Window object at 0x00000250F29F5280>,1,ARMA,1.2882160770941293,0.9284516631990539,1.1349960691976555
datasets/synthetic_data/s2.csv,216,<timecave.validation_methods.prequential.Growing_Window object at 0x00000250F29F5280>,2,Tree,3.05733458468908,1.392080493974669,1.7485235442192593
datasets/synthetic_data/s2.csv,216,<timecave.validation_methods.prequential.Growing_Window object at 0x00000250F29F5280>,2,ARMA,2.6880406631106997,1.2786545225052581,1.6395245234856048
datasets/synthetic_data/s2.csv,216,<timecave.validation_methods.prequential.Rolling_Window object at 0x00000250F29F7620>,0,Tree,3.4940484294528336,1.5397928881091612,1.8692373924819805
datasets/synthetic_data/s2.csv,216,<timecave.validation_methods.prequential.Rolling_Window object at 0x00000250F29F7620>,0,ARMA,2.0405153635545075,1.1966360856128788,1.4284660876459432
datasets/synthetic_data/s2.csv,216,<timecave.validation_methods.prequential.Rolling_Window object at 0x00000250F29F7620>,1,Tree,7.7094088702348085,2.404962811942816,2.7765822282501933
datasets/synthetic_data/s2.csv,216,<timecave.validation_methods.prequential.Rolling_Window object at 0x00000250F29F7620>,1,ARMA,3.5350817577240106,1.5511249119185404,1.8801813098007358
datasets/synthetic_data/s2.csv,216,<timecave.validation_methods.prequential.Rolling_Window object at 0x00000250F29F7620>,2,Tree,3.24809556371375,1.4986315231302099,1.8022473647404094
datasets/synthetic_data/s2.csv,216,<timecave.validation_methods.prequential.Rolling_Window object at 0x00000250F29F7620>,2,ARMA,1.6694676234513737,1.0034940799228358,1.2920787992422806
datasets/synthetic_data/s2.csv,216,<timecave.validation_methods.prequential.Rolling_Window object at 0x00000250F29F7620>,3,Tree,2.833900505492682,1.4654051852655574,1.683419289865921
datasets/synthetic_data/s2.csv,216,<timecave.validation_methods.prequential.Rolling_Window object at 0x00000250F29F7620>,3,ARMA,3.2010554225796235,1.3737726481475925,1.7891493572588129
datasets/synthetic_data/s2.csv,216,<timecave.validation_methods.prequential.Rolling_Window object at 0x00000250F29F7A10>,0,Tree,2.371946450545041,1.3084046520421302,1.540112479835496
datasets/synthetic_data/s2.csv,216,<timecave.validation_methods.prequential.Rolling_Window object at 0x00000250F29F7A10>,0,ARMA,3.769752418623069,1.5722349022712576,1.9415850273997965
datasets/synthetic_data/s2.csv,216,<timecave.validation_methods.prequential.Rolling_Window object at 0x00000250F29F7A10>,1,Tree,4.539358574518126,1.7332832950231687,2.130577052002139
datasets/synthetic_data/s2.csv,216,<timecave.validation_methods.prequential.Rolling_Window object at 0x00000250F29F7A10>,1,ARMA,1.3429870777163333,0.9283771397273639,1.1588731931131782
datasets/synthetic_data/s2.csv,216,<timecave.validation_methods.prequential.Rolling_Window object at 0x00000250F29F7A10>,2,Tree,3.6772165891256114,1.4833243212147778,1.9176069954830712
datasets/synthetic_data/s2.csv,216,<timecave.validation_methods.prequential.Rolling_Window object at 0x00000250F29F7A10>,2,ARMA,2.9149801603611785,1.3776510883784832,1.7073312977747401
datasets/synthetic_data/s2.csv,216,<timecave.validation_methods.CV.Block_CV object at 0x00000250F29F4260>,0,Tree,2.5962021491608485,1.286826942704694,1.6112734557364397
datasets/synthetic_data/s2.csv,216,<timecave.validation_methods.CV.Block_CV object at 0x00000250F29F4260>,0,ARMA,1.3693926002420063,0.9390052736411827,1.1702104939890114
datasets/synthetic_data/s2.csv,216,<timecave.validation_methods.CV.Block_CV object at 0x00000250F29F4260>,1,Tree,2.228180369283572,1.171020165082549,1.4927090705437454
datasets/synthetic_data/s2.csv,216,<timecave.validation_methods.CV.Block_CV object at 0x00000250F29F4260>,1,ARMA,2.1217088456603217,1.2128828189985668,1.4566086796598192
datasets/synthetic_data/s2.csv,216,<timecave.validation_methods.CV.Block_CV object at 0x00000250F29F4260>,2,Tree,2.8332979871280393,1.3789850923936673,1.6832403236401032
datasets/synthetic_data/s2.csv,216,<timecave.validation_methods.CV.Block_CV object at 0x00000250F29F4260>,2,ARMA,3.5818071467076997,1.5802604190128977,1.892566285948183
datasets/synthetic_data/s2.csv,216,<timecave.validation_methods.CV.Block_CV object at 0x00000250F29F4260>,3,Tree,2.631055037671144,1.350364288647182,1.622052723456036
datasets/synthetic_data/s2.csv,216,<timecave.validation_methods.CV.Block_CV object at 0x00000250F29F4260>,3,ARMA,1.5591612102815673,1.0159554187720445,1.2486637699082836
datasets/synthetic_data/s2.csv,216,<timecave.validation_methods.CV.Block_CV object at 0x00000250F29F4260>,4,Tree,2.7417712964200316,1.3071972184662726,1.6558294889329732
datasets/synthetic_data/s2.csv,216,<timecave.validation_methods.CV.Block_CV object at 0x00000250F29F4260>,4,ARMA,2.5322438017051887,1.2098047553832796,1.5913025487647496
datasets/synthetic_data/s2.csv,216,<timecave.validation_methods.CV.AdaptedhvBlockCV object at 0x00000250F29F67E0>,0,Tree,2.112665350002674,1.2401921665770828,1.4535010663919976
datasets/synthetic_data/s2.csv,216,<timecave.validation_methods.CV.AdaptedhvBlockCV object at 0x00000250F29F67E0>,0,ARMA,1.3724875480708187,0.9399728779354718,1.1715321370200729
datasets/synthetic_data/s2.csv,216,<timecave.validation_methods.CV.AdaptedhvBlockCV object at 0x00000250F29F67E0>,1,Tree,2.2735974811183888,1.1850816370568562,1.5078453107392644
datasets/synthetic_data/s2.csv,216,<timecave.validation_methods.CV.AdaptedhvBlockCV object at 0x00000250F29F67E0>,1,ARMA,2.1065797439734046,1.2091097743265218,1.451406126476461
datasets/synthetic_data/s2.csv,216,<timecave.validation_methods.CV.AdaptedhvBlockCV object at 0x00000250F29F67E0>,2,Tree,2.419711099704315,1.2899993819952047,1.5555420597670495
datasets/synthetic_data/s2.csv,216,<timecave.validation_methods.CV.AdaptedhvBlockCV object at 0x00000250F29F67E0>,2,ARMA,3.58237613804571,1.579434044740019,1.8927166026760873
datasets/synthetic_data/s2.csv,216,<timecave.validation_methods.CV.AdaptedhvBlockCV object at 0x00000250F29F67E0>,3,Tree,2.4945018045332414,1.3483032922506644,1.5793991910005658
datasets/synthetic_data/s2.csv,216,<timecave.validation_methods.CV.AdaptedhvBlockCV object at 0x00000250F29F67E0>,3,ARMA,1.559054969127014,1.0141300869480199,1.2486212272450816
datasets/synthetic_data/s2.csv,216,<timecave.validation_methods.CV.AdaptedhvBlockCV object at 0x00000250F29F67E0>,4,Tree,2.570566940971462,1.2265504071929683,1.6032987684681423
datasets/synthetic_data/s2.csv,216,<timecave.validation_methods.CV.AdaptedhvBlockCV object at 0x00000250F29F67E0>,4,ARMA,2.605827960785775,1.2329572861437308,1.614257712010624
datasets/synthetic_data/s2.csv,216,<timecave.validation_methods.markov.MarkovCV object at 0x00000250F29B3B30>,0,Tree,2.38985956928519,1.2918212672395042,1.5459170641678002
datasets/synthetic_data/s2.csv,216,<timecave.validation_methods.markov.MarkovCV object at 0x00000250F29B3B30>,0,ARMA,1.9315216251887721,1.0866922951806175,1.3897919359345743
datasets/synthetic_data/s2.csv,216,<timecave.validation_methods.markov.MarkovCV object at 0x00000250F29B3B30>,1,Tree,6.1710425286526185,2.096988755414473,2.4841583139269967
datasets/synthetic_data/s2.csv,216,<timecave.validation_methods.markov.MarkovCV object at 0x00000250F29B3B30>,1,ARMA,2.772836881286552,1.3137952785219051,1.6651837379960663
datasets/synthetic_data/s2.csv,216,<timecave.validation_methods.markov.MarkovCV object at 0x00000250F29B3B30>,2,Tree,4.176450395826477,1.3958949624460752,2.0436365615799885
datasets/synthetic_data/s2.csv,216,<timecave.validation_methods.markov.MarkovCV object at 0x00000250F29B3B30>,2,ARMA,2.8290995608117617,1.4445027159826103,1.6819927350650958
datasets/synthetic_data/s2.csv,216,<timecave.validation_methods.markov.MarkovCV object at 0x00000250F29B3B30>,3,Tree,4.101318608422463,1.6180000007249613,2.0251712540974065
datasets/synthetic_data/s2.csv,216,<timecave.validation_methods.markov.MarkovCV object at 0x00000250F29B3B30>,3,ARMA,2.1270915736949285,1.0919723089453803,1.4584552011271819
datasets/synthetic_data/s2.csv,216,<timecave.validation_methods.markov.MarkovCV object at 0x00000250F29B3B30>,4,Tree,6.633655326858025,2.1676029678646875,2.5755883457684043
datasets/synthetic_data/s2.csv,216,<timecave.validation_methods.markov.MarkovCV object at 0x00000250F29B3B30>,4,ARMA,5.225784081708889,1.5642203825799055,2.2859973931981834
datasets/synthetic_data/s2.csv,216,<timecave.validation_methods.markov.MarkovCV object at 0x00000250F29B3B30>,5,Tree,13.785361859377893,3.188548435841815,3.7128643739541434
datasets/synthetic_data/s2.csv,216,<timecave.validation_methods.markov.MarkovCV object at 0x00000250F29B3B30>,5,ARMA,4.990760520475607,1.8701800497023102,2.2340010117445352
datasets/synthetic_data/s2.csv,216,<timecave.validation_methods.markov.MarkovCV object at 0x00000250F29B3B30>,6,Tree,5.015728041580777,1.625344320205761,2.2395821131587867
datasets/synthetic_data/s2.csv,216,<timecave.validation_methods.markov.MarkovCV object at 0x00000250F29B3B30>,6,ARMA,2.3446580684408804,1.2082234174952233,1.5312276344296039
datasets/synthetic_data/s2.csv,216,<timecave.validation_methods.markov.MarkovCV object at 0x00000250F29B3B30>,7,Tree,5.800973459607279,2.0239503917266077,2.4085210108295256
datasets/synthetic_data/s2.csv,216,<timecave.validation_methods.markov.MarkovCV object at 0x00000250F29B3B30>,7,ARMA,2.3420284518154943,1.3310591246864107,1.5303687306709761
datasets/synthetic_data/s2.csv,216,<timecave.validation_methods.markov.MarkovCV object at 0x00000250F29B3B30>,8,Tree,3.9405430787259608,1.4884984838581181,1.9850801189689953
datasets/synthetic_data/s2.csv,216,<timecave.validation_methods.markov.MarkovCV object at 0x00000250F29B3B30>,8,ARMA,1.3462519511405289,0.9978510793406968,1.1602809793927198
datasets/synthetic_data/s2.csv,216,<timecave.validation_methods.markov.MarkovCV object at 0x00000250F29B3B30>,9,Tree,4.126510219849717,1.67232260508668,2.0313813575618234
datasets/synthetic_data/s2.csv,216,<timecave.validation_methods.markov.MarkovCV object at 0x00000250F29B3B30>,9,ARMA,2.650426166475152,1.3052533718793293,1.628012950340123
datasets/synthetic_data/s2.csv,217,<timecave.validation_methods.OOS.Holdout object at 0x00000250F26234D0>,0,Tree,2.829885761831981,1.3087445855933408,1.6822264300123158
datasets/synthetic_data/s2.csv,217,<timecave.validation_methods.OOS.Holdout object at 0x00000250F26234D0>,0,ARMA,2.159846568820576,1.2486247892245677,1.46964164639567
datasets/synthetic_data/s2.csv,217,<timecave.validation_methods.OOS.Repeated_Holdout object at 0x00000250F2A0CFB0>,0,Tree,5.033214841789285,1.7252368035350085,2.24348274827093
datasets/synthetic_data/s2.csv,217,<timecave.validation_methods.OOS.Repeated_Holdout object at 0x00000250F2A0CFB0>,0,ARMA,2.193890918818508,1.2486792808633946,1.4811788949409548
datasets/synthetic_data/s2.csv,217,<timecave.validation_methods.OOS.Repeated_Holdout object at 0x00000250F2A0CFB0>,1,Tree,3.348357449829763,1.4297199733050285,1.8298517562441399
datasets/synthetic_data/s2.csv,217,<timecave.validation_methods.OOS.Repeated_Holdout object at 0x00000250F2A0CFB0>,1,ARMA,2.33073499352355,1.299588125290913,1.5266744883974286
datasets/synthetic_data/s2.csv,217,<timecave.validation_methods.OOS.Repeated_Holdout object at 0x00000250F2A0CFB0>,2,Tree,3.0419770564596167,1.382593542410186,1.7441264450892362
datasets/synthetic_data/s2.csv,217,<timecave.validation_methods.OOS.Repeated_Holdout object at 0x00000250F2A0CFB0>,2,ARMA,1.9678025339271124,1.189617505351961,1.4027838514636217
datasets/synthetic_data/s2.csv,217,<timecave.validation_methods.OOS.Repeated_Holdout object at 0x00000250F2A0CFB0>,3,Tree,2.5460424675197486,1.1957460400082132,1.595632309625168
datasets/synthetic_data/s2.csv,217,<timecave.validation_methods.OOS.Repeated_Holdout object at 0x00000250F2A0CFB0>,3,ARMA,2.159846568820576,1.2486247892245677,1.46964164639567
datasets/synthetic_data/s2.csv,217,<timecave.validation_methods.prequential.Growing_Window object at 0x00000250F2A0ECC0>,0,Tree,1.2559286431584156,0.8568093671032855,1.1206822222014658
datasets/synthetic_data/s2.csv,217,<timecave.validation_methods.prequential.Growing_Window object at 0x00000250F2A0ECC0>,0,ARMA,2.263868100231687,1.2095054746306038,1.504615598826387
datasets/synthetic_data/s2.csv,217,<timecave.validation_methods.prequential.Growing_Window object at 0x00000250F2A0ECC0>,1,Tree,3.5317175301591828,1.4369385117597688,1.8792864417536734
datasets/synthetic_data/s2.csv,217,<timecave.validation_methods.prequential.Growing_Window object at 0x00000250F2A0ECC0>,1,ARMA,2.4078535767574243,1.2814661658752837,1.5517259992529042
datasets/synthetic_data/s2.csv,217,<timecave.validation_methods.prequential.Growing_Window object at 0x00000250F2A0ECC0>,2,Tree,1.2078206328637004,0.8908083153551656,1.0990089321127925
datasets/synthetic_data/s2.csv,217,<timecave.validation_methods.prequential.Growing_Window object at 0x00000250F2A0ECC0>,2,ARMA,1.7683297575966463,1.1089796122413191,1.3297856058766189
datasets/synthetic_data/s2.csv,217,<timecave.validation_methods.prequential.Growing_Window object at 0x00000250F2A0ECC0>,3,Tree,3.970744306631735,1.4713735465437172,1.9926726541586641
datasets/synthetic_data/s2.csv,217,<timecave.validation_methods.prequential.Growing_Window object at 0x00000250F2A0ECC0>,3,ARMA,2.406779356606223,1.3353822062991965,1.5513798234495069
datasets/synthetic_data/s2.csv,217,<timecave.validation_methods.prequential.Growing_Window object at 0x00000250F2669640>,0,Tree,2.4062290696450246,1.2367094784045338,1.5512024592699125
datasets/synthetic_data/s2.csv,217,<timecave.validation_methods.prequential.Growing_Window object at 0x00000250F2669640>,0,ARMA,2.4767324438464446,1.315909570050238,1.5737637827343862
datasets/synthetic_data/s2.csv,217,<timecave.validation_methods.prequential.Growing_Window object at 0x00000250F2669640>,1,Tree,1.930607044169972,1.142163923431467,1.389462861745492
datasets/synthetic_data/s2.csv,217,<timecave.validation_methods.prequential.Growing_Window object at 0x00000250F2669640>,1,ARMA,2.020611155570833,1.18926123427313,1.4214820278747222
datasets/synthetic_data/s2.csv,217,<timecave.validation_methods.prequential.Growing_Window object at 0x00000250F2669640>,2,Tree,2.7255969300870198,1.2971454406751544,1.650938196931375
datasets/synthetic_data/s2.csv,217,<timecave.validation_methods.prequential.Growing_Window object at 0x00000250F2669640>,2,ARMA,2.465284430963797,1.3736864775635462,1.5701224254700004
datasets/synthetic_data/s2.csv,217,<timecave.validation_methods.prequential.Rolling_Window object at 0x00000250F2A0FB90>,0,Tree,1.2493148829535345,0.884739761521157,1.1177275530975939
datasets/synthetic_data/s2.csv,217,<timecave.validation_methods.prequential.Rolling_Window object at 0x00000250F2A0FB90>,0,ARMA,2.263868100231687,1.2095054746306038,1.504615598826387
datasets/synthetic_data/s2.csv,217,<timecave.validation_methods.prequential.Rolling_Window object at 0x00000250F2A0FB90>,1,Tree,5.369111217517787,1.9200099011196714,2.3171342683404834
datasets/synthetic_data/s2.csv,217,<timecave.validation_methods.prequential.Rolling_Window object at 0x00000250F2A0FB90>,1,ARMA,2.4637181885792625,1.2946164584635516,1.5696235818116593
datasets/synthetic_data/s2.csv,217,<timecave.validation_methods.prequential.Rolling_Window object at 0x00000250F2A0FB90>,2,Tree,5.1179043474313515,1.7857223187430522,2.262278574232482
datasets/synthetic_data/s2.csv,217,<timecave.validation_methods.prequential.Rolling_Window object at 0x00000250F2A0FB90>,2,ARMA,1.887702383313321,1.0913416478882692,1.373936819258193
datasets/synthetic_data/s2.csv,217,<timecave.validation_methods.prequential.Rolling_Window object at 0x00000250F2A0FB90>,3,Tree,1.8925627569369592,1.112413509159281,1.3757044584273757
datasets/synthetic_data/s2.csv,217,<timecave.validation_methods.prequential.Rolling_Window object at 0x00000250F2A0FB90>,3,ARMA,2.3534348505773943,1.3198238192091813,1.5340908873262347
datasets/synthetic_data/s2.csv,217,<timecave.validation_methods.prequential.Rolling_Window object at 0x00000250F2A0DCD0>,0,Tree,3.4487708999167435,1.508007977934113,1.8570866700067457
datasets/synthetic_data/s2.csv,217,<timecave.validation_methods.prequential.Rolling_Window object at 0x00000250F2A0DCD0>,0,ARMA,2.4767324438464446,1.315909570050238,1.5737637827343862
datasets/synthetic_data/s2.csv,217,<timecave.validation_methods.prequential.Rolling_Window object at 0x00000250F2A0DCD0>,1,Tree,2.7220864756619427,1.2917240177447817,1.6498746848357735
datasets/synthetic_data/s2.csv,217,<timecave.validation_methods.prequential.Rolling_Window object at 0x00000250F2A0DCD0>,1,ARMA,1.9644392435018423,1.1807592524506128,1.4015845473969246
datasets/synthetic_data/s2.csv,217,<timecave.validation_methods.prequential.Rolling_Window object at 0x00000250F2A0DCD0>,2,Tree,7.409372127693404,2.2977202245880815,2.7220161879925335
datasets/synthetic_data/s2.csv,217,<timecave.validation_methods.prequential.Rolling_Window object at 0x00000250F2A0DCD0>,2,ARMA,2.7591900279673887,1.4412002817538316,1.6610809817607897
datasets/synthetic_data/s2.csv,217,<timecave.validation_methods.CV.Block_CV object at 0x00000250F2A0D910>,0,Tree,2.1119335339205696,1.2103658192178994,1.4532493020540451
datasets/synthetic_data/s2.csv,217,<timecave.validation_methods.CV.Block_CV object at 0x00000250F2A0D910>,0,ARMA,1.2200848943121825,0.8533099676640061,1.1045745308996502
datasets/synthetic_data/s2.csv,217,<timecave.validation_methods.CV.Block_CV object at 0x00000250F2A0D910>,1,Tree,2.398939593275736,1.2870650711843112,1.5488510558719764
datasets/synthetic_data/s2.csv,217,<timecave.validation_methods.CV.Block_CV object at 0x00000250F2A0D910>,1,ARMA,2.256299492741225,1.2053034334880475,1.5020983632043625
datasets/synthetic_data/s2.csv,217,<timecave.validation_methods.CV.Block_CV object at 0x00000250F2A0D910>,2,Tree,3.908216018205305,1.5660887841350535,1.9769208426756255
datasets/synthetic_data/s2.csv,217,<timecave.validation_methods.CV.Block_CV object at 0x00000250F2A0D910>,2,ARMA,2.3705746853141068,1.2772130623458189,1.5396670696335968
datasets/synthetic_data/s2.csv,217,<timecave.validation_methods.CV.Block_CV object at 0x00000250F2A0D910>,3,Tree,1.4405990253293715,1.0227792826516122,1.2002495679355072
datasets/synthetic_data/s2.csv,217,<timecave.validation_methods.CV.Block_CV object at 0x00000250F2A0D910>,3,ARMA,2.136403099484881,1.2021969645929889,1.4616439715214102
datasets/synthetic_data/s2.csv,217,<timecave.validation_methods.CV.Block_CV object at 0x00000250F2A0D910>,4,Tree,3.51444167170352,1.4756509193311147,1.874684419229946
datasets/synthetic_data/s2.csv,217,<timecave.validation_methods.CV.Block_CV object at 0x00000250F2A0D910>,4,ARMA,2.406779356606223,1.3353822062991965,1.5513798234495069
datasets/synthetic_data/s2.csv,217,<timecave.validation_methods.CV.AdaptedhvBlockCV object at 0x00000250F2A0C470>,0,Tree,2.3898182061728783,1.33633882161403,1.545903685930297
datasets/synthetic_data/s2.csv,217,<timecave.validation_methods.CV.AdaptedhvBlockCV object at 0x00000250F2A0C470>,0,ARMA,1.219976902315103,0.8530781690868274,1.1045256458385668
datasets/synthetic_data/s2.csv,217,<timecave.validation_methods.CV.AdaptedhvBlockCV object at 0x00000250F2A0C470>,1,Tree,3.0218732632521217,1.4659290151279056,1.738353607081172
datasets/synthetic_data/s2.csv,217,<timecave.validation_methods.CV.AdaptedhvBlockCV object at 0x00000250F2A0C470>,1,ARMA,2.258986420044568,1.2048918295711712,1.5029924883526757
datasets/synthetic_data/s2.csv,217,<timecave.validation_methods.CV.AdaptedhvBlockCV object at 0x00000250F2A0C470>,2,Tree,2.8647649399617,1.4092272680996818,1.692561650269112
datasets/synthetic_data/s2.csv,217,<timecave.validation_methods.CV.AdaptedhvBlockCV object at 0x00000250F2A0C470>,2,ARMA,2.375598119918404,1.2799395119440165,1.5412975442523758
datasets/synthetic_data/s2.csv,217,<timecave.validation_methods.CV.AdaptedhvBlockCV object at 0x00000250F2A0C470>,3,Tree,1.8375917797874433,1.1772327251310335,1.355578024234475
datasets/synthetic_data/s2.csv,217,<timecave.validation_methods.CV.AdaptedhvBlockCV object at 0x00000250F2A0C470>,3,ARMA,2.120272647615681,1.2026120963630706,1.4561156024216213
datasets/synthetic_data/s2.csv,217,<timecave.validation_methods.CV.AdaptedhvBlockCV object at 0x00000250F2A0C470>,4,Tree,3.5068027474828307,1.4956931409498362,1.87264592154599
datasets/synthetic_data/s2.csv,217,<timecave.validation_methods.CV.AdaptedhvBlockCV object at 0x00000250F2A0C470>,4,ARMA,2.3515975398315443,1.3172046664832564,1.5334919431909462
datasets/synthetic_data/s2.csv,217,<timecave.validation_methods.markov.MarkovCV object at 0x00000250F2A0CE90>,0,Tree,2.9386561263024826,1.4956392664413627,1.7142508936274417
datasets/synthetic_data/s2.csv,217,<timecave.validation_methods.markov.MarkovCV object at 0x00000250F2A0CE90>,0,ARMA,2.253588478822434,1.3720411503873369,1.501195683054822
datasets/synthetic_data/s2.csv,217,<timecave.validation_methods.markov.MarkovCV object at 0x00000250F2A0CE90>,1,Tree,3.4204857580570263,1.4121919404884107,1.8494555301647635
datasets/synthetic_data/s2.csv,217,<timecave.validation_methods.markov.MarkovCV object at 0x00000250F2A0CE90>,1,ARMA,2.332795964310248,1.1064151722178057,1.52734932622182
datasets/synthetic_data/s2.csv,217,<timecave.validation_methods.markov.MarkovCV object at 0x00000250F2A0CE90>,2,Tree,10.588664841089402,2.87298438220795,3.2540228704004837
datasets/synthetic_data/s2.csv,217,<timecave.validation_methods.markov.MarkovCV object at 0x00000250F2A0CE90>,2,ARMA,4.460641684203107,1.8789806381227288,2.1120231258684425
datasets/synthetic_data/s2.csv,217,<timecave.validation_methods.markov.MarkovCV object at 0x00000250F2A0CE90>,3,Tree,7.192223501634618,2.289755316533893,2.681832116601376
datasets/synthetic_data/s2.csv,217,<timecave.validation_methods.markov.MarkovCV object at 0x00000250F2A0CE90>,3,ARMA,7.797333518628673,2.265292130146625,2.792370591205378
datasets/synthetic_data/s2.csv,217,<timecave.validation_methods.markov.MarkovCV object at 0x00000250F2A0CE90>,4,Tree,4.822325934136005,1.8794587799748343,2.1959794931046157
datasets/synthetic_data/s2.csv,217,<timecave.validation_methods.markov.MarkovCV object at 0x00000250F2A0CE90>,4,ARMA,3.846609566031329,1.670528645929646,1.9612775341678008
datasets/synthetic_data/s2.csv,217,<timecave.validation_methods.markov.MarkovCV object at 0x00000250F2A0CE90>,5,Tree,5.72154906714208,2.2232955473291964,2.3919759754525294
datasets/synthetic_data/s2.csv,217,<timecave.validation_methods.markov.MarkovCV object at 0x00000250F2A0CE90>,5,ARMA,2.952167123964447,1.3957291075105678,1.7181871620881257
datasets/synthetic_data/s2.csv,217,<timecave.validation_methods.markov.MarkovCV object at 0x00000250F2A0CE90>,6,Tree,4.237578537791907,1.7119831458969523,2.0585379612219707
datasets/synthetic_data/s2.csv,217,<timecave.validation_methods.markov.MarkovCV object at 0x00000250F2A0CE90>,6,ARMA,1.6032202130994184,1.0704336290174972,1.2661833252335217
datasets/synthetic_data/s2.csv,217,<timecave.validation_methods.markov.MarkovCV object at 0x00000250F2A0CE90>,7,Tree,4.806152987833463,1.7108094811272776,2.192294001231008
datasets/synthetic_data/s2.csv,217,<timecave.validation_methods.markov.MarkovCV object at 0x00000250F2A0CE90>,7,ARMA,2.464115161755821,1.2772222201086838,1.569750031615168
datasets/synthetic_data/s2.csv,217,<timecave.validation_methods.markov.MarkovCV object at 0x00000250F2A0CE90>,8,Tree,3.7367206804532374,1.5738839896568826,1.9330599267620332
datasets/synthetic_data/s2.csv,217,<timecave.validation_methods.markov.MarkovCV object at 0x00000250F2A0CE90>,8,ARMA,2.2041381274140974,1.1831978577167055,1.484634004532463
datasets/synthetic_data/s2.csv,217,<timecave.validation_methods.markov.MarkovCV object at 0x00000250F2A0CE90>,9,Tree,3.1348849081078387,1.5769781001064738,1.77056061972129
datasets/synthetic_data/s2.csv,217,<timecave.validation_methods.markov.MarkovCV object at 0x00000250F2A0CE90>,9,ARMA,1.9674249813989317,1.1569571471500248,1.4026492724123631
datasets/synthetic_data/s2.csv,218,<timecave.validation_methods.OOS.Holdout object at 0x00000250F265AD20>,0,Tree,2.896794615675525,1.3497952306099992,1.701997243145689
datasets/synthetic_data/s2.csv,218,<timecave.validation_methods.OOS.Holdout object at 0x00000250F265AD20>,0,ARMA,2.383954285207287,1.3760700199799831,1.5440059213640622
datasets/synthetic_data/s2.csv,218,<timecave.validation_methods.OOS.Repeated_Holdout object at 0x00000250F2658AD0>,0,Tree,3.0264511778738554,1.434223349196855,1.739669847377328
datasets/synthetic_data/s2.csv,218,<timecave.validation_methods.OOS.Repeated_Holdout object at 0x00000250F2658AD0>,0,ARMA,2.687062470186194,1.4834705769174126,1.6392261803016062
datasets/synthetic_data/s2.csv,218,<timecave.validation_methods.OOS.Repeated_Holdout object at 0x00000250F2658AD0>,1,Tree,3.2713386893985192,1.513186533961724,1.8086842425914258
datasets/synthetic_data/s2.csv,218,<timecave.validation_methods.OOS.Repeated_Holdout object at 0x00000250F2658AD0>,1,ARMA,2.784172025022393,1.5255154762846348,1.6685838381760723
datasets/synthetic_data/s2.csv,218,<timecave.validation_methods.OOS.Repeated_Holdout object at 0x00000250F2658AD0>,2,Tree,1.7420132086783364,1.107968700757776,1.319853480003874
datasets/synthetic_data/s2.csv,218,<timecave.validation_methods.OOS.Repeated_Holdout object at 0x00000250F2658AD0>,2,ARMA,2.476895161580858,1.4077213331238243,1.573815478885901
datasets/synthetic_data/s2.csv,218,<timecave.validation_methods.OOS.Repeated_Holdout object at 0x00000250F2658AD0>,3,Tree,2.7205043674424014,1.2899888264499957,1.6493951520003935
datasets/synthetic_data/s2.csv,218,<timecave.validation_methods.OOS.Repeated_Holdout object at 0x00000250F2658AD0>,3,ARMA,2.383954285207287,1.3760700199799831,1.5440059213640622
datasets/synthetic_data/s2.csv,218,<timecave.validation_methods.prequential.Growing_Window object at 0x00000250F2659E80>,0,Tree,2.0458707332933037,1.0963681175085191,1.4303393769638393
datasets/synthetic_data/s2.csv,218,<timecave.validation_methods.prequential.Growing_Window object at 0x00000250F2659E80>,0,ARMA,1.6670513639178886,1.1217586612184918,1.2911434327439724
datasets/synthetic_data/s2.csv,218,<timecave.validation_methods.prequential.Growing_Window object at 0x00000250F2659E80>,1,Tree,2.261958561473349,1.233472830427873,1.503980904623908
datasets/synthetic_data/s2.csv,218,<timecave.validation_methods.prequential.Growing_Window object at 0x00000250F2659E80>,1,ARMA,1.4482757099065775,0.8870138351725119,1.2034432724090394
datasets/synthetic_data/s2.csv,218,<timecave.validation_methods.prequential.Growing_Window object at 0x00000250F2659E80>,2,Tree,2.464934829853567,1.3620084861826613,1.570011092270869
datasets/synthetic_data/s2.csv,218,<timecave.validation_methods.prequential.Growing_Window object at 0x00000250F2659E80>,2,ARMA,1.6837707266424915,1.100139910699909,1.2976019137788335
datasets/synthetic_data/s2.csv,218,<timecave.validation_methods.prequential.Growing_Window object at 0x00000250F2659E80>,3,Tree,2.474444422542413,1.363617152242268,1.573036688237885
datasets/synthetic_data/s2.csv,218,<timecave.validation_methods.prequential.Growing_Window object at 0x00000250F2659E80>,3,ARMA,2.7809832726461567,1.5166421022416217,1.6676280378568107
datasets/synthetic_data/s2.csv,218,<timecave.validation_methods.prequential.Growing_Window object at 0x00000250F252A780>,0,Tree,2.7746606851520026,1.4274636131068776,1.6657312763924446
datasets/synthetic_data/s2.csv,218,<timecave.validation_methods.prequential.Growing_Window object at 0x00000250F252A780>,0,ARMA,1.3640101793213633,0.844949075377244,1.167908463588377
datasets/synthetic_data/s2.csv,218,<timecave.validation_methods.prequential.Growing_Window object at 0x00000250F252A780>,1,Tree,2.4844366553333006,1.3186059919753623,1.5762095848374038
datasets/synthetic_data/s2.csv,218,<timecave.validation_methods.prequential.Growing_Window object at 0x00000250F252A780>,1,ARMA,1.731628467243492,1.1529607896149812,1.3159135485446953
datasets/synthetic_data/s2.csv,218,<timecave.validation_methods.prequential.Growing_Window object at 0x00000250F252A780>,2,Tree,2.9502764270435518,1.391553405567325,1.7176368728702676
datasets/synthetic_data/s2.csv,218,<timecave.validation_methods.prequential.Growing_Window object at 0x00000250F252A780>,2,ARMA,2.7952788450451895,1.5325722913379929,1.671908743037487
datasets/synthetic_data/s2.csv,218,<timecave.validation_methods.prequential.Rolling_Window object at 0x00000250F29F7650>,0,Tree,1.5605741132111037,0.9870019513440984,1.249229407759481
datasets/synthetic_data/s2.csv,218,<timecave.validation_methods.prequential.Rolling_Window object at 0x00000250F29F7650>,0,ARMA,1.6670513639178886,1.1217586612184918,1.2911434327439724
datasets/synthetic_data/s2.csv,218,<timecave.validation_methods.prequential.Rolling_Window object at 0x00000250F29F7650>,1,Tree,1.4441860902825927,1.0256644339796737,1.2017429385199618
datasets/synthetic_data/s2.csv,218,<timecave.validation_methods.prequential.Rolling_Window object at 0x00000250F29F7650>,1,ARMA,1.5171258373792418,0.9073748129992525,1.23171662219004
datasets/synthetic_data/s2.csv,218,<timecave.validation_methods.prequential.Rolling_Window object at 0x00000250F29F7650>,2,Tree,1.9458865938716472,1.220482269594035,1.3949503911865995
datasets/synthetic_data/s2.csv,218,<timecave.validation_methods.prequential.Rolling_Window object at 0x00000250F29F7650>,2,ARMA,1.5567999316217704,1.0661233100006082,1.24771788943726
datasets/synthetic_data/s2.csv,218,<timecave.validation_methods.prequential.Rolling_Window object at 0x00000250F29F7650>,3,Tree,4.454009446462117,1.777979632099469,2.110452426960181
datasets/synthetic_data/s2.csv,218,<timecave.validation_methods.prequential.Rolling_Window object at 0x00000250F29F7650>,3,ARMA,2.8338754462239626,1.5224591211834275,1.683411846882385
datasets/synthetic_data/s2.csv,218,<timecave.validation_methods.prequential.Rolling_Window object at 0x00000250F29F4BC0>,0,Tree,3.119340885943701,1.5541182505782813,1.7661655884836225
datasets/synthetic_data/s2.csv,218,<timecave.validation_methods.prequential.Rolling_Window object at 0x00000250F29F4BC0>,0,ARMA,1.3640101793213633,0.844949075377244,1.167908463588377
datasets/synthetic_data/s2.csv,218,<timecave.validation_methods.prequential.Rolling_Window object at 0x00000250F29F4BC0>,1,Tree,1.9888213510052737,1.1742251720003576,1.4102557750299318
datasets/synthetic_data/s2.csv,218,<timecave.validation_methods.prequential.Rolling_Window object at 0x00000250F29F4BC0>,1,ARMA,1.8149944886884548,1.1693429493541214,1.3472173130896348
datasets/synthetic_data/s2.csv,218,<timecave.validation_methods.prequential.Rolling_Window object at 0x00000250F29F4BC0>,2,Tree,3.016291963413647,1.3988234477946062,1.7367475243723962
datasets/synthetic_data/s2.csv,218,<timecave.validation_methods.prequential.Rolling_Window object at 0x00000250F29F4BC0>,2,ARMA,2.8677636644579296,1.5183564581138205,1.6934472724173995
datasets/synthetic_data/s2.csv,218,<timecave.validation_methods.CV.Block_CV object at 0x00000250F29F6C30>,0,Tree,3.535535805590615,1.5841837821824267,1.8803020516902638
datasets/synthetic_data/s2.csv,218,<timecave.validation_methods.CV.Block_CV object at 0x00000250F29F6C30>,0,ARMA,2.2669195409126583,1.2039135120083029,1.5056292840246759
datasets/synthetic_data/s2.csv,218,<timecave.validation_methods.CV.Block_CV object at 0x00000250F29F6C30>,1,Tree,2.229892014629518,1.1186856539850465,1.4932822956927863
datasets/synthetic_data/s2.csv,218,<timecave.validation_methods.CV.Block_CV object at 0x00000250F29F6C30>,1,ARMA,1.654273620791001,1.1008925860476864,1.2861856867462804
datasets/synthetic_data/s2.csv,218,<timecave.validation_methods.CV.Block_CV object at 0x00000250F29F6C30>,2,Tree,2.1733008275701153,1.0276786701517155,1.4742119344144908
datasets/synthetic_data/s2.csv,218,<timecave.validation_methods.CV.Block_CV object at 0x00000250F29F6C30>,2,ARMA,1.3572783639406656,0.8443545452997562,1.1650229027537036
datasets/synthetic_data/s2.csv,218,<timecave.validation_methods.CV.Block_CV object at 0x00000250F29F6C30>,3,Tree,2.769157790443503,1.281374110916498,1.664078661134594
datasets/synthetic_data/s2.csv,218,<timecave.validation_methods.CV.Block_CV object at 0x00000250F29F6C30>,3,ARMA,1.6922909804182868,1.1095395540325903,1.3008808478943361
datasets/synthetic_data/s2.csv,218,<timecave.validation_methods.CV.Block_CV object at 0x00000250F29F6C30>,4,Tree,2.519558748746518,1.3901209004746746,1.587311799473096
datasets/synthetic_data/s2.csv,218,<timecave.validation_methods.CV.Block_CV object at 0x00000250F29F6C30>,4,ARMA,2.7809832726461567,1.5166421022416217,1.6676280378568107
datasets/synthetic_data/s2.csv,218,<timecave.validation_methods.CV.AdaptedhvBlockCV object at 0x00000250F29F7C20>,0,Tree,3.573566384934448,1.4293940131517175,1.8903878927179067
datasets/synthetic_data/s2.csv,218,<timecave.validation_methods.CV.AdaptedhvBlockCV object at 0x00000250F29F7C20>,0,ARMA,2.26662079057769,1.2034490098850603,1.5055300696358376
datasets/synthetic_data/s2.csv,218,<timecave.validation_methods.CV.AdaptedhvBlockCV object at 0x00000250F29F7C20>,1,Tree,2.9763941157857063,1.4221938865947847,1.7252229177082323
datasets/synthetic_data/s2.csv,218,<timecave.validation_methods.CV.AdaptedhvBlockCV object at 0x00000250F29F7C20>,1,ARMA,1.664785819464421,1.103012452092198,1.2902657941154687
datasets/synthetic_data/s2.csv,218,<timecave.validation_methods.CV.AdaptedhvBlockCV object at 0x00000250F29F7C20>,2,Tree,2.8185167418640704,1.3324073913566634,1.6788438706038362
datasets/synthetic_data/s2.csv,218,<timecave.validation_methods.CV.AdaptedhvBlockCV object at 0x00000250F29F7C20>,2,ARMA,1.3532554127641991,0.8384701761893394,1.1632950669388222
datasets/synthetic_data/s2.csv,218,<timecave.validation_methods.CV.AdaptedhvBlockCV object at 0x00000250F29F7C20>,3,Tree,3.799660236721033,1.5863776100606206,1.9492717195714488
datasets/synthetic_data/s2.csv,218,<timecave.validation_methods.CV.AdaptedhvBlockCV object at 0x00000250F29F7C20>,3,ARMA,1.685126710646714,1.113262957635281,1.2981243047746676
datasets/synthetic_data/s2.csv,218,<timecave.validation_methods.CV.AdaptedhvBlockCV object at 0x00000250F29F7C20>,4,Tree,2.995983245298904,1.4406342448548477,1.730890881973472
datasets/synthetic_data/s2.csv,218,<timecave.validation_methods.CV.AdaptedhvBlockCV object at 0x00000250F29F7C20>,4,ARMA,2.926439115814239,1.55486619062949,1.710683815266351
datasets/synthetic_data/s2.csv,218,<timecave.validation_methods.markov.MarkovCV object at 0x00000250F29F6000>,0,Tree,7.046315028841585,1.990241528495001,2.654489598555923
datasets/synthetic_data/s2.csv,218,<timecave.validation_methods.markov.MarkovCV object at 0x00000250F29F6000>,0,ARMA,3.338264949577259,1.5713846935889415,1.8270919379104213
datasets/synthetic_data/s2.csv,218,<timecave.validation_methods.markov.MarkovCV object at 0x00000250F29F6000>,1,Tree,6.342280816916022,1.9200466587514804,2.5183885357339166
datasets/synthetic_data/s2.csv,218,<timecave.validation_methods.markov.MarkovCV object at 0x00000250F29F6000>,1,ARMA,3.2862489294522415,1.3762027521914366,1.8128014037539362
datasets/synthetic_data/s2.csv,218,<timecave.validation_methods.markov.MarkovCV object at 0x00000250F29F6000>,2,Tree,3.3055660699361695,1.5366696377343851,1.8181215773253916
datasets/synthetic_data/s2.csv,218,<timecave.validation_methods.markov.MarkovCV object at 0x00000250F29F6000>,2,ARMA,3.6895885334184264,1.492995720697693,1.920830167770807
datasets/synthetic_data/s2.csv,218,<timecave.validation_methods.markov.MarkovCV object at 0x00000250F29F6000>,3,Tree,4.043433351512058,1.837920301971631,2.0108290209543074
datasets/synthetic_data/s2.csv,218,<timecave.validation_methods.markov.MarkovCV object at 0x00000250F29F6000>,3,ARMA,1.321386521507877,0.9409919161774601,1.1495157769721462
datasets/synthetic_data/s2.csv,218,<timecave.validation_methods.markov.MarkovCV object at 0x00000250F29F6000>,4,Tree,4.123689280187748,1.5865960934139176,2.0306868986103566
datasets/synthetic_data/s2.csv,218,<timecave.validation_methods.markov.MarkovCV object at 0x00000250F29F6000>,4,ARMA,2.910376960216283,1.2920314158658095,1.7059826963414026
datasets/synthetic_data/s2.csv,218,<timecave.validation_methods.markov.MarkovCV object at 0x00000250F29F6000>,5,Tree,5.5929225169604715,1.8563277877313447,2.364936049232721
datasets/synthetic_data/s2.csv,218,<timecave.validation_methods.markov.MarkovCV object at 0x00000250F29F6000>,5,ARMA,2.5544778688996725,1.327131333731192,1.5982734024251521
datasets/synthetic_data/s2.csv,218,<timecave.validation_methods.markov.MarkovCV object at 0x00000250F29F6000>,6,Tree,4.947120917486824,1.627099554581568,2.2242124263403493
datasets/synthetic_data/s2.csv,218,<timecave.validation_methods.markov.MarkovCV object at 0x00000250F29F6000>,6,ARMA,1.964919236029474,1.1792619287455768,1.4017557690373434
datasets/synthetic_data/s2.csv,218,<timecave.validation_methods.markov.MarkovCV object at 0x00000250F29F6000>,7,Tree,2.697551841844247,1.2871007990350973,1.6424225527690026
datasets/synthetic_data/s2.csv,218,<timecave.validation_methods.markov.MarkovCV object at 0x00000250F29F6000>,7,ARMA,3.7007690942366267,1.5164771114848055,1.9237383123066991
datasets/synthetic_data/s2.csv,218,<timecave.validation_methods.markov.MarkovCV object at 0x00000250F29F6000>,8,Tree,3.3383948233265173,1.5573941999913996,1.8271274786742486
datasets/synthetic_data/s2.csv,218,<timecave.validation_methods.markov.MarkovCV object at 0x00000250F29F6000>,8,ARMA,2.260005465311713,1.2900357535064786,1.5033314555718287
datasets/synthetic_data/s2.csv,218,<timecave.validation_methods.markov.MarkovCV object at 0x00000250F29F6000>,9,Tree,5.248683157125914,1.7501903026258312,2.2910004707825604
datasets/synthetic_data/s2.csv,218,<timecave.validation_methods.markov.MarkovCV object at 0x00000250F29F6000>,9,ARMA,1.8883348558248916,0.9935842403224915,1.3741669679572754
datasets/synthetic_data/s2.csv,219,<timecave.validation_methods.OOS.Holdout object at 0x00000250F29B3D10>,0,Tree,2.191084217013406,1.180098079094554,1.4802311363477685
datasets/synthetic_data/s2.csv,219,<timecave.validation_methods.OOS.Holdout object at 0x00000250F29B3D10>,0,ARMA,2.5363792551992685,1.2187089556726187,1.5926014112763018
datasets/synthetic_data/s2.csv,219,<timecave.validation_methods.OOS.Repeated_Holdout object at 0x00000250F2A0CB00>,0,Tree,2.490961545294196,1.1564196238540392,1.5782780316833267
datasets/synthetic_data/s2.csv,219,<timecave.validation_methods.OOS.Repeated_Holdout object at 0x00000250F2A0CB00>,0,ARMA,2.0944203896442035,1.0542324462382728,1.447211245687444
datasets/synthetic_data/s2.csv,219,<timecave.validation_methods.OOS.Repeated_Holdout object at 0x00000250F2A0CB00>,1,Tree,2.8105841229508344,1.3109266307924476,1.6764796816397252
datasets/synthetic_data/s2.csv,219,<timecave.validation_methods.OOS.Repeated_Holdout object at 0x00000250F2A0CB00>,1,ARMA,2.243517309884835,1.09832597386599,1.4978375445570975
datasets/synthetic_data/s2.csv,219,<timecave.validation_methods.OOS.Repeated_Holdout object at 0x00000250F2A0CB00>,2,Tree,2.24891886052001,1.2379967187880343,1.4996395768717263
datasets/synthetic_data/s2.csv,219,<timecave.validation_methods.OOS.Repeated_Holdout object at 0x00000250F2A0CB00>,2,ARMA,2.493828246581522,1.2085683772678801,1.5791859442705036
datasets/synthetic_data/s2.csv,219,<timecave.validation_methods.OOS.Repeated_Holdout object at 0x00000250F2A0CB00>,3,Tree,2.4300389019404705,1.2374193621788354,1.5588582045652744
datasets/synthetic_data/s2.csv,219,<timecave.validation_methods.OOS.Repeated_Holdout object at 0x00000250F2A0CB00>,3,ARMA,2.5363792551992685,1.2187089556726187,1.5926014112763018
datasets/synthetic_data/s2.csv,219,<timecave.validation_methods.prequential.Growing_Window object at 0x00000250F2658B90>,0,Tree,2.748832369444374,1.3404172898994522,1.6579603039410726
datasets/synthetic_data/s2.csv,219,<timecave.validation_methods.prequential.Growing_Window object at 0x00000250F2658B90>,0,ARMA,1.9622239796814536,1.212528363688194,1.400794053271734
datasets/synthetic_data/s2.csv,219,<timecave.validation_methods.prequential.Growing_Window object at 0x00000250F2658B90>,1,Tree,2.7486446716401813,1.3367722476719668,1.6579036979391117
datasets/synthetic_data/s2.csv,219,<timecave.validation_methods.prequential.Growing_Window object at 0x00000250F2658B90>,1,ARMA,2.1432455557515975,1.100944387591901,1.4639827716717153
datasets/synthetic_data/s2.csv,219,<timecave.validation_methods.prequential.Growing_Window object at 0x00000250F2658B90>,2,Tree,4.335679768630482,1.738112069410934,2.0822295187203745
datasets/synthetic_data/s2.csv,219,<timecave.validation_methods.prequential.Growing_Window object at 0x00000250F2658B90>,2,ARMA,2.5114256826003443,1.2952106693947383,1.5847478293407895
datasets/synthetic_data/s2.csv,219,<timecave.validation_methods.prequential.Growing_Window object at 0x00000250F2658B90>,3,Tree,3.5207350182810546,1.465051773401527,1.876362176734826
datasets/synthetic_data/s2.csv,219,<timecave.validation_methods.prequential.Growing_Window object at 0x00000250F2658B90>,3,ARMA,2.3080359483035178,1.1330301479994844,1.5192221523870424
datasets/synthetic_data/s2.csv,219,<timecave.validation_methods.prequential.Growing_Window object at 0x00000250F29F5EB0>,0,Tree,2.6217062660091206,1.3324719252233994,1.6191683871695126
datasets/synthetic_data/s2.csv,219,<timecave.validation_methods.prequential.Growing_Window object at 0x00000250F29F5EB0>,0,ARMA,2.6344968812125713,1.217524399396833,1.6231133297501352
datasets/synthetic_data/s2.csv,219,<timecave.validation_methods.prequential.Growing_Window object at 0x00000250F29F5EB0>,1,Tree,3.383818916454249,1.504983344362687,1.839515946235381
datasets/synthetic_data/s2.csv,219,<timecave.validation_methods.prequential.Growing_Window object at 0x00000250F29F5EB0>,1,ARMA,2.6816589356055176,1.3538812888076492,1.6375771540924469
datasets/synthetic_data/s2.csv,219,<timecave.validation_methods.prequential.Growing_Window object at 0x00000250F29F5EB0>,2,Tree,4.165994321460798,1.6513082428022987,2.0410767554065177
datasets/synthetic_data/s2.csv,219,<timecave.validation_methods.prequential.Growing_Window object at 0x00000250F29F5EB0>,2,ARMA,2.53431192787813,1.191796083396408,1.5919522379387299
datasets/synthetic_data/s2.csv,219,<timecave.validation_methods.prequential.Rolling_Window object at 0x00000250F29F7530>,0,Tree,2.3357979493233443,1.175020069256583,1.5283317536854832
datasets/synthetic_data/s2.csv,219,<timecave.validation_methods.prequential.Rolling_Window object at 0x00000250F29F7530>,0,ARMA,1.9622239796814536,1.212528363688194,1.400794053271734
datasets/synthetic_data/s2.csv,219,<timecave.validation_methods.prequential.Rolling_Window object at 0x00000250F29F7530>,1,Tree,2.2783247750245477,1.136100048624195,1.5094120627000924
datasets/synthetic_data/s2.csv,219,<timecave.validation_methods.prequential.Rolling_Window object at 0x00000250F29F7530>,1,ARMA,2.0244265556733874,1.0684975201733173,1.4228234450111465
datasets/synthetic_data/s2.csv,219,<timecave.validation_methods.prequential.Rolling_Window object at 0x00000250F29F7530>,2,Tree,4.789048232984175,1.7547629041838975,2.1883894152970527
datasets/synthetic_data/s2.csv,219,<timecave.validation_methods.prequential.Rolling_Window object at 0x00000250F29F7530>,2,ARMA,2.388075438731314,1.2577214199064701,1.5453399104181946
datasets/synthetic_data/s2.csv,219,<timecave.validation_methods.prequential.Rolling_Window object at 0x00000250F29F7530>,3,Tree,2.271699950389891,1.2425072667943464,1.5072159601032267
datasets/synthetic_data/s2.csv,219,<timecave.validation_methods.prequential.Rolling_Window object at 0x00000250F29F7530>,3,ARMA,1.959836034028172,1.0949018927560752,1.3999414394995857
datasets/synthetic_data/s2.csv,219,<timecave.validation_methods.prequential.Rolling_Window object at 0x00000250F29F7350>,0,Tree,2.538276144255579,1.2978766546706506,1.5931968316110783
datasets/synthetic_data/s2.csv,219,<timecave.validation_methods.prequential.Rolling_Window object at 0x00000250F29F7350>,0,ARMA,2.6344968812125713,1.217524399396833,1.6231133297501352
datasets/synthetic_data/s2.csv,219,<timecave.validation_methods.prequential.Rolling_Window object at 0x00000250F29F7350>,1,Tree,4.2698742394027045,1.624498826745681,2.066367401843802
datasets/synthetic_data/s2.csv,219,<timecave.validation_methods.prequential.Rolling_Window object at 0x00000250F29F7350>,1,ARMA,2.629817128782298,1.3552895569093986,1.6216710914307801
datasets/synthetic_data/s2.csv,219,<timecave.validation_methods.prequential.Rolling_Window object at 0x00000250F29F7350>,2,Tree,3.8432132450303187,1.4518793374330075,1.960411498902799
datasets/synthetic_data/s2.csv,219,<timecave.validation_methods.prequential.Rolling_Window object at 0x00000250F29F7350>,2,ARMA,2.5065337658850706,1.171370153871992,1.583203640055527
datasets/synthetic_data/s2.csv,219,<timecave.validation_methods.CV.Block_CV object at 0x00000250F29F7C80>,0,Tree,3.737835657000914,1.526746251485325,1.9333483020399904
datasets/synthetic_data/s2.csv,219,<timecave.validation_methods.CV.Block_CV object at 0x00000250F29F7C80>,0,ARMA,1.9329419612621477,1.1471952519700017,1.3903028307754206
datasets/synthetic_data/s2.csv,219,<timecave.validation_methods.CV.Block_CV object at 0x00000250F29F7C80>,1,Tree,2.7126193374815597,1.3105735691857516,1.6470031382731363
datasets/synthetic_data/s2.csv,219,<timecave.validation_methods.CV.Block_CV object at 0x00000250F29F7C80>,1,ARMA,2.190199958482225,1.2630233718018538,1.4799324168630894
datasets/synthetic_data/s2.csv,219,<timecave.validation_methods.CV.Block_CV object at 0x00000250F29F7C80>,2,Tree,2.2711218526804493,1.2159576280186382,1.5070241712329797
datasets/synthetic_data/s2.csv,219,<timecave.validation_methods.CV.Block_CV object at 0x00000250F29F7C80>,2,ARMA,2.263207104508009,1.1213573982526777,1.5043959267785887
datasets/synthetic_data/s2.csv,219,<timecave.validation_methods.CV.Block_CV object at 0x00000250F29F7C80>,3,Tree,2.433459856673358,1.323261286942248,1.5599550816204157
datasets/synthetic_data/s2.csv,219,<timecave.validation_methods.CV.Block_CV object at 0x00000250F29F7C80>,3,ARMA,2.4648514362063625,1.3252900881755143,1.5699845337475025
datasets/synthetic_data/s2.csv,219,<timecave.validation_methods.CV.Block_CV object at 0x00000250F29F7C80>,4,Tree,3.7008349726276264,1.5225686234333369,1.9237554347233503
datasets/synthetic_data/s2.csv,219,<timecave.validation_methods.CV.Block_CV object at 0x00000250F29F7C80>,4,ARMA,2.3080359483035178,1.1330301479994844,1.5192221523870424
datasets/synthetic_data/s2.csv,219,<timecave.validation_methods.CV.AdaptedhvBlockCV object at 0x00000250F29F6E70>,0,Tree,4.273422562421982,1.6833173594904305,2.0672258131181467
datasets/synthetic_data/s2.csv,219,<timecave.validation_methods.CV.AdaptedhvBlockCV object at 0x00000250F29F6E70>,0,ARMA,1.9270053443478197,1.1451194367697255,1.388166180378927
datasets/synthetic_data/s2.csv,219,<timecave.validation_methods.CV.AdaptedhvBlockCV object at 0x00000250F29F6E70>,1,Tree,3.2443438723730247,1.4224567496192226,1.8012062270525895
datasets/synthetic_data/s2.csv,219,<timecave.validation_methods.CV.AdaptedhvBlockCV object at 0x00000250F29F6E70>,1,ARMA,2.1921193706592046,1.2624749245476483,1.4805807545214158
datasets/synthetic_data/s2.csv,219,<timecave.validation_methods.CV.AdaptedhvBlockCV object at 0x00000250F29F6E70>,2,Tree,2.7310102149889492,1.3231049217003783,1.6525768408727473
datasets/synthetic_data/s2.csv,219,<timecave.validation_methods.CV.AdaptedhvBlockCV object at 0x00000250F29F6E70>,2,ARMA,2.294209273490265,1.1272057384459082,1.5146647396339115
datasets/synthetic_data/s2.csv,219,<timecave.validation_methods.CV.AdaptedhvBlockCV object at 0x00000250F29F6E70>,3,Tree,1.7435431808176591,1.0949199633422555,1.3204329520341649
datasets/synthetic_data/s2.csv,219,<timecave.validation_methods.CV.AdaptedhvBlockCV object at 0x00000250F29F6E70>,3,ARMA,2.4690073032315247,1.3231656266791125,1.571307513897749
datasets/synthetic_data/s2.csv,219,<timecave.validation_methods.CV.AdaptedhvBlockCV object at 0x00000250F29F6E70>,4,Tree,2.549767635743225,1.321583114031801,1.5967991845386271
datasets/synthetic_data/s2.csv,219,<timecave.validation_methods.CV.AdaptedhvBlockCV object at 0x00000250F29F6E70>,4,ARMA,2.289066014667323,1.1339832123854698,1.5129659661298807
datasets/synthetic_data/s2.csv,219,<timecave.validation_methods.markov.MarkovCV object at 0x00000250F29B1790>,0,Tree,10.795049598347658,2.643821176746557,3.285582079076348
datasets/synthetic_data/s2.csv,219,<timecave.validation_methods.markov.MarkovCV object at 0x00000250F29B1790>,0,ARMA,4.1068300054388605,1.52366661514181,2.0265315209586205
datasets/synthetic_data/s2.csv,219,<timecave.validation_methods.markov.MarkovCV object at 0x00000250F29B1790>,1,Tree,7.885432730039097,2.4003567047932473,2.808101267767795
datasets/synthetic_data/s2.csv,219,<timecave.validation_methods.markov.MarkovCV object at 0x00000250F29B1790>,1,ARMA,3.3408223136076547,1.5975212405358863,1.8277916493976152
datasets/synthetic_data/s2.csv,219,<timecave.validation_methods.markov.MarkovCV object at 0x00000250F29B1790>,2,Tree,5.314908554591933,2.0543309817487327,2.3054085439661085
datasets/synthetic_data/s2.csv,219,<timecave.validation_methods.markov.MarkovCV object at 0x00000250F29B1790>,2,ARMA,2.4137592091498146,1.179307617463571,1.5536277575886106
datasets/synthetic_data/s2.csv,219,<timecave.validation_methods.markov.MarkovCV object at 0x00000250F29B1790>,3,Tree,7.296223254994679,2.0687750389713377,2.7011522087795568
datasets/synthetic_data/s2.csv,219,<timecave.validation_methods.markov.MarkovCV object at 0x00000250F29B1790>,3,ARMA,2.660555268855948,1.2908210765142403,1.6311208627370162
datasets/synthetic_data/s2.csv,219,<timecave.validation_methods.markov.MarkovCV object at 0x00000250F29B1790>,4,Tree,5.027483544856977,2.0283045667331527,2.242205063070052
datasets/synthetic_data/s2.csv,219,<timecave.validation_methods.markov.MarkovCV object at 0x00000250F29B1790>,4,ARMA,3.3521861412977696,1.544357296468243,1.8308976326648547
datasets/synthetic_data/s2.csv,219,<timecave.validation_methods.markov.MarkovCV object at 0x00000250F29B1790>,5,Tree,3.969772511818701,1.5306045742912173,1.992428797176627
datasets/synthetic_data/s2.csv,219,<timecave.validation_methods.markov.MarkovCV object at 0x00000250F29B1790>,5,ARMA,2.6285652311008985,1.5710124922346744,1.6212850554732496
datasets/synthetic_data/s2.csv,219,<timecave.validation_methods.markov.MarkovCV object at 0x00000250F29B1790>,6,Tree,3.1868318489375143,1.4884668439781008,1.7851699776036773
datasets/synthetic_data/s2.csv,219,<timecave.validation_methods.markov.MarkovCV object at 0x00000250F29B1790>,6,ARMA,1.3577642029380819,0.9398195758778933,1.1652313945899682
datasets/synthetic_data/s2.csv,219,<timecave.validation_methods.markov.MarkovCV object at 0x00000250F29B1790>,7,Tree,2.925839151980327,1.3705207308659797,1.7105084483802842
datasets/synthetic_data/s2.csv,219,<timecave.validation_methods.markov.MarkovCV object at 0x00000250F29B1790>,7,ARMA,1.9006350458008852,1.1369611715309587,1.3786352112871936
datasets/synthetic_data/s2.csv,219,<timecave.validation_methods.markov.MarkovCV object at 0x00000250F29B1790>,8,Tree,3.359330276519553,1.6426732023559936,1.8328475868220884
datasets/synthetic_data/s2.csv,219,<timecave.validation_methods.markov.MarkovCV object at 0x00000250F29B1790>,8,ARMA,1.7575329657075498,1.1955908409718639,1.3257197915500658
datasets/synthetic_data/s2.csv,219,<timecave.validation_methods.markov.MarkovCV object at 0x00000250F29B1790>,9,Tree,5.564700494232465,2.04471245709561,2.358961740730965
datasets/synthetic_data/s2.csv,219,<timecave.validation_methods.markov.MarkovCV object at 0x00000250F29B1790>,9,ARMA,2.465528450144431,1.1852934877482613,1.5702001306026028
datasets/synthetic_data/s2.csv,220,<timecave.validation_methods.OOS.Holdout object at 0x00000250F265B410>,0,Tree,2.0397281932939593,1.2056144288229673,1.4281905311596066
datasets/synthetic_data/s2.csv,220,<timecave.validation_methods.OOS.Holdout object at 0x00000250F265B410>,0,ARMA,1.2062789071481144,0.9173392903016359,1.0983072917667962
datasets/synthetic_data/s2.csv,220,<timecave.validation_methods.OOS.Repeated_Holdout object at 0x00000250F6A47830>,0,Tree,2.715026310417197,1.423865258561308,1.6477336891673962
datasets/synthetic_data/s2.csv,220,<timecave.validation_methods.OOS.Repeated_Holdout object at 0x00000250F6A47830>,0,ARMA,1.1953020897391775,0.8914157316374989,1.0932987193531225
datasets/synthetic_data/s2.csv,220,<timecave.validation_methods.OOS.Repeated_Holdout object at 0x00000250F6A47830>,1,Tree,2.766927914700782,1.4691004154544418,1.6634085230937055
datasets/synthetic_data/s2.csv,220,<timecave.validation_methods.OOS.Repeated_Holdout object at 0x00000250F6A47830>,1,ARMA,1.2216163587711621,0.908933710638829,1.1052675507636882
datasets/synthetic_data/s2.csv,220,<timecave.validation_methods.OOS.Repeated_Holdout object at 0x00000250F6A47830>,2,Tree,3.0434602236832853,1.4706773155979715,1.7445515824082947
datasets/synthetic_data/s2.csv,220,<timecave.validation_methods.OOS.Repeated_Holdout object at 0x00000250F6A47830>,2,ARMA,1.2146402386906852,0.9022113189678889,1.1021071811265386
datasets/synthetic_data/s2.csv,220,<timecave.validation_methods.OOS.Repeated_Holdout object at 0x00000250F6A47830>,3,Tree,2.07764858231957,1.2392552508602472,1.4414050722540037
datasets/synthetic_data/s2.csv,220,<timecave.validation_methods.OOS.Repeated_Holdout object at 0x00000250F6A47830>,3,ARMA,1.2062789071481144,0.9173392903016359,1.0983072917667962
datasets/synthetic_data/s2.csv,220,<timecave.validation_methods.prequential.Growing_Window object at 0x00000250F6A45340>,0,Tree,2.7659537053028096,1.3853718481166966,1.663115662034006
datasets/synthetic_data/s2.csv,220,<timecave.validation_methods.prequential.Growing_Window object at 0x00000250F6A45340>,0,ARMA,1.3714170446529415,0.9728585846060063,1.1710751660986332
datasets/synthetic_data/s2.csv,220,<timecave.validation_methods.prequential.Growing_Window object at 0x00000250F6A45340>,1,Tree,2.6652692666007334,1.2964924954312127,1.6325652411468075
datasets/synthetic_data/s2.csv,220,<timecave.validation_methods.prequential.Growing_Window object at 0x00000250F6A45340>,1,ARMA,1.2586222883639095,0.9102856732811179,1.1218833666490957
datasets/synthetic_data/s2.csv,220,<timecave.validation_methods.prequential.Growing_Window object at 0x00000250F6A45340>,2,Tree,1.9922979004648071,1.193222244522026,1.4114878322057216
datasets/synthetic_data/s2.csv,220,<timecave.validation_methods.prequential.Growing_Window object at 0x00000250F6A45340>,2,ARMA,1.2997268649414853,0.9233432900574359,1.1400556411603275
datasets/synthetic_data/s2.csv,220,<timecave.validation_methods.prequential.Growing_Window object at 0x00000250F6A45340>,3,Tree,3.3095146760144702,1.6062707734278323,1.8192071558826033
datasets/synthetic_data/s2.csv,220,<timecave.validation_methods.prequential.Growing_Window object at 0x00000250F6A45340>,3,ARMA,1.253247358315455,0.9197742491688008,1.1194853095576802
datasets/synthetic_data/s2.csv,220,<timecave.validation_methods.prequential.Growing_Window object at 0x00000250F6A44320>,0,Tree,3.084433678927264,1.3941594910337487,1.756255584739096
datasets/synthetic_data/s2.csv,220,<timecave.validation_methods.prequential.Growing_Window object at 0x00000250F6A44320>,0,ARMA,1.648533103939004,1.0677671851596247,1.2839521423865472
datasets/synthetic_data/s2.csv,220,<timecave.validation_methods.prequential.Growing_Window object at 0x00000250F6A44320>,1,Tree,2.4862408463270618,1.3322304057339684,1.5767818004806695
datasets/synthetic_data/s2.csv,220,<timecave.validation_methods.prequential.Growing_Window object at 0x00000250F6A44320>,1,ARMA,1.7988294498141464,1.0761432361215792,1.3412044772569716
datasets/synthetic_data/s2.csv,220,<timecave.validation_methods.prequential.Growing_Window object at 0x00000250F6A44320>,2,Tree,2.749701776701004,1.4099583531205435,1.6582224750319252
datasets/synthetic_data/s2.csv,220,<timecave.validation_methods.prequential.Growing_Window object at 0x00000250F6A44320>,2,ARMA,1.2601073158241167,0.9303916560038685,1.1225450172817644
datasets/synthetic_data/s2.csv,220,<timecave.validation_methods.prequential.Rolling_Window object at 0x00000250F6A45EE0>,0,Tree,2.9958683019089363,1.4748922481181748,1.7308576781205716
datasets/synthetic_data/s2.csv,220,<timecave.validation_methods.prequential.Rolling_Window object at 0x00000250F6A45EE0>,0,ARMA,1.3714170446529415,0.9728585846060063,1.1710751660986332
datasets/synthetic_data/s2.csv,220,<timecave.validation_methods.prequential.Rolling_Window object at 0x00000250F6A45EE0>,1,Tree,2.307043832506889,1.283796243784921,1.518895596315589
datasets/synthetic_data/s2.csv,220,<timecave.validation_methods.prequential.Rolling_Window object at 0x00000250F6A45EE0>,1,ARMA,1.3500924625534907,0.9656461157769877,1.1619347927287016
datasets/synthetic_data/s2.csv,220,<timecave.validation_methods.prequential.Rolling_Window object at 0x00000250F6A45EE0>,2,Tree,1.6051466635009712,1.0406165878464257,1.266943828076435
datasets/synthetic_data/s2.csv,220,<timecave.validation_methods.prequential.Rolling_Window object at 0x00000250F6A45EE0>,2,ARMA,1.4092647321074492,0.9383163715236522,1.1871245646971715
datasets/synthetic_data/s2.csv,220,<timecave.validation_methods.prequential.Rolling_Window object at 0x00000250F6A45EE0>,3,Tree,2.3960716958017536,1.2090663090225091,1.547924964525656
datasets/synthetic_data/s2.csv,220,<timecave.validation_methods.prequential.Rolling_Window object at 0x00000250F6A45EE0>,3,ARMA,1.2568750731441158,0.9202391082107462,1.1211043988603897
datasets/synthetic_data/s2.csv,220,<timecave.validation_methods.prequential.Rolling_Window object at 0x00000250F6A45E20>,0,Tree,2.465529417686988,1.2887044172906303,1.5702004386978716
datasets/synthetic_data/s2.csv,220,<timecave.validation_methods.prequential.Rolling_Window object at 0x00000250F6A45E20>,0,ARMA,1.648533103939004,1.0677671851596247,1.2839521423865472
datasets/synthetic_data/s2.csv,220,<timecave.validation_methods.prequential.Rolling_Window object at 0x00000250F6A45E20>,1,Tree,2.0020534402376002,1.181635696868067,1.4149393768771863
datasets/synthetic_data/s2.csv,220,<timecave.validation_methods.prequential.Rolling_Window object at 0x00000250F6A45E20>,1,ARMA,1.3637481035679233,0.9626357816344975,1.1677962594425122
datasets/synthetic_data/s2.csv,220,<timecave.validation_methods.prequential.Rolling_Window object at 0x00000250F6A45E20>,2,Tree,2.3991578546159364,1.2306755467768662,1.5489215133814678
datasets/synthetic_data/s2.csv,220,<timecave.validation_methods.prequential.Rolling_Window object at 0x00000250F6A45E20>,2,ARMA,1.2671807643231694,0.904992869127905,1.125691238450033
datasets/synthetic_data/s2.csv,220,<timecave.validation_methods.CV.Block_CV object at 0x00000250F6A46720>,0,Tree,3.401095998598321,1.6003561948084686,1.8442060618592275
datasets/synthetic_data/s2.csv,220,<timecave.validation_methods.CV.Block_CV object at 0x00000250F6A46720>,0,ARMA,1.970771786111516,1.1474491591384608,1.4038417952573987
datasets/synthetic_data/s2.csv,220,<timecave.validation_methods.CV.Block_CV object at 0x00000250F6A46720>,1,Tree,3.1609784659263647,1.5302756360157785,1.7779140772057476
datasets/synthetic_data/s2.csv,220,<timecave.validation_methods.CV.Block_CV object at 0x00000250F6A46720>,1,ARMA,1.273495934634951,0.9219850832408439,1.128492771193042
datasets/synthetic_data/s2.csv,220,<timecave.validation_methods.CV.Block_CV object at 0x00000250F6A46720>,2,Tree,2.639460048478267,1.319880972740718,1.624641513835673
datasets/synthetic_data/s2.csv,220,<timecave.validation_methods.CV.Block_CV object at 0x00000250F6A46720>,2,ARMA,1.603207866241611,1.0344354421494986,1.2661784496040085
datasets/synthetic_data/s2.csv,220,<timecave.validation_methods.CV.Block_CV object at 0x00000250F6A46720>,3,Tree,3.1483642098077915,1.2734965088540746,1.7743630434067859
datasets/synthetic_data/s2.csv,220,<timecave.validation_methods.CV.Block_CV object at 0x00000250F6A46720>,3,ARMA,1.2896157785165387,0.9287620927873552,1.1356125124867806
datasets/synthetic_data/s2.csv,220,<timecave.validation_methods.CV.Block_CV object at 0x00000250F6A46720>,4,Tree,2.7758149288535408,1.5022435357316706,1.6660777079276767
datasets/synthetic_data/s2.csv,220,<timecave.validation_methods.CV.Block_CV object at 0x00000250F6A46720>,4,ARMA,1.253247358315455,0.9197742491688008,1.1194853095576802
datasets/synthetic_data/s2.csv,220,<timecave.validation_methods.CV.AdaptedhvBlockCV object at 0x00000250F6A44140>,0,Tree,4.029710092425067,1.7357764156372686,2.0074137820651394
datasets/synthetic_data/s2.csv,220,<timecave.validation_methods.CV.AdaptedhvBlockCV object at 0x00000250F6A44140>,0,ARMA,1.970039968220806,1.1474736472450862,1.403581122778732
datasets/synthetic_data/s2.csv,220,<timecave.validation_methods.CV.AdaptedhvBlockCV object at 0x00000250F6A44140>,1,Tree,2.5440608911105653,1.3914909025501132,1.5950112510921561
datasets/synthetic_data/s2.csv,220,<timecave.validation_methods.CV.AdaptedhvBlockCV object at 0x00000250F6A44140>,1,ARMA,1.2925829900875887,0.9311370901662788,1.136918198503124
datasets/synthetic_data/s2.csv,220,<timecave.validation_methods.CV.AdaptedhvBlockCV object at 0x00000250F6A44140>,2,Tree,3.2802172476589884,1.4441235789612523,1.8111370041106742
datasets/synthetic_data/s2.csv,220,<timecave.validation_methods.CV.AdaptedhvBlockCV object at 0x00000250F6A44140>,2,ARMA,1.610548744280126,1.035587357592139,1.2690739711616994
datasets/synthetic_data/s2.csv,220,<timecave.validation_methods.CV.AdaptedhvBlockCV object at 0x00000250F6A44140>,3,Tree,2.1864409850268123,1.1818955540127118,1.4786618900299056
datasets/synthetic_data/s2.csv,220,<timecave.validation_methods.CV.AdaptedhvBlockCV object at 0x00000250F6A44140>,3,ARMA,1.2785203646118786,0.9269871184668724,1.1307167481787288
datasets/synthetic_data/s2.csv,220,<timecave.validation_methods.CV.AdaptedhvBlockCV object at 0x00000250F6A44140>,4,Tree,3.058137092110103,1.5104055523775526,1.748753010607874
datasets/synthetic_data/s2.csv,220,<timecave.validation_methods.CV.AdaptedhvBlockCV object at 0x00000250F6A44140>,4,ARMA,1.2734761878842908,0.9245278270325397,1.1284840219889207
datasets/synthetic_data/s2.csv,220,<timecave.validation_methods.markov.MarkovCV object at 0x00000250F6A457F0>,0,Tree,3.668959903717898,1.7191299916760112,1.9154529239106604
datasets/synthetic_data/s2.csv,220,<timecave.validation_methods.markov.MarkovCV object at 0x00000250F6A457F0>,0,ARMA,2.737353858030792,1.2901331017104984,1.6544950462394235
datasets/synthetic_data/s2.csv,220,<timecave.validation_methods.markov.MarkovCV object at 0x00000250F6A457F0>,1,Tree,1.9857477668382901,1.203680258518109,1.4091656278941416
datasets/synthetic_data/s2.csv,220,<timecave.validation_methods.markov.MarkovCV object at 0x00000250F6A457F0>,1,ARMA,1.5161978204003175,1.023109040927565,1.2313398476457738
datasets/synthetic_data/s2.csv,220,<timecave.validation_methods.markov.MarkovCV object at 0x00000250F6A457F0>,2,Tree,1.376583583421408,1.0329733897266393,1.1732789878888175
datasets/synthetic_data/s2.csv,220,<timecave.validation_methods.markov.MarkovCV object at 0x00000250F6A457F0>,2,ARMA,2.156301823223094,1.282954520242064,1.4684351613956588
datasets/synthetic_data/s2.csv,220,<timecave.validation_methods.markov.MarkovCV object at 0x00000250F6A457F0>,3,Tree,1.2902432505055148,0.9033423283639257,1.135888749176395
datasets/synthetic_data/s2.csv,220,<timecave.validation_methods.markov.MarkovCV object at 0x00000250F6A457F0>,3,ARMA,1.4704723419900954,1.0299934699980609,1.2126303402068148
datasets/synthetic_data/s2.csv,220,<timecave.validation_methods.markov.MarkovCV object at 0x00000250F6A457F0>,4,Tree,2.73704041671171,1.4582877851263214,1.6544003193640013
datasets/synthetic_data/s2.csv,220,<timecave.validation_methods.markov.MarkovCV object at 0x00000250F6A457F0>,4,ARMA,1.0863799013281783,0.8469440119567131,1.04229549616612
datasets/synthetic_data/s2.csv,220,<timecave.validation_methods.markov.MarkovCV object at 0x00000250F6A457F0>,5,Tree,1.4342002869862407,0.9562167703108408,1.1975810147903316
datasets/synthetic_data/s2.csv,220,<timecave.validation_methods.markov.MarkovCV object at 0x00000250F6A457F0>,5,ARMA,1.1328598761237432,0.8472078798290945,1.0643589038119348
datasets/synthetic_data/s2.csv,220,<timecave.validation_methods.markov.MarkovCV object at 0x00000250F6A457F0>,6,Tree,4.087458210169246,1.6578354613657276,2.0217463268593434
datasets/synthetic_data/s2.csv,220,<timecave.validation_methods.markov.MarkovCV object at 0x00000250F6A457F0>,6,ARMA,1.2004990379683909,0.8136085131705424,1.0956728699609162
datasets/synthetic_data/s2.csv,220,<timecave.validation_methods.markov.MarkovCV object at 0x00000250F6A457F0>,7,Tree,3.013263384469383,1.235870791359191,1.7358753942807597
datasets/synthetic_data/s2.csv,220,<timecave.validation_methods.markov.MarkovCV object at 0x00000250F6A457F0>,7,ARMA,2.102606339146972,1.1803325235720747,1.4500366682077293
datasets/synthetic_data/s2.csv,220,<timecave.validation_methods.markov.MarkovCV object at 0x00000250F6A457F0>,8,Tree,3.122969535975805,1.530437596153552,1.767192557695908
datasets/synthetic_data/s2.csv,220,<timecave.validation_methods.markov.MarkovCV object at 0x00000250F6A457F0>,8,ARMA,2.179474532635446,1.3526943552285258,1.476304349595789
datasets/synthetic_data/s2.csv,220,<timecave.validation_methods.markov.MarkovCV object at 0x00000250F6A457F0>,9,Tree,1.6474847658525953,1.0269106683151124,1.2835438309043425
datasets/synthetic_data/s2.csv,220,<timecave.validation_methods.markov.MarkovCV object at 0x00000250F6A457F0>,9,ARMA,0.9055056263268567,0.783257003304223,0.9515805937107255
datasets/synthetic_data/s2.csv,221,<timecave.validation_methods.OOS.Holdout object at 0x00000250F2A0F4A0>,0,Tree,3.7672648679024174,1.5161659330414852,1.9409443237513067
datasets/synthetic_data/s2.csv,221,<timecave.validation_methods.OOS.Holdout object at 0x00000250F2A0F4A0>,0,ARMA,2.72546370347003,1.4110116833896191,1.6508978476786593
datasets/synthetic_data/s2.csv,221,<timecave.validation_methods.OOS.Repeated_Holdout object at 0x00000250F2668CB0>,0,Tree,3.149919741754121,1.3796350796497407,1.7748013245865355
datasets/synthetic_data/s2.csv,221,<timecave.validation_methods.OOS.Repeated_Holdout object at 0x00000250F2668CB0>,0,ARMA,2.7624742349804357,1.4029652244103719,1.6620692629912976
datasets/synthetic_data/s2.csv,221,<timecave.validation_methods.OOS.Repeated_Holdout object at 0x00000250F2668CB0>,1,Tree,3.629613740488356,1.5270058662684052,1.9051545187958787
datasets/synthetic_data/s2.csv,221,<timecave.validation_methods.OOS.Repeated_Holdout object at 0x00000250F2668CB0>,1,ARMA,2.549355744850275,1.3573809116391344,1.5966702054119615
datasets/synthetic_data/s2.csv,221,<timecave.validation_methods.OOS.Repeated_Holdout object at 0x00000250F2668CB0>,2,Tree,3.625282523152875,1.425025788136979,1.9040174692352156
datasets/synthetic_data/s2.csv,221,<timecave.validation_methods.OOS.Repeated_Holdout object at 0x00000250F2668CB0>,2,ARMA,2.542568148253394,1.3705822955152938,1.5945432412617082
datasets/synthetic_data/s2.csv,221,<timecave.validation_methods.OOS.Repeated_Holdout object at 0x00000250F2668CB0>,3,Tree,3.652992089615287,1.442187783028255,1.911280222681982
datasets/synthetic_data/s2.csv,221,<timecave.validation_methods.OOS.Repeated_Holdout object at 0x00000250F2668CB0>,3,ARMA,2.72546370347003,1.4110116833896191,1.6508978476786593
datasets/synthetic_data/s2.csv,221,<timecave.validation_methods.prequential.Growing_Window object at 0x00000250F6A463F0>,0,Tree,5.228538732059622,1.8907073883493988,2.286599818958189
datasets/synthetic_data/s2.csv,221,<timecave.validation_methods.prequential.Growing_Window object at 0x00000250F6A463F0>,0,ARMA,2.8141431071029386,1.3617309882198043,1.6775407914870322
datasets/synthetic_data/s2.csv,221,<timecave.validation_methods.prequential.Growing_Window object at 0x00000250F6A463F0>,1,Tree,1.9811457460042479,1.1311008930589213,1.4075317921824173
datasets/synthetic_data/s2.csv,221,<timecave.validation_methods.prequential.Growing_Window object at 0x00000250F6A463F0>,1,ARMA,0.9986917194625965,0.7757955393368137,0.999345645641485
datasets/synthetic_data/s2.csv,221,<timecave.validation_methods.prequential.Growing_Window object at 0x00000250F6A463F0>,2,Tree,4.803444540897358,1.703140646525392,2.191676194353846
datasets/synthetic_data/s2.csv,221,<timecave.validation_methods.prequential.Growing_Window object at 0x00000250F6A463F0>,2,ARMA,2.6989690814976135,1.4465776590291246,1.6428539440551657
datasets/synthetic_data/s2.csv,221,<timecave.validation_methods.prequential.Growing_Window object at 0x00000250F6A463F0>,3,Tree,2.8017577020293998,1.3271881530054745,1.6738451846062108
datasets/synthetic_data/s2.csv,221,<timecave.validation_methods.prequential.Growing_Window object at 0x00000250F6A463F0>,3,ARMA,2.5828620896745518,1.3674660225799022,1.607128523072922
datasets/synthetic_data/s2.csv,221,<timecave.validation_methods.prequential.Growing_Window object at 0x00000250F6A45970>,0,Tree,1.7103342004044908,1.010401344078853,1.3077974615377148
datasets/synthetic_data/s2.csv,221,<timecave.validation_methods.prequential.Growing_Window object at 0x00000250F6A45970>,0,ARMA,1.0501433776869196,0.8483549327786662,1.024765035355383
datasets/synthetic_data/s2.csv,221,<timecave.validation_methods.prequential.Growing_Window object at 0x00000250F6A45970>,1,Tree,3.2907844808264266,1.418311882675391,1.8140519509723052
datasets/synthetic_data/s2.csv,221,<timecave.validation_methods.prequential.Growing_Window object at 0x00000250F6A45970>,1,ARMA,2.8825254670853666,1.4935331373550045,1.6978001846758548
datasets/synthetic_data/s2.csv,221,<timecave.validation_methods.prequential.Growing_Window object at 0x00000250F6A45970>,2,Tree,3.916722909974232,1.6321501049927674,1.9790712240781614
datasets/synthetic_data/s2.csv,221,<timecave.validation_methods.prequential.Growing_Window object at 0x00000250F6A45970>,2,ARMA,2.4217037829392014,1.334215086161231,1.5561824388352419
datasets/synthetic_data/s2.csv,221,<timecave.validation_methods.prequential.Rolling_Window object at 0x00000250F6A45400>,0,Tree,5.712596081026955,2.022496656803975,2.390103780388407
datasets/synthetic_data/s2.csv,221,<timecave.validation_methods.prequential.Rolling_Window object at 0x00000250F6A45400>,0,ARMA,2.8141431071029386,1.3617309882198043,1.6775407914870322
datasets/synthetic_data/s2.csv,221,<timecave.validation_methods.prequential.Rolling_Window object at 0x00000250F6A45400>,1,Tree,1.113692817709315,0.8462887137002078,1.0553164538228876
datasets/synthetic_data/s2.csv,221,<timecave.validation_methods.prequential.Rolling_Window object at 0x00000250F6A45400>,1,ARMA,0.9772912184674931,0.7632647143324891,0.9885804056663743
datasets/synthetic_data/s2.csv,221,<timecave.validation_methods.prequential.Rolling_Window object at 0x00000250F6A45400>,2,Tree,2.5926328560420493,1.3573475144452078,1.61016547473918
datasets/synthetic_data/s2.csv,221,<timecave.validation_methods.prequential.Rolling_Window object at 0x00000250F6A45400>,2,ARMA,2.587371729391233,1.411254163890609,1.608530922733919
datasets/synthetic_data/s2.csv,221,<timecave.validation_methods.prequential.Rolling_Window object at 0x00000250F6A45400>,3,Tree,3.8765512801361695,1.6337779460780453,1.9688959546243598
datasets/synthetic_data/s2.csv,221,<timecave.validation_methods.prequential.Rolling_Window object at 0x00000250F6A45400>,3,ARMA,2.9870184102983894,1.398503660765348,1.7282992826181436
datasets/synthetic_data/s2.csv,221,<timecave.validation_methods.prequential.Rolling_Window object at 0x00000250F6A45BB0>,0,Tree,1.9931363196667176,1.1201303699354426,1.4117847993468118
datasets/synthetic_data/s2.csv,221,<timecave.validation_methods.prequential.Rolling_Window object at 0x00000250F6A45BB0>,0,ARMA,1.0501433776869196,0.8483549327786662,1.024765035355383
datasets/synthetic_data/s2.csv,221,<timecave.validation_methods.prequential.Rolling_Window object at 0x00000250F6A45BB0>,1,Tree,3.449943164977876,1.498596336630271,1.8574022625640025
datasets/synthetic_data/s2.csv,221,<timecave.validation_methods.prequential.Rolling_Window object at 0x00000250F6A45BB0>,1,ARMA,2.8594682730222143,1.4920767624738587,1.6909962368444864
datasets/synthetic_data/s2.csv,221,<timecave.validation_methods.prequential.Rolling_Window object at 0x00000250F6A45BB0>,2,Tree,2.9579059238315866,1.4022460367763125,1.7198563672096536
datasets/synthetic_data/s2.csv,221,<timecave.validation_methods.prequential.Rolling_Window object at 0x00000250F6A45BB0>,2,ARMA,2.4564844597348414,1.32671634338467,1.5673176001483686
datasets/synthetic_data/s2.csv,221,<timecave.validation_methods.CV.Block_CV object at 0x00000250F6A46480>,0,Tree,2.7614266039608886,1.4020079740760758,1.6617540744529224
datasets/synthetic_data/s2.csv,221,<timecave.validation_methods.CV.Block_CV object at 0x00000250F6A46480>,0,ARMA,1.0950610488539674,0.9194945749853267,1.046451646687016
datasets/synthetic_data/s2.csv,221,<timecave.validation_methods.CV.Block_CV object at 0x00000250F6A46480>,1,Tree,2.3857308681165623,1.2829402278591204,1.5445811303122159
datasets/synthetic_data/s2.csv,221,<timecave.validation_methods.CV.Block_CV object at 0x00000250F6A46480>,1,ARMA,2.512015697067422,1.3091477220312533,1.584933972463024
datasets/synthetic_data/s2.csv,221,<timecave.validation_methods.CV.Block_CV object at 0x00000250F6A46480>,2,Tree,2.7960260710508233,1.3090753021769916,1.67213219305497
datasets/synthetic_data/s2.csv,221,<timecave.validation_methods.CV.Block_CV object at 0x00000250F6A46480>,2,ARMA,0.9900658137974139,0.795579772966144,0.9950205092345654
datasets/synthetic_data/s2.csv,221,<timecave.validation_methods.CV.Block_CV object at 0x00000250F6A46480>,3,Tree,3.213771351394191,1.3985756364610293,1.7926994593054886
datasets/synthetic_data/s2.csv,221,<timecave.validation_methods.CV.Block_CV object at 0x00000250F6A46480>,3,ARMA,2.9000276103740514,1.4891987928200887,1.7029467432583003
datasets/synthetic_data/s2.csv,221,<timecave.validation_methods.CV.Block_CV object at 0x00000250F6A46480>,4,Tree,2.7007914865417026,1.2699960236413939,1.6434084965527296
datasets/synthetic_data/s2.csv,221,<timecave.validation_methods.CV.Block_CV object at 0x00000250F6A46480>,4,ARMA,2.5828620896745518,1.3674660225799022,1.607128523072922
datasets/synthetic_data/s2.csv,221,<timecave.validation_methods.CV.AdaptedhvBlockCV object at 0x00000250F6A46330>,0,Tree,3.042143449272229,1.4874346414961592,1.7441741453399167
datasets/synthetic_data/s2.csv,221,<timecave.validation_methods.CV.AdaptedhvBlockCV object at 0x00000250F6A46330>,0,ARMA,1.1012655726251461,0.9232229470562328,1.049412012807718
datasets/synthetic_data/s2.csv,221,<timecave.validation_methods.CV.AdaptedhvBlockCV object at 0x00000250F6A46330>,1,Tree,2.678024401105537,1.3109574613538724,1.6364670485853166
datasets/synthetic_data/s2.csv,221,<timecave.validation_methods.CV.AdaptedhvBlockCV object at 0x00000250F6A46330>,1,ARMA,2.50951458708043,1.3106715290868016,1.584144749409103
datasets/synthetic_data/s2.csv,221,<timecave.validation_methods.CV.AdaptedhvBlockCV object at 0x00000250F6A46330>,2,Tree,1.6869108609501995,1.0871727009938181,1.2988113261556504
datasets/synthetic_data/s2.csv,221,<timecave.validation_methods.CV.AdaptedhvBlockCV object at 0x00000250F6A46330>,2,ARMA,1.0006791546138785,0.8019230661512765,1.0003395196701361
datasets/synthetic_data/s2.csv,221,<timecave.validation_methods.CV.AdaptedhvBlockCV object at 0x00000250F6A46330>,3,Tree,3.4273673358280083,1.371622258478465,1.8513150287911586
datasets/synthetic_data/s2.csv,221,<timecave.validation_methods.CV.AdaptedhvBlockCV object at 0x00000250F6A46330>,3,ARMA,2.933416438784927,1.5015852556215321,1.7127219385483818
datasets/synthetic_data/s2.csv,221,<timecave.validation_methods.CV.AdaptedhvBlockCV object at 0x00000250F6A46330>,4,Tree,2.873496617320441,1.3353097778555636,1.6951391144447234
datasets/synthetic_data/s2.csv,221,<timecave.validation_methods.CV.AdaptedhvBlockCV object at 0x00000250F6A46330>,4,ARMA,2.6507439663645407,1.3720653279081478,1.6281105510267233
datasets/synthetic_data/s2.csv,221,<timecave.validation_methods.markov.MarkovCV object at 0x00000250F6A47B60>,0,Tree,4.087284827274814,1.6120689254702534,2.0217034469166872
datasets/synthetic_data/s2.csv,221,<timecave.validation_methods.markov.MarkovCV object at 0x00000250F6A47B60>,0,ARMA,1.8938569552988411,1.0384178348610529,1.3761747546365037
datasets/synthetic_data/s2.csv,221,<timecave.validation_methods.markov.MarkovCV object at 0x00000250F6A47B60>,1,Tree,4.6137711535751915,1.9114037888241626,2.147969076494164
datasets/synthetic_data/s2.csv,221,<timecave.validation_methods.markov.MarkovCV object at 0x00000250F6A47B60>,1,ARMA,3.401164307596547,1.56566483332314,1.8442245816593343
datasets/synthetic_data/s2.csv,221,<timecave.validation_methods.markov.MarkovCV object at 0x00000250F6A47B60>,2,Tree,4.652488728885509,1.7759510996108403,2.1569628482858736
datasets/synthetic_data/s2.csv,221,<timecave.validation_methods.markov.MarkovCV object at 0x00000250F6A47B60>,2,ARMA,2.5506558220708424,1.3866483741163913,1.5970772749215494
datasets/synthetic_data/s2.csv,221,<timecave.validation_methods.markov.MarkovCV object at 0x00000250F6A47B60>,3,Tree,6.3861939531836,2.141152010666459,2.527091995393836
datasets/synthetic_data/s2.csv,221,<timecave.validation_methods.markov.MarkovCV object at 0x00000250F6A47B60>,3,ARMA,2.8774168061573397,1.384870360880763,1.6962950233250522
datasets/synthetic_data/s2.csv,221,<timecave.validation_methods.markov.MarkovCV object at 0x00000250F6A47B60>,4,Tree,3.9202121387666256,1.61203584708844,1.9799525597262742
datasets/synthetic_data/s2.csv,221,<timecave.validation_methods.markov.MarkovCV object at 0x00000250F6A47B60>,4,ARMA,2.422520809834761,1.251660892329847,1.5564449266950504
datasets/synthetic_data/s2.csv,221,<timecave.validation_methods.markov.MarkovCV object at 0x00000250F6A47B60>,5,Tree,4.110642799523431,1.6622366312925025,2.0274720218842557
datasets/synthetic_data/s2.csv,221,<timecave.validation_methods.markov.MarkovCV object at 0x00000250F6A47B60>,5,ARMA,1.4463571467324394,1.040473321942123,1.2026458941568958
datasets/synthetic_data/s2.csv,221,<timecave.validation_methods.markov.MarkovCV object at 0x00000250F6A47B60>,6,Tree,1.5833824154721137,0.920855635299083,1.2583252423249378
datasets/synthetic_data/s2.csv,221,<timecave.validation_methods.markov.MarkovCV object at 0x00000250F6A47B60>,6,ARMA,2.219320614733692,1.2089569021424005,1.4897384383621481
datasets/synthetic_data/s2.csv,221,<timecave.validation_methods.markov.MarkovCV object at 0x00000250F6A47B60>,7,Tree,4.333646220609451,1.6168257018079994,2.08174115120239
datasets/synthetic_data/s2.csv,221,<timecave.validation_methods.markov.MarkovCV object at 0x00000250F6A47B60>,7,ARMA,1.8262127418910308,1.1167503195361896,1.351374389978969
datasets/synthetic_data/s2.csv,221,<timecave.validation_methods.markov.MarkovCV object at 0x00000250F6A47B60>,8,Tree,6.393924684040768,1.9554592274401126,2.528621103297362
datasets/synthetic_data/s2.csv,221,<timecave.validation_methods.markov.MarkovCV object at 0x00000250F6A47B60>,8,ARMA,3.6427551412042876,1.6461845523016116,1.9086003094425736
datasets/synthetic_data/s2.csv,221,<timecave.validation_methods.markov.MarkovCV object at 0x00000250F6A47B60>,9,Tree,6.247140212586126,1.9936465458400405,2.49942797707518
datasets/synthetic_data/s2.csv,221,<timecave.validation_methods.markov.MarkovCV object at 0x00000250F6A47B60>,9,ARMA,2.7905342478794184,1.448544050062242,1.6704892241135285
datasets/synthetic_data/s2.csv,222,<timecave.validation_methods.OOS.Holdout object at 0x00000250F2669100>,0,Tree,1.7173944751090573,1.0251652041642578,1.3104939813326337
datasets/synthetic_data/s2.csv,222,<timecave.validation_methods.OOS.Holdout object at 0x00000250F2669100>,0,ARMA,1.7553460313737945,1.0420316817577058,1.3248947246380727
datasets/synthetic_data/s2.csv,222,<timecave.validation_methods.OOS.Repeated_Holdout object at 0x00000250F2631A30>,0,Tree,2.26647821448628,1.2051628382627386,1.5054827180961858
datasets/synthetic_data/s2.csv,222,<timecave.validation_methods.OOS.Repeated_Holdout object at 0x00000250F2631A30>,0,ARMA,2.152868953567118,1.1790554378917095,1.467265808763742
datasets/synthetic_data/s2.csv,222,<timecave.validation_methods.OOS.Repeated_Holdout object at 0x00000250F2631A30>,1,Tree,1.8753372421952945,1.10394473524862,1.3694295316646616
datasets/synthetic_data/s2.csv,222,<timecave.validation_methods.OOS.Repeated_Holdout object at 0x00000250F2631A30>,1,ARMA,2.1540289193852806,1.2048630031153325,1.4676610369514074
datasets/synthetic_data/s2.csv,222,<timecave.validation_methods.OOS.Repeated_Holdout object at 0x00000250F2631A30>,2,Tree,2.2866288290089107,1.2484305396208837,1.51216031855386
datasets/synthetic_data/s2.csv,222,<timecave.validation_methods.OOS.Repeated_Holdout object at 0x00000250F2631A30>,2,ARMA,1.8701662992168906,1.078125866581515,1.367540236781679
datasets/synthetic_data/s2.csv,222,<timecave.validation_methods.OOS.Repeated_Holdout object at 0x00000250F2631A30>,3,Tree,1.8400211267345001,1.0626706324413748,1.356473784020355
datasets/synthetic_data/s2.csv,222,<timecave.validation_methods.OOS.Repeated_Holdout object at 0x00000250F2631A30>,3,ARMA,1.7553460313737945,1.0420316817577058,1.3248947246380727
datasets/synthetic_data/s2.csv,222,<timecave.validation_methods.prequential.Growing_Window object at 0x00000250F2630230>,0,Tree,1.1540500442879755,0.8713132427928985,1.0742672127026756
datasets/synthetic_data/s2.csv,222,<timecave.validation_methods.prequential.Growing_Window object at 0x00000250F2630230>,0,ARMA,1.2171232737167479,0.8088665243206135,1.1032331003540221
datasets/synthetic_data/s2.csv,222,<timecave.validation_methods.prequential.Growing_Window object at 0x00000250F2630230>,1,Tree,3.685127911811944,1.67054912330692,1.9196686984508406
datasets/synthetic_data/s2.csv,222,<timecave.validation_methods.prequential.Growing_Window object at 0x00000250F2630230>,1,ARMA,2.2087068901839215,1.200668952210803,1.4861718911969508
datasets/synthetic_data/s2.csv,222,<timecave.validation_methods.prequential.Growing_Window object at 0x00000250F2630230>,2,Tree,2.002100961137327,1.1163586487604762,1.4149561693343462
datasets/synthetic_data/s2.csv,222,<timecave.validation_methods.prequential.Growing_Window object at 0x00000250F2630230>,2,ARMA,0.999488243723325,0.8109534927016577,0.9997440891164724
datasets/synthetic_data/s2.csv,222,<timecave.validation_methods.prequential.Growing_Window object at 0x00000250F2630230>,3,Tree,1.793091099135727,1.1432689438776964,1.3390635157212398
datasets/synthetic_data/s2.csv,222,<timecave.validation_methods.prequential.Growing_Window object at 0x00000250F2630230>,3,ARMA,2.1852982080977483,1.2001031130269189,1.4782754168617391
datasets/synthetic_data/s2.csv,222,<timecave.validation_methods.prequential.Growing_Window object at 0x00000250F29F5310>,0,Tree,2.4901878907056676,1.2860458294441617,1.5780329181311992
datasets/synthetic_data/s2.csv,222,<timecave.validation_methods.prequential.Growing_Window object at 0x00000250F29F5310>,0,ARMA,2.0915875080253397,1.1497576486635448,1.446232176389856
datasets/synthetic_data/s2.csv,222,<timecave.validation_methods.prequential.Growing_Window object at 0x00000250F29F5310>,1,Tree,1.5003278061129048,0.9356133223845782,1.2248786903660724
datasets/synthetic_data/s2.csv,222,<timecave.validation_methods.prequential.Growing_Window object at 0x00000250F29F5310>,1,ARMA,1.144113620308186,0.878508613712461,1.0696324697334996
datasets/synthetic_data/s2.csv,222,<timecave.validation_methods.prequential.Growing_Window object at 0x00000250F29F5310>,2,Tree,1.6920224793472707,1.0628055783603483,1.3007776440834424
datasets/synthetic_data/s2.csv,222,<timecave.validation_methods.prequential.Growing_Window object at 0x00000250F29F5310>,2,ARMA,2.3718350842167766,1.185325110354127,1.540076324153052
datasets/synthetic_data/s2.csv,222,<timecave.validation_methods.prequential.Rolling_Window object at 0x00000250F29F4BF0>,0,Tree,1.1782271955154155,0.7937021261877328,1.0854617429994553
datasets/synthetic_data/s2.csv,222,<timecave.validation_methods.prequential.Rolling_Window object at 0x00000250F29F4BF0>,0,ARMA,1.2171232737167479,0.8088665243206135,1.1032331003540221
datasets/synthetic_data/s2.csv,222,<timecave.validation_methods.prequential.Rolling_Window object at 0x00000250F29F4BF0>,1,Tree,4.647897050089537,1.7008139092654393,2.1558982003075973
datasets/synthetic_data/s2.csv,222,<timecave.validation_methods.prequential.Rolling_Window object at 0x00000250F29F4BF0>,1,ARMA,2.345878478052491,1.2508832258568,1.5316260895050366
datasets/synthetic_data/s2.csv,222,<timecave.validation_methods.prequential.Rolling_Window object at 0x00000250F29F4BF0>,2,Tree,2.056577435981953,1.119129975939435,1.4340772071202976
datasets/synthetic_data/s2.csv,222,<timecave.validation_methods.prequential.Rolling_Window object at 0x00000250F29F4BF0>,2,ARMA,1.0160413215662925,0.8393049188936377,1.0079887507141598
datasets/synthetic_data/s2.csv,222,<timecave.validation_methods.prequential.Rolling_Window object at 0x00000250F29F4BF0>,3,Tree,2.4265329464071725,1.1276571136593097,1.5577332719073482
datasets/synthetic_data/s2.csv,222,<timecave.validation_methods.prequential.Rolling_Window object at 0x00000250F29F4BF0>,3,ARMA,2.2129271744580294,1.2109460794915239,1.4875910642572538
datasets/synthetic_data/s2.csv,222,<timecave.validation_methods.prequential.Rolling_Window object at 0x00000250F29F55E0>,0,Tree,2.550774777113167,1.2872863997073278,1.5971145159672073
datasets/synthetic_data/s2.csv,222,<timecave.validation_methods.prequential.Rolling_Window object at 0x00000250F29F55E0>,0,ARMA,2.0915875080253397,1.1497576486635448,1.446232176389856
datasets/synthetic_data/s2.csv,222,<timecave.validation_methods.prequential.Rolling_Window object at 0x00000250F29F55E0>,1,Tree,2.735042235960963,1.250865877027344,1.6537963102997186
datasets/synthetic_data/s2.csv,222,<timecave.validation_methods.prequential.Rolling_Window object at 0x00000250F29F55E0>,1,ARMA,1.3799776114574271,0.9545846288705854,1.1747244832118837
datasets/synthetic_data/s2.csv,222,<timecave.validation_methods.prequential.Rolling_Window object at 0x00000250F29F55E0>,2,Tree,4.47095925804749,1.8063193221164235,2.1144642957608646
datasets/synthetic_data/s2.csv,222,<timecave.validation_methods.prequential.Rolling_Window object at 0x00000250F29F55E0>,2,ARMA,2.6999739089370483,1.2625019902799592,1.6431597332386916
datasets/synthetic_data/s2.csv,222,<timecave.validation_methods.CV.Block_CV object at 0x00000250F2643230>,0,Tree,1.7485775208067318,1.10171477233913,1.322337899633347
datasets/synthetic_data/s2.csv,222,<timecave.validation_methods.CV.Block_CV object at 0x00000250F2643230>,0,ARMA,1.283311983363519,0.9131316092784693,1.1328336079775878
datasets/synthetic_data/s2.csv,222,<timecave.validation_methods.CV.Block_CV object at 0x00000250F2643230>,1,Tree,1.6983753783581093,1.0089170263710519,1.3032173181622893
datasets/synthetic_data/s2.csv,222,<timecave.validation_methods.CV.Block_CV object at 0x00000250F2643230>,1,ARMA,1.390635379504549,0.8595769436003788,1.1792520423999906
datasets/synthetic_data/s2.csv,222,<timecave.validation_methods.CV.Block_CV object at 0x00000250F2643230>,2,Tree,3.1515688598671585,1.3720940525143945,1.7752658561092078
datasets/synthetic_data/s2.csv,222,<timecave.validation_methods.CV.Block_CV object at 0x00000250F2643230>,2,ARMA,2.2457968724955992,1.2121972262983811,1.4985983025799807
datasets/synthetic_data/s2.csv,222,<timecave.validation_methods.CV.Block_CV object at 0x00000250F2643230>,3,Tree,1.3058695055681426,0.9486040714839329,1.1427464747563838
datasets/synthetic_data/s2.csv,222,<timecave.validation_methods.CV.Block_CV object at 0x00000250F2643230>,3,ARMA,1.2092485344151749,0.9123278685297513,1.099658371684213
datasets/synthetic_data/s2.csv,222,<timecave.validation_methods.CV.Block_CV object at 0x00000250F2643230>,4,Tree,1.7491564117929743,1.1084644765821123,1.3225567707259203
datasets/synthetic_data/s2.csv,222,<timecave.validation_methods.CV.Block_CV object at 0x00000250F2643230>,4,ARMA,2.1852982080977483,1.2001031130269189,1.4782754168617391
datasets/synthetic_data/s2.csv,222,<timecave.validation_methods.CV.AdaptedhvBlockCV object at 0x00000250F6A44CB0>,0,Tree,2.4689193251388866,1.263471850583519,1.5712795184622266
datasets/synthetic_data/s2.csv,222,<timecave.validation_methods.CV.AdaptedhvBlockCV object at 0x00000250F6A44CB0>,0,ARMA,1.2840916207400181,0.9136429528599207,1.1331776651258259
datasets/synthetic_data/s2.csv,222,<timecave.validation_methods.CV.AdaptedhvBlockCV object at 0x00000250F6A44CB0>,1,Tree,2.696429646664172,1.3434960557307847,1.6420808891964402
datasets/synthetic_data/s2.csv,222,<timecave.validation_methods.CV.AdaptedhvBlockCV object at 0x00000250F6A44CB0>,1,ARMA,1.3763511648829785,0.8541655619042602,1.1731799371294152
datasets/synthetic_data/s2.csv,222,<timecave.validation_methods.CV.AdaptedhvBlockCV object at 0x00000250F6A44CB0>,2,Tree,3.8708721963222925,1.6127775403141718,1.9674532259553954
datasets/synthetic_data/s2.csv,222,<timecave.validation_methods.CV.AdaptedhvBlockCV object at 0x00000250F6A44CB0>,2,ARMA,2.2742279362858415,1.2193992273707333,1.5080543545528595
datasets/synthetic_data/s2.csv,222,<timecave.validation_methods.CV.AdaptedhvBlockCV object at 0x00000250F6A44CB0>,3,Tree,1.9581965572100275,1.044757284805839,1.399355765061204
datasets/synthetic_data/s2.csv,222,<timecave.validation_methods.CV.AdaptedhvBlockCV object at 0x00000250F6A44CB0>,3,ARMA,1.2761405852546828,0.9341168740919115,1.1296639258003607
datasets/synthetic_data/s2.csv,222,<timecave.validation_methods.CV.AdaptedhvBlockCV object at 0x00000250F6A44CB0>,4,Tree,1.9440220295661381,1.1640703938037846,1.3942819046255095
datasets/synthetic_data/s2.csv,222,<timecave.validation_methods.CV.AdaptedhvBlockCV object at 0x00000250F6A44CB0>,4,ARMA,2.189488642364016,1.198694496592119,1.4796920768741098
datasets/synthetic_data/s2.csv,222,<timecave.validation_methods.markov.MarkovCV object at 0x00000250F29F6090>,0,Tree,8.508636361976988,2.572705285489781,2.9169566952522605
datasets/synthetic_data/s2.csv,222,<timecave.validation_methods.markov.MarkovCV object at 0x00000250F29F6090>,0,ARMA,1.5454573215210758,1.0003847535171995,1.2431642375491163
datasets/synthetic_data/s2.csv,222,<timecave.validation_methods.markov.MarkovCV object at 0x00000250F29F6090>,1,Tree,5.908142258511493,1.6742120858272664,2.4306670398290864
datasets/synthetic_data/s2.csv,222,<timecave.validation_methods.markov.MarkovCV object at 0x00000250F29F6090>,1,ARMA,2.711484047810901,1.3869209335708337,1.6466584490448835
datasets/synthetic_data/s2.csv,222,<timecave.validation_methods.markov.MarkovCV object at 0x00000250F29F6090>,2,Tree,4.402802326590695,1.906550442945691,2.0982855684083366
datasets/synthetic_data/s2.csv,222,<timecave.validation_methods.markov.MarkovCV object at 0x00000250F29F6090>,2,ARMA,1.6042469664863706,1.135133633603034,1.2665887124423503
datasets/synthetic_data/s2.csv,222,<timecave.validation_methods.markov.MarkovCV object at 0x00000250F29F6090>,3,Tree,3.1806071508975946,1.6471382545179494,1.7834256785460936
datasets/synthetic_data/s2.csv,222,<timecave.validation_methods.markov.MarkovCV object at 0x00000250F29F6090>,3,ARMA,0.7893149326983041,0.7857723990372629,0.8884339776811241
datasets/synthetic_data/s2.csv,222,<timecave.validation_methods.markov.MarkovCV object at 0x00000250F29F6090>,4,Tree,4.503193291448874,1.8057996096781124,2.122072876092825
datasets/synthetic_data/s2.csv,222,<timecave.validation_methods.markov.MarkovCV object at 0x00000250F29F6090>,4,ARMA,1.4733427495015827,0.9820091874310977,1.2138133091631442
datasets/synthetic_data/s2.csv,222,<timecave.validation_methods.markov.MarkovCV object at 0x00000250F29F6090>,5,Tree,2.426534004936523,1.4850965182270144,1.5577336116732292
datasets/synthetic_data/s2.csv,222,<timecave.validation_methods.markov.MarkovCV object at 0x00000250F29F6090>,5,ARMA,2.0023868342883393,0.9950557952406525,1.4150571841054125
datasets/synthetic_data/s2.csv,222,<timecave.validation_methods.markov.MarkovCV object at 0x00000250F29F6090>,6,Tree,3.1671686154132574,1.5537704448062164,1.779654071839035
datasets/synthetic_data/s2.csv,222,<timecave.validation_methods.markov.MarkovCV object at 0x00000250F29F6090>,6,ARMA,1.7008787483137118,0.9618573338629203,1.304177422099352
datasets/synthetic_data/s2.csv,222,<timecave.validation_methods.markov.MarkovCV object at 0x00000250F29F6090>,7,Tree,2.9560929014315156,1.4013568933217644,1.7193292010058794
datasets/synthetic_data/s2.csv,222,<timecave.validation_methods.markov.MarkovCV object at 0x00000250F29F6090>,7,ARMA,1.70706594883596,1.0269011820862533,1.3065473389188622
datasets/synthetic_data/s2.csv,222,<timecave.validation_methods.markov.MarkovCV object at 0x00000250F29F6090>,8,Tree,0.9481459929530495,0.8095765772960917,0.9737278844487558
datasets/synthetic_data/s2.csv,222,<timecave.validation_methods.markov.MarkovCV object at 0x00000250F29F6090>,8,ARMA,1.5308705865462473,0.915383697925966,1.2372835513924232
datasets/synthetic_data/s2.csv,222,<timecave.validation_methods.markov.MarkovCV object at 0x00000250F29F6090>,9,Tree,2.702727822890789,1.363087633063374,1.6439975130427629
datasets/synthetic_data/s2.csv,222,<timecave.validation_methods.markov.MarkovCV object at 0x00000250F29F6090>,9,ARMA,2.153386085337095,1.1720468632379384,1.4674420211160286
datasets/synthetic_data/s2.csv,223,<timecave.validation_methods.OOS.Holdout object at 0x00000250F2604EF0>,0,Tree,2.050836893699872,1.0992671666789406,1.4320743324631833
datasets/synthetic_data/s2.csv,223,<timecave.validation_methods.OOS.Holdout object at 0x00000250F2604EF0>,0,ARMA,1.5489175554326204,1.0151409031587304,1.2445551636760102
datasets/synthetic_data/s2.csv,223,<timecave.validation_methods.OOS.Repeated_Holdout object at 0x00000250F2669BB0>,0,Tree,1.3369708617305223,0.9324386443796944,1.1562745615685412
datasets/synthetic_data/s2.csv,223,<timecave.validation_methods.OOS.Repeated_Holdout object at 0x00000250F2669BB0>,0,ARMA,1.7765285731910823,1.1344187731586657,1.332864799291767
datasets/synthetic_data/s2.csv,223,<timecave.validation_methods.OOS.Repeated_Holdout object at 0x00000250F2669BB0>,1,Tree,1.7982121308363894,1.0274715608635785,1.3409743214679353
datasets/synthetic_data/s2.csv,223,<timecave.validation_methods.OOS.Repeated_Holdout object at 0x00000250F2669BB0>,1,ARMA,1.9398669594817028,1.1613034310889814,1.3927910681368196
datasets/synthetic_data/s2.csv,223,<timecave.validation_methods.OOS.Repeated_Holdout object at 0x00000250F2669BB0>,2,Tree,2.246337905507562,1.1415556407574097,1.4987788047298913
datasets/synthetic_data/s2.csv,223,<timecave.validation_methods.OOS.Repeated_Holdout object at 0x00000250F2669BB0>,2,ARMA,1.6137264593034508,1.069716117911241,1.2703253360078475
datasets/synthetic_data/s2.csv,223,<timecave.validation_methods.OOS.Repeated_Holdout object at 0x00000250F2669BB0>,3,Tree,2.2009329011580334,1.1111283204661075,1.483554145003826
datasets/synthetic_data/s2.csv,223,<timecave.validation_methods.OOS.Repeated_Holdout object at 0x00000250F2669BB0>,3,ARMA,1.5489175554326204,1.0151409031587304,1.2445551636760102
datasets/synthetic_data/s2.csv,223,<timecave.validation_methods.prequential.Growing_Window object at 0x00000250F26689B0>,0,Tree,2.477276989744798,1.3898754183945254,1.5739367807332028
datasets/synthetic_data/s2.csv,223,<timecave.validation_methods.prequential.Growing_Window object at 0x00000250F26689B0>,0,ARMA,2.0157645700286313,1.1195401013351942,1.419776239422477
datasets/synthetic_data/s2.csv,223,<timecave.validation_methods.prequential.Growing_Window object at 0x00000250F26689B0>,1,Tree,2.8858914855421007,1.3037162551041235,1.6987911836191347
datasets/synthetic_data/s2.csv,223,<timecave.validation_methods.prequential.Growing_Window object at 0x00000250F26689B0>,1,ARMA,2.401799240928241,1.2506718994693473,1.5497739322005133
datasets/synthetic_data/s2.csv,223,<timecave.validation_methods.prequential.Growing_Window object at 0x00000250F26689B0>,2,Tree,2.582736240119089,1.2907540270534679,1.6070893690517305
datasets/synthetic_data/s2.csv,223,<timecave.validation_methods.prequential.Growing_Window object at 0x00000250F26689B0>,2,ARMA,1.4537196948804163,0.9438024757918073,1.2057029878375587
datasets/synthetic_data/s2.csv,223,<timecave.validation_methods.prequential.Growing_Window object at 0x00000250F26689B0>,3,Tree,1.8540447087598093,1.0184205867101066,1.3616331035781295
datasets/synthetic_data/s2.csv,223,<timecave.validation_methods.prequential.Growing_Window object at 0x00000250F26689B0>,3,ARMA,1.895370238612006,1.1648419004387625,1.3767244599454191
datasets/synthetic_data/s2.csv,223,<timecave.validation_methods.prequential.Growing_Window object at 0x00000250F2669880>,0,Tree,3.1265365483735192,1.3419108252907905,1.7682015010664138
datasets/synthetic_data/s2.csv,223,<timecave.validation_methods.prequential.Growing_Window object at 0x00000250F2669880>,0,ARMA,2.6576689619109786,1.3373816254708375,1.6302358608222856
datasets/synthetic_data/s2.csv,223,<timecave.validation_methods.prequential.Growing_Window object at 0x00000250F2669880>,1,Tree,2.9533353917964353,1.3595261119582116,1.7185270995234365
datasets/synthetic_data/s2.csv,223,<timecave.validation_methods.prequential.Growing_Window object at 0x00000250F2669880>,1,ARMA,1.7570066215621378,1.0252189633692794,1.3255212640927863
datasets/synthetic_data/s2.csv,223,<timecave.validation_methods.prequential.Growing_Window object at 0x00000250F2669880>,2,Tree,1.3166692251892793,0.8648438353401382,1.1474620800659512
datasets/synthetic_data/s2.csv,223,<timecave.validation_methods.prequential.Growing_Window object at 0x00000250F2669880>,2,ARMA,1.944531712676989,1.1310332281830957,1.394464668852169
datasets/synthetic_data/s2.csv,223,<timecave.validation_methods.prequential.Rolling_Window object at 0x00000250F29F45C0>,0,Tree,2.8456401036046666,1.3922258677497195,1.6869025175168442
datasets/synthetic_data/s2.csv,223,<timecave.validation_methods.prequential.Rolling_Window object at 0x00000250F29F45C0>,0,ARMA,2.0157645700286313,1.1195401013351942,1.419776239422477
datasets/synthetic_data/s2.csv,223,<timecave.validation_methods.prequential.Rolling_Window object at 0x00000250F29F45C0>,1,Tree,2.813516661559868,1.364260202842847,1.6773540656521713
datasets/synthetic_data/s2.csv,223,<timecave.validation_methods.prequential.Rolling_Window object at 0x00000250F29F45C0>,1,ARMA,2.506881899355785,1.2725722497547192,1.5833135821295115
datasets/synthetic_data/s2.csv,223,<timecave.validation_methods.prequential.Rolling_Window object at 0x00000250F29F45C0>,2,Tree,3.574813852441833,1.6117825903086878,1.8907178140700514
datasets/synthetic_data/s2.csv,223,<timecave.validation_methods.prequential.Rolling_Window object at 0x00000250F29F45C0>,2,ARMA,1.660893030983361,1.0134506084138373,1.288756389308453
datasets/synthetic_data/s2.csv,223,<timecave.validation_methods.prequential.Rolling_Window object at 0x00000250F29F45C0>,3,Tree,3.386200385122305,1.4879264740547844,1.840163140898737
datasets/synthetic_data/s2.csv,223,<timecave.validation_methods.prequential.Rolling_Window object at 0x00000250F29F45C0>,3,ARMA,2.807164265875743,1.420027448262168,1.6754594193461514
datasets/synthetic_data/s2.csv,223,<timecave.validation_methods.prequential.Rolling_Window object at 0x00000250F29B2300>,0,Tree,2.5716441542020614,1.2357922675895154,1.6036346698054584
datasets/synthetic_data/s2.csv,223,<timecave.validation_methods.prequential.Rolling_Window object at 0x00000250F29B2300>,0,ARMA,2.6576689619109786,1.3373816254708375,1.6302358608222856
datasets/synthetic_data/s2.csv,223,<timecave.validation_methods.prequential.Rolling_Window object at 0x00000250F29B2300>,1,Tree,2.580199376001761,1.3507769031678651,1.606299902260397
datasets/synthetic_data/s2.csv,223,<timecave.validation_methods.prequential.Rolling_Window object at 0x00000250F29B2300>,1,ARMA,1.5341210435351478,0.9417832373917948,1.2385964005821863
datasets/synthetic_data/s2.csv,223,<timecave.validation_methods.prequential.Rolling_Window object at 0x00000250F29B2300>,2,Tree,1.4677945303869575,1.0093240568871555,1.211525703560167
datasets/synthetic_data/s2.csv,223,<timecave.validation_methods.prequential.Rolling_Window object at 0x00000250F29B2300>,2,ARMA,1.969032299672803,1.1235867020711798,1.403222113449187
datasets/synthetic_data/s2.csv,223,<timecave.validation_methods.CV.Block_CV object at 0x00000250F26405F0>,0,Tree,2.693225865237781,1.2499705014462936,1.6411050744049818
datasets/synthetic_data/s2.csv,223,<timecave.validation_methods.CV.Block_CV object at 0x00000250F26405F0>,0,ARMA,1.7471412892879612,1.077057121617763,1.3217947228249782
datasets/synthetic_data/s2.csv,223,<timecave.validation_methods.CV.Block_CV object at 0x00000250F26405F0>,1,Tree,2.6976931334938365,1.3432159444781318,1.6424655653905917
datasets/synthetic_data/s2.csv,223,<timecave.validation_methods.CV.Block_CV object at 0x00000250F26405F0>,1,ARMA,2.094279531436055,1.1293835839133073,1.447162579476147
datasets/synthetic_data/s2.csv,223,<timecave.validation_methods.CV.Block_CV object at 0x00000250F26405F0>,2,Tree,4.1094307228587095,1.6713249089526598,2.027173086556427
datasets/synthetic_data/s2.csv,223,<timecave.validation_methods.CV.Block_CV object at 0x00000250F26405F0>,2,ARMA,2.4685605998741593,1.2457994801436616,1.5711653636311358
datasets/synthetic_data/s2.csv,223,<timecave.validation_methods.CV.Block_CV object at 0x00000250F26405F0>,3,Tree,2.064682831551922,1.2410632470117207,1.4369004250649806
datasets/synthetic_data/s2.csv,223,<timecave.validation_methods.CV.Block_CV object at 0x00000250F26405F0>,3,ARMA,1.9101316469490879,1.094690322397968,1.382075123482471
datasets/synthetic_data/s2.csv,223,<timecave.validation_methods.CV.Block_CV object at 0x00000250F26405F0>,4,Tree,1.7517679018585282,0.9620559211263848,1.323543690951881
datasets/synthetic_data/s2.csv,223,<timecave.validation_methods.CV.Block_CV object at 0x00000250F26405F0>,4,ARMA,1.895370238612006,1.1648419004387625,1.3767244599454191
datasets/synthetic_data/s2.csv,223,<timecave.validation_methods.CV.AdaptedhvBlockCV object at 0x00000250F6A446B0>,0,Tree,2.2896248697628265,1.2187297663508407,1.5131506434465891
datasets/synthetic_data/s2.csv,223,<timecave.validation_methods.CV.AdaptedhvBlockCV object at 0x00000250F6A446B0>,0,ARMA,1.7456747548180778,1.0772122185968174,1.3212398551429176
datasets/synthetic_data/s2.csv,223,<timecave.validation_methods.CV.AdaptedhvBlockCV object at 0x00000250F6A446B0>,1,Tree,2.672943981249279,1.295164688798559,1.6349140592854656
datasets/synthetic_data/s2.csv,223,<timecave.validation_methods.CV.AdaptedhvBlockCV object at 0x00000250F6A446B0>,1,ARMA,2.096467761700737,1.1303084281331626,1.4479184237037448
datasets/synthetic_data/s2.csv,223,<timecave.validation_methods.CV.AdaptedhvBlockCV object at 0x00000250F6A446B0>,2,Tree,4.07439330082794,1.645710320207502,2.018512645694334
datasets/synthetic_data/s2.csv,223,<timecave.validation_methods.CV.AdaptedhvBlockCV object at 0x00000250F6A446B0>,2,ARMA,2.4598304484483946,1.2414910158880268,1.5683846621439508
datasets/synthetic_data/s2.csv,223,<timecave.validation_methods.CV.AdaptedhvBlockCV object at 0x00000250F6A446B0>,3,Tree,2.6230135573844313,1.1785123400080264,1.6195720290818902
datasets/synthetic_data/s2.csv,223,<timecave.validation_methods.CV.AdaptedhvBlockCV object at 0x00000250F6A446B0>,3,ARMA,1.92845044987095,1.102704527495214,1.3886865916652864
datasets/synthetic_data/s2.csv,223,<timecave.validation_methods.CV.AdaptedhvBlockCV object at 0x00000250F6A446B0>,4,Tree,1.76314941264413,0.9737964555910958,1.3278363651610579
datasets/synthetic_data/s2.csv,223,<timecave.validation_methods.CV.AdaptedhvBlockCV object at 0x00000250F6A446B0>,4,ARMA,2.3979547234826017,1.2457029297302389,1.5485330876292576
datasets/synthetic_data/s2.csv,223,<timecave.validation_methods.markov.MarkovCV object at 0x00000250F6A45550>,0,Tree,2.756393445645711,1.5764764584932425,1.6602389724511684
datasets/synthetic_data/s2.csv,223,<timecave.validation_methods.markov.MarkovCV object at 0x00000250F6A45550>,0,ARMA,3.5338817609540727,1.6235338376885329,1.87986216541375
datasets/synthetic_data/s2.csv,223,<timecave.validation_methods.markov.MarkovCV object at 0x00000250F6A45550>,1,Tree,6.833308336970693,2.1617672298690005,2.6140597424256953
datasets/synthetic_data/s2.csv,223,<timecave.validation_methods.markov.MarkovCV object at 0x00000250F6A45550>,1,ARMA,3.4731889139179537,1.6131091863107556,1.863649353799677
datasets/synthetic_data/s2.csv,223,<timecave.validation_methods.markov.MarkovCV object at 0x00000250F6A45550>,2,Tree,4.121030953273149,1.6993422189146197,2.030032254244535
datasets/synthetic_data/s2.csv,223,<timecave.validation_methods.markov.MarkovCV object at 0x00000250F6A45550>,2,ARMA,1.896730559388169,1.1287870529016029,1.3772184138284562
datasets/synthetic_data/s2.csv,223,<timecave.validation_methods.markov.MarkovCV object at 0x00000250F6A45550>,3,Tree,3.6440848947801783,1.7693277156989289,1.9089486359722145
datasets/synthetic_data/s2.csv,223,<timecave.validation_methods.markov.MarkovCV object at 0x00000250F6A45550>,3,ARMA,1.4841820750414245,1.037836259256949,1.2182701157959284
datasets/synthetic_data/s2.csv,223,<timecave.validation_methods.markov.MarkovCV object at 0x00000250F6A45550>,4,Tree,3.066211889334294,1.4497819054441587,1.7510602186487745
datasets/synthetic_data/s2.csv,223,<timecave.validation_methods.markov.MarkovCV object at 0x00000250F6A45550>,4,ARMA,1.9554460572275112,1.0466082799053884,1.3983726460523715
datasets/synthetic_data/s2.csv,223,<timecave.validation_methods.markov.MarkovCV object at 0x00000250F6A45550>,5,Tree,2.5603393540550425,1.4158008347614335,1.6001060446279936
datasets/synthetic_data/s2.csv,223,<timecave.validation_methods.markov.MarkovCV object at 0x00000250F6A45550>,5,ARMA,1.445937360411734,1.0853060375162156,1.2024713553393835
datasets/synthetic_data/s2.csv,223,<timecave.validation_methods.markov.MarkovCV object at 0x00000250F6A45550>,6,Tree,3.469523039370186,1.5795403157720005,1.8626655736793403
datasets/synthetic_data/s2.csv,223,<timecave.validation_methods.markov.MarkovCV object at 0x00000250F6A45550>,6,ARMA,1.941489973464714,1.1063088534150347,1.393373594361797
datasets/synthetic_data/s2.csv,223,<timecave.validation_methods.markov.MarkovCV object at 0x00000250F6A45550>,7,Tree,4.957704524648832,1.9470084911185261,2.22659033606293
datasets/synthetic_data/s2.csv,223,<timecave.validation_methods.markov.MarkovCV object at 0x00000250F6A45550>,7,ARMA,2.0690400418034347,1.0913810662444245,1.4384158097724853
datasets/synthetic_data/s2.csv,223,<timecave.validation_methods.markov.MarkovCV object at 0x00000250F6A45550>,8,Tree,3.709798358515218,1.6316486148969993,1.9260836841931916
datasets/synthetic_data/s2.csv,223,<timecave.validation_methods.markov.MarkovCV object at 0x00000250F6A45550>,8,ARMA,3.289600396944544,1.5173637054185454,1.813725557228696
datasets/synthetic_data/s2.csv,223,<timecave.validation_methods.markov.MarkovCV object at 0x00000250F6A45550>,9,Tree,5.440552288478408,2.0333189158267535,2.3324991507990753
datasets/synthetic_data/s2.csv,223,<timecave.validation_methods.markov.MarkovCV object at 0x00000250F6A45550>,9,ARMA,2.88812180425862,1.4291462515366162,1.6994474997064841
datasets/synthetic_data/s2.csv,224,<timecave.validation_methods.OOS.Holdout object at 0x00000250F2621700>,0,Tree,2.1541213813053526,1.12581517655934,1.4676925363663034
datasets/synthetic_data/s2.csv,224,<timecave.validation_methods.OOS.Holdout object at 0x00000250F2621700>,0,ARMA,1.7060798359376232,1.0297576394414332,1.3061699108223337
datasets/synthetic_data/s2.csv,224,<timecave.validation_methods.OOS.Repeated_Holdout object at 0x00000250F29B0800>,0,Tree,2.803143243832582,1.3545909154503912,1.6742590133645936
datasets/synthetic_data/s2.csv,224,<timecave.validation_methods.OOS.Repeated_Holdout object at 0x00000250F29B0800>,0,ARMA,1.8582611369048037,1.0944359785506856,1.363180522493189
datasets/synthetic_data/s2.csv,224,<timecave.validation_methods.OOS.Repeated_Holdout object at 0x00000250F29B0800>,1,Tree,2.942336323976079,1.3631304151804164,1.7153239705595205
datasets/synthetic_data/s2.csv,224,<timecave.validation_methods.OOS.Repeated_Holdout object at 0x00000250F29B0800>,1,ARMA,1.8860030619166515,1.0884643170027961,1.373318266796394
datasets/synthetic_data/s2.csv,224,<timecave.validation_methods.OOS.Repeated_Holdout object at 0x00000250F29B0800>,2,Tree,2.0787493009155695,1.19534034666737,1.4417868430928233
datasets/synthetic_data/s2.csv,224,<timecave.validation_methods.OOS.Repeated_Holdout object at 0x00000250F29B0800>,2,ARMA,1.7801514938104894,1.0687334873477656,1.334223179910501
datasets/synthetic_data/s2.csv,224,<timecave.validation_methods.OOS.Repeated_Holdout object at 0x00000250F29B0800>,3,Tree,1.9959333959398367,1.0901519461861189,1.4127750691245358
datasets/synthetic_data/s2.csv,224,<timecave.validation_methods.OOS.Repeated_Holdout object at 0x00000250F29B0800>,3,ARMA,1.7060798359376232,1.0297576394414332,1.3061699108223337
datasets/synthetic_data/s2.csv,224,<timecave.validation_methods.prequential.Growing_Window object at 0x00000250F29B0920>,0,Tree,1.6812371355003488,1.0366602835737981,1.2966252872361963
datasets/synthetic_data/s2.csv,224,<timecave.validation_methods.prequential.Growing_Window object at 0x00000250F29B0920>,0,ARMA,1.6475661446385552,1.0672318802563745,1.2835755313336863
datasets/synthetic_data/s2.csv,224,<timecave.validation_methods.prequential.Growing_Window object at 0x00000250F29B0920>,1,Tree,1.7630287089630374,1.1141354818121967,1.3277909131196213
datasets/synthetic_data/s2.csv,224,<timecave.validation_methods.prequential.Growing_Window object at 0x00000250F29B0920>,1,ARMA,1.3131476425064028,0.9869443861795706,1.1459265432419317
datasets/synthetic_data/s2.csv,224,<timecave.validation_methods.prequential.Growing_Window object at 0x00000250F29B0920>,2,Tree,2.6777514864606964,1.4010626321931878,1.6363836611445057
datasets/synthetic_data/s2.csv,224,<timecave.validation_methods.prequential.Growing_Window object at 0x00000250F29B0920>,2,ARMA,1.260476948409869,0.9425371511071645,1.1227096456385637
datasets/synthetic_data/s2.csv,224,<timecave.validation_methods.prequential.Growing_Window object at 0x00000250F29B0920>,3,Tree,2.5337404741319864,1.2098654158768636,1.5917727457561228
datasets/synthetic_data/s2.csv,224,<timecave.validation_methods.prequential.Growing_Window object at 0x00000250F29B0920>,3,ARMA,1.8522752710229349,1.0545151501895487,1.360983200125165
datasets/synthetic_data/s2.csv,224,<timecave.validation_methods.prequential.Growing_Window object at 0x00000250F29B1940>,0,Tree,2.7047469460708746,1.326677085088845,1.6446114878812184
datasets/synthetic_data/s2.csv,224,<timecave.validation_methods.prequential.Growing_Window object at 0x00000250F29B1940>,0,ARMA,1.3863508097595898,0.9978512718407132,1.1774339938016014
datasets/synthetic_data/s2.csv,224,<timecave.validation_methods.prequential.Growing_Window object at 0x00000250F29B1940>,1,Tree,2.903467577095045,1.4127721619269242,1.7039564481215608
datasets/synthetic_data/s2.csv,224,<timecave.validation_methods.prequential.Growing_Window object at 0x00000250F29B1940>,1,ARMA,1.1895792738189317,0.8946673397791829,1.090678354886963
datasets/synthetic_data/s2.csv,224,<timecave.validation_methods.prequential.Growing_Window object at 0x00000250F29B1940>,2,Tree,2.3306254478294712,1.2147825354931272,1.5266386107489458
datasets/synthetic_data/s2.csv,224,<timecave.validation_methods.prequential.Growing_Window object at 0x00000250F29B1940>,2,ARMA,1.8697147206824245,1.0714628732269924,1.367375120690158
datasets/synthetic_data/s2.csv,224,<timecave.validation_methods.prequential.Rolling_Window object at 0x00000250F29B19A0>,0,Tree,1.560419023644212,1.0019154513137125,1.2491673321233676
datasets/synthetic_data/s2.csv,224,<timecave.validation_methods.prequential.Rolling_Window object at 0x00000250F29B19A0>,0,ARMA,1.6475661446385552,1.0672318802563745,1.2835755313336863
datasets/synthetic_data/s2.csv,224,<timecave.validation_methods.prequential.Rolling_Window object at 0x00000250F29B19A0>,1,Tree,2.205846735730666,1.2489874782091908,1.4852093238768285
datasets/synthetic_data/s2.csv,224,<timecave.validation_methods.prequential.Rolling_Window object at 0x00000250F29B19A0>,1,ARMA,1.1395613629702785,0.9325888202851245,1.067502394831168
datasets/synthetic_data/s2.csv,224,<timecave.validation_methods.prequential.Rolling_Window object at 0x00000250F29B19A0>,2,Tree,1.4904335137839302,1.0006858464564776,1.2208331228238896
datasets/synthetic_data/s2.csv,224,<timecave.validation_methods.prequential.Rolling_Window object at 0x00000250F29B19A0>,2,ARMA,1.2143359293945801,0.9381346190949302,1.1019691145375083
datasets/synthetic_data/s2.csv,224,<timecave.validation_methods.prequential.Rolling_Window object at 0x00000250F29B19A0>,3,Tree,2.3762686440407967,1.2489611612562157,1.5415150482693307
datasets/synthetic_data/s2.csv,224,<timecave.validation_methods.prequential.Rolling_Window object at 0x00000250F29B19A0>,3,ARMA,1.831514447915446,1.0440491431011982,1.3533345661422551
datasets/synthetic_data/s2.csv,224,<timecave.validation_methods.prequential.Rolling_Window object at 0x00000250F29B0CE0>,0,Tree,2.251854263764908,1.2467755299560364,1.500617960629856
datasets/synthetic_data/s2.csv,224,<timecave.validation_methods.prequential.Rolling_Window object at 0x00000250F29B0CE0>,0,ARMA,1.3863508097595898,0.9978512718407132,1.1774339938016014
datasets/synthetic_data/s2.csv,224,<timecave.validation_methods.prequential.Rolling_Window object at 0x00000250F29B0CE0>,1,Tree,3.022247414591019,1.3781227422930045,1.738461220329927
datasets/synthetic_data/s2.csv,224,<timecave.validation_methods.prequential.Rolling_Window object at 0x00000250F29B0CE0>,1,ARMA,1.3120561511561764,0.9235164089029735,1.145450195842742
datasets/synthetic_data/s2.csv,224,<timecave.validation_methods.prequential.Rolling_Window object at 0x00000250F29B0CE0>,2,Tree,2.3574624452796664,1.276627813344658,1.535403023730143
datasets/synthetic_data/s2.csv,224,<timecave.validation_methods.prequential.Rolling_Window object at 0x00000250F29B0CE0>,2,ARMA,1.892604467113106,1.0761240781028971,1.3757196179138778
datasets/synthetic_data/s2.csv,224,<timecave.validation_methods.CV.Block_CV object at 0x00000250F6A35D00>,0,Tree,2.2538094692669666,1.1736985060631389,1.5012692860599548
datasets/synthetic_data/s2.csv,224,<timecave.validation_methods.CV.Block_CV object at 0x00000250F6A35D00>,0,ARMA,1.5780944719772727,1.0216170231144615,1.256222301974166
datasets/synthetic_data/s2.csv,224,<timecave.validation_methods.CV.Block_CV object at 0x00000250F6A35D00>,1,Tree,1.3986917142330086,1.0030787677195572,1.182662975759793
datasets/synthetic_data/s2.csv,224,<timecave.validation_methods.CV.Block_CV object at 0x00000250F6A35D00>,1,ARMA,1.7248517140786048,1.0434864531910077,1.3133361009576356
datasets/synthetic_data/s2.csv,224,<timecave.validation_methods.CV.Block_CV object at 0x00000250F6A35D00>,2,Tree,1.9345371357620604,1.0979812125966153,1.3908763912591444
datasets/synthetic_data/s2.csv,224,<timecave.validation_methods.CV.Block_CV object at 0x00000250F6A35D00>,2,ARMA,1.1851468065187798,0.9634005681092161,1.0886444812328677
datasets/synthetic_data/s2.csv,224,<timecave.validation_methods.CV.Block_CV object at 0x00000250F6A35D00>,3,Tree,2.3704530687164844,1.1929387913288283,1.539627574680476
datasets/synthetic_data/s2.csv,224,<timecave.validation_methods.CV.Block_CV object at 0x00000250F6A35D00>,3,ARMA,1.3041361232212303,0.9433593793348364,1.1419877946901316
datasets/synthetic_data/s2.csv,224,<timecave.validation_methods.CV.Block_CV object at 0x00000250F6A35D00>,4,Tree,2.9423722444181184,1.3189198799326494,1.7153344409817342
datasets/synthetic_data/s2.csv,224,<timecave.validation_methods.CV.Block_CV object at 0x00000250F6A35D00>,4,ARMA,1.8522752710229349,1.0545151501895487,1.360983200125165
datasets/synthetic_data/s2.csv,224,<timecave.validation_methods.CV.AdaptedhvBlockCV object at 0x00000250F6A363F0>,0,Tree,1.9566435182524406,1.0966045719676447,1.3988007428695628
datasets/synthetic_data/s2.csv,224,<timecave.validation_methods.CV.AdaptedhvBlockCV object at 0x00000250F6A363F0>,0,ARMA,1.5849978829586024,1.0264945486616954,1.2589669904165885
datasets/synthetic_data/s2.csv,224,<timecave.validation_methods.CV.AdaptedhvBlockCV object at 0x00000250F6A363F0>,1,Tree,2.1575309550284474,1.2606054558967872,1.4688536193332702
datasets/synthetic_data/s2.csv,224,<timecave.validation_methods.CV.AdaptedhvBlockCV object at 0x00000250F6A363F0>,1,ARMA,1.7174731073840392,1.0395711142634672,1.3105239819950032
datasets/synthetic_data/s2.csv,224,<timecave.validation_methods.CV.AdaptedhvBlockCV object at 0x00000250F6A363F0>,2,Tree,2.7269419115561866,1.1744637235834328,1.651345485219912
datasets/synthetic_data/s2.csv,224,<timecave.validation_methods.CV.AdaptedhvBlockCV object at 0x00000250F6A363F0>,2,ARMA,1.2207186393181961,0.9686640638055939,1.104861366560618
datasets/synthetic_data/s2.csv,224,<timecave.validation_methods.CV.AdaptedhvBlockCV object at 0x00000250F6A363F0>,3,Tree,2.0429199004129313,1.0486176592596446,1.4293074898050913
datasets/synthetic_data/s2.csv,224,<timecave.validation_methods.CV.AdaptedhvBlockCV object at 0x00000250F6A363F0>,3,ARMA,1.321926814190023,0.9538532793294424,1.1497507617697076
datasets/synthetic_data/s2.csv,224,<timecave.validation_methods.CV.AdaptedhvBlockCV object at 0x00000250F6A363F0>,4,Tree,2.877153828254532,1.3649601361789507,1.6962175061749987
datasets/synthetic_data/s2.csv,224,<timecave.validation_methods.CV.AdaptedhvBlockCV object at 0x00000250F6A363F0>,4,ARMA,1.859697086200137,1.0553894437835716,1.363707111589632
datasets/synthetic_data/s2.csv,224,<timecave.validation_methods.markov.MarkovCV object at 0x00000250F6A36A50>,0,Tree,3.0082521032444736,1.618280437199226,1.7344313486686274
datasets/synthetic_data/s2.csv,224,<timecave.validation_methods.markov.MarkovCV object at 0x00000250F6A36A50>,0,ARMA,0.5937180307256863,0.6227193716282441,0.7705310056874326
datasets/synthetic_data/s2.csv,224,<timecave.validation_methods.markov.MarkovCV object at 0x00000250F6A36A50>,1,Tree,2.1896516585139625,1.2185216524432687,1.4797471603331303
datasets/synthetic_data/s2.csv,224,<timecave.validation_methods.markov.MarkovCV object at 0x00000250F6A36A50>,1,ARMA,2.0377841284627185,1.198886563910371,1.4275097647521429
datasets/synthetic_data/s2.csv,224,<timecave.validation_methods.markov.MarkovCV object at 0x00000250F6A36A50>,2,Tree,3.026894322600185,1.4979844340063224,1.7397972073204926
datasets/synthetic_data/s2.csv,224,<timecave.validation_methods.markov.MarkovCV object at 0x00000250F6A36A50>,2,ARMA,1.0701686578034801,0.8977515621471747,1.0344895638929763
datasets/synthetic_data/s2.csv,224,<timecave.validation_methods.markov.MarkovCV object at 0x00000250F6A36A50>,3,Tree,2.3371568528310105,1.1604003882903213,1.528776259899077
datasets/synthetic_data/s2.csv,224,<timecave.validation_methods.markov.MarkovCV object at 0x00000250F6A36A50>,3,ARMA,1.0225342526823067,0.837050602812266,1.011204357527353
datasets/synthetic_data/s2.csv,224,<timecave.validation_methods.markov.MarkovCV object at 0x00000250F6A36A50>,4,Tree,4.029808592616681,1.4756355239524033,2.007438316017875
datasets/synthetic_data/s2.csv,224,<timecave.validation_methods.markov.MarkovCV object at 0x00000250F6A36A50>,4,ARMA,2.092511749034914,1.0759940478178982,1.446551675203798
datasets/synthetic_data/s2.csv,224,<timecave.validation_methods.markov.MarkovCV object at 0x00000250F6A36A50>,5,Tree,8.261934585953869,2.5424267316675806,2.874358117207017
datasets/synthetic_data/s2.csv,224,<timecave.validation_methods.markov.MarkovCV object at 0x00000250F6A36A50>,5,ARMA,1.3840494842632132,0.9176830419103943,1.1764563248430489
datasets/synthetic_data/s2.csv,224,<timecave.validation_methods.markov.MarkovCV object at 0x00000250F6A36A50>,6,Tree,2.9622864527140838,1.5167156445724084,1.7211294119600895
datasets/synthetic_data/s2.csv,224,<timecave.validation_methods.markov.MarkovCV object at 0x00000250F6A36A50>,6,ARMA,2.154172016684095,1.2346980761791058,1.4677097862602453
datasets/synthetic_data/s2.csv,224,<timecave.validation_methods.markov.MarkovCV object at 0x00000250F6A36A50>,7,Tree,2.8203272184682513,1.3834586182511441,1.6793829874296844
datasets/synthetic_data/s2.csv,224,<timecave.validation_methods.markov.MarkovCV object at 0x00000250F6A36A50>,7,ARMA,2.3166118220448286,1.292034614238787,1.5220419908940845
datasets/synthetic_data/s2.csv,224,<timecave.validation_methods.markov.MarkovCV object at 0x00000250F6A36A50>,8,Tree,3.499131406413321,1.5226604701073412,1.870596537581881
datasets/synthetic_data/s2.csv,224,<timecave.validation_methods.markov.MarkovCV object at 0x00000250F6A36A50>,8,ARMA,2.229226529257433,1.1843823983692447,1.4930594526868088
datasets/synthetic_data/s2.csv,224,<timecave.validation_methods.markov.MarkovCV object at 0x00000250F6A36A50>,9,Tree,2.9265640846550762,1.4175234691319964,1.7107203408666993
datasets/synthetic_data/s2.csv,224,<timecave.validation_methods.markov.MarkovCV object at 0x00000250F6A36A50>,9,ARMA,1.5759204186046833,1.0363668609398464,1.2553566897916637
datasets/synthetic_data/s2.csv,225,<timecave.validation_methods.OOS.Holdout object at 0x00000250F29F6C90>,0,Tree,1.7878424542157734,1.0969206787062349,1.3371022601939515
datasets/synthetic_data/s2.csv,225,<timecave.validation_methods.OOS.Holdout object at 0x00000250F29F6C90>,0,ARMA,1.3384197960644784,0.9142341184188224,1.1569009447936667
datasets/synthetic_data/s2.csv,225,<timecave.validation_methods.OOS.Repeated_Holdout object at 0x00000250F29F71D0>,0,Tree,2.70679921265989,1.3392452782346214,1.645235306167446
datasets/synthetic_data/s2.csv,225,<timecave.validation_methods.OOS.Repeated_Holdout object at 0x00000250F29F71D0>,0,ARMA,1.3916287519552868,0.8897996306327922,1.1796731547150197
datasets/synthetic_data/s2.csv,225,<timecave.validation_methods.OOS.Repeated_Holdout object at 0x00000250F29F71D0>,1,Tree,2.296231123541722,1.2953151547681323,1.5153320175927525
datasets/synthetic_data/s2.csv,225,<timecave.validation_methods.OOS.Repeated_Holdout object at 0x00000250F29F71D0>,1,ARMA,1.4563833627239886,0.9034635911327272,1.2068070942466276
datasets/synthetic_data/s2.csv,225,<timecave.validation_methods.OOS.Repeated_Holdout object at 0x00000250F29F71D0>,2,Tree,2.049258438279192,1.233903255816713,1.4315231183181052
datasets/synthetic_data/s2.csv,225,<timecave.validation_methods.OOS.Repeated_Holdout object at 0x00000250F29F71D0>,2,ARMA,1.3010525105290325,0.8828013132562461,1.1406368881151585
datasets/synthetic_data/s2.csv,225,<timecave.validation_methods.OOS.Repeated_Holdout object at 0x00000250F29F71D0>,3,Tree,1.930873597267874,1.1217927978926476,1.3895587779104106
datasets/synthetic_data/s2.csv,225,<timecave.validation_methods.OOS.Repeated_Holdout object at 0x00000250F29F71D0>,3,ARMA,1.3384197960644784,0.9142341184188224,1.1569009447936667
datasets/synthetic_data/s2.csv,225,<timecave.validation_methods.prequential.Growing_Window object at 0x00000250F29F53D0>,0,Tree,3.1924533751509983,1.4445201874331492,1.7867437911326285
datasets/synthetic_data/s2.csv,225,<timecave.validation_methods.prequential.Growing_Window object at 0x00000250F29F53D0>,0,ARMA,2.8787940249583945,1.3521203320621016,1.6967009238396715
datasets/synthetic_data/s2.csv,225,<timecave.validation_methods.prequential.Growing_Window object at 0x00000250F29F53D0>,1,Tree,3.2775994046405263,1.5166601606042915,1.8104141527950246
datasets/synthetic_data/s2.csv,225,<timecave.validation_methods.prequential.Growing_Window object at 0x00000250F29F53D0>,1,ARMA,2.072930129658969,1.184301856711373,1.4397673873438614
datasets/synthetic_data/s2.csv,225,<timecave.validation_methods.prequential.Growing_Window object at 0x00000250F29F53D0>,2,Tree,1.3143056936182094,0.9534919990634471,1.146431722178957
datasets/synthetic_data/s2.csv,225,<timecave.validation_methods.prequential.Growing_Window object at 0x00000250F29F53D0>,2,ARMA,0.8799771817348457,0.8163237845497802,0.9380709897096519
datasets/synthetic_data/s2.csv,225,<timecave.validation_methods.prequential.Growing_Window object at 0x00000250F29F53D0>,3,Tree,2.278016808874663,1.2825506562230584,1.5093100439852187
datasets/synthetic_data/s2.csv,225,<timecave.validation_methods.prequential.Growing_Window object at 0x00000250F29F53D0>,3,ARMA,1.4848351330936593,0.9222424067942652,1.2185381131067092
datasets/synthetic_data/s2.csv,225,<timecave.validation_methods.prequential.Growing_Window object at 0x00000250F2A0F140>,0,Tree,2.8649457417596658,1.453017188336652,1.692615060124323
datasets/synthetic_data/s2.csv,225,<timecave.validation_methods.prequential.Growing_Window object at 0x00000250F2A0F140>,0,ARMA,2.0620614459983533,1.1973411196508261,1.4359879686119774
datasets/synthetic_data/s2.csv,225,<timecave.validation_methods.prequential.Growing_Window object at 0x00000250F2A0F140>,1,Tree,2.474167292073272,1.286398204800391,1.5729485980391322
datasets/synthetic_data/s2.csv,225,<timecave.validation_methods.prequential.Growing_Window object at 0x00000250F2A0F140>,1,ARMA,0.8959954072260421,0.8240897540412622,0.9465703392912975
datasets/synthetic_data/s2.csv,225,<timecave.validation_methods.prequential.Growing_Window object at 0x00000250F2A0F140>,2,Tree,2.807359138925381,1.4002146274114238,1.6755175734457042
datasets/synthetic_data/s2.csv,225,<timecave.validation_methods.prequential.Growing_Window object at 0x00000250F2A0F140>,2,ARMA,1.5325883899350832,0.9185711911315795,1.23797754015777
datasets/synthetic_data/s2.csv,225,<timecave.validation_methods.prequential.Rolling_Window object at 0x00000250F6A46A20>,0,Tree,3.090873555656395,1.432776948915108,1.7580880397910665
datasets/synthetic_data/s2.csv,225,<timecave.validation_methods.prequential.Rolling_Window object at 0x00000250F6A46A20>,0,ARMA,2.8787940249583945,1.3521203320621016,1.6967009238396715
datasets/synthetic_data/s2.csv,225,<timecave.validation_methods.prequential.Rolling_Window object at 0x00000250F6A46A20>,1,Tree,2.9780436787995574,1.386563669867587,1.7257009239145575
datasets/synthetic_data/s2.csv,225,<timecave.validation_methods.prequential.Rolling_Window object at 0x00000250F6A46A20>,1,ARMA,2.040250157952612,1.175242729702446,1.4283732558237754
datasets/synthetic_data/s2.csv,225,<timecave.validation_methods.prequential.Rolling_Window object at 0x00000250F6A46A20>,2,Tree,1.6406981731911972,0.9410899566871707,1.2808974093155148
datasets/synthetic_data/s2.csv,225,<timecave.validation_methods.prequential.Rolling_Window object at 0x00000250F6A46A20>,2,ARMA,0.9773182755199163,0.8887909512207883,0.9885940903727456
datasets/synthetic_data/s2.csv,225,<timecave.validation_methods.prequential.Rolling_Window object at 0x00000250F6A46A20>,3,Tree,1.2821739051106955,0.9825817288772972,1.1323311817267487
datasets/synthetic_data/s2.csv,225,<timecave.validation_methods.prequential.Rolling_Window object at 0x00000250F6A46A20>,3,ARMA,1.4056968454617031,0.9049527639931546,1.1856208691912027
datasets/synthetic_data/s2.csv,225,<timecave.validation_methods.prequential.Rolling_Window object at 0x00000250F6A440B0>,0,Tree,2.8205102872696517,1.4843717023906837,1.679437491325489
datasets/synthetic_data/s2.csv,225,<timecave.validation_methods.prequential.Rolling_Window object at 0x00000250F6A440B0>,0,ARMA,2.0620614459983533,1.1973411196508261,1.4359879686119774
datasets/synthetic_data/s2.csv,225,<timecave.validation_methods.prequential.Rolling_Window object at 0x00000250F6A440B0>,1,Tree,4.540294807700908,1.5811339189607383,2.1307967541980415
datasets/synthetic_data/s2.csv,225,<timecave.validation_methods.prequential.Rolling_Window object at 0x00000250F6A440B0>,1,ARMA,0.9124683868472165,0.823369824800622,0.9552321115033856
datasets/synthetic_data/s2.csv,225,<timecave.validation_methods.prequential.Rolling_Window object at 0x00000250F6A440B0>,2,Tree,2.4114956642886027,1.2778819631616125,1.5528991159404408
datasets/synthetic_data/s2.csv,225,<timecave.validation_methods.prequential.Rolling_Window object at 0x00000250F6A440B0>,2,ARMA,1.7052275493502442,0.9516444958886912,1.305843615962587
datasets/synthetic_data/s2.csv,225,<timecave.validation_methods.CV.Block_CV object at 0x00000250F6A471A0>,0,Tree,3.1097101827189486,1.4757620217310434,1.7634370367889376
datasets/synthetic_data/s2.csv,225,<timecave.validation_methods.CV.Block_CV object at 0x00000250F6A471A0>,0,ARMA,1.3010249249645078,0.9155431043345099,1.1406247958748346
datasets/synthetic_data/s2.csv,225,<timecave.validation_methods.CV.Block_CV object at 0x00000250F6A471A0>,1,Tree,2.403256755249012,1.2502369121335914,1.5502440953762773
datasets/synthetic_data/s2.csv,225,<timecave.validation_methods.CV.Block_CV object at 0x00000250F6A471A0>,1,ARMA,2.8579263756419633,1.3294420482569034,1.6905402614673106
datasets/synthetic_data/s2.csv,225,<timecave.validation_methods.CV.Block_CV object at 0x00000250F6A471A0>,2,Tree,3.0502842146140314,1.4355704005242158,1.7465062881690496
datasets/synthetic_data/s2.csv,225,<timecave.validation_methods.CV.Block_CV object at 0x00000250F6A471A0>,2,ARMA,2.1268071647237456,1.2063214593614175,1.4583576943684788
datasets/synthetic_data/s2.csv,225,<timecave.validation_methods.CV.Block_CV object at 0x00000250F6A471A0>,3,Tree,1.6477478870477613,1.026038420262898,1.283646324751394
datasets/synthetic_data/s2.csv,225,<timecave.validation_methods.CV.Block_CV object at 0x00000250F6A471A0>,3,ARMA,0.8986905442099105,0.8306769194451936,0.947992903037734
datasets/synthetic_data/s2.csv,225,<timecave.validation_methods.CV.Block_CV object at 0x00000250F6A471A0>,4,Tree,2.2343531396688814,1.2585933759519434,1.494775280658896
datasets/synthetic_data/s2.csv,225,<timecave.validation_methods.CV.Block_CV object at 0x00000250F6A471A0>,4,ARMA,1.4848351330936593,0.9222424067942652,1.2185381131067092
datasets/synthetic_data/s2.csv,225,<timecave.validation_methods.CV.AdaptedhvBlockCV object at 0x00000250F6A459D0>,0,Tree,2.0271992074078646,1.262929890737432,1.423797460107253
datasets/synthetic_data/s2.csv,225,<timecave.validation_methods.CV.AdaptedhvBlockCV object at 0x00000250F6A459D0>,0,ARMA,1.303735117722888,0.9163824901809017,1.1418122077307145
datasets/synthetic_data/s2.csv,225,<timecave.validation_methods.CV.AdaptedhvBlockCV object at 0x00000250F6A459D0>,1,Tree,3.298933760245929,1.4172991004961955,1.8162967159156373
datasets/synthetic_data/s2.csv,225,<timecave.validation_methods.CV.AdaptedhvBlockCV object at 0x00000250F6A459D0>,1,ARMA,2.927718841677242,1.357830923700668,1.7110578136571664
datasets/synthetic_data/s2.csv,225,<timecave.validation_methods.CV.AdaptedhvBlockCV object at 0x00000250F6A459D0>,2,Tree,3.347509242814214,1.4704747529237305,1.829619972238556
datasets/synthetic_data/s2.csv,225,<timecave.validation_methods.CV.AdaptedhvBlockCV object at 0x00000250F6A459D0>,2,ARMA,2.131323886039361,1.2075928841626535,1.4599054373620783
datasets/synthetic_data/s2.csv,225,<timecave.validation_methods.CV.AdaptedhvBlockCV object at 0x00000250F6A459D0>,3,Tree,2.3653043084293857,1.279156749125099,1.537954585945042
datasets/synthetic_data/s2.csv,225,<timecave.validation_methods.CV.AdaptedhvBlockCV object at 0x00000250F6A459D0>,3,ARMA,0.8983109548818784,0.82734322127501,0.9477926750518166
datasets/synthetic_data/s2.csv,225,<timecave.validation_methods.CV.AdaptedhvBlockCV object at 0x00000250F6A459D0>,4,Tree,2.204685969300881,1.266019396959288,1.4848184970900924
datasets/synthetic_data/s2.csv,225,<timecave.validation_methods.CV.AdaptedhvBlockCV object at 0x00000250F6A459D0>,4,ARMA,1.5197071146886447,0.9173718335236809,1.232764014192759
datasets/synthetic_data/s2.csv,225,<timecave.validation_methods.markov.MarkovCV object at 0x00000250F2A0D940>,0,Tree,3.7412240163490544,1.7459656452075851,1.9342243965861496
datasets/synthetic_data/s2.csv,225,<timecave.validation_methods.markov.MarkovCV object at 0x00000250F2A0D940>,0,ARMA,1.9554086224707456,1.1697477688544995,1.3983592608735231
datasets/synthetic_data/s2.csv,225,<timecave.validation_methods.markov.MarkovCV object at 0x00000250F2A0D940>,1,Tree,3.2184299208824156,1.6213604914210589,1.7939983057077884
datasets/synthetic_data/s2.csv,225,<timecave.validation_methods.markov.MarkovCV object at 0x00000250F2A0D940>,1,ARMA,1.813280068923465,1.0528205451493888,1.3465808809438313
datasets/synthetic_data/s2.csv,225,<timecave.validation_methods.markov.MarkovCV object at 0x00000250F2A0D940>,2,Tree,2.0073749316449225,1.1611423640460783,1.4168185951789745
datasets/synthetic_data/s2.csv,225,<timecave.validation_methods.markov.MarkovCV object at 0x00000250F2A0D940>,2,ARMA,1.466527723717728,0.9507647627129034,1.2110027760982747
datasets/synthetic_data/s2.csv,225,<timecave.validation_methods.markov.MarkovCV object at 0x00000250F2A0D940>,3,Tree,2.3950371336705425,1.3143388757493069,1.5475907513520952
datasets/synthetic_data/s2.csv,225,<timecave.validation_methods.markov.MarkovCV object at 0x00000250F2A0D940>,3,ARMA,3.107640435594971,1.4947400793679344,1.7628500888036314
datasets/synthetic_data/s2.csv,225,<timecave.validation_methods.markov.MarkovCV object at 0x00000250F2A0D940>,4,Tree,3.1884554457001544,1.50689111108848,1.785624665404282
datasets/synthetic_data/s2.csv,225,<timecave.validation_methods.markov.MarkovCV object at 0x00000250F2A0D940>,4,ARMA,1.021162092955722,0.854569394202835,1.010525651804902
datasets/synthetic_data/s2.csv,225,<timecave.validation_methods.markov.MarkovCV object at 0x00000250F2A0D940>,5,Tree,2.814368551572375,1.3658629042716919,1.6776079850705214
datasets/synthetic_data/s2.csv,225,<timecave.validation_methods.markov.MarkovCV object at 0x00000250F2A0D940>,5,ARMA,1.4310340600086842,0.992358009916398,1.1962583583861324
datasets/synthetic_data/s2.csv,225,<timecave.validation_methods.markov.MarkovCV object at 0x00000250F2A0D940>,6,Tree,9.7621307211124,2.8224414995038085,3.124440865356936
datasets/synthetic_data/s2.csv,225,<timecave.validation_methods.markov.MarkovCV object at 0x00000250F2A0D940>,6,ARMA,2.312683601013984,1.192556989903774,1.5207509990179142
datasets/synthetic_data/s2.csv,225,<timecave.validation_methods.markov.MarkovCV object at 0x00000250F2A0D940>,7,Tree,9.057533547640054,2.3659978273215816,3.0095736488147375
datasets/synthetic_data/s2.csv,225,<timecave.validation_methods.markov.MarkovCV object at 0x00000250F2A0D940>,7,ARMA,2.1766942465360573,1.1252512422798702,1.475362411930051
datasets/synthetic_data/s2.csv,225,<timecave.validation_methods.markov.MarkovCV object at 0x00000250F2A0D940>,8,Tree,2.1909629182529144,1.2260730974857699,1.4801901628685803
datasets/synthetic_data/s2.csv,225,<timecave.validation_methods.markov.MarkovCV object at 0x00000250F2A0D940>,8,ARMA,2.9196250948277314,1.4029478370228876,1.708691047213548
datasets/synthetic_data/s2.csv,225,<timecave.validation_methods.markov.MarkovCV object at 0x00000250F2A0D940>,9,Tree,3.5373348068046337,1.590533566509606,1.8807803717618476
datasets/synthetic_data/s2.csv,225,<timecave.validation_methods.markov.MarkovCV object at 0x00000250F2A0D940>,9,ARMA,2.1317648798597046,1.2755487843208768,1.460056464613511
datasets/synthetic_data/s2.csv,226,<timecave.validation_methods.OOS.Holdout object at 0x00000250F26694C0>,0,Tree,3.8294630694580416,1.5469447279748127,1.95690139492465
datasets/synthetic_data/s2.csv,226,<timecave.validation_methods.OOS.Holdout object at 0x00000250F26694C0>,0,ARMA,2.8206649487585813,1.27815589090527,1.6794835363166205
datasets/synthetic_data/s2.csv,226,<timecave.validation_methods.OOS.Repeated_Holdout object at 0x00000250F2606B40>,0,Tree,3.480622904827248,1.3949425068683663,1.8656427591656577
datasets/synthetic_data/s2.csv,226,<timecave.validation_methods.OOS.Repeated_Holdout object at 0x00000250F2606B40>,0,ARMA,3.4780509893173748,1.4425412218342757,1.864953347758966
datasets/synthetic_data/s2.csv,226,<timecave.validation_methods.OOS.Repeated_Holdout object at 0x00000250F2606B40>,1,Tree,3.477712668105158,1.3233508708235076,1.864862640546257
datasets/synthetic_data/s2.csv,226,<timecave.validation_methods.OOS.Repeated_Holdout object at 0x00000250F2606B40>,1,ARMA,3.4541193385109277,1.4072072151481565,1.8585261199431466
datasets/synthetic_data/s2.csv,226,<timecave.validation_methods.OOS.Repeated_Holdout object at 0x00000250F2606B40>,2,Tree,3.9822504083045174,1.5482544904588371,1.9955576684988379
datasets/synthetic_data/s2.csv,226,<timecave.validation_methods.OOS.Repeated_Holdout object at 0x00000250F2606B40>,2,ARMA,3.0193573158697187,1.3180183616505288,1.7376297982797482
datasets/synthetic_data/s2.csv,226,<timecave.validation_methods.OOS.Repeated_Holdout object at 0x00000250F2606B40>,3,Tree,4.1157808621330325,1.6421304139376467,2.028738736785255
datasets/synthetic_data/s2.csv,226,<timecave.validation_methods.OOS.Repeated_Holdout object at 0x00000250F2606B40>,3,ARMA,2.8206649487585813,1.27815589090527,1.6794835363166205
datasets/synthetic_data/s2.csv,226,<timecave.validation_methods.prequential.Growing_Window object at 0x00000250F2621160>,0,Tree,2.178422892314371,1.2606028684543091,1.4759481333415383
datasets/synthetic_data/s2.csv,226,<timecave.validation_methods.prequential.Growing_Window object at 0x00000250F2621160>,0,ARMA,1.5177668841670302,1.0557462655174852,1.2319768196549115
datasets/synthetic_data/s2.csv,226,<timecave.validation_methods.prequential.Growing_Window object at 0x00000250F2621160>,1,Tree,3.690161933939898,1.576734070801821,1.9209794204883868
datasets/synthetic_data/s2.csv,226,<timecave.validation_methods.prequential.Growing_Window object at 0x00000250F2621160>,1,ARMA,2.0135141066693487,1.1533247463023901,1.4189834765314742
datasets/synthetic_data/s2.csv,226,<timecave.validation_methods.prequential.Growing_Window object at 0x00000250F2621160>,2,Tree,2.068207629132193,1.1281419870600746,1.4381264301625893
datasets/synthetic_data/s2.csv,226,<timecave.validation_methods.prequential.Growing_Window object at 0x00000250F2621160>,2,ARMA,2.305568646142405,1.2139915618012,1.518409907153666
datasets/synthetic_data/s2.csv,226,<timecave.validation_methods.prequential.Growing_Window object at 0x00000250F2621160>,3,Tree,4.697436058963693,1.6584987754490885,2.1673569292951482
datasets/synthetic_data/s2.csv,226,<timecave.validation_methods.prequential.Growing_Window object at 0x00000250F2621160>,3,ARMA,3.559341570447283,1.4454649183083532,1.8866217348602987
datasets/synthetic_data/s2.csv,226,<timecave.validation_methods.prequential.Growing_Window object at 0x00000250F25E6E10>,0,Tree,3.861785043689445,1.5883511203627345,1.965142499588629
datasets/synthetic_data/s2.csv,226,<timecave.validation_methods.prequential.Growing_Window object at 0x00000250F25E6E10>,0,ARMA,2.228233322937334,1.2272341120065815,1.4927268078711973
datasets/synthetic_data/s2.csv,226,<timecave.validation_methods.prequential.Growing_Window object at 0x00000250F25E6E10>,1,Tree,2.5089006446646085,1.3134392672831525,1.583950960309254
datasets/synthetic_data/s2.csv,226,<timecave.validation_methods.prequential.Growing_Window object at 0x00000250F25E6E10>,1,ARMA,2.3414665517061817,1.2326896030315735,1.5301851364152579
datasets/synthetic_data/s2.csv,226,<timecave.validation_methods.prequential.Growing_Window object at 0x00000250F25E6E10>,2,Tree,3.171823333662965,1.4028445717341589,1.7809613509739521
datasets/synthetic_data/s2.csv,226,<timecave.validation_methods.prequential.Growing_Window object at 0x00000250F25E6E10>,2,ARMA,3.641471492269564,1.464608632256516,1.9082639996262476
datasets/synthetic_data/s2.csv,226,<timecave.validation_methods.prequential.Rolling_Window object at 0x00000250F2631A00>,0,Tree,2.1690507375587025,1.2360808952376658,1.472769750354312
datasets/synthetic_data/s2.csv,226,<timecave.validation_methods.prequential.Rolling_Window object at 0x00000250F2631A00>,0,ARMA,1.5177668841670302,1.0557462655174852,1.2319768196549115
datasets/synthetic_data/s2.csv,226,<timecave.validation_methods.prequential.Rolling_Window object at 0x00000250F2631A00>,1,Tree,3.1695269680301585,1.5414030860474885,1.7803165359087576
datasets/synthetic_data/s2.csv,226,<timecave.validation_methods.prequential.Rolling_Window object at 0x00000250F2631A00>,1,ARMA,1.8920597104820636,1.1237819382158065,1.3755216139639768
datasets/synthetic_data/s2.csv,226,<timecave.validation_methods.prequential.Rolling_Window object at 0x00000250F2631A00>,2,Tree,3.9181069090115552,1.6771304280556136,1.9794208519189533
datasets/synthetic_data/s2.csv,226,<timecave.validation_methods.prequential.Rolling_Window object at 0x00000250F2631A00>,2,ARMA,2.3278653223159007,1.2193078265816473,1.5257343550945888
datasets/synthetic_data/s2.csv,226,<timecave.validation_methods.prequential.Rolling_Window object at 0x00000250F2631A00>,3,Tree,3.784102483047996,1.498991763831999,1.9452769682099247
datasets/synthetic_data/s2.csv,226,<timecave.validation_methods.prequential.Rolling_Window object at 0x00000250F2631A00>,3,ARMA,3.3215678470085583,1.4245461472297367,1.8225168989637814
datasets/synthetic_data/s2.csv,226,<timecave.validation_methods.prequential.Rolling_Window object at 0x00000250F6A34140>,0,Tree,3.358469294179495,1.4719114376551443,1.8326126961743703
datasets/synthetic_data/s2.csv,226,<timecave.validation_methods.prequential.Rolling_Window object at 0x00000250F6A34140>,0,ARMA,2.228233322937334,1.2272341120065815,1.4927268078711973
datasets/synthetic_data/s2.csv,226,<timecave.validation_methods.prequential.Rolling_Window object at 0x00000250F6A34140>,1,Tree,2.502621890233885,1.2539391599543133,1.5819677273047907
datasets/synthetic_data/s2.csv,226,<timecave.validation_methods.prequential.Rolling_Window object at 0x00000250F6A34140>,1,ARMA,2.5477130543082795,1.2797431442812046,1.596155711172403
datasets/synthetic_data/s2.csv,226,<timecave.validation_methods.prequential.Rolling_Window object at 0x00000250F6A34140>,2,Tree,5.159013263267415,1.8693415180771626,2.271346134623126
datasets/synthetic_data/s2.csv,226,<timecave.validation_methods.prequential.Rolling_Window object at 0x00000250F6A34140>,2,ARMA,3.6464773301386764,1.4673110374006226,1.909575170067593
datasets/synthetic_data/s2.csv,226,<timecave.validation_methods.CV.Block_CV object at 0x00000250F6A34E00>,0,Tree,3.3964880377837847,1.3729147939861466,1.8429563309486703
datasets/synthetic_data/s2.csv,226,<timecave.validation_methods.CV.Block_CV object at 0x00000250F6A34E00>,0,ARMA,2.0987064415190813,1.1375635088571887,1.4486912857883425
datasets/synthetic_data/s2.csv,226,<timecave.validation_methods.CV.Block_CV object at 0x00000250F6A34E00>,1,Tree,3.5865418179681368,1.651507203750407,1.8938167329412148
datasets/synthetic_data/s2.csv,226,<timecave.validation_methods.CV.Block_CV object at 0x00000250F6A34E00>,1,ARMA,1.8641893383105992,1.139849263665382,1.3653531917824777
datasets/synthetic_data/s2.csv,226,<timecave.validation_methods.CV.Block_CV object at 0x00000250F6A34E00>,2,Tree,3.224553144456785,1.5161067863544215,1.7957040804254985
datasets/synthetic_data/s2.csv,226,<timecave.validation_methods.CV.Block_CV object at 0x00000250F6A34E00>,2,ARMA,2.071704929802465,1.172127436167854,1.439341839106494
datasets/synthetic_data/s2.csv,226,<timecave.validation_methods.CV.Block_CV object at 0x00000250F6A34E00>,3,Tree,3.462709316387477,1.5546630687922316,1.8608356500205698
datasets/synthetic_data/s2.csv,226,<timecave.validation_methods.CV.Block_CV object at 0x00000250F6A34E00>,3,ARMA,2.5158490118850874,1.2902696741479132,1.5861428094232521
datasets/synthetic_data/s2.csv,226,<timecave.validation_methods.CV.Block_CV object at 0x00000250F6A34E00>,4,Tree,3.8938222490990237,1.5143054918227667,1.973277033033888
datasets/synthetic_data/s2.csv,226,<timecave.validation_methods.CV.Block_CV object at 0x00000250F6A34E00>,4,ARMA,3.559341570447283,1.4454649183083532,1.8866217348602987
datasets/synthetic_data/s2.csv,226,<timecave.validation_methods.CV.AdaptedhvBlockCV object at 0x00000250F6A368D0>,0,Tree,3.571112018490185,1.4180077367583002,1.8897386111550414
datasets/synthetic_data/s2.csv,226,<timecave.validation_methods.CV.AdaptedhvBlockCV object at 0x00000250F6A368D0>,0,ARMA,2.0929266482085005,1.1409433021363544,1.4466950778268723
datasets/synthetic_data/s2.csv,226,<timecave.validation_methods.CV.AdaptedhvBlockCV object at 0x00000250F6A368D0>,1,Tree,3.4656618239602475,1.559241403613866,1.8616288093925297
datasets/synthetic_data/s2.csv,226,<timecave.validation_methods.CV.AdaptedhvBlockCV object at 0x00000250F6A368D0>,1,ARMA,1.9117411711253391,1.153549530816284,1.382657286215691
datasets/synthetic_data/s2.csv,226,<timecave.validation_methods.CV.AdaptedhvBlockCV object at 0x00000250F6A368D0>,2,Tree,4.013686593029757,1.645328360175248,2.003418726335001
datasets/synthetic_data/s2.csv,226,<timecave.validation_methods.CV.AdaptedhvBlockCV object at 0x00000250F6A368D0>,2,ARMA,2.102101687388302,1.1851783654027674,1.449862644317834
datasets/synthetic_data/s2.csv,226,<timecave.validation_methods.CV.AdaptedhvBlockCV object at 0x00000250F6A368D0>,3,Tree,2.5821513841179153,1.2756920759001336,1.6069073974930588
datasets/synthetic_data/s2.csv,226,<timecave.validation_methods.CV.AdaptedhvBlockCV object at 0x00000250F6A368D0>,3,ARMA,2.554057841769408,1.298807047721594,1.5981419967479136
datasets/synthetic_data/s2.csv,226,<timecave.validation_methods.CV.AdaptedhvBlockCV object at 0x00000250F6A368D0>,4,Tree,3.324151790679946,1.2982411532398344,1.8232256554469461
datasets/synthetic_data/s2.csv,226,<timecave.validation_methods.CV.AdaptedhvBlockCV object at 0x00000250F6A368D0>,4,ARMA,3.469965243484187,1.414579257775834,1.8627842718587106
datasets/synthetic_data/s2.csv,226,<timecave.validation_methods.markov.MarkovCV object at 0x00000250F2A0F0E0>,0,Tree,9.02206271657198,2.7831068261651106,3.0036748686520616
datasets/synthetic_data/s2.csv,226,<timecave.validation_methods.markov.MarkovCV object at 0x00000250F2A0F0E0>,0,ARMA,3.6054136265352947,1.5717485104915674,1.8987926760273999
datasets/synthetic_data/s2.csv,226,<timecave.validation_methods.markov.MarkovCV object at 0x00000250F2A0F0E0>,1,Tree,6.23351665506867,2.273598247921713,2.496701154537457
datasets/synthetic_data/s2.csv,226,<timecave.validation_methods.markov.MarkovCV object at 0x00000250F2A0F0E0>,1,ARMA,3.7875244307887237,1.4783764234763734,1.9461563222898421
datasets/synthetic_data/s2.csv,226,<timecave.validation_methods.markov.MarkovCV object at 0x00000250F2A0F0E0>,2,Tree,4.23223141209374,1.8362323409423456,2.057238783440984
datasets/synthetic_data/s2.csv,226,<timecave.validation_methods.markov.MarkovCV object at 0x00000250F2A0F0E0>,2,ARMA,1.7278700930456108,1.0703789088467885,1.3144847252994654
datasets/synthetic_data/s2.csv,226,<timecave.validation_methods.markov.MarkovCV object at 0x00000250F2A0F0E0>,3,Tree,5.203926234673007,1.9824886238709198,2.2812115716594565
datasets/synthetic_data/s2.csv,226,<timecave.validation_methods.markov.MarkovCV object at 0x00000250F2A0F0E0>,3,ARMA,2.3684819341510956,1.1932869832896407,1.5389873079889567
datasets/synthetic_data/s2.csv,226,<timecave.validation_methods.markov.MarkovCV object at 0x00000250F2A0F0E0>,4,Tree,4.19249528968832,1.7245495495161267,2.0475583727181794
datasets/synthetic_data/s2.csv,226,<timecave.validation_methods.markov.MarkovCV object at 0x00000250F2A0F0E0>,4,ARMA,3.046344694663706,1.4421817221099706,1.7453780950452271
datasets/synthetic_data/s2.csv,226,<timecave.validation_methods.markov.MarkovCV object at 0x00000250F2A0F0E0>,5,Tree,4.137696362772676,1.591882650331224,2.034132828202887
datasets/synthetic_data/s2.csv,226,<timecave.validation_methods.markov.MarkovCV object at 0x00000250F2A0F0E0>,5,ARMA,4.981183221622732,1.8354682775424846,2.2318564518406494
datasets/synthetic_data/s2.csv,226,<timecave.validation_methods.markov.MarkovCV object at 0x00000250F2A0F0E0>,6,Tree,5.753625537734833,2.0373656019925885,2.3986716194041304
datasets/synthetic_data/s2.csv,226,<timecave.validation_methods.markov.MarkovCV object at 0x00000250F2A0F0E0>,6,ARMA,1.7621357789109053,1.0151616942171815,1.3274546240496905
datasets/synthetic_data/s2.csv,226,<timecave.validation_methods.markov.MarkovCV object at 0x00000250F2A0F0E0>,7,Tree,7.655367170550293,2.3977596073968166,2.7668334193713746
datasets/synthetic_data/s2.csv,226,<timecave.validation_methods.markov.MarkovCV object at 0x00000250F2A0F0E0>,7,ARMA,2.8685585097083157,1.3599732511412341,1.6936819387678184
datasets/synthetic_data/s2.csv,226,<timecave.validation_methods.markov.MarkovCV object at 0x00000250F2A0F0E0>,8,Tree,6.6149277402753475,2.1330634903943326,2.571950182308232
datasets/synthetic_data/s2.csv,226,<timecave.validation_methods.markov.MarkovCV object at 0x00000250F2A0F0E0>,8,ARMA,2.7691342680741178,1.2540563201820047,1.6640715934340438
datasets/synthetic_data/s2.csv,226,<timecave.validation_methods.markov.MarkovCV object at 0x00000250F2A0F0E0>,9,Tree,3.779038729219266,1.677696792068213,1.9439749816340914
datasets/synthetic_data/s2.csv,226,<timecave.validation_methods.markov.MarkovCV object at 0x00000250F2A0F0E0>,9,ARMA,1.7699185571436775,1.0578379910500373,1.330382861113175
datasets/synthetic_data/s2.csv,227,<timecave.validation_methods.OOS.Holdout object at 0x00000250E98F1220>,0,Tree,2.6243372079834986,1.293170660955593,1.6199806196320679
datasets/synthetic_data/s2.csv,227,<timecave.validation_methods.OOS.Holdout object at 0x00000250E98F1220>,0,ARMA,1.740571707246052,1.0727946571920677,1.319307283102027
datasets/synthetic_data/s2.csv,227,<timecave.validation_methods.OOS.Repeated_Holdout object at 0x00000250F2A0EC00>,0,Tree,2.0629615046226055,1.0641237615719996,1.4363013279331762
datasets/synthetic_data/s2.csv,227,<timecave.validation_methods.OOS.Repeated_Holdout object at 0x00000250F2A0EC00>,0,ARMA,1.6314951328581588,1.0199751777503516,1.2772999384867123
datasets/synthetic_data/s2.csv,227,<timecave.validation_methods.OOS.Repeated_Holdout object at 0x00000250F2A0EC00>,1,Tree,2.606998940097756,1.2458591907605754,1.6146203702721442
datasets/synthetic_data/s2.csv,227,<timecave.validation_methods.OOS.Repeated_Holdout object at 0x00000250F2A0EC00>,1,ARMA,1.7462940540328076,1.0904300032679148,1.321474197263347
datasets/synthetic_data/s2.csv,227,<timecave.validation_methods.OOS.Repeated_Holdout object at 0x00000250F2A0EC00>,2,Tree,2.7503934326750694,1.288600159725697,1.6584310153500716
datasets/synthetic_data/s2.csv,227,<timecave.validation_methods.OOS.Repeated_Holdout object at 0x00000250F2A0EC00>,2,ARMA,1.8295181675587777,1.110706193134648,1.3525968237278905
datasets/synthetic_data/s2.csv,227,<timecave.validation_methods.OOS.Repeated_Holdout object at 0x00000250F2A0EC00>,3,Tree,2.4743358821009815,1.279347798800516,1.5730021875703102
datasets/synthetic_data/s2.csv,227,<timecave.validation_methods.OOS.Repeated_Holdout object at 0x00000250F2A0EC00>,3,ARMA,1.740571707246052,1.0727946571920677,1.319307283102027
datasets/synthetic_data/s2.csv,227,<timecave.validation_methods.prequential.Growing_Window object at 0x00000250F2A0CD40>,0,Tree,1.8549649315819865,1.2033036973066389,1.361970973105516
datasets/synthetic_data/s2.csv,227,<timecave.validation_methods.prequential.Growing_Window object at 0x00000250F2A0CD40>,0,ARMA,1.3087250001303121,1.0043599882565217,1.1439951923545448
datasets/synthetic_data/s2.csv,227,<timecave.validation_methods.prequential.Growing_Window object at 0x00000250F2A0CD40>,1,Tree,4.668778178693598,1.5914520931736533,2.160735564268242
datasets/synthetic_data/s2.csv,227,<timecave.validation_methods.prequential.Growing_Window object at 0x00000250F2A0CD40>,1,ARMA,1.570507352427541,1.0314658448725629,1.2531988479198108
datasets/synthetic_data/s2.csv,227,<timecave.validation_methods.prequential.Growing_Window object at 0x00000250F2A0CD40>,2,Tree,4.294022321066766,1.6997108899014604,2.0722022876801303
datasets/synthetic_data/s2.csv,227,<timecave.validation_methods.prequential.Growing_Window object at 0x00000250F2A0CD40>,2,ARMA,2.172745936824489,1.2607165021116251,1.4740237232909412
datasets/synthetic_data/s2.csv,227,<timecave.validation_methods.prequential.Growing_Window object at 0x00000250F2A0CD40>,3,Tree,2.81746815753071,1.3160395478660187,1.6785315479700433
datasets/synthetic_data/s2.csv,227,<timecave.validation_methods.prequential.Growing_Window object at 0x00000250F2A0CD40>,3,ARMA,1.738193337789411,1.0611767198166087,1.3184056044288537
datasets/synthetic_data/s2.csv,227,<timecave.validation_methods.prequential.Growing_Window object at 0x00000250F2A0D730>,0,Tree,5.7922402346343,1.8802964663400756,2.406707342955163
datasets/synthetic_data/s2.csv,227,<timecave.validation_methods.prequential.Growing_Window object at 0x00000250F2A0D730>,0,ARMA,1.5986012004266943,1.04455044816383,1.2643580190858499
datasets/synthetic_data/s2.csv,227,<timecave.validation_methods.prequential.Growing_Window object at 0x00000250F2A0D730>,1,Tree,2.6530277820573613,1.3522130789819824,1.6288117699898172
datasets/synthetic_data/s2.csv,227,<timecave.validation_methods.prequential.Growing_Window object at 0x00000250F2A0D730>,1,ARMA,2.197270813730161,1.2632847896607924,1.4823194034114784
datasets/synthetic_data/s2.csv,227,<timecave.validation_methods.prequential.Growing_Window object at 0x00000250F2A0D730>,2,Tree,2.2995431500587595,1.1838434467095884,1.5164244623649275
datasets/synthetic_data/s2.csv,227,<timecave.validation_methods.prequential.Growing_Window object at 0x00000250F2A0D730>,2,ARMA,1.7514796877379388,1.0676727460840236,1.323434806757756
datasets/synthetic_data/s2.csv,227,<timecave.validation_methods.prequential.Rolling_Window object at 0x00000250F2A0CF50>,0,Tree,2.0270012987795303,1.2440494307175431,1.423727958136501
datasets/synthetic_data/s2.csv,227,<timecave.validation_methods.prequential.Rolling_Window object at 0x00000250F2A0CF50>,0,ARMA,1.3087250001303121,1.0043599882565217,1.1439951923545448
datasets/synthetic_data/s2.csv,227,<timecave.validation_methods.prequential.Rolling_Window object at 0x00000250F2A0CF50>,1,Tree,2.078896273099529,1.1398671078195024,1.4418378109550078
datasets/synthetic_data/s2.csv,227,<timecave.validation_methods.prequential.Rolling_Window object at 0x00000250F2A0CF50>,1,ARMA,1.5569180464511276,1.029448273107794,1.2477652208853747
datasets/synthetic_data/s2.csv,227,<timecave.validation_methods.prequential.Rolling_Window object at 0x00000250F2A0CF50>,2,Tree,3.66001143870818,1.6591045321065818,1.913115636522837
datasets/synthetic_data/s2.csv,227,<timecave.validation_methods.prequential.Rolling_Window object at 0x00000250F2A0CF50>,2,ARMA,2.6468019371368907,1.3651214384310615,1.62689948587394
datasets/synthetic_data/s2.csv,227,<timecave.validation_methods.prequential.Rolling_Window object at 0x00000250F2A0CF50>,3,Tree,2.087284906697845,1.192868580627289,1.4447438896558258
datasets/synthetic_data/s2.csv,227,<timecave.validation_methods.prequential.Rolling_Window object at 0x00000250F2A0CF50>,3,ARMA,2.019588804233465,1.155186764166963,1.4211223748268356
datasets/synthetic_data/s2.csv,227,<timecave.validation_methods.prequential.Rolling_Window object at 0x00000250F2A0D250>,0,Tree,5.7260863301686244,1.8691766776767755,2.3929242215683773
datasets/synthetic_data/s2.csv,227,<timecave.validation_methods.prequential.Rolling_Window object at 0x00000250F2A0D250>,0,ARMA,1.5986012004266943,1.04455044816383,1.2643580190858499
datasets/synthetic_data/s2.csv,227,<timecave.validation_methods.prequential.Rolling_Window object at 0x00000250F2A0D250>,1,Tree,2.2891074871758414,1.262747730441059,1.5129796717655666
datasets/synthetic_data/s2.csv,227,<timecave.validation_methods.prequential.Rolling_Window object at 0x00000250F2A0D250>,1,ARMA,2.222466040193269,1.263904429933089,1.4907937617904325
datasets/synthetic_data/s2.csv,227,<timecave.validation_methods.prequential.Rolling_Window object at 0x00000250F2A0D250>,2,Tree,1.9217414295794786,1.0930560298233287,1.386268887907205
datasets/synthetic_data/s2.csv,227,<timecave.validation_methods.prequential.Rolling_Window object at 0x00000250F2A0D250>,2,ARMA,1.8362468959410712,1.1404250519392447,1.3550818779472593
datasets/synthetic_data/s2.csv,227,<timecave.validation_methods.CV.Block_CV object at 0x00000250F2A0E600>,0,Tree,2.680210584317709,1.197271198679603,1.637134870533796
datasets/synthetic_data/s2.csv,227,<timecave.validation_methods.CV.Block_CV object at 0x00000250F2A0E600>,0,ARMA,1.470010443672133,0.9230058081383132,1.2124398721883627
datasets/synthetic_data/s2.csv,227,<timecave.validation_methods.CV.Block_CV object at 0x00000250F2A0E600>,1,Tree,3.6829011143669614,1.5755107321408137,1.919088615558688
datasets/synthetic_data/s2.csv,227,<timecave.validation_methods.CV.Block_CV object at 0x00000250F2A0E600>,1,ARMA,1.4743935846326743,1.0450248412780536,1.214246097227689
datasets/synthetic_data/s2.csv,227,<timecave.validation_methods.CV.Block_CV object at 0x00000250F2A0E600>,2,Tree,3.2086819465320784,1.5073647721989984,1.791279416096796
datasets/synthetic_data/s2.csv,227,<timecave.validation_methods.CV.Block_CV object at 0x00000250F2A0E600>,2,ARMA,1.5866173273402322,1.0479679494885048,1.259609990171653
datasets/synthetic_data/s2.csv,227,<timecave.validation_methods.CV.Block_CV object at 0x00000250F2A0E600>,3,Tree,3.0688090868197233,1.4163819924280527,1.7518016688026425
datasets/synthetic_data/s2.csv,227,<timecave.validation_methods.CV.Block_CV object at 0x00000250F2A0E600>,3,ARMA,2.5775583810258125,1.3328464730471223,1.6054776177280743
datasets/synthetic_data/s2.csv,227,<timecave.validation_methods.CV.Block_CV object at 0x00000250F2A0E600>,4,Tree,2.8766012235652427,1.3434872436744685,1.6960546051248595
datasets/synthetic_data/s2.csv,227,<timecave.validation_methods.CV.Block_CV object at 0x00000250F2A0E600>,4,ARMA,1.738193337789411,1.0611767198166087,1.3184056044288537
datasets/synthetic_data/s2.csv,227,<timecave.validation_methods.CV.AdaptedhvBlockCV object at 0x00000250F2A0F710>,0,Tree,2.2015715834585965,1.1428245884145292,1.4837693835157122
datasets/synthetic_data/s2.csv,227,<timecave.validation_methods.CV.AdaptedhvBlockCV object at 0x00000250F2A0F710>,0,ARMA,1.4709564235750463,0.9221979038416099,1.2128299235981301
datasets/synthetic_data/s2.csv,227,<timecave.validation_methods.CV.AdaptedhvBlockCV object at 0x00000250F2A0F710>,1,Tree,3.0043027716303885,1.494882160383044,1.7332924656936546
datasets/synthetic_data/s2.csv,227,<timecave.validation_methods.CV.AdaptedhvBlockCV object at 0x00000250F2A0F710>,1,ARMA,1.451843605514915,1.0353853542531017,1.204924730227957
datasets/synthetic_data/s2.csv,227,<timecave.validation_methods.CV.AdaptedhvBlockCV object at 0x00000250F2A0F710>,2,Tree,2.7830141757896447,1.406824043946125,1.6682368464308792
datasets/synthetic_data/s2.csv,227,<timecave.validation_methods.CV.AdaptedhvBlockCV object at 0x00000250F2A0F710>,2,ARMA,1.601175381657702,1.0513756139650523,1.2653755891661977
datasets/synthetic_data/s2.csv,227,<timecave.validation_methods.CV.AdaptedhvBlockCV object at 0x00000250F2A0F710>,3,Tree,2.2724903625404673,1.2015084774718237,1.507478146621193
datasets/synthetic_data/s2.csv,227,<timecave.validation_methods.CV.AdaptedhvBlockCV object at 0x00000250F2A0F710>,3,ARMA,2.6151238543625634,1.3426366399061749,1.6171344577253195
datasets/synthetic_data/s2.csv,227,<timecave.validation_methods.CV.AdaptedhvBlockCV object at 0x00000250F2A0F710>,4,Tree,2.736866395241553,1.2704048095455693,1.6543477250087277
datasets/synthetic_data/s2.csv,227,<timecave.validation_methods.CV.AdaptedhvBlockCV object at 0x00000250F2A0F710>,4,ARMA,1.6486797224473855,1.0281751353764337,1.2840092376799264
datasets/synthetic_data/s2.csv,227,<timecave.validation_methods.markov.MarkovCV object at 0x00000250F2A0F260>,0,Tree,5.847350640207829,2.203233127566297,2.41812957473495
datasets/synthetic_data/s2.csv,227,<timecave.validation_methods.markov.MarkovCV object at 0x00000250F2A0F260>,0,ARMA,2.8149515461372885,1.4021136939473633,1.677781733759576
datasets/synthetic_data/s2.csv,227,<timecave.validation_methods.markov.MarkovCV object at 0x00000250F2A0F260>,1,Tree,2.9512432676828366,1.558861634609991,1.717918294821624
datasets/synthetic_data/s2.csv,227,<timecave.validation_methods.markov.MarkovCV object at 0x00000250F2A0F260>,1,ARMA,0.9407774807368859,0.7078394200222546,0.9699368436846215
datasets/synthetic_data/s2.csv,227,<timecave.validation_methods.markov.MarkovCV object at 0x00000250F2A0F260>,2,Tree,3.581350274786806,1.6969902326194435,1.892445580402989
datasets/synthetic_data/s2.csv,227,<timecave.validation_methods.markov.MarkovCV object at 0x00000250F2A0F260>,2,ARMA,2.75924847365867,1.3076164200998492,1.661098574335271
datasets/synthetic_data/s2.csv,227,<timecave.validation_methods.markov.MarkovCV object at 0x00000250F2A0F260>,3,Tree,3.2123426062630704,1.6335524073422292,1.7923009251414983
datasets/synthetic_data/s2.csv,227,<timecave.validation_methods.markov.MarkovCV object at 0x00000250F2A0F260>,3,ARMA,2.06457030870809,1.2175902235116778,1.436861269819773
datasets/synthetic_data/s2.csv,227,<timecave.validation_methods.markov.MarkovCV object at 0x00000250F2A0F260>,4,Tree,1.2678702357696254,0.9642534804165602,1.1259974403921287
datasets/synthetic_data/s2.csv,227,<timecave.validation_methods.markov.MarkovCV object at 0x00000250F2A0F260>,4,ARMA,1.432133524570725,0.9099032778439118,1.1967178132587168
datasets/synthetic_data/s2.csv,227,<timecave.validation_methods.markov.MarkovCV object at 0x00000250F2A0F260>,5,Tree,2.480290620911021,1.457106101161578,1.574893844330792
datasets/synthetic_data/s2.csv,227,<timecave.validation_methods.markov.MarkovCV object at 0x00000250F2A0F260>,5,ARMA,1.4178419150360417,1.003991447303994,1.190731672139463
datasets/synthetic_data/s2.csv,227,<timecave.validation_methods.markov.MarkovCV object at 0x00000250F2A0F260>,6,Tree,4.0802872859234105,1.63864406698327,2.01997210028342
datasets/synthetic_data/s2.csv,227,<timecave.validation_methods.markov.MarkovCV object at 0x00000250F2A0F260>,6,ARMA,2.155315897792346,1.1467229936118186,1.4680994168626136
datasets/synthetic_data/s2.csv,227,<timecave.validation_methods.markov.MarkovCV object at 0x00000250F2A0F260>,7,Tree,5.237915505405542,1.9552517455484564,2.288649275316238
datasets/synthetic_data/s2.csv,227,<timecave.validation_methods.markov.MarkovCV object at 0x00000250F2A0F260>,7,ARMA,1.8478021030511824,1.1502852991531027,1.359338847767981
datasets/synthetic_data/s2.csv,227,<timecave.validation_methods.markov.MarkovCV object at 0x00000250F2A0F260>,8,Tree,3.511758383538078,1.5717415920239084,1.8739686186108022
datasets/synthetic_data/s2.csv,227,<timecave.validation_methods.markov.MarkovCV object at 0x00000250F2A0F260>,8,ARMA,2.052228322465887,1.3006422300481657,1.4325600589385028
datasets/synthetic_data/s2.csv,227,<timecave.validation_methods.markov.MarkovCV object at 0x00000250F2A0F260>,9,Tree,1.7524272245147734,1.0722134457401924,1.3237927422805933
datasets/synthetic_data/s2.csv,227,<timecave.validation_methods.markov.MarkovCV object at 0x00000250F2A0F260>,9,ARMA,1.4482349042466063,1.0660804340067593,1.2034263185781697
datasets/synthetic_data/s2.csv,228,<timecave.validation_methods.OOS.Holdout object at 0x00000250F2A0C410>,0,Tree,1.7579503024696046,1.0305709212699223,1.325877182272025
datasets/synthetic_data/s2.csv,228,<timecave.validation_methods.OOS.Holdout object at 0x00000250F2A0C410>,0,ARMA,1.199142356368955,0.8631068439440007,1.0950535860719122
datasets/synthetic_data/s2.csv,228,<timecave.validation_methods.OOS.Repeated_Holdout object at 0x00000250F2A0E6F0>,0,Tree,2.7291448993089236,1.3125657585107384,1.6520123786790835
datasets/synthetic_data/s2.csv,228,<timecave.validation_methods.OOS.Repeated_Holdout object at 0x00000250F2A0E6F0>,0,ARMA,0.9118068840129627,0.8061049674331484,0.9548857963196241
datasets/synthetic_data/s2.csv,228,<timecave.validation_methods.OOS.Repeated_Holdout object at 0x00000250F2A0E6F0>,1,Tree,2.415476621357335,1.2715264276546958,1.5541803696345333
datasets/synthetic_data/s2.csv,228,<timecave.validation_methods.OOS.Repeated_Holdout object at 0x00000250F2A0E6F0>,1,ARMA,0.9715120391597911,0.823174392212191,0.9856531028509935
datasets/synthetic_data/s2.csv,228,<timecave.validation_methods.OOS.Repeated_Holdout object at 0x00000250F2A0E6F0>,2,Tree,2.812267013646195,1.2986808384238218,1.6769815185762171
datasets/synthetic_data/s2.csv,228,<timecave.validation_methods.OOS.Repeated_Holdout object at 0x00000250F2A0E6F0>,2,ARMA,0.7879254598537183,0.7182065629145011,0.8876516545659779
datasets/synthetic_data/s2.csv,228,<timecave.validation_methods.OOS.Repeated_Holdout object at 0x00000250F2A0E6F0>,3,Tree,1.595698430175206,0.9988461378401644,1.263209574922232
datasets/synthetic_data/s2.csv,228,<timecave.validation_methods.OOS.Repeated_Holdout object at 0x00000250F2A0E6F0>,3,ARMA,1.199142356368955,0.8631068439440007,1.0950535860719122
datasets/synthetic_data/s2.csv,228,<timecave.validation_methods.prequential.Growing_Window object at 0x00000250F2A0FE60>,0,Tree,3.7162070308336377,1.4439274810518379,1.9277466199772308
datasets/synthetic_data/s2.csv,228,<timecave.validation_methods.prequential.Growing_Window object at 0x00000250F2A0FE60>,0,ARMA,2.0161132147597693,1.1920348134704812,1.4198990156908236
datasets/synthetic_data/s2.csv,228,<timecave.validation_methods.prequential.Growing_Window object at 0x00000250F2A0FE60>,1,Tree,2.4003338254331084,1.2214934398069706,1.5493010764319208
datasets/synthetic_data/s2.csv,228,<timecave.validation_methods.prequential.Growing_Window object at 0x00000250F2A0FE60>,1,ARMA,1.4549558090456012,0.9638029233475329,1.206215490302459
datasets/synthetic_data/s2.csv,228,<timecave.validation_methods.prequential.Growing_Window object at 0x00000250F2A0FE60>,2,Tree,1.3254625291252087,0.9993672352828226,1.1512873356053253
datasets/synthetic_data/s2.csv,228,<timecave.validation_methods.prequential.Growing_Window object at 0x00000250F2A0FE60>,2,ARMA,1.7004038475180387,0.9494094253909788,1.303995340297671
datasets/synthetic_data/s2.csv,228,<timecave.validation_methods.prequential.Growing_Window object at 0x00000250F2A0FE60>,3,Tree,2.0182240753351164,1.2218075270550481,1.4206421348584295
datasets/synthetic_data/s2.csv,228,<timecave.validation_methods.prequential.Growing_Window object at 0x00000250F2A0FE60>,3,ARMA,0.8704591536002102,0.7952132033825288,0.9329840050077012
datasets/synthetic_data/s2.csv,228,<timecave.validation_methods.prequential.Growing_Window object at 0x00000250F2A0DB50>,0,Tree,2.7740534139600754,1.4027742933515712,1.665548982756159
datasets/synthetic_data/s2.csv,228,<timecave.validation_methods.prequential.Growing_Window object at 0x00000250F2A0DB50>,0,ARMA,1.3651447143326183,0.9330715155985577,1.1683940749304655
datasets/synthetic_data/s2.csv,228,<timecave.validation_methods.prequential.Growing_Window object at 0x00000250F2A0DB50>,1,Tree,1.7660236475824338,1.033949736539979,1.3289182245655426
datasets/synthetic_data/s2.csv,228,<timecave.validation_methods.prequential.Growing_Window object at 0x00000250F2A0DB50>,1,ARMA,1.9578395455033024,1.0637319815110895,1.3992281963651614
datasets/synthetic_data/s2.csv,228,<timecave.validation_methods.prequential.Growing_Window object at 0x00000250F2A0DB50>,2,Tree,2.2029035528796976,1.128836483444069,1.4842181621580088
datasets/synthetic_data/s2.csv,228,<timecave.validation_methods.prequential.Growing_Window object at 0x00000250F2A0DB50>,2,ARMA,0.9599523112023023,0.8127237556697966,0.9797715607233669
datasets/synthetic_data/s2.csv,228,<timecave.validation_methods.prequential.Rolling_Window object at 0x00000250F2A0EF60>,0,Tree,3.429021105693518,1.3567342428497113,1.8517616222650037
datasets/synthetic_data/s2.csv,228,<timecave.validation_methods.prequential.Rolling_Window object at 0x00000250F2A0EF60>,0,ARMA,2.0161132147597693,1.1920348134704812,1.4198990156908236
datasets/synthetic_data/s2.csv,228,<timecave.validation_methods.prequential.Rolling_Window object at 0x00000250F2A0EF60>,1,Tree,1.3304850676615008,0.9912521441926844,1.1534665437980856
datasets/synthetic_data/s2.csv,228,<timecave.validation_methods.prequential.Rolling_Window object at 0x00000250F2A0EF60>,1,ARMA,1.9557873584463346,1.0909580008373954,1.3984946758734316
datasets/synthetic_data/s2.csv,228,<timecave.validation_methods.prequential.Rolling_Window object at 0x00000250F2A0EF60>,2,Tree,2.8386877648268127,1.3251185983691494,1.6848405754927713
datasets/synthetic_data/s2.csv,228,<timecave.validation_methods.prequential.Rolling_Window object at 0x00000250F2A0EF60>,2,ARMA,1.7477373531025064,0.9653159069411983,1.3220201787803794
datasets/synthetic_data/s2.csv,228,<timecave.validation_methods.prequential.Rolling_Window object at 0x00000250F2A0EF60>,3,Tree,2.4967539156977154,1.266561638670367,1.5801119946692752
datasets/synthetic_data/s2.csv,228,<timecave.validation_methods.prequential.Rolling_Window object at 0x00000250F2A0EF60>,3,ARMA,0.876636353662071,0.7950857774508334,0.9362886059661685
datasets/synthetic_data/s2.csv,228,<timecave.validation_methods.prequential.Rolling_Window object at 0x00000250F29F61E0>,0,Tree,2.717583932780138,1.381171140018855,1.6485096095504381
datasets/synthetic_data/s2.csv,228,<timecave.validation_methods.prequential.Rolling_Window object at 0x00000250F29F61E0>,0,ARMA,1.3651447143326183,0.9330715155985577,1.1683940749304655
datasets/synthetic_data/s2.csv,228,<timecave.validation_methods.prequential.Rolling_Window object at 0x00000250F29F61E0>,1,Tree,2.965930514671023,1.3787280478230737,1.7221877117988686
datasets/synthetic_data/s2.csv,228,<timecave.validation_methods.prequential.Rolling_Window object at 0x00000250F29F61E0>,1,ARMA,3.216452109472332,1.4586359515080243,1.7934469909847717
datasets/synthetic_data/s2.csv,228,<timecave.validation_methods.prequential.Rolling_Window object at 0x00000250F29F61E0>,2,Tree,2.1572968018966,1.10249270191992,1.4687739110893139
datasets/synthetic_data/s2.csv,228,<timecave.validation_methods.prequential.Rolling_Window object at 0x00000250F29F61E0>,2,ARMA,1.01008123524646,0.8323548639876368,1.0050279773451385
datasets/synthetic_data/s2.csv,228,<timecave.validation_methods.CV.Block_CV object at 0x00000250F29B0830>,0,Tree,4.035391725333411,1.6422470505972488,2.008828445968797
datasets/synthetic_data/s2.csv,228,<timecave.validation_methods.CV.Block_CV object at 0x00000250F29B0830>,0,ARMA,2.768638001647833,1.3196165306690277,1.6639224746507373
datasets/synthetic_data/s2.csv,228,<timecave.validation_methods.CV.Block_CV object at 0x00000250F29B0830>,1,Tree,2.2798480872279763,1.2424899720343754,1.5099165828707148
datasets/synthetic_data/s2.csv,228,<timecave.validation_methods.CV.Block_CV object at 0x00000250F29B0830>,1,ARMA,1.7782759636378151,1.130301055810636,1.333520139944581
datasets/synthetic_data/s2.csv,228,<timecave.validation_methods.CV.Block_CV object at 0x00000250F29B0830>,2,Tree,1.901413249491628,1.0394189383215573,1.3789174193879878
datasets/synthetic_data/s2.csv,228,<timecave.validation_methods.CV.Block_CV object at 0x00000250F29B0830>,2,ARMA,1.5076628150680706,0.9888969416429942,1.2278692174120462
datasets/synthetic_data/s2.csv,228,<timecave.validation_methods.CV.Block_CV object at 0x00000250F29B0830>,3,Tree,1.8563444276649628,1.0803536297887097,1.362477312715688
datasets/synthetic_data/s2.csv,228,<timecave.validation_methods.CV.Block_CV object at 0x00000250F29B0830>,3,ARMA,1.838930701909534,1.028890249721854,1.3560717908390891
datasets/synthetic_data/s2.csv,228,<timecave.validation_methods.CV.Block_CV object at 0x00000250F29B0830>,4,Tree,1.8574965919717772,1.1648897743347169,1.3629000667590332
datasets/synthetic_data/s2.csv,228,<timecave.validation_methods.CV.Block_CV object at 0x00000250F29B0830>,4,ARMA,0.8704591536002102,0.7952132033825288,0.9329840050077012
datasets/synthetic_data/s2.csv,228,<timecave.validation_methods.CV.AdaptedhvBlockCV object at 0x00000250F6A368A0>,0,Tree,3.715895434024367,1.55786637636274,1.9276657993605548
datasets/synthetic_data/s2.csv,228,<timecave.validation_methods.CV.AdaptedhvBlockCV object at 0x00000250F6A368A0>,0,ARMA,2.7623550179949534,1.3184642904732802,1.66203339857987
datasets/synthetic_data/s2.csv,228,<timecave.validation_methods.CV.AdaptedhvBlockCV object at 0x00000250F6A368A0>,1,Tree,1.951524783663687,1.1890448156652216,1.3969698578221676
datasets/synthetic_data/s2.csv,228,<timecave.validation_methods.CV.AdaptedhvBlockCV object at 0x00000250F6A368A0>,1,ARMA,1.7812502199091518,1.1316084145311378,1.3346348638894279
datasets/synthetic_data/s2.csv,228,<timecave.validation_methods.CV.AdaptedhvBlockCV object at 0x00000250F6A368A0>,2,Tree,1.4838439380261794,1.01891479295098,1.218131330368848
datasets/synthetic_data/s2.csv,228,<timecave.validation_methods.CV.AdaptedhvBlockCV object at 0x00000250F6A368A0>,2,ARMA,1.5032763967692793,0.988502882857291,1.2260817251591671
datasets/synthetic_data/s2.csv,228,<timecave.validation_methods.CV.AdaptedhvBlockCV object at 0x00000250F6A368A0>,3,Tree,1.8699457132055182,1.1463925779663438,1.3674595837557753
datasets/synthetic_data/s2.csv,228,<timecave.validation_methods.CV.AdaptedhvBlockCV object at 0x00000250F6A368A0>,3,ARMA,1.7924258216916358,1.0043106289341783,1.3388150812160864
datasets/synthetic_data/s2.csv,228,<timecave.validation_methods.CV.AdaptedhvBlockCV object at 0x00000250F6A368A0>,4,Tree,2.505766039537836,1.2577615131006556,1.5829611617275505
datasets/synthetic_data/s2.csv,228,<timecave.validation_methods.CV.AdaptedhvBlockCV object at 0x00000250F6A368A0>,4,ARMA,0.8945434776701638,0.7918864944580859,0.9458030860967646
datasets/synthetic_data/s2.csv,228,<timecave.validation_methods.markov.MarkovCV object at 0x00000250F6A377D0>,0,Tree,3.247327562130915,1.386805519691944,1.8020342843938666
datasets/synthetic_data/s2.csv,228,<timecave.validation_methods.markov.MarkovCV object at 0x00000250F6A377D0>,0,ARMA,2.5467221880166067,1.2373487790408508,1.595845289499144
datasets/synthetic_data/s2.csv,228,<timecave.validation_methods.markov.MarkovCV object at 0x00000250F6A377D0>,1,Tree,3.0510814604691205,1.477453936658743,1.7467345134476278
datasets/synthetic_data/s2.csv,228,<timecave.validation_methods.markov.MarkovCV object at 0x00000250F6A377D0>,1,ARMA,1.544262870039016,0.9964069803060787,1.242683736933503
datasets/synthetic_data/s2.csv,228,<timecave.validation_methods.markov.MarkovCV object at 0x00000250F6A377D0>,2,Tree,4.113217000919301,1.665442707930594,2.028106752841009
datasets/synthetic_data/s2.csv,228,<timecave.validation_methods.markov.MarkovCV object at 0x00000250F6A377D0>,2,ARMA,2.624110900076605,1.3482747611098436,1.619910769171131
datasets/synthetic_data/s2.csv,228,<timecave.validation_methods.markov.MarkovCV object at 0x00000250F6A377D0>,3,Tree,2.207107759165676,1.0895211867922587,1.485633790395761
datasets/synthetic_data/s2.csv,228,<timecave.validation_methods.markov.MarkovCV object at 0x00000250F6A377D0>,3,ARMA,5.621027887232218,1.5673239507410863,2.370870702343807
datasets/synthetic_data/s2.csv,228,<timecave.validation_methods.markov.MarkovCV object at 0x00000250F6A377D0>,4,Tree,2.539747296328375,1.3407925559127827,1.5936584628860648
datasets/synthetic_data/s2.csv,228,<timecave.validation_methods.markov.MarkovCV object at 0x00000250F6A377D0>,4,ARMA,1.5802206747483818,0.9931008793427225,1.2570682856346276
datasets/synthetic_data/s2.csv,228,<timecave.validation_methods.markov.MarkovCV object at 0x00000250F6A377D0>,5,Tree,2.978910916049738,1.318687436213702,1.725952176640401
datasets/synthetic_data/s2.csv,228,<timecave.validation_methods.markov.MarkovCV object at 0x00000250F6A377D0>,5,ARMA,1.2076011340401385,0.8666349097273138,1.0989090654099358
datasets/synthetic_data/s2.csv,228,<timecave.validation_methods.markov.MarkovCV object at 0x00000250F6A377D0>,6,Tree,4.138277162044267,1.6595974648072613,2.0342755865526843
datasets/synthetic_data/s2.csv,228,<timecave.validation_methods.markov.MarkovCV object at 0x00000250F6A377D0>,6,ARMA,1.8459440361572383,1.126539680536477,1.3586552307915494
datasets/synthetic_data/s2.csv,228,<timecave.validation_methods.markov.MarkovCV object at 0x00000250F6A377D0>,7,Tree,2.606747925907034,1.2851399584057457,1.614542636757244
datasets/synthetic_data/s2.csv,228,<timecave.validation_methods.markov.MarkovCV object at 0x00000250F6A377D0>,7,ARMA,2.2385256810686878,1.052456329607926,1.4961703382531977
datasets/synthetic_data/s2.csv,228,<timecave.validation_methods.markov.MarkovCV object at 0x00000250F6A377D0>,8,Tree,2.8167805284377234,1.4470458889160087,1.6783267049170503
datasets/synthetic_data/s2.csv,228,<timecave.validation_methods.markov.MarkovCV object at 0x00000250F6A377D0>,8,ARMA,1.1899752162741506,0.9550298809278199,1.0908598518023067
datasets/synthetic_data/s2.csv,228,<timecave.validation_methods.markov.MarkovCV object at 0x00000250F6A377D0>,9,Tree,2.9444413573920496,1.4086805847478934,1.7159374573078268
datasets/synthetic_data/s2.csv,228,<timecave.validation_methods.markov.MarkovCV object at 0x00000250F6A377D0>,9,ARMA,1.920799541617593,1.1434417227614158,1.385929125755568
datasets/synthetic_data/s2.csv,229,<timecave.validation_methods.OOS.Holdout object at 0x00000250F29F6420>,0,Tree,2.237465668999736,1.2215617961555154,1.495816054533356
datasets/synthetic_data/s2.csv,229,<timecave.validation_methods.OOS.Holdout object at 0x00000250F29F6420>,0,ARMA,1.6952805588255,1.0272291430822345,1.3020294001386834
datasets/synthetic_data/s2.csv,229,<timecave.validation_methods.OOS.Repeated_Holdout object at 0x00000250F29F5670>,0,Tree,2.3427008316478184,1.2593619712477602,1.53058839393477
datasets/synthetic_data/s2.csv,229,<timecave.validation_methods.OOS.Repeated_Holdout object at 0x00000250F29F5670>,0,ARMA,1.166101980050519,0.8274424352492389,1.0798620189869255
datasets/synthetic_data/s2.csv,229,<timecave.validation_methods.OOS.Repeated_Holdout object at 0x00000250F29F5670>,1,Tree,2.2641165830285908,1.1734818906217104,1.5046981700755109
datasets/synthetic_data/s2.csv,229,<timecave.validation_methods.OOS.Repeated_Holdout object at 0x00000250F29F5670>,1,ARMA,1.230946367998603,0.8750110489915226,1.1094802242485455
datasets/synthetic_data/s2.csv,229,<timecave.validation_methods.OOS.Repeated_Holdout object at 0x00000250F29F5670>,2,Tree,2.621608029193897,1.315326243415532,1.6191380513081326
datasets/synthetic_data/s2.csv,229,<timecave.validation_methods.OOS.Repeated_Holdout object at 0x00000250F29F5670>,2,ARMA,1.2080742234051132,0.8831287225338441,1.099124298432672
datasets/synthetic_data/s2.csv,229,<timecave.validation_methods.OOS.Repeated_Holdout object at 0x00000250F29F5670>,3,Tree,2.4930931588144425,1.3079618664908408,1.5789531844910547
datasets/synthetic_data/s2.csv,229,<timecave.validation_methods.OOS.Repeated_Holdout object at 0x00000250F29F5670>,3,ARMA,1.6952805588255,1.0272291430822345,1.3020294001386834
datasets/synthetic_data/s2.csv,229,<timecave.validation_methods.prequential.Growing_Window object at 0x00000250F26043B0>,0,Tree,1.9228515497649465,1.2006635889025037,1.386669228678904
datasets/synthetic_data/s2.csv,229,<timecave.validation_methods.prequential.Growing_Window object at 0x00000250F26043B0>,0,ARMA,1.6009585394769537,1.0716022946868264,1.265289903333206
datasets/synthetic_data/s2.csv,229,<timecave.validation_methods.prequential.Growing_Window object at 0x00000250F26043B0>,1,Tree,3.2946207346141247,1.4333724755380175,1.8151090145261592
datasets/synthetic_data/s2.csv,229,<timecave.validation_methods.prequential.Growing_Window object at 0x00000250F26043B0>,1,ARMA,2.6073359521477264,1.3346471538079872,1.614724729527521
datasets/synthetic_data/s2.csv,229,<timecave.validation_methods.prequential.Growing_Window object at 0x00000250F26043B0>,2,Tree,2.615936344745745,1.272426775941679,1.6173856512117772
datasets/synthetic_data/s2.csv,229,<timecave.validation_methods.prequential.Growing_Window object at 0x00000250F26043B0>,2,ARMA,2.7387806483523303,1.381900599144183,1.6549261761034328
datasets/synthetic_data/s2.csv,229,<timecave.validation_methods.prequential.Growing_Window object at 0x00000250F26043B0>,3,Tree,1.978067485898192,1.1045803280505009,1.4064378713253536
datasets/synthetic_data/s2.csv,229,<timecave.validation_methods.prequential.Growing_Window object at 0x00000250F26043B0>,3,ARMA,1.1690930449133878,0.8310088866422038,1.0812460612244503
datasets/synthetic_data/s2.csv,229,<timecave.validation_methods.prequential.Growing_Window object at 0x00000250F6A466C0>,0,Tree,3.0590424137205536,1.3934500168605526,1.7490118392168057
datasets/synthetic_data/s2.csv,229,<timecave.validation_methods.prequential.Growing_Window object at 0x00000250F6A466C0>,0,ARMA,3.5888421125233156,1.5254038657646978,1.8944239526893962
datasets/synthetic_data/s2.csv,229,<timecave.validation_methods.prequential.Growing_Window object at 0x00000250F6A466C0>,1,Tree,3.986813331733645,1.6532898683541644,1.9967006114421975
datasets/synthetic_data/s2.csv,229,<timecave.validation_methods.prequential.Growing_Window object at 0x00000250F6A466C0>,1,ARMA,2.73272354309879,1.3751436921139337,1.6530951403651242
datasets/synthetic_data/s2.csv,229,<timecave.validation_methods.prequential.Growing_Window object at 0x00000250F6A466C0>,2,Tree,1.6231530235431237,1.0223831195813509,1.274030228661441
datasets/synthetic_data/s2.csv,229,<timecave.validation_methods.prequential.Growing_Window object at 0x00000250F6A466C0>,2,ARMA,1.299950317064618,0.8916285008947773,1.1401536374825185
datasets/synthetic_data/s2.csv,229,<timecave.validation_methods.prequential.Rolling_Window object at 0x00000250F6A45070>,0,Tree,1.832415244834699,1.1512526492584285,1.3536673316715222
datasets/synthetic_data/s2.csv,229,<timecave.validation_methods.prequential.Rolling_Window object at 0x00000250F6A45070>,0,ARMA,1.6009585394769537,1.0716022946868264,1.265289903333206
datasets/synthetic_data/s2.csv,229,<timecave.validation_methods.prequential.Rolling_Window object at 0x00000250F6A45070>,1,Tree,3.340704114338339,1.426732066518243,1.827759315210386
datasets/synthetic_data/s2.csv,229,<timecave.validation_methods.prequential.Rolling_Window object at 0x00000250F6A45070>,1,ARMA,2.5973909718645753,1.3279737885943037,1.6116423213184046
datasets/synthetic_data/s2.csv,229,<timecave.validation_methods.prequential.Rolling_Window object at 0x00000250F6A45070>,2,Tree,3.27123565400911,1.4632586266809018,1.8086557588466385
datasets/synthetic_data/s2.csv,229,<timecave.validation_methods.prequential.Rolling_Window object at 0x00000250F6A45070>,2,ARMA,2.842738137860469,1.4130111828848628,1.6860421518634903
datasets/synthetic_data/s2.csv,229,<timecave.validation_methods.prequential.Rolling_Window object at 0x00000250F6A45070>,3,Tree,1.5864779759102532,1.0936392973443392,1.259554673648688
datasets/synthetic_data/s2.csv,229,<timecave.validation_methods.prequential.Rolling_Window object at 0x00000250F6A45070>,3,ARMA,1.2090375311406136,0.8579891932383347,1.0995624271229958
datasets/synthetic_data/s2.csv,229,<timecave.validation_methods.prequential.Rolling_Window object at 0x00000250F6A44590>,0,Tree,3.066068548810958,1.3620639308272533,1.7510192885319562
datasets/synthetic_data/s2.csv,229,<timecave.validation_methods.prequential.Rolling_Window object at 0x00000250F6A44590>,0,ARMA,3.5888421125233156,1.5254038657646978,1.8944239526893962
datasets/synthetic_data/s2.csv,229,<timecave.validation_methods.prequential.Rolling_Window object at 0x00000250F6A44590>,1,Tree,3.160227120774576,1.425897685235317,1.777702765024169
datasets/synthetic_data/s2.csv,229,<timecave.validation_methods.prequential.Rolling_Window object at 0x00000250F6A44590>,1,ARMA,2.6815430493358736,1.3750488415578386,1.6375417702568302
datasets/synthetic_data/s2.csv,229,<timecave.validation_methods.prequential.Rolling_Window object at 0x00000250F6A44590>,2,Tree,1.6498874638304912,1.0871246189791681,1.284479452475006
datasets/synthetic_data/s2.csv,229,<timecave.validation_methods.prequential.Rolling_Window object at 0x00000250F6A44590>,2,ARMA,1.3131260388330777,0.8910826784242409,1.1459171169125093
datasets/synthetic_data/s2.csv,229,<timecave.validation_methods.CV.Block_CV object at 0x00000250F2A0FF50>,0,Tree,2.187289944744519,1.0304737430771513,1.4789489324329352
datasets/synthetic_data/s2.csv,229,<timecave.validation_methods.CV.Block_CV object at 0x00000250F2A0FF50>,0,ARMA,1.2865591812368191,0.888927957177121,1.1342659217471092
datasets/synthetic_data/s2.csv,229,<timecave.validation_methods.CV.Block_CV object at 0x00000250F2A0FF50>,1,Tree,3.0330885432359556,1.5596340622154459,1.7415764534570268
datasets/synthetic_data/s2.csv,229,<timecave.validation_methods.CV.Block_CV object at 0x00000250F2A0FF50>,1,ARMA,1.359626935789065,0.9989997246804156,1.1660304180376535
datasets/synthetic_data/s2.csv,229,<timecave.validation_methods.CV.Block_CV object at 0x00000250F2A0FF50>,2,Tree,2.7276320353971384,1.3264280655144542,1.6515544300437508
datasets/synthetic_data/s2.csv,229,<timecave.validation_methods.CV.Block_CV object at 0x00000250F2A0FF50>,2,ARMA,3.004588987277695,1.4038132002352046,1.7333750278799147
datasets/synthetic_data/s2.csv,229,<timecave.validation_methods.CV.Block_CV object at 0x00000250F2A0FF50>,3,Tree,3.8344653434145552,1.659641830479993,1.9581790886981087
datasets/synthetic_data/s2.csv,229,<timecave.validation_methods.CV.Block_CV object at 0x00000250F2A0FF50>,3,ARMA,3.0953649201646747,1.4684127695436504,1.7593649195561092
datasets/synthetic_data/s2.csv,229,<timecave.validation_methods.CV.Block_CV object at 0x00000250F2A0FF50>,4,Tree,2.2700995723318913,1.214269404557773,1.5066849612085107
datasets/synthetic_data/s2.csv,229,<timecave.validation_methods.CV.Block_CV object at 0x00000250F2A0FF50>,4,ARMA,1.1690930449133878,0.8310088866422038,1.0812460612244503
datasets/synthetic_data/s2.csv,229,<timecave.validation_methods.CV.AdaptedhvBlockCV object at 0x00000250F2A0F740>,0,Tree,1.7515364158816658,1.0964563499472755,1.3234562387482502
datasets/synthetic_data/s2.csv,229,<timecave.validation_methods.CV.AdaptedhvBlockCV object at 0x00000250F2A0F740>,0,ARMA,1.2868298522073416,0.8885058804107446,1.1343852309543445
datasets/synthetic_data/s2.csv,229,<timecave.validation_methods.CV.AdaptedhvBlockCV object at 0x00000250F2A0F740>,1,Tree,2.103221829147237,1.1185728947216953,1.4502488852425424
datasets/synthetic_data/s2.csv,229,<timecave.validation_methods.CV.AdaptedhvBlockCV object at 0x00000250F2A0F740>,1,ARMA,1.3473316426457864,0.9984106106030884,1.1607461577131266
datasets/synthetic_data/s2.csv,229,<timecave.validation_methods.CV.AdaptedhvBlockCV object at 0x00000250F2A0F740>,2,Tree,1.9297199396882527,1.0819339560866414,1.3891435993763397
datasets/synthetic_data/s2.csv,229,<timecave.validation_methods.CV.AdaptedhvBlockCV object at 0x00000250F2A0F740>,2,ARMA,2.9428684449881715,1.4000616073450942,1.715479071568106
datasets/synthetic_data/s2.csv,229,<timecave.validation_methods.CV.AdaptedhvBlockCV object at 0x00000250F2A0F740>,3,Tree,3.441255839993439,1.5069063752338887,1.8550622199790063
datasets/synthetic_data/s2.csv,229,<timecave.validation_methods.CV.AdaptedhvBlockCV object at 0x00000250F2A0F740>,3,ARMA,3.1342561898407784,1.4739184328509634,1.770383063023587
datasets/synthetic_data/s2.csv,229,<timecave.validation_methods.CV.AdaptedhvBlockCV object at 0x00000250F2A0F740>,4,Tree,2.2947318971930906,1.2319108554791443,1.5148372510580437
datasets/synthetic_data/s2.csv,229,<timecave.validation_methods.CV.AdaptedhvBlockCV object at 0x00000250F2A0F740>,4,ARMA,1.2592508791809984,0.8808841531550569,1.1221634814860972
datasets/synthetic_data/s2.csv,229,<timecave.validation_methods.markov.MarkovCV object at 0x00000250F2A0FC80>,0,Tree,4.018038923473266,1.7144000151181373,2.0045046578826566
datasets/synthetic_data/s2.csv,229,<timecave.validation_methods.markov.MarkovCV object at 0x00000250F2A0FC80>,0,ARMA,2.8546516584513464,1.3944623257106992,1.689571442245443
datasets/synthetic_data/s2.csv,229,<timecave.validation_methods.markov.MarkovCV object at 0x00000250F2A0FC80>,1,Tree,5.80910433252105,1.8521596760670114,2.4102083587360346
datasets/synthetic_data/s2.csv,229,<timecave.validation_methods.markov.MarkovCV object at 0x00000250F2A0FC80>,1,ARMA,2.678611443913167,1.2448310149349828,1.636646401613118
datasets/synthetic_data/s2.csv,229,<timecave.validation_methods.markov.MarkovCV object at 0x00000250F2A0FC80>,2,Tree,4.1824955391802545,1.5799094745162872,2.045115043018425
datasets/synthetic_data/s2.csv,229,<timecave.validation_methods.markov.MarkovCV object at 0x00000250F2A0FC80>,2,ARMA,1.4964200469900883,1.041279531929124,1.223282488630524
datasets/synthetic_data/s2.csv,229,<timecave.validation_methods.markov.MarkovCV object at 0x00000250F2A0FC80>,3,Tree,4.968737667311918,2.0353881906092353,2.229066546182935
datasets/synthetic_data/s2.csv,229,<timecave.validation_methods.markov.MarkovCV object at 0x00000250F2A0FC80>,3,ARMA,1.8813770458333048,1.1448827002913164,1.3716329851069144
datasets/synthetic_data/s2.csv,229,<timecave.validation_methods.markov.MarkovCV object at 0x00000250F2A0FC80>,4,Tree,2.761273080590714,1.3212597830252284,1.6617078806428986
datasets/synthetic_data/s2.csv,229,<timecave.validation_methods.markov.MarkovCV object at 0x00000250F2A0FC80>,4,ARMA,2.1080543858703837,1.2351381546515943,1.451914042176872
datasets/synthetic_data/s2.csv,229,<timecave.validation_methods.markov.MarkovCV object at 0x00000250F2A0FC80>,5,Tree,3.321120249842328,1.600799521761643,1.8223940983888
datasets/synthetic_data/s2.csv,229,<timecave.validation_methods.markov.MarkovCV object at 0x00000250F2A0FC80>,5,ARMA,2.419246232493693,1.2539735457036505,1.5553926296899099
datasets/synthetic_data/s2.csv,229,<timecave.validation_methods.markov.MarkovCV object at 0x00000250F2A0FC80>,6,Tree,6.147466426714083,2.0248643516142817,2.479408483230241
datasets/synthetic_data/s2.csv,229,<timecave.validation_methods.markov.MarkovCV object at 0x00000250F2A0FC80>,6,ARMA,3.4535426800369438,1.5866393981030698,1.8583709748155623
datasets/synthetic_data/s2.csv,229,<timecave.validation_methods.markov.MarkovCV object at 0x00000250F2A0FC80>,7,Tree,5.345960083329837,1.9680523425689884,2.3121332321753947
datasets/synthetic_data/s2.csv,229,<timecave.validation_methods.markov.MarkovCV object at 0x00000250F2A0FC80>,7,ARMA,1.085385583052764,0.92307201149635,1.0418184021473051
datasets/synthetic_data/s2.csv,229,<timecave.validation_methods.markov.MarkovCV object at 0x00000250F2A0FC80>,8,Tree,4.262570419211347,1.895023087519703,2.0645993362421065
datasets/synthetic_data/s2.csv,229,<timecave.validation_methods.markov.MarkovCV object at 0x00000250F2A0FC80>,8,ARMA,3.2804279235545772,1.4397226889330024,1.8111951644023836
datasets/synthetic_data/s2.csv,229,<timecave.validation_methods.markov.MarkovCV object at 0x00000250F2A0FC80>,9,Tree,3.9358338770693866,1.7090377121897489,1.9838936153608102
datasets/synthetic_data/s2.csv,229,<timecave.validation_methods.markov.MarkovCV object at 0x00000250F2A0FC80>,9,ARMA,2.199200043883727,1.2625583690568993,1.4829700077492218
datasets/synthetic_data/s2.csv,230,<timecave.validation_methods.OOS.Holdout object at 0x00000250F1E2B680>,0,Tree,2.588103433296652,1.3529888997270487,1.6087583514302737
datasets/synthetic_data/s2.csv,230,<timecave.validation_methods.OOS.Holdout object at 0x00000250F1E2B680>,0,ARMA,1.7922027729678405,1.0837539366033984,1.3387317778284942
datasets/synthetic_data/s2.csv,230,<timecave.validation_methods.OOS.Repeated_Holdout object at 0x00000250F6A44260>,0,Tree,2.493534489963024,1.2784775118737748,1.5790929326556509
datasets/synthetic_data/s2.csv,230,<timecave.validation_methods.OOS.Repeated_Holdout object at 0x00000250F6A44260>,0,ARMA,1.479228456951087,0.9698466715553978,1.216235362481739
datasets/synthetic_data/s2.csv,230,<timecave.validation_methods.OOS.Repeated_Holdout object at 0x00000250F6A44260>,1,Tree,2.651157199093237,1.2550653879030376,1.628237451692239
datasets/synthetic_data/s2.csv,230,<timecave.validation_methods.OOS.Repeated_Holdout object at 0x00000250F6A44260>,1,ARMA,1.558887232664988,1.0113834072974164,1.24855405676526
datasets/synthetic_data/s2.csv,230,<timecave.validation_methods.OOS.Repeated_Holdout object at 0x00000250F6A44260>,2,Tree,2.1982049506959584,1.1785134129795938,1.4826344629395198
datasets/synthetic_data/s2.csv,230,<timecave.validation_methods.OOS.Repeated_Holdout object at 0x00000250F6A44260>,2,ARMA,1.5463921751944838,1.0148803905687829,1.243540178359543
datasets/synthetic_data/s2.csv,230,<timecave.validation_methods.OOS.Repeated_Holdout object at 0x00000250F6A44260>,3,Tree,2.5441533589075367,1.363605930645131,1.5950402373945105
datasets/synthetic_data/s2.csv,230,<timecave.validation_methods.OOS.Repeated_Holdout object at 0x00000250F6A44260>,3,ARMA,1.7922027729678405,1.0837539366033984,1.3387317778284942
datasets/synthetic_data/s2.csv,230,<timecave.validation_methods.prequential.Growing_Window object at 0x00000250F6A44AA0>,0,Tree,2.076133621141845,1.1446955781642687,1.4408794610035376
datasets/synthetic_data/s2.csv,230,<timecave.validation_methods.prequential.Growing_Window object at 0x00000250F6A44AA0>,0,ARMA,1.627393462495054,0.9931272454378229,1.275693326193664
datasets/synthetic_data/s2.csv,230,<timecave.validation_methods.prequential.Growing_Window object at 0x00000250F6A44AA0>,1,Tree,3.058787830158578,1.3309054289010631,1.7489390584461706
datasets/synthetic_data/s2.csv,230,<timecave.validation_methods.prequential.Growing_Window object at 0x00000250F6A44AA0>,1,ARMA,2.387876931001822,1.204672389431725,1.5452756812303177
datasets/synthetic_data/s2.csv,230,<timecave.validation_methods.prequential.Growing_Window object at 0x00000250F6A44AA0>,2,Tree,2.327429117449768,1.2042988514648163,1.52559139924482
datasets/synthetic_data/s2.csv,230,<timecave.validation_methods.prequential.Growing_Window object at 0x00000250F6A44AA0>,2,ARMA,1.8834565186166874,1.1445102724502325,1.3723908038954091
datasets/synthetic_data/s2.csv,230,<timecave.validation_methods.prequential.Growing_Window object at 0x00000250F6A44AA0>,3,Tree,2.242175214049641,1.1515420991663,1.4973894663879672
datasets/synthetic_data/s2.csv,230,<timecave.validation_methods.prequential.Growing_Window object at 0x00000250F6A44AA0>,3,ARMA,1.6003496053800874,1.0180764616145124,1.265049250179647
datasets/synthetic_data/s2.csv,230,<timecave.validation_methods.prequential.Growing_Window object at 0x00000250F6A46E70>,0,Tree,3.823279870655165,1.5870032267341474,1.955320912447664
datasets/synthetic_data/s2.csv,230,<timecave.validation_methods.prequential.Growing_Window object at 0x00000250F6A46E70>,0,ARMA,2.541138285695283,1.2444168225287742,1.5940948170341949
datasets/synthetic_data/s2.csv,230,<timecave.validation_methods.prequential.Growing_Window object at 0x00000250F6A46E70>,1,Tree,1.8298105868623478,1.1253759053496137,1.3527049149250356
datasets/synthetic_data/s2.csv,230,<timecave.validation_methods.prequential.Growing_Window object at 0x00000250F6A46E70>,1,ARMA,1.914450815501411,1.1554826268957463,1.3836368076563341
datasets/synthetic_data/s2.csv,230,<timecave.validation_methods.prequential.Growing_Window object at 0x00000250F6A46E70>,2,Tree,1.8837126431731743,1.1683989738508591,1.3724841139966517
datasets/synthetic_data/s2.csv,230,<timecave.validation_methods.prequential.Growing_Window object at 0x00000250F6A46E70>,2,ARMA,1.563792771724839,1.01919003830504,1.250517001773602
datasets/synthetic_data/s2.csv,230,<timecave.validation_methods.prequential.Rolling_Window object at 0x00000250F6A47140>,0,Tree,2.3244132580048626,1.223673574970758,1.5246026557778465
datasets/synthetic_data/s2.csv,230,<timecave.validation_methods.prequential.Rolling_Window object at 0x00000250F6A47140>,0,ARMA,1.627393462495054,0.9931272454378229,1.275693326193664
datasets/synthetic_data/s2.csv,230,<timecave.validation_methods.prequential.Rolling_Window object at 0x00000250F6A47140>,1,Tree,1.924238019149826,1.0009609239148662,1.3871690665343666
datasets/synthetic_data/s2.csv,230,<timecave.validation_methods.prequential.Rolling_Window object at 0x00000250F6A47140>,1,ARMA,2.413826570846644,1.1986984792744142,1.5536494362779025
datasets/synthetic_data/s2.csv,230,<timecave.validation_methods.prequential.Rolling_Window object at 0x00000250F6A47140>,2,Tree,3.7813693084929345,1.380166773619962,1.944574325782621
datasets/synthetic_data/s2.csv,230,<timecave.validation_methods.prequential.Rolling_Window object at 0x00000250F6A47140>,2,ARMA,1.7817867949913377,1.1139012607415735,1.3348358681843013
datasets/synthetic_data/s2.csv,230,<timecave.validation_methods.prequential.Rolling_Window object at 0x00000250F6A47140>,3,Tree,2.4388023861045025,1.3201611196832512,1.5616665412643322
datasets/synthetic_data/s2.csv,230,<timecave.validation_methods.prequential.Rolling_Window object at 0x00000250F6A47140>,3,ARMA,1.6324926953798915,1.0714747562505615,1.2776903753961253
datasets/synthetic_data/s2.csv,230,<timecave.validation_methods.prequential.Rolling_Window object at 0x00000250F6A45580>,0,Tree,3.8693859650464173,1.5750165804508465,1.9670754853452923
datasets/synthetic_data/s2.csv,230,<timecave.validation_methods.prequential.Rolling_Window object at 0x00000250F6A45580>,0,ARMA,2.541138285695283,1.2444168225287742,1.5940948170341949
datasets/synthetic_data/s2.csv,230,<timecave.validation_methods.prequential.Rolling_Window object at 0x00000250F6A45580>,1,Tree,1.90371332820772,1.199164647872828,1.379751183441319
datasets/synthetic_data/s2.csv,230,<timecave.validation_methods.prequential.Rolling_Window object at 0x00000250F6A45580>,1,ARMA,1.836694836075503,1.1269500635605927,1.3552471494437843
datasets/synthetic_data/s2.csv,230,<timecave.validation_methods.prequential.Rolling_Window object at 0x00000250F6A45580>,2,Tree,1.8878092204653985,1.1812388636424236,1.3739756986444114
datasets/synthetic_data/s2.csv,230,<timecave.validation_methods.prequential.Rolling_Window object at 0x00000250F6A45580>,2,ARMA,1.6557164022332576,1.0357528595577739,1.286746440536463
datasets/synthetic_data/s2.csv,230,<timecave.validation_methods.CV.Block_CV object at 0x00000250F6A46660>,0,Tree,2.1895957302289326,1.285684353623637,1.4797282622930916
datasets/synthetic_data/s2.csv,230,<timecave.validation_methods.CV.Block_CV object at 0x00000250F6A46660>,0,ARMA,1.321791006889112,0.8942262001459478,1.1496917008003111
datasets/synthetic_data/s2.csv,230,<timecave.validation_methods.CV.Block_CV object at 0x00000250F6A46660>,1,Tree,2.1184594275675415,1.0857070878779953,1.4554928469654331
datasets/synthetic_data/s2.csv,230,<timecave.validation_methods.CV.Block_CV object at 0x00000250F6A46660>,1,ARMA,1.320796282684391,0.967474877859904,1.14925901461959
datasets/synthetic_data/s2.csv,230,<timecave.validation_methods.CV.Block_CV object at 0x00000250F6A46660>,2,Tree,4.254739224649365,1.6823755879492142,2.0627019233639565
datasets/synthetic_data/s2.csv,230,<timecave.validation_methods.CV.Block_CV object at 0x00000250F6A46660>,2,ARMA,2.4457971703388055,1.2174170344677715,1.5639044633029235
datasets/synthetic_data/s2.csv,230,<timecave.validation_methods.CV.Block_CV object at 0x00000250F6A46660>,3,Tree,2.117966220966124,1.1963093255955994,1.4553234076885193
datasets/synthetic_data/s2.csv,230,<timecave.validation_methods.CV.Block_CV object at 0x00000250F6A46660>,3,ARMA,1.865082094472731,1.1350451384124083,1.3656800849659965
datasets/synthetic_data/s2.csv,230,<timecave.validation_methods.CV.Block_CV object at 0x00000250F6A46660>,4,Tree,2.228114455215317,1.189627217612215,1.4926869917083478
datasets/synthetic_data/s2.csv,230,<timecave.validation_methods.CV.Block_CV object at 0x00000250F6A46660>,4,ARMA,1.6003496053800874,1.0180764616145124,1.265049250179647
datasets/synthetic_data/s2.csv,230,<timecave.validation_methods.CV.AdaptedhvBlockCV object at 0x00000250F6A44290>,0,Tree,2.8050473047750555,1.4088811571277162,1.6748275447863448
datasets/synthetic_data/s2.csv,230,<timecave.validation_methods.CV.AdaptedhvBlockCV object at 0x00000250F6A44290>,0,ARMA,1.3164812131587638,0.8909768661178541,1.1473801519804863
datasets/synthetic_data/s2.csv,230,<timecave.validation_methods.CV.AdaptedhvBlockCV object at 0x00000250F6A44290>,1,Tree,2.552759083247102,1.2541872532773344,1.5977356111844983
datasets/synthetic_data/s2.csv,230,<timecave.validation_methods.CV.AdaptedhvBlockCV object at 0x00000250F6A44290>,1,ARMA,1.31594818919626,0.966076948229225,1.147147849754451
datasets/synthetic_data/s2.csv,230,<timecave.validation_methods.CV.AdaptedhvBlockCV object at 0x00000250F6A44290>,2,Tree,4.149771415495398,1.629115647387523,2.0370987741136655
datasets/synthetic_data/s2.csv,230,<timecave.validation_methods.CV.AdaptedhvBlockCV object at 0x00000250F6A44290>,2,ARMA,2.4437898281671293,1.2136470774847294,1.5632625589347202
datasets/synthetic_data/s2.csv,230,<timecave.validation_methods.CV.AdaptedhvBlockCV object at 0x00000250F6A44290>,3,Tree,1.7033211147289218,1.0689610779080816,1.3051134489878349
datasets/synthetic_data/s2.csv,230,<timecave.validation_methods.CV.AdaptedhvBlockCV object at 0x00000250F6A44290>,3,ARMA,1.8617196114940602,1.1335173872472106,1.36444846421331
datasets/synthetic_data/s2.csv,230,<timecave.validation_methods.CV.AdaptedhvBlockCV object at 0x00000250F6A44290>,4,Tree,2.5742698268049784,1.2476988459426452,1.6044531239038984
datasets/synthetic_data/s2.csv,230,<timecave.validation_methods.CV.AdaptedhvBlockCV object at 0x00000250F6A44290>,4,ARMA,1.6903100734733563,1.0628084200943755,1.3001192535584405
datasets/synthetic_data/s2.csv,230,<timecave.validation_methods.markov.MarkovCV object at 0x00000250F6A47FE0>,0,Tree,4.61289033775742,1.6516445045882364,2.147764032140733
datasets/synthetic_data/s2.csv,230,<timecave.validation_methods.markov.MarkovCV object at 0x00000250F6A47FE0>,0,ARMA,1.463644301171144,0.9700010241460059,1.2098116800441068
datasets/synthetic_data/s2.csv,230,<timecave.validation_methods.markov.MarkovCV object at 0x00000250F6A47FE0>,1,Tree,2.3074041345489187,1.2191747407850817,1.5190141982710097
datasets/synthetic_data/s2.csv,230,<timecave.validation_methods.markov.MarkovCV object at 0x00000250F6A47FE0>,1,ARMA,2.357972957851404,1.2391807922583842,1.535569261821623
datasets/synthetic_data/s2.csv,230,<timecave.validation_methods.markov.MarkovCV object at 0x00000250F6A47FE0>,2,Tree,1.8996438122051595,1.0854267967141042,1.3782756662602584
datasets/synthetic_data/s2.csv,230,<timecave.validation_methods.markov.MarkovCV object at 0x00000250F6A47FE0>,2,ARMA,1.209336097479592,0.9043434937381586,1.0996981847214224
datasets/synthetic_data/s2.csv,230,<timecave.validation_methods.markov.MarkovCV object at 0x00000250F6A47FE0>,3,Tree,2.0359667216122763,1.1483861043865933,1.4268730572872543
datasets/synthetic_data/s2.csv,230,<timecave.validation_methods.markov.MarkovCV object at 0x00000250F6A47FE0>,3,ARMA,1.6096233926977987,0.9403193618312461,1.2687093412983916
datasets/synthetic_data/s2.csv,230,<timecave.validation_methods.markov.MarkovCV object at 0x00000250F6A47FE0>,4,Tree,4.438612454871931,1.905805011348385,2.10680147495485
datasets/synthetic_data/s2.csv,230,<timecave.validation_methods.markov.MarkovCV object at 0x00000250F6A47FE0>,4,ARMA,2.0319037113895217,1.082484888421292,1.4254486000517597
datasets/synthetic_data/s2.csv,230,<timecave.validation_methods.markov.MarkovCV object at 0x00000250F6A47FE0>,5,Tree,3.7387558253846396,1.5763634360651617,1.9335862601354612
datasets/synthetic_data/s2.csv,230,<timecave.validation_methods.markov.MarkovCV object at 0x00000250F6A47FE0>,5,ARMA,3.1838599120853006,1.418750835412037,1.7843373874033186
datasets/synthetic_data/s2.csv,230,<timecave.validation_methods.markov.MarkovCV object at 0x00000250F6A47FE0>,6,Tree,3.575053542480767,1.347617224769339,1.890781198997062
datasets/synthetic_data/s2.csv,230,<timecave.validation_methods.markov.MarkovCV object at 0x00000250F6A47FE0>,6,ARMA,2.623672019807601,1.3825381258802412,1.6197752991719565
datasets/synthetic_data/s2.csv,230,<timecave.validation_methods.markov.MarkovCV object at 0x00000250F6A47FE0>,7,Tree,2.987817002996616,1.4618923036663427,1.7285303014401037
datasets/synthetic_data/s2.csv,230,<timecave.validation_methods.markov.MarkovCV object at 0x00000250F6A47FE0>,7,ARMA,3.0091685409521136,1.4381097365341344,1.7346955182256376
datasets/synthetic_data/s2.csv,230,<timecave.validation_methods.markov.MarkovCV object at 0x00000250F6A47FE0>,8,Tree,1.276962268663492,0.9825712180238907,1.1300275521700751
datasets/synthetic_data/s2.csv,230,<timecave.validation_methods.markov.MarkovCV object at 0x00000250F6A47FE0>,8,ARMA,1.5072010896892403,1.0654264287257658,1.2276811840576691
datasets/synthetic_data/s2.csv,230,<timecave.validation_methods.markov.MarkovCV object at 0x00000250F6A47FE0>,9,Tree,2.1097528379196793,1.115097480172018,1.4524988254451978
datasets/synthetic_data/s2.csv,230,<timecave.validation_methods.markov.MarkovCV object at 0x00000250F6A47FE0>,9,ARMA,2.1485051755074167,1.2397485828671746,1.4657780103096842
datasets/synthetic_data/s2.csv,231,<timecave.validation_methods.OOS.Holdout object at 0x00000250F29B3200>,0,Tree,3.332993192909571,1.4580146319107476,1.8256487046826866
datasets/synthetic_data/s2.csv,231,<timecave.validation_methods.OOS.Holdout object at 0x00000250F29B3200>,0,ARMA,1.5049015682489262,0.959158139259328,1.226744296195799
datasets/synthetic_data/s2.csv,231,<timecave.validation_methods.OOS.Repeated_Holdout object at 0x00000250F29B26F0>,0,Tree,3.013307729666737,1.374465942977852,1.7358881673848512
datasets/synthetic_data/s2.csv,231,<timecave.validation_methods.OOS.Repeated_Holdout object at 0x00000250F29B26F0>,0,ARMA,1.5552648712605304,0.9741142064273327,1.2471025905115145
datasets/synthetic_data/s2.csv,231,<timecave.validation_methods.OOS.Repeated_Holdout object at 0x00000250F29B26F0>,1,Tree,2.6042784186958725,1.2611733163622607,1.6137776856481416
datasets/synthetic_data/s2.csv,231,<timecave.validation_methods.OOS.Repeated_Holdout object at 0x00000250F29B26F0>,1,ARMA,1.1436553173843487,0.8797712195349104,1.0694182144438857
datasets/synthetic_data/s2.csv,231,<timecave.validation_methods.OOS.Repeated_Holdout object at 0x00000250F29B26F0>,2,Tree,2.7133991917813636,1.2961359234625085,1.6472398707478408
datasets/synthetic_data/s2.csv,231,<timecave.validation_methods.OOS.Repeated_Holdout object at 0x00000250F29B26F0>,2,ARMA,1.5461457979758473,0.9791928401029845,1.2434411115834345
datasets/synthetic_data/s2.csv,231,<timecave.validation_methods.OOS.Repeated_Holdout object at 0x00000250F29B26F0>,3,Tree,2.921413862735086,1.3284555136664573,1.7092143992884818
datasets/synthetic_data/s2.csv,231,<timecave.validation_methods.OOS.Repeated_Holdout object at 0x00000250F29B26F0>,3,ARMA,1.5049015682489262,0.959158139259328,1.226744296195799
datasets/synthetic_data/s2.csv,231,<timecave.validation_methods.prequential.Growing_Window object at 0x00000250F29B1580>,0,Tree,2.139865182801878,1.1675128619003523,1.4628278035373399
datasets/synthetic_data/s2.csv,231,<timecave.validation_methods.prequential.Growing_Window object at 0x00000250F29B1580>,0,ARMA,1.824419120847945,1.0219884277732074,1.350710598480646
datasets/synthetic_data/s2.csv,231,<timecave.validation_methods.prequential.Growing_Window object at 0x00000250F29B1580>,1,Tree,2.706942328452019,1.3356999030571959,1.645278799611792
datasets/synthetic_data/s2.csv,231,<timecave.validation_methods.prequential.Growing_Window object at 0x00000250F29B1580>,1,ARMA,1.7554624685079812,1.0348202537319815,1.32493866594193
datasets/synthetic_data/s2.csv,231,<timecave.validation_methods.prequential.Growing_Window object at 0x00000250F29B1580>,2,Tree,2.2791963954049232,1.2088325956303048,1.5097007635306154
datasets/synthetic_data/s2.csv,231,<timecave.validation_methods.prequential.Growing_Window object at 0x00000250F29B1580>,2,ARMA,2.0471851678332,1.0983905746880724,1.4307987866339558
datasets/synthetic_data/s2.csv,231,<timecave.validation_methods.prequential.Growing_Window object at 0x00000250F29B1580>,3,Tree,4.573500044234595,1.7896564772831096,2.1385743017801824
datasets/synthetic_data/s2.csv,231,<timecave.validation_methods.prequential.Growing_Window object at 0x00000250F29B1580>,3,ARMA,1.136540819412447,0.8780560500617045,1.0660866847552533
datasets/synthetic_data/s2.csv,231,<timecave.validation_methods.prequential.Growing_Window object at 0x00000250F29B10D0>,0,Tree,3.0492558582059948,1.3698279097835047,1.746211859484981
datasets/synthetic_data/s2.csv,231,<timecave.validation_methods.prequential.Growing_Window object at 0x00000250F29B10D0>,0,ARMA,1.7891951956554366,1.0365785173160993,1.337608012706053
datasets/synthetic_data/s2.csv,231,<timecave.validation_methods.prequential.Growing_Window object at 0x00000250F29B10D0>,1,Tree,3.4468183755912833,1.415281899016517,1.8565609000491428
datasets/synthetic_data/s2.csv,231,<timecave.validation_methods.prequential.Growing_Window object at 0x00000250F29B10D0>,1,ARMA,2.0387819634362514,1.1225022918991039,1.4278592239560073
datasets/synthetic_data/s2.csv,231,<timecave.validation_methods.prequential.Growing_Window object at 0x00000250F29B10D0>,2,Tree,2.0751624952091805,1.1502318601058907,1.4405424308951058
datasets/synthetic_data/s2.csv,231,<timecave.validation_methods.prequential.Growing_Window object at 0x00000250F29B10D0>,2,ARMA,1.0578996114414032,0.8302660047810588,1.0285424694398395
datasets/synthetic_data/s2.csv,231,<timecave.validation_methods.prequential.Rolling_Window object at 0x00000250E98F1A30>,0,Tree,2.2474280977663397,1.1529305036547144,1.4991424541271385
datasets/synthetic_data/s2.csv,231,<timecave.validation_methods.prequential.Rolling_Window object at 0x00000250E98F1A30>,0,ARMA,1.824419120847945,1.0219884277732074,1.350710598480646
datasets/synthetic_data/s2.csv,231,<timecave.validation_methods.prequential.Rolling_Window object at 0x00000250E98F1A30>,1,Tree,2.6759665554575145,1.2597872112184325,1.6358381813179184
datasets/synthetic_data/s2.csv,231,<timecave.validation_methods.prequential.Rolling_Window object at 0x00000250E98F1A30>,1,ARMA,1.749775816904614,1.0347676607722853,1.3227909195729362
datasets/synthetic_data/s2.csv,231,<timecave.validation_methods.prequential.Rolling_Window object at 0x00000250E98F1A30>,2,Tree,4.147174944223055,1.7551940168713165,2.036461378033734
datasets/synthetic_data/s2.csv,231,<timecave.validation_methods.prequential.Rolling_Window object at 0x00000250E98F1A30>,2,ARMA,2.074787032158016,1.1121289846791007,1.4404121049748284
datasets/synthetic_data/s2.csv,231,<timecave.validation_methods.prequential.Rolling_Window object at 0x00000250E98F1A30>,3,Tree,4.283973901896924,1.6985682200524321,2.0697762927178687
datasets/synthetic_data/s2.csv,231,<timecave.validation_methods.prequential.Rolling_Window object at 0x00000250E98F1A30>,3,ARMA,1.4671429803272087,0.9959131244599745,1.211256777205894
datasets/synthetic_data/s2.csv,231,<timecave.validation_methods.prequential.Rolling_Window object at 0x00000250F6A47C80>,0,Tree,2.7895901050688816,1.3021293858415302,1.6702066055039064
datasets/synthetic_data/s2.csv,231,<timecave.validation_methods.prequential.Rolling_Window object at 0x00000250F6A47C80>,0,ARMA,1.7891951956554366,1.0365785173160993,1.337608012706053
datasets/synthetic_data/s2.csv,231,<timecave.validation_methods.prequential.Rolling_Window object at 0x00000250F6A47C80>,1,Tree,3.405322242057119,1.500411249381185,1.845351522625735
datasets/synthetic_data/s2.csv,231,<timecave.validation_methods.prequential.Rolling_Window object at 0x00000250F6A47C80>,1,ARMA,2.0246992447219165,1.1165791080148968,1.4229192685187437
datasets/synthetic_data/s2.csv,231,<timecave.validation_methods.prequential.Rolling_Window object at 0x00000250F6A47C80>,2,Tree,2.4582953098812825,1.1597043709580719,1.5678951845966242
datasets/synthetic_data/s2.csv,231,<timecave.validation_methods.prequential.Rolling_Window object at 0x00000250F6A47C80>,2,ARMA,1.0667472929822828,0.8283695929182429,1.0328345912982788
datasets/synthetic_data/s2.csv,231,<timecave.validation_methods.CV.Block_CV object at 0x00000250F6A46F00>,0,Tree,1.6393787924261316,0.9702992596079724,1.2803822837051955
datasets/synthetic_data/s2.csv,231,<timecave.validation_methods.CV.Block_CV object at 0x00000250F6A46F00>,0,ARMA,1.1694829384798722,0.8846518335914358,1.081426344454338
datasets/synthetic_data/s2.csv,231,<timecave.validation_methods.CV.Block_CV object at 0x00000250F6A46F00>,1,Tree,2.7783429574557563,1.3421044185291278,1.6668362119463798
datasets/synthetic_data/s2.csv,231,<timecave.validation_methods.CV.Block_CV object at 0x00000250F6A46F00>,1,ARMA,1.719653426441008,0.979613912406552,1.3113555682731546
datasets/synthetic_data/s2.csv,231,<timecave.validation_methods.CV.Block_CV object at 0x00000250F6A46F00>,2,Tree,2.5248544046148678,1.200329702006022,1.5889790447374905
datasets/synthetic_data/s2.csv,231,<timecave.validation_methods.CV.Block_CV object at 0x00000250F6A46F00>,2,ARMA,1.8622033950107522,1.076584209182001,1.3646257344087984
datasets/synthetic_data/s2.csv,231,<timecave.validation_methods.CV.Block_CV object at 0x00000250F6A46F00>,3,Tree,4.650932263009169,1.6978517881961386,2.156602017760618
datasets/synthetic_data/s2.csv,231,<timecave.validation_methods.CV.Block_CV object at 0x00000250F6A46F00>,3,ARMA,2.1180914910697872,1.1526614814702,1.4553664456314044
datasets/synthetic_data/s2.csv,231,<timecave.validation_methods.CV.Block_CV object at 0x00000250F6A46F00>,4,Tree,3.879038908041147,1.5445219445514609,1.969527584991169
datasets/synthetic_data/s2.csv,231,<timecave.validation_methods.CV.Block_CV object at 0x00000250F6A46F00>,4,ARMA,1.136540819412447,0.8780560500617045,1.0660866847552533
datasets/synthetic_data/s2.csv,231,<timecave.validation_methods.CV.AdaptedhvBlockCV object at 0x00000250F6A45700>,0,Tree,1.7806627112457873,1.0339956590870276,1.3344147448397696
datasets/synthetic_data/s2.csv,231,<timecave.validation_methods.CV.AdaptedhvBlockCV object at 0x00000250F6A45700>,0,ARMA,1.1693301338817395,0.8847292477459732,1.081355692583037
datasets/synthetic_data/s2.csv,231,<timecave.validation_methods.CV.AdaptedhvBlockCV object at 0x00000250F6A45700>,1,Tree,3.88197598153158,1.5955161498611217,1.9702730728332
datasets/synthetic_data/s2.csv,231,<timecave.validation_methods.CV.AdaptedhvBlockCV object at 0x00000250F6A45700>,1,ARMA,1.7237718714308337,0.9815179886926505,1.312924929853506
datasets/synthetic_data/s2.csv,231,<timecave.validation_methods.CV.AdaptedhvBlockCV object at 0x00000250F6A45700>,2,Tree,3.4395789622382913,1.4264489603966028,1.85461019145218
datasets/synthetic_data/s2.csv,231,<timecave.validation_methods.CV.AdaptedhvBlockCV object at 0x00000250F6A45700>,2,ARMA,1.847278214170998,1.0694843044682973,1.3591461342221438
datasets/synthetic_data/s2.csv,231,<timecave.validation_methods.CV.AdaptedhvBlockCV object at 0x00000250F6A45700>,3,Tree,3.603752386449968,1.5233716407556015,1.8983551792143556
datasets/synthetic_data/s2.csv,231,<timecave.validation_methods.CV.AdaptedhvBlockCV object at 0x00000250F6A45700>,3,ARMA,2.1226377856483807,1.157760564701635,1.4569275155780335
datasets/synthetic_data/s2.csv,231,<timecave.validation_methods.CV.AdaptedhvBlockCV object at 0x00000250F6A45700>,4,Tree,2.823064057668668,1.3366640479027383,1.6801976245872592
datasets/synthetic_data/s2.csv,231,<timecave.validation_methods.CV.AdaptedhvBlockCV object at 0x00000250F6A45700>,4,ARMA,1.6232331237225865,0.9773089592942235,1.2740616640188913
datasets/synthetic_data/s2.csv,231,<timecave.validation_methods.markov.MarkovCV object at 0x00000250F6A47860>,0,Tree,3.371940989465896,1.4774159261355237,1.836284561135854
datasets/synthetic_data/s2.csv,231,<timecave.validation_methods.markov.MarkovCV object at 0x00000250F6A47860>,0,ARMA,2.863839243048427,1.447042061420892,1.6922881678509802
datasets/synthetic_data/s2.csv,231,<timecave.validation_methods.markov.MarkovCV object at 0x00000250F6A47860>,1,Tree,3.557539312903656,1.6540372751986279,1.886144032915741
datasets/synthetic_data/s2.csv,231,<timecave.validation_methods.markov.MarkovCV object at 0x00000250F6A47860>,1,ARMA,2.2579303549724212,1.0932320587871491,1.5026411264744557
datasets/synthetic_data/s2.csv,231,<timecave.validation_methods.markov.MarkovCV object at 0x00000250F6A47860>,2,Tree,3.099835144241873,1.5236210097092393,1.7606348696540894
datasets/synthetic_data/s2.csv,231,<timecave.validation_methods.markov.MarkovCV object at 0x00000250F6A47860>,2,ARMA,2.247465846681284,1.1116601900670464,1.4991550442436845
datasets/synthetic_data/s2.csv,231,<timecave.validation_methods.markov.MarkovCV object at 0x00000250F6A47860>,3,Tree,3.7677480351970543,1.603061194780074,1.941068786827776
datasets/synthetic_data/s2.csv,231,<timecave.validation_methods.markov.MarkovCV object at 0x00000250F6A47860>,3,ARMA,1.7995232706394464,1.0870691956641465,1.341463108191741
datasets/synthetic_data/s2.csv,231,<timecave.validation_methods.markov.MarkovCV object at 0x00000250F6A47860>,4,Tree,2.678036788697234,1.3314756002916115,1.6364708334392135
datasets/synthetic_data/s2.csv,231,<timecave.validation_methods.markov.MarkovCV object at 0x00000250F6A47860>,4,ARMA,1.5143911803893766,1.0002544674577927,1.2306060215964232
datasets/synthetic_data/s2.csv,231,<timecave.validation_methods.markov.MarkovCV object at 0x00000250F6A47860>,5,Tree,3.7342328185523543,1.670254643524807,1.932416316054166
datasets/synthetic_data/s2.csv,231,<timecave.validation_methods.markov.MarkovCV object at 0x00000250F6A47860>,5,ARMA,2.1594794633439833,1.2278479101305662,1.4695167448327981
datasets/synthetic_data/s2.csv,231,<timecave.validation_methods.markov.MarkovCV object at 0x00000250F6A47860>,6,Tree,4.40306637245557,1.6956095679554835,2.0983484868952464
datasets/synthetic_data/s2.csv,231,<timecave.validation_methods.markov.MarkovCV object at 0x00000250F6A47860>,6,ARMA,2.4170592889535074,1.2255222114119193,1.554689450968748
datasets/synthetic_data/s2.csv,231,<timecave.validation_methods.markov.MarkovCV object at 0x00000250F6A47860>,7,Tree,5.886890538615692,1.947810560973129,2.4262915197098
datasets/synthetic_data/s2.csv,231,<timecave.validation_methods.markov.MarkovCV object at 0x00000250F6A47860>,7,ARMA,1.99424314474907,1.1239692045802232,1.4121767399122074
datasets/synthetic_data/s2.csv,231,<timecave.validation_methods.markov.MarkovCV object at 0x00000250F6A47860>,8,Tree,5.2929691044689005,2.0378608461960406,2.300645366950087
datasets/synthetic_data/s2.csv,231,<timecave.validation_methods.markov.MarkovCV object at 0x00000250F6A47860>,8,ARMA,3.157739466382967,1.3627734857395408,1.7770029449561886
datasets/synthetic_data/s2.csv,231,<timecave.validation_methods.markov.MarkovCV object at 0x00000250F6A47860>,9,Tree,6.325289730242034,2.1902669617648103,2.515012868802471
datasets/synthetic_data/s2.csv,231,<timecave.validation_methods.markov.MarkovCV object at 0x00000250F6A47860>,9,ARMA,2.940848436241965,1.4271681282446074,1.7148902111336355
datasets/synthetic_data/s2.csv,232,<timecave.validation_methods.OOS.Holdout object at 0x00000250F6A459A0>,0,Tree,2.6179912154074585,1.1952734633451645,1.6180207710061878
datasets/synthetic_data/s2.csv,232,<timecave.validation_methods.OOS.Holdout object at 0x00000250F6A459A0>,0,ARMA,1.4761988685810075,1.01122384534458,1.2149892462820433
datasets/synthetic_data/s2.csv,232,<timecave.validation_methods.OOS.Repeated_Holdout object at 0x00000250F6A44F80>,0,Tree,2.4883969543255637,1.2996007946628776,1.577465357567501
datasets/synthetic_data/s2.csv,232,<timecave.validation_methods.OOS.Repeated_Holdout object at 0x00000250F6A44F80>,0,ARMA,1.3192775836353507,0.9760477669755486,1.1485980949119456
datasets/synthetic_data/s2.csv,232,<timecave.validation_methods.OOS.Repeated_Holdout object at 0x00000250F6A44F80>,1,Tree,2.2149145245680106,1.2659985534805063,1.4882588903037033
datasets/synthetic_data/s2.csv,232,<timecave.validation_methods.OOS.Repeated_Holdout object at 0x00000250F6A44F80>,1,ARMA,1.3799534780598506,0.9991428838588956,1.1747142112275013
datasets/synthetic_data/s2.csv,232,<timecave.validation_methods.OOS.Repeated_Holdout object at 0x00000250F6A44F80>,2,Tree,1.903745627109354,1.1004591013010514,1.3797628880026285
datasets/synthetic_data/s2.csv,232,<timecave.validation_methods.OOS.Repeated_Holdout object at 0x00000250F6A44F80>,2,ARMA,1.5107584548675372,1.0193467723525358,1.2291291449101422
datasets/synthetic_data/s2.csv,232,<timecave.validation_methods.OOS.Repeated_Holdout object at 0x00000250F6A44F80>,3,Tree,2.5878516505620506,1.238645435206138,1.6086800957810259
datasets/synthetic_data/s2.csv,232,<timecave.validation_methods.OOS.Repeated_Holdout object at 0x00000250F6A44F80>,3,ARMA,1.4761988685810075,1.01122384534458,1.2149892462820433
datasets/synthetic_data/s2.csv,232,<timecave.validation_methods.prequential.Growing_Window object at 0x00000250F2A0F5C0>,0,Tree,2.602355816982891,1.228795320481466,1.6131818920949028
datasets/synthetic_data/s2.csv,232,<timecave.validation_methods.prequential.Growing_Window object at 0x00000250F2A0F5C0>,0,ARMA,1.9444720169843615,1.0209013282086046,1.3944432641683064
datasets/synthetic_data/s2.csv,232,<timecave.validation_methods.prequential.Growing_Window object at 0x00000250F2A0F5C0>,1,Tree,2.3805064484794434,1.1911946692409605,1.5428889942181334
datasets/synthetic_data/s2.csv,232,<timecave.validation_methods.prequential.Growing_Window object at 0x00000250F2A0F5C0>,1,ARMA,1.0363029070736312,0.7604287537931502,1.017989639963802
datasets/synthetic_data/s2.csv,232,<timecave.validation_methods.prequential.Growing_Window object at 0x00000250F2A0F5C0>,2,Tree,2.0961043149638385,1.1352776785782102,1.4477929116292283
datasets/synthetic_data/s2.csv,232,<timecave.validation_methods.prequential.Growing_Window object at 0x00000250F2A0F5C0>,2,ARMA,1.737144426197342,1.074617297069301,1.3180077489139972
datasets/synthetic_data/s2.csv,232,<timecave.validation_methods.prequential.Growing_Window object at 0x00000250F2A0F5C0>,3,Tree,2.384200932211047,1.3206957264186068,1.544085791726304
datasets/synthetic_data/s2.csv,232,<timecave.validation_methods.prequential.Growing_Window object at 0x00000250F2A0F5C0>,3,ARMA,1.4360070624227865,1.027045237289709,1.198335121083742
datasets/synthetic_data/s2.csv,232,<timecave.validation_methods.prequential.Growing_Window object at 0x00000250F2A0F500>,0,Tree,3.473853227156121,1.5265475294156023,1.8638275744167219
datasets/synthetic_data/s2.csv,232,<timecave.validation_methods.prequential.Growing_Window object at 0x00000250F2A0F500>,0,ARMA,1.0435701532552157,0.7720572737299314,1.0215528147165058
datasets/synthetic_data/s2.csv,232,<timecave.validation_methods.prequential.Growing_Window object at 0x00000250F2A0F500>,1,Tree,3.2260179328630962,1.3523017723744906,1.7961118931912612
datasets/synthetic_data/s2.csv,232,<timecave.validation_methods.prequential.Growing_Window object at 0x00000250F2A0F500>,1,ARMA,1.742556796843266,1.0864150738695568,1.320059391407548
datasets/synthetic_data/s2.csv,232,<timecave.validation_methods.prequential.Growing_Window object at 0x00000250F2A0F500>,2,Tree,2.8907088239724743,1.424295034222946,1.700208464857317
datasets/synthetic_data/s2.csv,232,<timecave.validation_methods.prequential.Growing_Window object at 0x00000250F2A0F500>,2,ARMA,1.4846704012870384,1.044763868610895,1.2184705172005756
datasets/synthetic_data/s2.csv,232,<timecave.validation_methods.prequential.Rolling_Window object at 0x00000250F2A0CE60>,0,Tree,2.688441618907462,1.255899513439517,1.6396467969985065
datasets/synthetic_data/s2.csv,232,<timecave.validation_methods.prequential.Rolling_Window object at 0x00000250F2A0CE60>,0,ARMA,1.9444720169843615,1.0209013282086046,1.3944432641683064
datasets/synthetic_data/s2.csv,232,<timecave.validation_methods.prequential.Rolling_Window object at 0x00000250F2A0CE60>,1,Tree,1.9607043591595545,1.1499921032475133,1.4002515342464563
datasets/synthetic_data/s2.csv,232,<timecave.validation_methods.prequential.Rolling_Window object at 0x00000250F2A0CE60>,1,ARMA,1.127870712063498,0.8169050869747216,1.062012576226618
datasets/synthetic_data/s2.csv,232,<timecave.validation_methods.prequential.Rolling_Window object at 0x00000250F2A0CE60>,2,Tree,3.7117870387451264,1.5143435629613864,1.9265998647215583
datasets/synthetic_data/s2.csv,232,<timecave.validation_methods.prequential.Rolling_Window object at 0x00000250F2A0CE60>,2,ARMA,1.7709393273207374,1.0799725749038975,1.3307664435657887
datasets/synthetic_data/s2.csv,232,<timecave.validation_methods.prequential.Rolling_Window object at 0x00000250F2A0CE60>,3,Tree,3.095340546677846,1.4005006265178328,1.7593579927569731
datasets/synthetic_data/s2.csv,232,<timecave.validation_methods.prequential.Rolling_Window object at 0x00000250F2A0CE60>,3,ARMA,1.4315019045439072,1.0209663336038766,1.196453887345395
datasets/synthetic_data/s2.csv,232,<timecave.validation_methods.prequential.Rolling_Window object at 0x00000250F2A0E180>,0,Tree,3.447010865563851,1.5116683183170267,1.8566127397935874
datasets/synthetic_data/s2.csv,232,<timecave.validation_methods.prequential.Rolling_Window object at 0x00000250F2A0E180>,0,ARMA,1.0435701532552157,0.7720572737299314,1.0215528147165058
datasets/synthetic_data/s2.csv,232,<timecave.validation_methods.prequential.Rolling_Window object at 0x00000250F2A0E180>,1,Tree,1.9550822001750345,1.1175514942760494,1.3982425398245595
datasets/synthetic_data/s2.csv,232,<timecave.validation_methods.prequential.Rolling_Window object at 0x00000250F2A0E180>,1,ARMA,1.8940168656200538,1.1315439681664952,1.3762328529794854
datasets/synthetic_data/s2.csv,232,<timecave.validation_methods.prequential.Rolling_Window object at 0x00000250F2A0E180>,2,Tree,2.538052822789924,1.3785075736716041,1.5931267441072992
datasets/synthetic_data/s2.csv,232,<timecave.validation_methods.prequential.Rolling_Window object at 0x00000250F2A0E180>,2,ARMA,1.5583315894282124,1.0662602838409625,1.248331522244076
datasets/synthetic_data/s2.csv,232,<timecave.validation_methods.CV.Block_CV object at 0x00000250F26079E0>,0,Tree,1.7566156783560702,1.0638021779106055,1.3253737881654633
datasets/synthetic_data/s2.csv,232,<timecave.validation_methods.CV.Block_CV object at 0x00000250F26079E0>,0,ARMA,1.1952131892124385,0.859973474090405,1.0932580615812713
datasets/synthetic_data/s2.csv,232,<timecave.validation_methods.CV.Block_CV object at 0x00000250F26079E0>,1,Tree,3.339475411031339,1.2577632520455369,1.827423161457504
datasets/synthetic_data/s2.csv,232,<timecave.validation_methods.CV.Block_CV object at 0x00000250F26079E0>,1,ARMA,1.962197256476188,1.0539119897104399,1.4007845146474842
datasets/synthetic_data/s2.csv,232,<timecave.validation_methods.CV.Block_CV object at 0x00000250F26079E0>,2,Tree,2.1538057506606325,1.2621198442034265,1.467585006280942
datasets/synthetic_data/s2.csv,232,<timecave.validation_methods.CV.Block_CV object at 0x00000250F26079E0>,2,ARMA,1.0128497467519146,0.7404312664384194,1.0064043654276915
datasets/synthetic_data/s2.csv,232,<timecave.validation_methods.CV.Block_CV object at 0x00000250F26079E0>,3,Tree,2.6429830589556507,1.219451217013828,1.625725394694827
datasets/synthetic_data/s2.csv,232,<timecave.validation_methods.CV.Block_CV object at 0x00000250F26079E0>,3,ARMA,1.7022274552663923,1.050838374181095,1.3046943915210152
datasets/synthetic_data/s2.csv,232,<timecave.validation_methods.CV.Block_CV object at 0x00000250F26079E0>,4,Tree,1.6995061450717022,1.104462221494834,1.303651082564542
datasets/synthetic_data/s2.csv,232,<timecave.validation_methods.CV.Block_CV object at 0x00000250F26079E0>,4,ARMA,1.4360070624227865,1.027045237289709,1.198335121083742
datasets/synthetic_data/s2.csv,232,<timecave.validation_methods.CV.AdaptedhvBlockCV object at 0x00000250F29B3E00>,0,Tree,1.675689408982498,1.0368202097526915,1.294484225080591
datasets/synthetic_data/s2.csv,232,<timecave.validation_methods.CV.AdaptedhvBlockCV object at 0x00000250F29B3E00>,0,ARMA,1.19501876721567,0.860018722380395,1.0931691393447174
datasets/synthetic_data/s2.csv,232,<timecave.validation_methods.CV.AdaptedhvBlockCV object at 0x00000250F29B3E00>,1,Tree,2.806401273484712,1.248247330865647,1.675231707401908
datasets/synthetic_data/s2.csv,232,<timecave.validation_methods.CV.AdaptedhvBlockCV object at 0x00000250F29B3E00>,1,ARMA,1.9657025718459582,1.056640750500522,1.402035153569966
datasets/synthetic_data/s2.csv,232,<timecave.validation_methods.CV.AdaptedhvBlockCV object at 0x00000250F29B3E00>,2,Tree,2.244445038378235,1.2328304830642725,1.49814720183907
datasets/synthetic_data/s2.csv,232,<timecave.validation_methods.CV.AdaptedhvBlockCV object at 0x00000250F29B3E00>,2,ARMA,1.0138414176884294,0.7422501306748133,1.0068969250565964
datasets/synthetic_data/s2.csv,232,<timecave.validation_methods.CV.AdaptedhvBlockCV object at 0x00000250F29B3E00>,3,Tree,2.926238436548086,1.2752270001198087,1.7106251595683042
datasets/synthetic_data/s2.csv,232,<timecave.validation_methods.CV.AdaptedhvBlockCV object at 0x00000250F29B3E00>,3,ARMA,1.6973950995025942,1.050393005933281,1.3028411643414535
datasets/synthetic_data/s2.csv,232,<timecave.validation_methods.CV.AdaptedhvBlockCV object at 0x00000250F29B3E00>,4,Tree,1.998448092045636,1.2066410180306326,1.4136647735745684
datasets/synthetic_data/s2.csv,232,<timecave.validation_methods.CV.AdaptedhvBlockCV object at 0x00000250F29B3E00>,4,ARMA,1.5039280765697804,1.0551996013384586,1.2263474534444878
datasets/synthetic_data/s2.csv,232,<timecave.validation_methods.markov.MarkovCV object at 0x00000250F29B3CE0>,0,Tree,3.186254115763635,1.5741136732958638,1.7850081556574566
datasets/synthetic_data/s2.csv,232,<timecave.validation_methods.markov.MarkovCV object at 0x00000250F29B3CE0>,0,ARMA,1.5524262713240982,0.9901969944708385,1.245963992787953
datasets/synthetic_data/s2.csv,232,<timecave.validation_methods.markov.MarkovCV object at 0x00000250F29B3CE0>,1,Tree,1.7002934511705323,1.0276501843505739,1.3039530095714846
datasets/synthetic_data/s2.csv,232,<timecave.validation_methods.markov.MarkovCV object at 0x00000250F29B3CE0>,1,ARMA,1.3730361884000357,0.9651121617470539,1.1717662686730812
datasets/synthetic_data/s2.csv,232,<timecave.validation_methods.markov.MarkovCV object at 0x00000250F29B3CE0>,2,Tree,2.6818565132216485,1.3948807474863865,1.6376374791820223
datasets/synthetic_data/s2.csv,232,<timecave.validation_methods.markov.MarkovCV object at 0x00000250F29B3CE0>,2,ARMA,1.3975402408142645,0.9609509540940898,1.182176061682127
datasets/synthetic_data/s2.csv,232,<timecave.validation_methods.markov.MarkovCV object at 0x00000250F29B3CE0>,3,Tree,4.499359166309713,1.5937431072410289,2.121169292232403
datasets/synthetic_data/s2.csv,232,<timecave.validation_methods.markov.MarkovCV object at 0x00000250F29B3CE0>,3,ARMA,2.3696464057582376,1.295472521590913,1.539365585479368
datasets/synthetic_data/s2.csv,232,<timecave.validation_methods.markov.MarkovCV object at 0x00000250F29B3CE0>,4,Tree,3.1697756694141286,1.604937382232108,1.7803863820570323
datasets/synthetic_data/s2.csv,232,<timecave.validation_methods.markov.MarkovCV object at 0x00000250F29B3CE0>,4,ARMA,0.6551230525539269,0.7054614537387419,0.8093967213634652
datasets/synthetic_data/s2.csv,232,<timecave.validation_methods.markov.MarkovCV object at 0x00000250F29B3CE0>,5,Tree,2.6534688944894493,1.4870144860908296,1.6289471736337706
datasets/synthetic_data/s2.csv,232,<timecave.validation_methods.markov.MarkovCV object at 0x00000250F29B3CE0>,5,ARMA,1.148747824548308,0.8999885656541116,1.071796540649534
datasets/synthetic_data/s2.csv,232,<timecave.validation_methods.markov.MarkovCV object at 0x00000250F29B3CE0>,6,Tree,3.6273955433746052,1.69530882130157,1.90457227307724
datasets/synthetic_data/s2.csv,232,<timecave.validation_methods.markov.MarkovCV object at 0x00000250F29B3CE0>,6,ARMA,1.2732837722296497,0.9752934768706748,1.1283987647235572
datasets/synthetic_data/s2.csv,232,<timecave.validation_methods.markov.MarkovCV object at 0x00000250F29B3CE0>,7,Tree,2.916033128111405,1.386321044851725,1.7076396364899138
datasets/synthetic_data/s2.csv,232,<timecave.validation_methods.markov.MarkovCV object at 0x00000250F29B3CE0>,7,ARMA,2.1448514660927906,1.069648882008186,1.464531142069977
datasets/synthetic_data/s2.csv,232,<timecave.validation_methods.markov.MarkovCV object at 0x00000250F29B3CE0>,8,Tree,4.408282294886755,1.7331046662352831,2.099590982759917
datasets/synthetic_data/s2.csv,232,<timecave.validation_methods.markov.MarkovCV object at 0x00000250F29B3CE0>,8,ARMA,2.4710958417628244,1.303614802943189,1.5719719595981425
datasets/synthetic_data/s2.csv,232,<timecave.validation_methods.markov.MarkovCV object at 0x00000250F29B3CE0>,9,Tree,4.552780285660462,1.688828377246403,2.1337245102544196
datasets/synthetic_data/s2.csv,232,<timecave.validation_methods.markov.MarkovCV object at 0x00000250F29B3CE0>,9,ARMA,2.827974829826255,1.2841024292232937,1.6816583570470713
datasets/synthetic_data/s2.csv,233,<timecave.validation_methods.OOS.Holdout object at 0x00000250F29B3EC0>,0,Tree,2.4526822003020494,1.1917740615524541,1.5661041473356903
datasets/synthetic_data/s2.csv,233,<timecave.validation_methods.OOS.Holdout object at 0x00000250F29B3EC0>,0,ARMA,1.4284550245427345,0.9930465497989914,1.1951799130435277
datasets/synthetic_data/s2.csv,233,<timecave.validation_methods.OOS.Repeated_Holdout object at 0x00000250F29B3980>,0,Tree,1.9564733802717473,1.104718743196086,1.3987399258874922
datasets/synthetic_data/s2.csv,233,<timecave.validation_methods.OOS.Repeated_Holdout object at 0x00000250F29B3980>,0,ARMA,1.1325915163279798,0.9303268262957318,1.064232829942762
datasets/synthetic_data/s2.csv,233,<timecave.validation_methods.OOS.Repeated_Holdout object at 0x00000250F29B3980>,1,Tree,1.8684401226257255,1.0813766949620618,1.366908966473527
datasets/synthetic_data/s2.csv,233,<timecave.validation_methods.OOS.Repeated_Holdout object at 0x00000250F29B3980>,1,ARMA,1.1635153454937481,0.9322254486791063,1.0786636850722973
datasets/synthetic_data/s2.csv,233,<timecave.validation_methods.OOS.Repeated_Holdout object at 0x00000250F29B3980>,2,Tree,2.7278160669028,1.3141706902927153,1.6516101437393753
datasets/synthetic_data/s2.csv,233,<timecave.validation_methods.OOS.Repeated_Holdout object at 0x00000250F29B3980>,2,ARMA,1.3717159080867682,1.0000897125727195,1.171202761304279
datasets/synthetic_data/s2.csv,233,<timecave.validation_methods.OOS.Repeated_Holdout object at 0x00000250F29B3980>,3,Tree,2.3849431449512206,1.1806598399336525,1.5443261135366522
datasets/synthetic_data/s2.csv,233,<timecave.validation_methods.OOS.Repeated_Holdout object at 0x00000250F29B3980>,3,ARMA,1.4284550245427345,0.9930465497989914,1.1951799130435277
datasets/synthetic_data/s2.csv,233,<timecave.validation_methods.prequential.Growing_Window object at 0x00000250B31234A0>,0,Tree,3.0933466765234017,1.3891258553598418,1.7587912543913224
datasets/synthetic_data/s2.csv,233,<timecave.validation_methods.prequential.Growing_Window object at 0x00000250B31234A0>,0,ARMA,1.271372585887753,0.953529217374002,1.127551589013892
datasets/synthetic_data/s2.csv,233,<timecave.validation_methods.prequential.Growing_Window object at 0x00000250B31234A0>,1,Tree,2.166825374938511,1.264852633122734,1.472014053920176
datasets/synthetic_data/s2.csv,233,<timecave.validation_methods.prequential.Growing_Window object at 0x00000250B31234A0>,1,ARMA,2.331118467227431,1.2584415808145866,1.5268000744129635
datasets/synthetic_data/s2.csv,233,<timecave.validation_methods.prequential.Growing_Window object at 0x00000250B31234A0>,2,Tree,3.3420494527180917,1.4495338779195717,1.82812730757956
datasets/synthetic_data/s2.csv,233,<timecave.validation_methods.prequential.Growing_Window object at 0x00000250B31234A0>,2,ARMA,2.545530481301114,1.1858263743616615,1.5954718679127857
datasets/synthetic_data/s2.csv,233,<timecave.validation_methods.prequential.Growing_Window object at 0x00000250B31234A0>,3,Tree,1.450378513337242,1.0094435820203003,1.204316616732179
datasets/synthetic_data/s2.csv,233,<timecave.validation_methods.prequential.Growing_Window object at 0x00000250B31234A0>,3,ARMA,1.2027233818047987,0.9574809686392405,1.0966874585791517
datasets/synthetic_data/s2.csv,233,<timecave.validation_methods.prequential.Growing_Window object at 0x00000250F6A454F0>,0,Tree,3.663407197329344,1.455114224273426,1.9140029251099235
datasets/synthetic_data/s2.csv,233,<timecave.validation_methods.prequential.Growing_Window object at 0x00000250F6A454F0>,0,ARMA,2.4504401324675675,1.3136176246314741,1.565388173095596
datasets/synthetic_data/s2.csv,233,<timecave.validation_methods.prequential.Growing_Window object at 0x00000250F6A454F0>,1,Tree,3.1955695036212948,1.2841258256143835,1.7876155916810792
datasets/synthetic_data/s2.csv,233,<timecave.validation_methods.prequential.Growing_Window object at 0x00000250F6A454F0>,1,ARMA,2.4570226571547087,1.1687985930198228,1.567489284542229
datasets/synthetic_data/s2.csv,233,<timecave.validation_methods.prequential.Growing_Window object at 0x00000250F6A454F0>,2,Tree,1.9658760414711822,1.1781011946116735,1.4020970157129578
datasets/synthetic_data/s2.csv,233,<timecave.validation_methods.prequential.Growing_Window object at 0x00000250F6A454F0>,2,ARMA,1.0913759802038383,0.9316699384799871,1.0446894180587063
datasets/synthetic_data/s2.csv,233,<timecave.validation_methods.prequential.Rolling_Window object at 0x00000250F6A45F70>,0,Tree,3.174375581375935,1.4219291846928097,1.7816777434137563
datasets/synthetic_data/s2.csv,233,<timecave.validation_methods.prequential.Rolling_Window object at 0x00000250F6A45F70>,0,ARMA,1.271372585887753,0.953529217374002,1.127551589013892
datasets/synthetic_data/s2.csv,233,<timecave.validation_methods.prequential.Rolling_Window object at 0x00000250F6A45F70>,1,Tree,4.1323346550204665,1.6879400664451272,2.0328144664529684
datasets/synthetic_data/s2.csv,233,<timecave.validation_methods.prequential.Rolling_Window object at 0x00000250F6A45F70>,1,ARMA,2.332043797079316,1.2600125705597418,1.5271030734954716
datasets/synthetic_data/s2.csv,233,<timecave.validation_methods.prequential.Rolling_Window object at 0x00000250F6A45F70>,2,Tree,3.204024521481423,1.418315838146248,1.7899789164907567
datasets/synthetic_data/s2.csv,233,<timecave.validation_methods.prequential.Rolling_Window object at 0x00000250F6A45F70>,2,ARMA,3.1397840942100013,1.296695274697987,1.7719435922765716
datasets/synthetic_data/s2.csv,233,<timecave.validation_methods.prequential.Rolling_Window object at 0x00000250F6A45F70>,3,Tree,4.758771618322659,1.8092782974596335,2.1814608908533426
datasets/synthetic_data/s2.csv,233,<timecave.validation_methods.prequential.Rolling_Window object at 0x00000250F6A45F70>,3,ARMA,1.8001498641826974,1.0852291348455667,1.3416966364207288
datasets/synthetic_data/s2.csv,233,<timecave.validation_methods.prequential.Rolling_Window object at 0x00000250F6A465A0>,0,Tree,3.591931326535777,1.5116404571704098,1.8952391212023292
datasets/synthetic_data/s2.csv,233,<timecave.validation_methods.prequential.Rolling_Window object at 0x00000250F6A465A0>,0,ARMA,2.4504401324675675,1.3136176246314741,1.565388173095596
datasets/synthetic_data/s2.csv,233,<timecave.validation_methods.prequential.Rolling_Window object at 0x00000250F6A465A0>,1,Tree,2.700342288006504,1.1629053330100172,1.6432718241382052
datasets/synthetic_data/s2.csv,233,<timecave.validation_methods.prequential.Rolling_Window object at 0x00000250F6A465A0>,1,ARMA,2.4599143012089595,1.1682930176929305,1.5684113941211213
datasets/synthetic_data/s2.csv,233,<timecave.validation_methods.prequential.Rolling_Window object at 0x00000250F6A465A0>,2,Tree,2.1222378310533787,1.274330382740509,1.4567902495051848
datasets/synthetic_data/s2.csv,233,<timecave.validation_methods.prequential.Rolling_Window object at 0x00000250F6A465A0>,2,ARMA,1.4014261111470703,1.0255246861591725,1.1838184451794416
datasets/synthetic_data/s2.csv,233,<timecave.validation_methods.CV.Block_CV object at 0x00000250F6A45520>,0,Tree,1.5351741861555734,1.0253959460682058,1.2390214631537153
datasets/synthetic_data/s2.csv,233,<timecave.validation_methods.CV.Block_CV object at 0x00000250F6A45520>,0,ARMA,1.3248037657409153,0.893710631576964,1.1510012014506827
datasets/synthetic_data/s2.csv,233,<timecave.validation_methods.CV.Block_CV object at 0x00000250F6A45520>,1,Tree,3.6244893306997628,1.5760990087953441,1.9038091634141703
datasets/synthetic_data/s2.csv,233,<timecave.validation_methods.CV.Block_CV object at 0x00000250F6A45520>,1,ARMA,1.2644576970918373,0.9579001353025292,1.1244810790279387
datasets/synthetic_data/s2.csv,233,<timecave.validation_methods.CV.Block_CV object at 0x00000250F6A45520>,2,Tree,3.3279823770488113,1.3929310308210059,1.824275850042644
datasets/synthetic_data/s2.csv,233,<timecave.validation_methods.CV.Block_CV object at 0x00000250F6A45520>,2,ARMA,2.2965861174678732,1.252032719503056,1.515449147107178
datasets/synthetic_data/s2.csv,233,<timecave.validation_methods.CV.Block_CV object at 0x00000250F6A45520>,3,Tree,4.38382603268288,1.5606507969663133,2.0937588286817754
datasets/synthetic_data/s2.csv,233,<timecave.validation_methods.CV.Block_CV object at 0x00000250F6A45520>,3,ARMA,2.8427859551123156,1.2256897147668777,1.6860563321290056
datasets/synthetic_data/s2.csv,233,<timecave.validation_methods.CV.Block_CV object at 0x00000250F6A45520>,4,Tree,1.9040974947894853,1.1122236119171933,1.3798903923100143
datasets/synthetic_data/s2.csv,233,<timecave.validation_methods.CV.Block_CV object at 0x00000250F6A45520>,4,ARMA,1.2027233818047987,0.9574809686392405,1.0966874585791517
datasets/synthetic_data/s2.csv,233,<timecave.validation_methods.CV.AdaptedhvBlockCV object at 0x00000250F6A44500>,0,Tree,1.4746555143692877,1.030428565244334,1.214353949377729
datasets/synthetic_data/s2.csv,233,<timecave.validation_methods.CV.AdaptedhvBlockCV object at 0x00000250F6A44500>,0,ARMA,1.3399551717294986,0.9052676081536368,1.1575643272533491
datasets/synthetic_data/s2.csv,233,<timecave.validation_methods.CV.AdaptedhvBlockCV object at 0x00000250F6A44500>,1,Tree,2.8724717713660053,1.3389153189749363,1.6948367978557715
datasets/synthetic_data/s2.csv,233,<timecave.validation_methods.CV.AdaptedhvBlockCV object at 0x00000250F6A44500>,1,ARMA,1.2583714199153653,0.9574205917657661,1.1217715542459459
datasets/synthetic_data/s2.csv,233,<timecave.validation_methods.CV.AdaptedhvBlockCV object at 0x00000250F6A44500>,2,Tree,2.2888884645872354,1.2116547972580247,1.5129072888274533
datasets/synthetic_data/s2.csv,233,<timecave.validation_methods.CV.AdaptedhvBlockCV object at 0x00000250F6A44500>,2,ARMA,2.3076952905712336,1.2566496575148411,1.5191100324108302
datasets/synthetic_data/s2.csv,233,<timecave.validation_methods.CV.AdaptedhvBlockCV object at 0x00000250F6A44500>,3,Tree,3.729045670267206,1.418659446000204,1.9310737091750811
datasets/synthetic_data/s2.csv,233,<timecave.validation_methods.CV.AdaptedhvBlockCV object at 0x00000250F6A44500>,3,ARMA,2.8485763571263893,1.2206431611237416,1.687772602315368
datasets/synthetic_data/s2.csv,233,<timecave.validation_methods.CV.AdaptedhvBlockCV object at 0x00000250F6A44500>,4,Tree,1.908934599814925,1.0880825359568176,1.3816419940834619
datasets/synthetic_data/s2.csv,233,<timecave.validation_methods.CV.AdaptedhvBlockCV object at 0x00000250F6A44500>,4,ARMA,1.0879861192212077,0.8997233754601954,1.0430657310166065
datasets/synthetic_data/s2.csv,233,<timecave.validation_methods.markov.MarkovCV object at 0x00000250F6A46450>,0,Tree,1.7019920227823768,1.137877741055608,1.3046041632550376
datasets/synthetic_data/s2.csv,233,<timecave.validation_methods.markov.MarkovCV object at 0x00000250F6A46450>,0,ARMA,2.0237207567452624,1.250038085947378,1.422575395803422
datasets/synthetic_data/s2.csv,233,<timecave.validation_methods.markov.MarkovCV object at 0x00000250F6A46450>,1,Tree,3.978581899357303,1.8399950299796934,1.994638287850031
datasets/synthetic_data/s2.csv,233,<timecave.validation_methods.markov.MarkovCV object at 0x00000250F6A46450>,1,ARMA,1.666069785063847,1.0219891451013772,1.2907632567840808
datasets/synthetic_data/s2.csv,233,<timecave.validation_methods.markov.MarkovCV object at 0x00000250F6A46450>,2,Tree,3.216461610608404,1.2637907048625105,1.7934496398305708
datasets/synthetic_data/s2.csv,233,<timecave.validation_methods.markov.MarkovCV object at 0x00000250F6A46450>,2,ARMA,1.5025552521976402,1.0546734164615241,1.2257876048474468
datasets/synthetic_data/s2.csv,233,<timecave.validation_methods.markov.MarkovCV object at 0x00000250F6A46450>,3,Tree,2.844258862525649,1.4193962151014388,1.6864930662548392
datasets/synthetic_data/s2.csv,233,<timecave.validation_methods.markov.MarkovCV object at 0x00000250F6A46450>,3,ARMA,2.9215782324807007,1.0526980277536568,1.7092624820315634
datasets/synthetic_data/s2.csv,233,<timecave.validation_methods.markov.MarkovCV object at 0x00000250F6A46450>,4,Tree,4.19849813840552,1.79705955394984,2.049023703719779
datasets/synthetic_data/s2.csv,233,<timecave.validation_methods.markov.MarkovCV object at 0x00000250F6A46450>,4,ARMA,1.8183744712572847,1.1061482042308313,1.3484711607065554
datasets/synthetic_data/s2.csv,233,<timecave.validation_methods.markov.MarkovCV object at 0x00000250F6A46450>,5,Tree,2.713083678781394,1.4529560227160643,1.647144097758722
datasets/synthetic_data/s2.csv,233,<timecave.validation_methods.markov.MarkovCV object at 0x00000250F6A46450>,5,ARMA,1.5499065827534908,1.0116721734347873,1.244952441964548
datasets/synthetic_data/s2.csv,233,<timecave.validation_methods.markov.MarkovCV object at 0x00000250F6A46450>,6,Tree,2.1677341284762974,1.2995547643544296,1.4723226984857285
datasets/synthetic_data/s2.csv,233,<timecave.validation_methods.markov.MarkovCV object at 0x00000250F6A46450>,6,ARMA,2.6943754142397482,1.3778065139811764,1.6414552732985899
datasets/synthetic_data/s2.csv,233,<timecave.validation_methods.markov.MarkovCV object at 0x00000250F6A46450>,7,Tree,3.868679410082597,1.7507680663753187,1.9668958818612126
datasets/synthetic_data/s2.csv,233,<timecave.validation_methods.markov.MarkovCV object at 0x00000250F6A46450>,7,ARMA,1.9794546962957087,1.137420289004268,1.4069309493701916
datasets/synthetic_data/s2.csv,233,<timecave.validation_methods.markov.MarkovCV object at 0x00000250F6A46450>,8,Tree,3.8164498834809066,1.649233031403417,1.953573618648887
datasets/synthetic_data/s2.csv,233,<timecave.validation_methods.markov.MarkovCV object at 0x00000250F6A46450>,8,ARMA,1.5832186535453212,0.9222476306065942,1.2582601692596493
datasets/synthetic_data/s2.csv,233,<timecave.validation_methods.markov.MarkovCV object at 0x00000250F6A46450>,9,Tree,4.858563611577169,1.9320213793372083,2.2042149649199754
datasets/synthetic_data/s2.csv,233,<timecave.validation_methods.markov.MarkovCV object at 0x00000250F6A46450>,9,ARMA,2.836590884444666,1.4980930491573055,1.6842181819600055
datasets/synthetic_data/s2.csv,234,<timecave.validation_methods.OOS.Holdout object at 0x00000250F26078C0>,0,Tree,3.0245628500004287,1.3783646324333987,1.739127036763108
datasets/synthetic_data/s2.csv,234,<timecave.validation_methods.OOS.Holdout object at 0x00000250F26078C0>,0,ARMA,2.2179326401766133,1.1503251431761286,1.489272520453061
datasets/synthetic_data/s2.csv,234,<timecave.validation_methods.OOS.Repeated_Holdout object at 0x00000250F6A45B50>,0,Tree,2.9877418236984625,1.4388559140044643,1.72850855470792
datasets/synthetic_data/s2.csv,234,<timecave.validation_methods.OOS.Repeated_Holdout object at 0x00000250F6A45B50>,0,ARMA,1.7950154547522859,1.0822769781745518,1.3397818683473388
datasets/synthetic_data/s2.csv,234,<timecave.validation_methods.OOS.Repeated_Holdout object at 0x00000250F6A45B50>,1,Tree,2.8698758123393566,1.3434261486200476,1.6940707813841063
datasets/synthetic_data/s2.csv,234,<timecave.validation_methods.OOS.Repeated_Holdout object at 0x00000250F6A45B50>,1,ARMA,1.7248800593559332,1.0470366601742958,1.313346892239797
datasets/synthetic_data/s2.csv,234,<timecave.validation_methods.OOS.Repeated_Holdout object at 0x00000250F6A45B50>,2,Tree,2.398573974533633,1.2645124167247879,1.548733022355252
datasets/synthetic_data/s2.csv,234,<timecave.validation_methods.OOS.Repeated_Holdout object at 0x00000250F6A45B50>,2,ARMA,2.0203813761699023,1.1339557807098901,1.4214012016914515
datasets/synthetic_data/s2.csv,234,<timecave.validation_methods.OOS.Repeated_Holdout object at 0x00000250F6A45B50>,3,Tree,2.9428157611656003,1.374807395681593,1.7154637160737618
datasets/synthetic_data/s2.csv,234,<timecave.validation_methods.OOS.Repeated_Holdout object at 0x00000250F6A45B50>,3,ARMA,2.2179326401766133,1.1503251431761286,1.489272520453061
datasets/synthetic_data/s2.csv,234,<timecave.validation_methods.prequential.Growing_Window object at 0x00000250F6A441D0>,0,Tree,1.7621290684620794,1.0355232057298525,1.327452096484871
datasets/synthetic_data/s2.csv,234,<timecave.validation_methods.prequential.Growing_Window object at 0x00000250F6A441D0>,0,ARMA,1.1004989172477195,0.8372472019509916,1.0490466706718626
datasets/synthetic_data/s2.csv,234,<timecave.validation_methods.prequential.Growing_Window object at 0x00000250F6A441D0>,1,Tree,3.361737762541976,1.5323139393683567,1.8335042303038125
datasets/synthetic_data/s2.csv,234,<timecave.validation_methods.prequential.Growing_Window object at 0x00000250F6A441D0>,1,ARMA,2.2577930040712215,1.1058375055200074,1.5025954226175526
datasets/synthetic_data/s2.csv,234,<timecave.validation_methods.prequential.Growing_Window object at 0x00000250F6A441D0>,2,Tree,1.9352008357591062,1.0843424071253123,1.391114961374187
datasets/synthetic_data/s2.csv,234,<timecave.validation_methods.prequential.Growing_Window object at 0x00000250F6A441D0>,2,ARMA,2.0860055504536863,1.0467920092541565,1.4443010594933752
datasets/synthetic_data/s2.csv,234,<timecave.validation_methods.prequential.Growing_Window object at 0x00000250F6A441D0>,3,Tree,3.2967290818862716,1.4377693285270567,1.8156896986782383
datasets/synthetic_data/s2.csv,234,<timecave.validation_methods.prequential.Growing_Window object at 0x00000250F6A441D0>,3,ARMA,1.7743364111319266,1.0730623287569043,1.332042195702496
datasets/synthetic_data/s2.csv,234,<timecave.validation_methods.prequential.Growing_Window object at 0x00000250F6A46180>,0,Tree,3.0051926572030916,1.3994802957631156,1.7335491505011018
datasets/synthetic_data/s2.csv,234,<timecave.validation_methods.prequential.Growing_Window object at 0x00000250F6A46180>,0,ARMA,2.23386874620241,1.0628797621135084,1.494613243017206
datasets/synthetic_data/s2.csv,234,<timecave.validation_methods.prequential.Growing_Window object at 0x00000250F6A46180>,1,Tree,2.223548427942317,1.2771971110469793,1.4911567415742442
datasets/synthetic_data/s2.csv,234,<timecave.validation_methods.prequential.Growing_Window object at 0x00000250F6A46180>,1,ARMA,2.3146034963378717,1.1068798396935724,1.5213821007024737
datasets/synthetic_data/s2.csv,234,<timecave.validation_methods.prequential.Growing_Window object at 0x00000250F6A46180>,2,Tree,2.9223931760871857,1.374988425120031,1.7095008558310774
datasets/synthetic_data/s2.csv,234,<timecave.validation_methods.prequential.Growing_Window object at 0x00000250F6A46180>,2,ARMA,1.5390524689170193,0.9870222107514901,1.2405855347040846
datasets/synthetic_data/s2.csv,234,<timecave.validation_methods.prequential.Rolling_Window object at 0x00000250F6A45B80>,0,Tree,1.3606455277885916,0.9562017672129511,1.1664671138907396
datasets/synthetic_data/s2.csv,234,<timecave.validation_methods.prequential.Rolling_Window object at 0x00000250F6A45B80>,0,ARMA,1.1004989172477195,0.8372472019509916,1.0490466706718626
datasets/synthetic_data/s2.csv,234,<timecave.validation_methods.prequential.Rolling_Window object at 0x00000250F6A45B80>,1,Tree,2.5767284711085554,1.3428777707494783,1.605219134918518
datasets/synthetic_data/s2.csv,234,<timecave.validation_methods.prequential.Rolling_Window object at 0x00000250F6A45B80>,1,ARMA,2.1909171580065907,1.0584125070413588,1.4801747052313083
datasets/synthetic_data/s2.csv,234,<timecave.validation_methods.prequential.Rolling_Window object at 0x00000250F6A45B80>,2,Tree,2.440972684979428,1.1674272612062524,1.5623612530331863
datasets/synthetic_data/s2.csv,234,<timecave.validation_methods.prequential.Rolling_Window object at 0x00000250F6A45B80>,2,ARMA,1.9792775735055228,1.0535402901542819,1.4068680014505706
datasets/synthetic_data/s2.csv,234,<timecave.validation_methods.prequential.Rolling_Window object at 0x00000250F6A45B80>,3,Tree,4.72010941462048,1.695560950536733,2.172581279174724
datasets/synthetic_data/s2.csv,234,<timecave.validation_methods.prequential.Rolling_Window object at 0x00000250F6A45B80>,3,ARMA,2.0913735037687156,1.1704572830816868,1.446158187671292
datasets/synthetic_data/s2.csv,234,<timecave.validation_methods.prequential.Rolling_Window object at 0x00000250F6A44170>,0,Tree,4.354598588297021,1.5971036399708995,2.0867674974220347
datasets/synthetic_data/s2.csv,234,<timecave.validation_methods.prequential.Rolling_Window object at 0x00000250F6A44170>,0,ARMA,2.23386874620241,1.0628797621135084,1.494613243017206
datasets/synthetic_data/s2.csv,234,<timecave.validation_methods.prequential.Rolling_Window object at 0x00000250F6A44170>,1,Tree,3.3866891605950333,1.500512783849459,1.8402959437533501
datasets/synthetic_data/s2.csv,234,<timecave.validation_methods.prequential.Rolling_Window object at 0x00000250F6A44170>,1,ARMA,2.2374447199095604,1.0928643342465654,1.4958090519546805
datasets/synthetic_data/s2.csv,234,<timecave.validation_methods.prequential.Rolling_Window object at 0x00000250F6A44170>,2,Tree,1.9189672343791093,1.0115916969985,1.3852679287340444
datasets/synthetic_data/s2.csv,234,<timecave.validation_methods.prequential.Rolling_Window object at 0x00000250F6A44170>,2,ARMA,1.9382119782748808,1.1381994204444121,1.392196817362718
datasets/synthetic_data/s2.csv,234,<timecave.validation_methods.CV.Block_CV object at 0x00000250F6A47020>,0,Tree,1.4486335922130278,0.9942333987604605,1.203591954199191
datasets/synthetic_data/s2.csv,234,<timecave.validation_methods.CV.Block_CV object at 0x00000250F6A47020>,0,ARMA,1.399076148234029,0.9712209881695162,1.1828254935678504
datasets/synthetic_data/s2.csv,234,<timecave.validation_methods.CV.Block_CV object at 0x00000250F6A47020>,1,Tree,1.778502560316983,1.0387925079378069,1.3336050990893005
datasets/synthetic_data/s2.csv,234,<timecave.validation_methods.CV.Block_CV object at 0x00000250F6A47020>,1,ARMA,1.1484458595657323,0.8896515694622089,1.0716556627787361
datasets/synthetic_data/s2.csv,234,<timecave.validation_methods.CV.Block_CV object at 0x00000250F6A47020>,2,Tree,2.4276076205241193,1.2075595432996875,1.5580781817752662
datasets/synthetic_data/s2.csv,234,<timecave.validation_methods.CV.Block_CV object at 0x00000250F6A47020>,2,ARMA,2.141614773400713,1.0434655659884187,1.4634256979432585
datasets/synthetic_data/s2.csv,234,<timecave.validation_methods.CV.Block_CV object at 0x00000250F6A47020>,3,Tree,1.987746007106736,1.1343384116381423,1.4098744650169164
datasets/synthetic_data/s2.csv,234,<timecave.validation_methods.CV.Block_CV object at 0x00000250F6A47020>,3,ARMA,2.1470463382671605,1.0516415478803405,1.4652802934139122
datasets/synthetic_data/s2.csv,234,<timecave.validation_methods.CV.Block_CV object at 0x00000250F6A47020>,4,Tree,3.365563688076082,1.4583380206174448,1.8345472706027726
datasets/synthetic_data/s2.csv,234,<timecave.validation_methods.CV.Block_CV object at 0x00000250F6A47020>,4,ARMA,1.7743364111319266,1.0730623287569043,1.332042195702496
datasets/synthetic_data/s2.csv,234,<timecave.validation_methods.CV.AdaptedhvBlockCV object at 0x00000250F6A46030>,0,Tree,1.4846364162839578,0.9889080243271566,1.21845657135737
datasets/synthetic_data/s2.csv,234,<timecave.validation_methods.CV.AdaptedhvBlockCV object at 0x00000250F6A46030>,0,ARMA,1.4112225209305977,0.9781888734518516,1.1879488713453108
datasets/synthetic_data/s2.csv,234,<timecave.validation_methods.CV.AdaptedhvBlockCV object at 0x00000250F6A46030>,1,Tree,1.9141315396028697,1.1841600614429362,1.3835214272293979
datasets/synthetic_data/s2.csv,234,<timecave.validation_methods.CV.AdaptedhvBlockCV object at 0x00000250F6A46030>,1,ARMA,1.1533198589171583,0.8953406299420618,1.0739273061605046
datasets/synthetic_data/s2.csv,234,<timecave.validation_methods.CV.AdaptedhvBlockCV object at 0x00000250F6A46030>,2,Tree,2.6194042407464497,1.2802137548738532,1.618457364513026
datasets/synthetic_data/s2.csv,234,<timecave.validation_methods.CV.AdaptedhvBlockCV object at 0x00000250F6A46030>,2,ARMA,2.130016111023361,1.0436722926719049,1.4594574714678605
datasets/synthetic_data/s2.csv,234,<timecave.validation_methods.CV.AdaptedhvBlockCV object at 0x00000250F6A46030>,3,Tree,2.3670430718927316,1.2680605313199862,1.5385197664939934
datasets/synthetic_data/s2.csv,234,<timecave.validation_methods.CV.AdaptedhvBlockCV object at 0x00000250F6A46030>,3,ARMA,2.1554490926256156,1.054865413297875,1.468144779177318
datasets/synthetic_data/s2.csv,234,<timecave.validation_methods.CV.AdaptedhvBlockCV object at 0x00000250F6A46030>,4,Tree,3.0852170637073835,1.4021964300358492,1.756478597565989
datasets/synthetic_data/s2.csv,234,<timecave.validation_methods.CV.AdaptedhvBlockCV object at 0x00000250F6A46030>,4,ARMA,1.5543294005241468,0.9976719480221836,1.2467274764454928
datasets/synthetic_data/s2.csv,234,<timecave.validation_methods.markov.MarkovCV object at 0x00000250F6A455B0>,0,Tree,1.6262380412550672,1.126320968226771,1.2752403856744292
datasets/synthetic_data/s2.csv,234,<timecave.validation_methods.markov.MarkovCV object at 0x00000250F6A455B0>,0,ARMA,1.18931735881854,0.8459582018204567,1.090558278506261
datasets/synthetic_data/s2.csv,234,<timecave.validation_methods.markov.MarkovCV object at 0x00000250F6A455B0>,1,Tree,1.3100675865600644,0.9120177157494715,1.144581839170998
datasets/synthetic_data/s2.csv,234,<timecave.validation_methods.markov.MarkovCV object at 0x00000250F6A455B0>,1,ARMA,0.8973374139768392,0.6951359559440988,0.9472789525672146
datasets/synthetic_data/s2.csv,234,<timecave.validation_methods.markov.MarkovCV object at 0x00000250F6A455B0>,2,Tree,3.6773616933327773,1.3009307533883343,1.9176448298193223
datasets/synthetic_data/s2.csv,234,<timecave.validation_methods.markov.MarkovCV object at 0x00000250F6A455B0>,2,ARMA,2.799368490666669,1.2995412982732932,1.6731313429216097
datasets/synthetic_data/s2.csv,234,<timecave.validation_methods.markov.MarkovCV object at 0x00000250F6A455B0>,3,Tree,5.530762764778851,1.8442643424690697,2.35175737795778
datasets/synthetic_data/s2.csv,234,<timecave.validation_methods.markov.MarkovCV object at 0x00000250F6A455B0>,3,ARMA,3.4834113641152626,1.2805446152402298,1.8663899282077319
datasets/synthetic_data/s2.csv,234,<timecave.validation_methods.markov.MarkovCV object at 0x00000250F6A455B0>,4,Tree,3.123346232553365,1.4635780914795737,1.767299134994799
datasets/synthetic_data/s2.csv,234,<timecave.validation_methods.markov.MarkovCV object at 0x00000250F6A455B0>,4,ARMA,1.2354365865605534,0.9048644841508825,1.111501950767768
datasets/synthetic_data/s2.csv,234,<timecave.validation_methods.markov.MarkovCV object at 0x00000250F6A455B0>,5,Tree,2.640116589066091,1.2570482006110444,1.6248435583360297
datasets/synthetic_data/s2.csv,234,<timecave.validation_methods.markov.MarkovCV object at 0x00000250F6A455B0>,5,ARMA,2.026490958702599,1.162416187542651,1.42354872017174
datasets/synthetic_data/s2.csv,234,<timecave.validation_methods.markov.MarkovCV object at 0x00000250F6A455B0>,6,Tree,7.081804918763192,2.1127912770672683,2.6611660825215684
datasets/synthetic_data/s2.csv,234,<timecave.validation_methods.markov.MarkovCV object at 0x00000250F6A455B0>,6,ARMA,1.8977135923067172,1.1890535280558838,1.377575258309584
datasets/synthetic_data/s2.csv,234,<timecave.validation_methods.markov.MarkovCV object at 0x00000250F6A455B0>,7,Tree,3.6363678281382317,1.3497278587135695,1.9069262775834392
datasets/synthetic_data/s2.csv,234,<timecave.validation_methods.markov.MarkovCV object at 0x00000250F6A455B0>,7,ARMA,2.111486123393071,1.1335398231941578,1.4530953593598293
datasets/synthetic_data/s2.csv,234,<timecave.validation_methods.markov.MarkovCV object at 0x00000250F6A455B0>,8,Tree,5.563675268176077,1.9485744422631568,2.358744426209859
datasets/synthetic_data/s2.csv,234,<timecave.validation_methods.markov.MarkovCV object at 0x00000250F6A455B0>,8,ARMA,2.7823345068188337,1.3866043595509492,1.668033125216293
datasets/synthetic_data/s2.csv,234,<timecave.validation_methods.markov.MarkovCV object at 0x00000250F6A455B0>,9,Tree,8.94090167824524,2.5465551736893413,2.9901340569020043
datasets/synthetic_data/s2.csv,234,<timecave.validation_methods.markov.MarkovCV object at 0x00000250F6A455B0>,9,ARMA,2.3108789497371767,1.2253479376244891,1.5201575410914412
datasets/synthetic_data/s2.csv,235,<timecave.validation_methods.OOS.Holdout object at 0x00000250F2605460>,0,Tree,2.5878536884763466,1.2951630322173813,1.6086807291928211
datasets/synthetic_data/s2.csv,235,<timecave.validation_methods.OOS.Holdout object at 0x00000250F2605460>,0,ARMA,1.5936823915629856,1.0321656122445757,1.2624113400801602
datasets/synthetic_data/s2.csv,235,<timecave.validation_methods.OOS.Repeated_Holdout object at 0x00000250F6A44350>,0,Tree,3.901623011593103,1.6630840480261286,1.9752526450034444
datasets/synthetic_data/s2.csv,235,<timecave.validation_methods.OOS.Repeated_Holdout object at 0x00000250F6A44350>,0,ARMA,1.6052872856294766,1.0241672495671295,1.2669993234526515
datasets/synthetic_data/s2.csv,235,<timecave.validation_methods.OOS.Repeated_Holdout object at 0x00000250F6A44350>,1,Tree,3.4148517934142006,1.4499768548508418,1.8479317610275008
datasets/synthetic_data/s2.csv,235,<timecave.validation_methods.OOS.Repeated_Holdout object at 0x00000250F6A44350>,1,ARMA,1.7041046487103115,1.0684416152351117,1.3054135929697956
datasets/synthetic_data/s2.csv,235,<timecave.validation_methods.OOS.Repeated_Holdout object at 0x00000250F6A44350>,2,Tree,2.2099961803263715,1.0996781305109982,1.4866055900360295
datasets/synthetic_data/s2.csv,235,<timecave.validation_methods.OOS.Repeated_Holdout object at 0x00000250F6A44350>,2,ARMA,1.6340245459109353,1.0575158720181634,1.2782896956132186
datasets/synthetic_data/s2.csv,235,<timecave.validation_methods.OOS.Repeated_Holdout object at 0x00000250F6A44350>,3,Tree,2.4111308188593283,1.2417398364458874,1.5527816391429055
datasets/synthetic_data/s2.csv,235,<timecave.validation_methods.OOS.Repeated_Holdout object at 0x00000250F6A44350>,3,ARMA,1.5936823915629856,1.0321656122445757,1.2624113400801602
datasets/synthetic_data/s2.csv,235,<timecave.validation_methods.prequential.Growing_Window object at 0x00000250F6A448C0>,0,Tree,2.735569230697715,1.2853453311950038,1.6539556314175163
datasets/synthetic_data/s2.csv,235,<timecave.validation_methods.prequential.Growing_Window object at 0x00000250F6A448C0>,0,ARMA,1.3881825664855794,0.9828359126559439,1.1782115966521376
datasets/synthetic_data/s2.csv,235,<timecave.validation_methods.prequential.Growing_Window object at 0x00000250F6A448C0>,1,Tree,3.4714979264977837,1.556852213849889,1.8631956221765291
datasets/synthetic_data/s2.csv,235,<timecave.validation_methods.prequential.Growing_Window object at 0x00000250F6A448C0>,1,ARMA,2.1039828897948207,1.2244831016549906,1.4505112511782943
datasets/synthetic_data/s2.csv,235,<timecave.validation_methods.prequential.Growing_Window object at 0x00000250F6A448C0>,2,Tree,2.158382852909991,1.2524137880117456,1.4691435780447026
datasets/synthetic_data/s2.csv,235,<timecave.validation_methods.prequential.Growing_Window object at 0x00000250F6A448C0>,2,ARMA,2.061753760444621,1.1387694637712098,1.435880830864672
datasets/synthetic_data/s2.csv,235,<timecave.validation_methods.prequential.Growing_Window object at 0x00000250F6A448C0>,3,Tree,3.1351504958045506,1.4092517603429704,1.7706356191505215
datasets/synthetic_data/s2.csv,235,<timecave.validation_methods.prequential.Growing_Window object at 0x00000250F6A448C0>,3,ARMA,1.725956143323676,1.064203685263712,1.3137565007731364
datasets/synthetic_data/s2.csv,235,<timecave.validation_methods.prequential.Growing_Window object at 0x00000250F6A47770>,0,Tree,2.8748457640514755,1.281823470992049,1.6955370134713885
datasets/synthetic_data/s2.csv,235,<timecave.validation_methods.prequential.Growing_Window object at 0x00000250F6A47770>,0,ARMA,2.150613265925801,1.2332000991457472,1.4664969368961536
datasets/synthetic_data/s2.csv,235,<timecave.validation_methods.prequential.Growing_Window object at 0x00000250F6A47770>,1,Tree,2.4770308033583555,1.2109486447013178,1.5738585715871536
datasets/synthetic_data/s2.csv,235,<timecave.validation_methods.prequential.Growing_Window object at 0x00000250F6A47770>,1,ARMA,2.139249718221153,1.1854545919689712,1.4626174203191868
datasets/synthetic_data/s2.csv,235,<timecave.validation_methods.prequential.Growing_Window object at 0x00000250F6A47770>,2,Tree,2.3845135191861115,1.2685905617671551,1.544187009136559
datasets/synthetic_data/s2.csv,235,<timecave.validation_methods.prequential.Growing_Window object at 0x00000250F6A47770>,2,ARMA,1.7551534555355361,1.0784780561014415,1.3248220467427072
datasets/synthetic_data/s2.csv,235,<timecave.validation_methods.prequential.Rolling_Window object at 0x00000250F6A47D10>,0,Tree,2.814774155621439,1.2665572879012672,1.6777288683280858
datasets/synthetic_data/s2.csv,235,<timecave.validation_methods.prequential.Rolling_Window object at 0x00000250F6A47D10>,0,ARMA,1.3881825664855794,0.9828359126559439,1.1782115966521376
datasets/synthetic_data/s2.csv,235,<timecave.validation_methods.prequential.Rolling_Window object at 0x00000250F6A47D10>,1,Tree,2.394169883303349,1.3738251220154187,1.5473105322795901
datasets/synthetic_data/s2.csv,235,<timecave.validation_methods.prequential.Rolling_Window object at 0x00000250F6A47D10>,1,ARMA,2.0789864490542667,1.2110710615641507,1.4418690818012108
datasets/synthetic_data/s2.csv,235,<timecave.validation_methods.prequential.Rolling_Window object at 0x00000250F6A47D10>,2,Tree,2.156302115331303,1.2691628963688462,1.4684352608580682
datasets/synthetic_data/s2.csv,235,<timecave.validation_methods.prequential.Rolling_Window object at 0x00000250F6A47D10>,2,ARMA,2.025128835551172,1.1376273781230877,1.423070214554142
datasets/synthetic_data/s2.csv,235,<timecave.validation_methods.prequential.Rolling_Window object at 0x00000250F6A47D10>,3,Tree,2.1956273284397683,1.1875750910185099,1.481764936972045
datasets/synthetic_data/s2.csv,235,<timecave.validation_methods.prequential.Rolling_Window object at 0x00000250F6A47D10>,3,ARMA,1.7495437878533724,1.0708611117525713,1.3227032123093119
datasets/synthetic_data/s2.csv,235,<timecave.validation_methods.prequential.Rolling_Window object at 0x00000250F6A47FB0>,0,Tree,2.638081851157921,1.1299653657971604,1.6242173041677401
datasets/synthetic_data/s2.csv,235,<timecave.validation_methods.prequential.Rolling_Window object at 0x00000250F6A47FB0>,0,ARMA,2.150613265925801,1.2332000991457472,1.4664969368961536
datasets/synthetic_data/s2.csv,235,<timecave.validation_methods.prequential.Rolling_Window object at 0x00000250F6A47FB0>,1,Tree,2.5550242837608046,1.3363258965467613,1.5984443323934696
datasets/synthetic_data/s2.csv,235,<timecave.validation_methods.prequential.Rolling_Window object at 0x00000250F6A47FB0>,1,ARMA,2.0489208432673576,1.1693176329611066,1.4314051988404113
datasets/synthetic_data/s2.csv,235,<timecave.validation_methods.prequential.Rolling_Window object at 0x00000250F6A47FB0>,2,Tree,1.7646991275459671,1.004456117689118,1.3284197858907278
datasets/synthetic_data/s2.csv,235,<timecave.validation_methods.prequential.Rolling_Window object at 0x00000250F6A47FB0>,2,ARMA,1.747702388263121,1.0811333732089319,1.3220069546954438
datasets/synthetic_data/s2.csv,235,<timecave.validation_methods.CV.Block_CV object at 0x00000250F6A456A0>,0,Tree,3.178829308273937,1.4129290261640381,1.78292717413638
datasets/synthetic_data/s2.csv,235,<timecave.validation_methods.CV.Block_CV object at 0x00000250F6A456A0>,0,ARMA,1.9477567127821573,1.1266742862853065,1.3956205475637558
datasets/synthetic_data/s2.csv,235,<timecave.validation_methods.CV.Block_CV object at 0x00000250F6A456A0>,1,Tree,3.743341225681013,1.5435244203346041,1.9347716210656525
datasets/synthetic_data/s2.csv,235,<timecave.validation_methods.CV.Block_CV object at 0x00000250F6A456A0>,1,ARMA,1.5187348384887662,1.0373558957810622,1.2323696030366726
datasets/synthetic_data/s2.csv,235,<timecave.validation_methods.CV.Block_CV object at 0x00000250F6A456A0>,2,Tree,2.620642539423925,1.239304555445244,1.6188398745471786
datasets/synthetic_data/s2.csv,235,<timecave.validation_methods.CV.Block_CV object at 0x00000250F6A456A0>,2,ARMA,2.0289632301604565,1.2075484675209043,1.4244168035236233
datasets/synthetic_data/s2.csv,235,<timecave.validation_methods.CV.Block_CV object at 0x00000250F6A456A0>,3,Tree,1.8847393603694085,1.0894449198143863,1.3728580991382207
datasets/synthetic_data/s2.csv,235,<timecave.validation_methods.CV.Block_CV object at 0x00000250F6A456A0>,3,ARMA,2.03239388855281,1.141869123692489,1.4256205275432905
datasets/synthetic_data/s2.csv,235,<timecave.validation_methods.CV.Block_CV object at 0x00000250F6A456A0>,4,Tree,3.0901080765418576,1.3940942911607652,1.7578703241541618
datasets/synthetic_data/s2.csv,235,<timecave.validation_methods.CV.Block_CV object at 0x00000250F6A456A0>,4,ARMA,1.725956143323676,1.064203685263712,1.3137565007731364
datasets/synthetic_data/s2.csv,235,<timecave.validation_methods.CV.AdaptedhvBlockCV object at 0x00000250F6A47650>,0,Tree,3.1254650834762945,1.3921862846183184,1.7678984935443252
datasets/synthetic_data/s2.csv,235,<timecave.validation_methods.CV.AdaptedhvBlockCV object at 0x00000250F6A47650>,0,ARMA,1.9477669341138415,1.1266948137014325,1.3956242094897329
datasets/synthetic_data/s2.csv,235,<timecave.validation_methods.CV.AdaptedhvBlockCV object at 0x00000250F6A47650>,1,Tree,2.189934440748831,1.1491010020881178,1.479842708110842
datasets/synthetic_data/s2.csv,235,<timecave.validation_methods.CV.AdaptedhvBlockCV object at 0x00000250F6A47650>,1,ARMA,1.514373746440977,1.036807651967976,1.230598938095177
datasets/synthetic_data/s2.csv,235,<timecave.validation_methods.CV.AdaptedhvBlockCV object at 0x00000250F6A47650>,2,Tree,2.6414036050073775,1.237534270381755,1.625239553114364
datasets/synthetic_data/s2.csv,235,<timecave.validation_methods.CV.AdaptedhvBlockCV object at 0x00000250F6A47650>,2,ARMA,2.0225857093963473,1.2058795554208754,1.4221763988325595
datasets/synthetic_data/s2.csv,235,<timecave.validation_methods.CV.AdaptedhvBlockCV object at 0x00000250F6A47650>,3,Tree,2.682687972010468,1.362088888003222,1.6378913187420183
datasets/synthetic_data/s2.csv,235,<timecave.validation_methods.CV.AdaptedhvBlockCV object at 0x00000250F6A47650>,3,ARMA,2.026401338127582,1.1402243074547316,1.4235172419495248
datasets/synthetic_data/s2.csv,235,<timecave.validation_methods.CV.AdaptedhvBlockCV object at 0x00000250F6A47650>,4,Tree,3.8335028685597012,1.6114280977550093,1.9579333156570224
datasets/synthetic_data/s2.csv,235,<timecave.validation_methods.CV.AdaptedhvBlockCV object at 0x00000250F6A47650>,4,ARMA,1.78108682559105,1.100553894150387,1.3345736493693594
datasets/synthetic_data/s2.csv,235,<timecave.validation_methods.markov.MarkovCV object at 0x00000250F6A457C0>,0,Tree,8.985707414431694,2.4617361075729147,2.9976169559221026
datasets/synthetic_data/s2.csv,235,<timecave.validation_methods.markov.MarkovCV object at 0x00000250F6A457C0>,0,ARMA,4.100955117829218,1.7671289904161585,2.025081508934694
datasets/synthetic_data/s2.csv,235,<timecave.validation_methods.markov.MarkovCV object at 0x00000250F6A457C0>,1,Tree,8.365798431478428,2.6717734718574047,2.8923689998820046
datasets/synthetic_data/s2.csv,235,<timecave.validation_methods.markov.MarkovCV object at 0x00000250F6A457C0>,1,ARMA,3.456633975685271,1.4032496991631256,1.8592025106709789
datasets/synthetic_data/s2.csv,235,<timecave.validation_methods.markov.MarkovCV object at 0x00000250F6A457C0>,2,Tree,3.6697203107800456,1.5505491134776406,1.9156514063837515
datasets/synthetic_data/s2.csv,235,<timecave.validation_methods.markov.MarkovCV object at 0x00000250F6A457C0>,2,ARMA,2.196510450833939,1.1559748684663562,1.4820629038046729
datasets/synthetic_data/s2.csv,235,<timecave.validation_methods.markov.MarkovCV object at 0x00000250F6A457C0>,3,Tree,3.2700991318135015,1.356750145597995,1.8083415418038433
datasets/synthetic_data/s2.csv,235,<timecave.validation_methods.markov.MarkovCV object at 0x00000250F6A457C0>,3,ARMA,1.2949801097113178,0.8635318379437799,1.137971928349429
datasets/synthetic_data/s2.csv,235,<timecave.validation_methods.markov.MarkovCV object at 0x00000250F6A457C0>,4,Tree,7.4139993189274085,2.2996255357568463,2.7228660119307024
datasets/synthetic_data/s2.csv,235,<timecave.validation_methods.markov.MarkovCV object at 0x00000250F6A457C0>,4,ARMA,1.6925077974745866,1.126748014148148,1.3009641799352458
datasets/synthetic_data/s2.csv,235,<timecave.validation_methods.markov.MarkovCV object at 0x00000250F6A457C0>,5,Tree,5.616757540169806,2.016744512417635,2.369969944992933
datasets/synthetic_data/s2.csv,235,<timecave.validation_methods.markov.MarkovCV object at 0x00000250F6A457C0>,5,ARMA,2.557081155091314,1.4409231128866695,1.5990876008184525
datasets/synthetic_data/s2.csv,235,<timecave.validation_methods.markov.MarkovCV object at 0x00000250F6A457C0>,6,Tree,0.7640249618760205,0.7282323601314079,0.8740852143103787
datasets/synthetic_data/s2.csv,235,<timecave.validation_methods.markov.MarkovCV object at 0x00000250F6A457C0>,6,ARMA,1.5842478283736308,1.0823152780221144,1.2586690702379362
datasets/synthetic_data/s2.csv,235,<timecave.validation_methods.markov.MarkovCV object at 0x00000250F6A457C0>,7,Tree,1.8098431136878057,1.112320070169035,1.3453040971051138
datasets/synthetic_data/s2.csv,235,<timecave.validation_methods.markov.MarkovCV object at 0x00000250F6A457C0>,7,ARMA,0.8988678366445354,0.6814800574740708,0.9480864077944243
datasets/synthetic_data/s2.csv,235,<timecave.validation_methods.markov.MarkovCV object at 0x00000250F6A457C0>,8,Tree,3.6264510970956567,1.3281698732770466,1.9043243151038263
datasets/synthetic_data/s2.csv,235,<timecave.validation_methods.markov.MarkovCV object at 0x00000250F6A457C0>,8,ARMA,3.084799907238506,1.4255306793381104,1.7563598456006975
datasets/synthetic_data/s2.csv,235,<timecave.validation_methods.markov.MarkovCV object at 0x00000250F6A457C0>,9,Tree,1.2110574576489537,0.8078370656122271,1.1004805575969772
datasets/synthetic_data/s2.csv,235,<timecave.validation_methods.markov.MarkovCV object at 0x00000250F6A457C0>,9,ARMA,2.3229724609451736,1.2394181440533503,1.5241300669382432
datasets/synthetic_data/s2.csv,236,<timecave.validation_methods.OOS.Holdout object at 0x00000250F2668F20>,0,Tree,2.707779704635489,1.3417175925443348,1.6455332584410103
datasets/synthetic_data/s2.csv,236,<timecave.validation_methods.OOS.Holdout object at 0x00000250F2668F20>,0,ARMA,1.948644329187178,1.1253832438825262,1.395938511965043
datasets/synthetic_data/s2.csv,236,<timecave.validation_methods.OOS.Repeated_Holdout object at 0x00000250F29F6D80>,0,Tree,3.096615038806588,1.3041691327596459,1.7597201592317422
datasets/synthetic_data/s2.csv,236,<timecave.validation_methods.OOS.Repeated_Holdout object at 0x00000250F29F6D80>,0,ARMA,2.4172011374646383,1.2600654672287985,1.5547350698638782
datasets/synthetic_data/s2.csv,236,<timecave.validation_methods.OOS.Repeated_Holdout object at 0x00000250F29F6D80>,1,Tree,2.341554597172311,1.2258389336369766,1.530213905691721
datasets/synthetic_data/s2.csv,236,<timecave.validation_methods.OOS.Repeated_Holdout object at 0x00000250F29F6D80>,1,ARMA,1.7694677902424998,1.0336886563603165,1.3302134378521742
datasets/synthetic_data/s2.csv,236,<timecave.validation_methods.OOS.Repeated_Holdout object at 0x00000250F29F6D80>,2,Tree,2.453707939929278,1.207915566725578,1.566431594398325
datasets/synthetic_data/s2.csv,236,<timecave.validation_methods.OOS.Repeated_Holdout object at 0x00000250F29F6D80>,2,ARMA,2.108870907869201,1.172725444922432,1.4521952030871061
datasets/synthetic_data/s2.csv,236,<timecave.validation_methods.OOS.Repeated_Holdout object at 0x00000250F29F6D80>,3,Tree,2.3768748474411607,1.3011919247965433,1.5417116615765611
datasets/synthetic_data/s2.csv,236,<timecave.validation_methods.OOS.Repeated_Holdout object at 0x00000250F29F6D80>,3,ARMA,1.948644329187178,1.1253832438825262,1.395938511965043
datasets/synthetic_data/s2.csv,236,<timecave.validation_methods.prequential.Growing_Window object at 0x00000250F29F7920>,0,Tree,3.563843653939066,1.668561894175801,1.8878145178854477
datasets/synthetic_data/s2.csv,236,<timecave.validation_methods.prequential.Growing_Window object at 0x00000250F29F7920>,0,ARMA,2.2855298947655296,1.292978838771965,1.511796909232695
datasets/synthetic_data/s2.csv,236,<timecave.validation_methods.prequential.Growing_Window object at 0x00000250F29F7920>,1,Tree,2.374607003695153,1.2235890824542919,1.5409759906290406
datasets/synthetic_data/s2.csv,236,<timecave.validation_methods.prequential.Growing_Window object at 0x00000250F29F7920>,1,ARMA,0.9366964162397282,0.7940831183052347,0.967830778721016
datasets/synthetic_data/s2.csv,236,<timecave.validation_methods.prequential.Growing_Window object at 0x00000250F29F7920>,2,Tree,2.9943344311092495,1.4322488627595502,1.730414525802777
datasets/synthetic_data/s2.csv,236,<timecave.validation_methods.prequential.Growing_Window object at 0x00000250F29F7920>,2,ARMA,2.2326092652238256,1.1704086387554251,1.49419184351402
datasets/synthetic_data/s2.csv,236,<timecave.validation_methods.prequential.Growing_Window object at 0x00000250F29F7920>,3,Tree,3.0774680344942396,1.3913711752613247,1.7542713685442852
datasets/synthetic_data/s2.csv,236,<timecave.validation_methods.prequential.Growing_Window object at 0x00000250F29F7920>,3,ARMA,1.812951161223863,1.053672038388767,1.3464587484300672
datasets/synthetic_data/s2.csv,236,<timecave.validation_methods.prequential.Growing_Window object at 0x00000250F2604EC0>,0,Tree,2.5757406003082703,1.2387442579095105,1.6049113995196964
datasets/synthetic_data/s2.csv,236,<timecave.validation_methods.prequential.Growing_Window object at 0x00000250F2604EC0>,0,ARMA,0.9078413496383914,0.7568251269416701,0.9528070894144267
datasets/synthetic_data/s2.csv,236,<timecave.validation_methods.prequential.Growing_Window object at 0x00000250F2604EC0>,1,Tree,2.5108219873312603,1.2819735525023022,1.584557347441632
datasets/synthetic_data/s2.csv,236,<timecave.validation_methods.prequential.Growing_Window object at 0x00000250F2604EC0>,1,ARMA,2.45157535133543,1.2536561699543505,1.5657507309068803
datasets/synthetic_data/s2.csv,236,<timecave.validation_methods.prequential.Growing_Window object at 0x00000250F2604EC0>,2,Tree,3.29648207160567,1.3947926466151974,1.8156216763427533
datasets/synthetic_data/s2.csv,236,<timecave.validation_methods.prequential.Growing_Window object at 0x00000250F2604EC0>,2,ARMA,1.945880231550532,1.1027135536363324,1.3949481107018038
datasets/synthetic_data/s2.csv,236,<timecave.validation_methods.prequential.Rolling_Window object at 0x00000250F6A34260>,0,Tree,3.620686611809979,1.6807007358133081,1.9028101880665815
datasets/synthetic_data/s2.csv,236,<timecave.validation_methods.prequential.Rolling_Window object at 0x00000250F6A34260>,0,ARMA,2.2855298947655296,1.292978838771965,1.511796909232695
datasets/synthetic_data/s2.csv,236,<timecave.validation_methods.prequential.Rolling_Window object at 0x00000250F6A34260>,1,Tree,2.5816721171713137,1.3813617044978665,1.6067582634520083
datasets/synthetic_data/s2.csv,236,<timecave.validation_methods.prequential.Rolling_Window object at 0x00000250F6A34260>,1,ARMA,1.350955730566878,0.9458006663165445,1.1623062120486485
datasets/synthetic_data/s2.csv,236,<timecave.validation_methods.prequential.Rolling_Window object at 0x00000250F6A34260>,2,Tree,3.4979224240418025,1.6682322284756874,1.8702733554327835
datasets/synthetic_data/s2.csv,236,<timecave.validation_methods.prequential.Rolling_Window object at 0x00000250F6A34260>,2,ARMA,2.3139049833429626,1.2001856054337097,1.5211525181068999
datasets/synthetic_data/s2.csv,236,<timecave.validation_methods.prequential.Rolling_Window object at 0x00000250F6A34260>,3,Tree,1.9449551861845464,1.1764147145280088,1.3946165014743468
datasets/synthetic_data/s2.csv,236,<timecave.validation_methods.prequential.Rolling_Window object at 0x00000250F6A34260>,3,ARMA,1.7414318705017617,1.0107004343856998,1.3196332333272611
datasets/synthetic_data/s2.csv,236,<timecave.validation_methods.prequential.Rolling_Window object at 0x00000250F6A36180>,0,Tree,2.823002912107217,1.3315951926310887,1.6801794285454208
datasets/synthetic_data/s2.csv,236,<timecave.validation_methods.prequential.Rolling_Window object at 0x00000250F6A36180>,0,ARMA,0.9078413496383914,0.7568251269416701,0.9528070894144267
datasets/synthetic_data/s2.csv,236,<timecave.validation_methods.prequential.Rolling_Window object at 0x00000250F6A36180>,1,Tree,5.62935047798607,1.917102371542224,2.372625229147256
datasets/synthetic_data/s2.csv,236,<timecave.validation_methods.prequential.Rolling_Window object at 0x00000250F6A36180>,1,ARMA,3.712618481870453,1.540998205514885,1.9268156325581471
datasets/synthetic_data/s2.csv,236,<timecave.validation_methods.prequential.Rolling_Window object at 0x00000250F6A36180>,2,Tree,3.3006513058559563,1.486291182497314,1.8167694696509946
datasets/synthetic_data/s2.csv,236,<timecave.validation_methods.prequential.Rolling_Window object at 0x00000250F6A36180>,2,ARMA,1.9935132027036193,1.1292327755878158,1.4119182705467124
datasets/synthetic_data/s2.csv,236,<timecave.validation_methods.CV.Block_CV object at 0x00000250F6A36B70>,0,Tree,1.208568236831039,0.8852704689552127,1.0993490059262523
datasets/synthetic_data/s2.csv,236,<timecave.validation_methods.CV.Block_CV object at 0x00000250F6A36B70>,0,ARMA,0.8139964423524582,0.7205388015212872,0.9022175138803603
datasets/synthetic_data/s2.csv,236,<timecave.validation_methods.CV.Block_CV object at 0x00000250F6A36B70>,1,Tree,3.0333619438545507,1.2754678895504592,1.7416549439698297
datasets/synthetic_data/s2.csv,236,<timecave.validation_methods.CV.Block_CV object at 0x00000250F6A36B70>,1,ARMA,2.511835185724374,1.3402182578839517,1.584877025426381
datasets/synthetic_data/s2.csv,236,<timecave.validation_methods.CV.Block_CV object at 0x00000250F6A36B70>,2,Tree,1.7986387542411135,1.1714223710769835,1.341133384209458
datasets/synthetic_data/s2.csv,236,<timecave.validation_methods.CV.Block_CV object at 0x00000250F6A36B70>,2,ARMA,1.17085740613714,0.8929596811500857,1.0820616461815564
datasets/synthetic_data/s2.csv,236,<timecave.validation_methods.CV.Block_CV object at 0x00000250F6A36B70>,3,Tree,2.8537701806167246,1.420606209642152,1.6893105636965409
datasets/synthetic_data/s2.csv,236,<timecave.validation_methods.CV.Block_CV object at 0x00000250F6A36B70>,3,ARMA,2.099304296347114,1.1406960585764696,1.4488976141698606
datasets/synthetic_data/s2.csv,236,<timecave.validation_methods.CV.Block_CV object at 0x00000250F6A36B70>,4,Tree,3.0667515150095794,1.3912477426877916,1.751214297283339
datasets/synthetic_data/s2.csv,236,<timecave.validation_methods.CV.Block_CV object at 0x00000250F6A36B70>,4,ARMA,1.812951161223863,1.053672038388767,1.3464587484300672
datasets/synthetic_data/s2.csv,236,<timecave.validation_methods.CV.AdaptedhvBlockCV object at 0x00000250F6A34980>,0,Tree,1.0904861295962833,0.8244221672195785,1.044263438791325
datasets/synthetic_data/s2.csv,236,<timecave.validation_methods.CV.AdaptedhvBlockCV object at 0x00000250F6A34980>,0,ARMA,0.8101747550451277,0.7165850022628768,0.900097080900237
datasets/synthetic_data/s2.csv,236,<timecave.validation_methods.CV.AdaptedhvBlockCV object at 0x00000250F6A34980>,1,Tree,4.34943246196086,1.6991837072754914,2.085529300192366
datasets/synthetic_data/s2.csv,236,<timecave.validation_methods.CV.AdaptedhvBlockCV object at 0x00000250F6A34980>,1,ARMA,2.510858661161498,1.342771968230585,1.584568919662852
datasets/synthetic_data/s2.csv,236,<timecave.validation_methods.CV.AdaptedhvBlockCV object at 0x00000250F6A34980>,2,Tree,1.7209703695445404,1.1921409082165935,1.3118576026171973
datasets/synthetic_data/s2.csv,236,<timecave.validation_methods.CV.AdaptedhvBlockCV object at 0x00000250F6A34980>,2,ARMA,1.1733874830220576,0.8937258437719389,1.083230115451956
datasets/synthetic_data/s2.csv,236,<timecave.validation_methods.CV.AdaptedhvBlockCV object at 0x00000250F6A34980>,3,Tree,2.732055317011421,1.3601201517823753,1.6528930143876286
datasets/synthetic_data/s2.csv,236,<timecave.validation_methods.CV.AdaptedhvBlockCV object at 0x00000250F6A34980>,3,ARMA,2.0946682557805705,1.1413881842505786,1.4472968789369272
datasets/synthetic_data/s2.csv,236,<timecave.validation_methods.CV.AdaptedhvBlockCV object at 0x00000250F6A34980>,4,Tree,2.721270272598931,1.247639265931628,1.6496273132434887
datasets/synthetic_data/s2.csv,236,<timecave.validation_methods.CV.AdaptedhvBlockCV object at 0x00000250F6A34980>,4,ARMA,1.8555089450901925,1.0801665672821326,1.3621706739943393
datasets/synthetic_data/s2.csv,236,<timecave.validation_methods.markov.MarkovCV object at 0x00000250F6A36360>,0,Tree,2.3970743937520314,1.1544332882921577,1.5482488151947773
datasets/synthetic_data/s2.csv,236,<timecave.validation_methods.markov.MarkovCV object at 0x00000250F6A36360>,0,ARMA,2.2766073314442705,1.2080439438649575,1.5088430440056615
datasets/synthetic_data/s2.csv,236,<timecave.validation_methods.markov.MarkovCV object at 0x00000250F6A36360>,1,Tree,4.590130690969236,1.7238098151856192,2.1424590290059773
datasets/synthetic_data/s2.csv,236,<timecave.validation_methods.markov.MarkovCV object at 0x00000250F6A36360>,1,ARMA,2.1338558379925283,1.265917706816979,1.4607723429722128
datasets/synthetic_data/s2.csv,236,<timecave.validation_methods.markov.MarkovCV object at 0x00000250F6A36360>,2,Tree,2.3341557486676074,1.3667485100027104,1.5277944065441553
datasets/synthetic_data/s2.csv,236,<timecave.validation_methods.markov.MarkovCV object at 0x00000250F6A36360>,2,ARMA,2.0789114326416787,1.1327695720644562,1.4418430679660248
datasets/synthetic_data/s2.csv,236,<timecave.validation_methods.markov.MarkovCV object at 0x00000250F6A36360>,3,Tree,1.9653469433527626,1.082853581437034,1.4019083220213662
datasets/synthetic_data/s2.csv,236,<timecave.validation_methods.markov.MarkovCV object at 0x00000250F6A36360>,3,ARMA,2.0213374615845674,1.1957709349016854,1.4217374798409752
datasets/synthetic_data/s2.csv,236,<timecave.validation_methods.markov.MarkovCV object at 0x00000250F6A36360>,4,Tree,1.808767229956114,1.1662159614858802,1.3449041712910679
datasets/synthetic_data/s2.csv,236,<timecave.validation_methods.markov.MarkovCV object at 0x00000250F6A36360>,4,ARMA,1.56421801153697,1.0963956050851673,1.250687015818494
datasets/synthetic_data/s2.csv,236,<timecave.validation_methods.markov.MarkovCV object at 0x00000250F6A36360>,5,Tree,3.067261803913975,1.482054947383515,1.7513599869569862
datasets/synthetic_data/s2.csv,236,<timecave.validation_methods.markov.MarkovCV object at 0x00000250F6A36360>,5,ARMA,1.173062285959144,0.764186575627605,1.0830799997964804
datasets/synthetic_data/s2.csv,236,<timecave.validation_methods.markov.MarkovCV object at 0x00000250F6A36360>,6,Tree,2.8659607896637365,1.2500290492358705,1.6929148796273652
datasets/synthetic_data/s2.csv,236,<timecave.validation_methods.markov.MarkovCV object at 0x00000250F6A36360>,6,ARMA,1.1305693311029739,0.9069819061537032,1.0632823383763006
datasets/synthetic_data/s2.csv,236,<timecave.validation_methods.markov.MarkovCV object at 0x00000250F6A36360>,7,Tree,4.166669657256566,1.5668984369045356,2.041242184861112
datasets/synthetic_data/s2.csv,236,<timecave.validation_methods.markov.MarkovCV object at 0x00000250F6A36360>,7,ARMA,1.8252912551141742,1.0590848584188974,1.351033402664114
datasets/synthetic_data/s2.csv,236,<timecave.validation_methods.markov.MarkovCV object at 0x00000250F6A36360>,8,Tree,2.0156431461786215,1.114984606505809,1.4197334771634504
datasets/synthetic_data/s2.csv,236,<timecave.validation_methods.markov.MarkovCV object at 0x00000250F6A36360>,8,ARMA,1.2853344555377872,0.8543567481638361,1.1337259172912064
datasets/synthetic_data/s2.csv,236,<timecave.validation_methods.markov.MarkovCV object at 0x00000250F6A36360>,9,Tree,4.159974453429933,1.8181476914053802,2.039601542809265
datasets/synthetic_data/s2.csv,236,<timecave.validation_methods.markov.MarkovCV object at 0x00000250F6A36360>,9,ARMA,2.9514770820228486,1.4666120152558035,1.7179863451211854
datasets/synthetic_data/s2.csv,237,<timecave.validation_methods.OOS.Holdout object at 0x00000250F29F5B80>,0,Tree,3.854257465029354,1.5281199136703107,1.9632262898171862
datasets/synthetic_data/s2.csv,237,<timecave.validation_methods.OOS.Holdout object at 0x00000250F29F5B80>,0,ARMA,1.9826689239610669,1.1151244658109196,1.4080727694125281
datasets/synthetic_data/s2.csv,237,<timecave.validation_methods.OOS.Repeated_Holdout object at 0x00000250F6A45250>,0,Tree,2.3605991569733735,1.1814009041310907,1.536424146182744
datasets/synthetic_data/s2.csv,237,<timecave.validation_methods.OOS.Repeated_Holdout object at 0x00000250F6A45250>,0,ARMA,1.421154918651656,0.9480538770890838,1.192122023390079
datasets/synthetic_data/s2.csv,237,<timecave.validation_methods.OOS.Repeated_Holdout object at 0x00000250F6A45250>,1,Tree,2.622983186778133,1.2527445042681034,1.619562652933851
datasets/synthetic_data/s2.csv,237,<timecave.validation_methods.OOS.Repeated_Holdout object at 0x00000250F6A45250>,1,ARMA,1.418728561238917,0.9402052719022905,1.1911039254569338
datasets/synthetic_data/s2.csv,237,<timecave.validation_methods.OOS.Repeated_Holdout object at 0x00000250F6A45250>,2,Tree,2.813380466145769,1.3723076831086742,1.6773134668706888
datasets/synthetic_data/s2.csv,237,<timecave.validation_methods.OOS.Repeated_Holdout object at 0x00000250F6A45250>,2,ARMA,1.9708671992667783,1.0950916805966222,1.4038757777192319
datasets/synthetic_data/s2.csv,237,<timecave.validation_methods.OOS.Repeated_Holdout object at 0x00000250F6A45250>,3,Tree,3.626287293471352,1.5028411441257032,1.9042813062862725
datasets/synthetic_data/s2.csv,237,<timecave.validation_methods.OOS.Repeated_Holdout object at 0x00000250F6A45250>,3,ARMA,1.9826689239610669,1.1151244658109196,1.4080727694125281
datasets/synthetic_data/s2.csv,237,<timecave.validation_methods.prequential.Growing_Window object at 0x00000250F6A46510>,0,Tree,2.2573963076670833,1.2380256360810808,1.5024634130876808
datasets/synthetic_data/s2.csv,237,<timecave.validation_methods.prequential.Growing_Window object at 0x00000250F6A46510>,0,ARMA,1.493419475066724,0.9756182857721658,1.2220554304395215
datasets/synthetic_data/s2.csv,237,<timecave.validation_methods.prequential.Growing_Window object at 0x00000250F6A46510>,1,Tree,3.0776571289663583,1.3414597790143061,1.7543252631614124
datasets/synthetic_data/s2.csv,237,<timecave.validation_methods.prequential.Growing_Window object at 0x00000250F6A46510>,1,ARMA,1.5473179534830126,1.0436741202433364,1.243912357637391
datasets/synthetic_data/s2.csv,237,<timecave.validation_methods.prequential.Growing_Window object at 0x00000250F6A46510>,2,Tree,5.500383794878981,1.837603833126818,2.3452897038274356
datasets/synthetic_data/s2.csv,237,<timecave.validation_methods.prequential.Growing_Window object at 0x00000250F6A46510>,2,ARMA,2.14760721409344,1.2066203104750914,1.4654716694953336
datasets/synthetic_data/s2.csv,237,<timecave.validation_methods.prequential.Growing_Window object at 0x00000250F6A46510>,3,Tree,2.8186519263268752,1.2672651477007988,1.6788841312987848
datasets/synthetic_data/s2.csv,237,<timecave.validation_methods.prequential.Growing_Window object at 0x00000250F6A46510>,3,ARMA,1.4206687975901215,0.9453324633216869,1.191918116982086
datasets/synthetic_data/s2.csv,237,<timecave.validation_methods.prequential.Growing_Window object at 0x00000250F6A47DA0>,0,Tree,2.8093088191296576,1.406507051398059,1.6760992867755948
datasets/synthetic_data/s2.csv,237,<timecave.validation_methods.prequential.Growing_Window object at 0x00000250F6A47DA0>,0,ARMA,2.4590145559274768,1.1796428974859225,1.5681245345722632
datasets/synthetic_data/s2.csv,237,<timecave.validation_methods.prequential.Growing_Window object at 0x00000250F6A47DA0>,1,Tree,6.627155248411261,2.0261412861135044,2.5743261736639473
datasets/synthetic_data/s2.csv,237,<timecave.validation_methods.prequential.Growing_Window object at 0x00000250F6A47DA0>,1,ARMA,2.0465733864449764,1.1763572996602765,1.4305849805044706
datasets/synthetic_data/s2.csv,237,<timecave.validation_methods.prequential.Growing_Window object at 0x00000250F6A47DA0>,2,Tree,3.8054762432081826,1.5368732144403323,1.9507629900139543
datasets/synthetic_data/s2.csv,237,<timecave.validation_methods.prequential.Growing_Window object at 0x00000250F6A47DA0>,2,ARMA,1.4294599344126357,0.9404999546791253,1.1956002402193786
datasets/synthetic_data/s2.csv,237,<timecave.validation_methods.prequential.Rolling_Window object at 0x00000250F6A479B0>,0,Tree,2.8004273287179156,1.373609912228664,1.6734477370739473
datasets/synthetic_data/s2.csv,237,<timecave.validation_methods.prequential.Rolling_Window object at 0x00000250F6A479B0>,0,ARMA,1.493419475066724,0.9756182857721658,1.2220554304395215
datasets/synthetic_data/s2.csv,237,<timecave.validation_methods.prequential.Rolling_Window object at 0x00000250F6A479B0>,1,Tree,2.1336160724603395,1.1856615719844106,1.460690272597288
datasets/synthetic_data/s2.csv,237,<timecave.validation_methods.prequential.Rolling_Window object at 0x00000250F6A479B0>,1,ARMA,1.8433351558465496,1.1108295624553595,1.3576947948071945
datasets/synthetic_data/s2.csv,237,<timecave.validation_methods.prequential.Rolling_Window object at 0x00000250F6A479B0>,2,Tree,2.9616527618318043,1.3109862489454676,1.720945310529014
datasets/synthetic_data/s2.csv,237,<timecave.validation_methods.prequential.Rolling_Window object at 0x00000250F6A479B0>,2,ARMA,2.200205482000026,1.2225616393823686,1.4833089637698635
datasets/synthetic_data/s2.csv,237,<timecave.validation_methods.prequential.Rolling_Window object at 0x00000250F6A479B0>,3,Tree,2.176431471413838,1.2239410664784776,1.4752733548105037
datasets/synthetic_data/s2.csv,237,<timecave.validation_methods.prequential.Rolling_Window object at 0x00000250F6A479B0>,3,ARMA,1.4874387071392317,0.9548917636746463,1.2196059638831025
datasets/synthetic_data/s2.csv,237,<timecave.validation_methods.prequential.Rolling_Window object at 0x00000250F6A448F0>,0,Tree,3.125003610630369,1.4416622633586513,1.767767974206561
datasets/synthetic_data/s2.csv,237,<timecave.validation_methods.prequential.Rolling_Window object at 0x00000250F6A448F0>,0,ARMA,2.4590145559274768,1.1796428974859225,1.5681245345722632
datasets/synthetic_data/s2.csv,237,<timecave.validation_methods.prequential.Rolling_Window object at 0x00000250F6A448F0>,1,Tree,2.9253098665568023,1.4283007876118294,1.7103537255657972
datasets/synthetic_data/s2.csv,237,<timecave.validation_methods.prequential.Rolling_Window object at 0x00000250F6A448F0>,1,ARMA,2.046298063769069,1.1545558472144175,1.4304887499624277
datasets/synthetic_data/s2.csv,237,<timecave.validation_methods.prequential.Rolling_Window object at 0x00000250F6A448F0>,2,Tree,2.182839451314806,1.1459270754213053,1.4774435526661605
datasets/synthetic_data/s2.csv,237,<timecave.validation_methods.prequential.Rolling_Window object at 0x00000250F6A448F0>,2,ARMA,1.4947065097780574,0.9517999410311224,1.22258190309609
datasets/synthetic_data/s2.csv,237,<timecave.validation_methods.CV.Block_CV object at 0x00000250F6A46390>,0,Tree,2.796198805026875,1.3255407620438897,1.6721838430707536
datasets/synthetic_data/s2.csv,237,<timecave.validation_methods.CV.Block_CV object at 0x00000250F6A46390>,0,ARMA,2.9186551131802236,1.354673633299549,1.7084071860011079
datasets/synthetic_data/s2.csv,237,<timecave.validation_methods.CV.Block_CV object at 0x00000250F6A46390>,1,Tree,2.304539013676884,1.2320614091835471,1.5180708197172108
datasets/synthetic_data/s2.csv,237,<timecave.validation_methods.CV.Block_CV object at 0x00000250F6A46390>,1,ARMA,1.4593945214322808,0.9245992045611595,1.2080540225636769
datasets/synthetic_data/s2.csv,237,<timecave.validation_methods.CV.Block_CV object at 0x00000250F6A46390>,2,Tree,2.76915862338783,1.4796152037840289,1.6640789114064962
datasets/synthetic_data/s2.csv,237,<timecave.validation_methods.CV.Block_CV object at 0x00000250F6A46390>,2,ARMA,2.3767112632367318,1.1498430966848963,1.5416586078755348
datasets/synthetic_data/s2.csv,237,<timecave.validation_methods.CV.Block_CV object at 0x00000250F6A46390>,3,Tree,4.204831205438221,1.50381518784467,2.0505685078626903
datasets/synthetic_data/s2.csv,237,<timecave.validation_methods.CV.Block_CV object at 0x00000250F6A46390>,3,ARMA,2.33551572682741,1.2596306915195794,1.528239420649595
datasets/synthetic_data/s2.csv,237,<timecave.validation_methods.CV.Block_CV object at 0x00000250F6A46390>,4,Tree,2.501474904640378,1.2214674903458733,1.581605167113581
datasets/synthetic_data/s2.csv,237,<timecave.validation_methods.CV.Block_CV object at 0x00000250F6A46390>,4,ARMA,1.4206687975901215,0.9453324633216869,1.191918116982086
datasets/synthetic_data/s2.csv,237,<timecave.validation_methods.CV.AdaptedhvBlockCV object at 0x00000250F2A0EDB0>,0,Tree,3.3666661296443823,1.3593305728296339,1.8348477129299812
datasets/synthetic_data/s2.csv,237,<timecave.validation_methods.CV.AdaptedhvBlockCV object at 0x00000250F2A0EDB0>,0,ARMA,2.9201430514754056,1.355179889991853,1.7088426058228434
datasets/synthetic_data/s2.csv,237,<timecave.validation_methods.CV.AdaptedhvBlockCV object at 0x00000250F2A0EDB0>,1,Tree,3.402121348014933,1.5781599352140996,1.8444840330062315
datasets/synthetic_data/s2.csv,237,<timecave.validation_methods.CV.AdaptedhvBlockCV object at 0x00000250F2A0EDB0>,1,ARMA,1.4423547050922836,0.9248463293404122,1.200980726361703
datasets/synthetic_data/s2.csv,237,<timecave.validation_methods.CV.AdaptedhvBlockCV object at 0x00000250F2A0EDB0>,2,Tree,2.7670883578104655,1.2789155281711642,1.6634567496062125
datasets/synthetic_data/s2.csv,237,<timecave.validation_methods.CV.AdaptedhvBlockCV object at 0x00000250F2A0EDB0>,2,ARMA,2.390721250589137,1.1548401358282812,1.5461957348890654
datasets/synthetic_data/s2.csv,237,<timecave.validation_methods.CV.AdaptedhvBlockCV object at 0x00000250F2A0EDB0>,3,Tree,4.60972840267179,1.7134473287604275,2.1470278066834134
datasets/synthetic_data/s2.csv,237,<timecave.validation_methods.CV.AdaptedhvBlockCV object at 0x00000250F2A0EDB0>,3,ARMA,2.3412337832675725,1.2629675066679256,1.5301090756111384
datasets/synthetic_data/s2.csv,237,<timecave.validation_methods.CV.AdaptedhvBlockCV object at 0x00000250F2A0EDB0>,4,Tree,2.7489133163365413,1.3199957630097103,1.6579847153507
datasets/synthetic_data/s2.csv,237,<timecave.validation_methods.CV.AdaptedhvBlockCV object at 0x00000250F2A0EDB0>,4,ARMA,1.4740877579590377,0.9530522009487881,1.2141201579576206
datasets/synthetic_data/s2.csv,237,<timecave.validation_methods.markov.MarkovCV object at 0x00000250F2A0E690>,0,Tree,3.755514451050646,1.4566931065107191,1.9379149751861267
datasets/synthetic_data/s2.csv,237,<timecave.validation_methods.markov.MarkovCV object at 0x00000250F2A0E690>,0,ARMA,3.253031334506246,1.4349232624374173,1.8036161827024746
datasets/synthetic_data/s2.csv,237,<timecave.validation_methods.markov.MarkovCV object at 0x00000250F2A0E690>,1,Tree,8.092272379922623,2.473213837518945,2.844691965735943
datasets/synthetic_data/s2.csv,237,<timecave.validation_methods.markov.MarkovCV object at 0x00000250F2A0E690>,1,ARMA,3.092901926022323,1.4267963009854727,1.758664813437263
datasets/synthetic_data/s2.csv,237,<timecave.validation_methods.markov.MarkovCV object at 0x00000250F2A0E690>,2,Tree,3.4301748362336952,1.6314245582073335,1.8520731184901138
datasets/synthetic_data/s2.csv,237,<timecave.validation_methods.markov.MarkovCV object at 0x00000250F2A0E690>,2,ARMA,2.3853518550428423,1.281205435619335,1.5444584342230911
datasets/synthetic_data/s2.csv,237,<timecave.validation_methods.markov.MarkovCV object at 0x00000250F2A0E690>,3,Tree,6.212960404755258,2.2970487171138103,2.4925810728550553
datasets/synthetic_data/s2.csv,237,<timecave.validation_methods.markov.MarkovCV object at 0x00000250F2A0E690>,3,ARMA,2.0482030670149887,1.188133255579635,1.431154452536479
datasets/synthetic_data/s2.csv,237,<timecave.validation_methods.markov.MarkovCV object at 0x00000250F2A0E690>,4,Tree,5.3180023826992535,1.83199193175685,2.306079439806715
datasets/synthetic_data/s2.csv,237,<timecave.validation_methods.markov.MarkovCV object at 0x00000250F2A0E690>,4,ARMA,4.304135874163659,1.5315831822961674,2.074641143466421
datasets/synthetic_data/s2.csv,237,<timecave.validation_methods.markov.MarkovCV object at 0x00000250F2A0E690>,5,Tree,1.537457023413929,1.1045549415600484,1.2399423468104995
datasets/synthetic_data/s2.csv,237,<timecave.validation_methods.markov.MarkovCV object at 0x00000250F2A0E690>,5,ARMA,2.211903183141626,1.262514675221877,1.4872468467411943
datasets/synthetic_data/s2.csv,237,<timecave.validation_methods.markov.MarkovCV object at 0x00000250F2A0E690>,6,Tree,2.088450637086989,1.2745250672568391,1.4451472717640195
datasets/synthetic_data/s2.csv,237,<timecave.validation_methods.markov.MarkovCV object at 0x00000250F2A0E690>,6,ARMA,1.8237311969384808,0.9551550259178516,1.3504559218791559
datasets/synthetic_data/s2.csv,237,<timecave.validation_methods.markov.MarkovCV object at 0x00000250F2A0E690>,7,Tree,3.837254628718824,1.82651268761303,1.9588911732709462
datasets/synthetic_data/s2.csv,237,<timecave.validation_methods.markov.MarkovCV object at 0x00000250F2A0E690>,7,ARMA,2.207773959206781,1.0444578361803674,1.4858579875636773
datasets/synthetic_data/s2.csv,237,<timecave.validation_methods.markov.MarkovCV object at 0x00000250F2A0E690>,8,Tree,3.8138274317857253,1.6676836311728847,1.9529023098418736
datasets/synthetic_data/s2.csv,237,<timecave.validation_methods.markov.MarkovCV object at 0x00000250F2A0E690>,8,ARMA,2.983693955549235,1.5300856485846153,1.7273372443009603
datasets/synthetic_data/s2.csv,237,<timecave.validation_methods.markov.MarkovCV object at 0x00000250F2A0E690>,9,Tree,4.733500478834014,1.8980741421020746,2.1756609291969218
datasets/synthetic_data/s2.csv,237,<timecave.validation_methods.markov.MarkovCV object at 0x00000250F2A0E690>,9,ARMA,1.7872549407915443,1.0703546428267736,1.3368825456230418
datasets/synthetic_data/s2.csv,238,<timecave.validation_methods.OOS.Holdout object at 0x00000250F2606D50>,0,Tree,2.989250885221717,1.4060885025500012,1.7289450208788355
datasets/synthetic_data/s2.csv,238,<timecave.validation_methods.OOS.Holdout object at 0x00000250F2606D50>,0,ARMA,2.1576179662561317,1.2377010582394017,1.4688832377885357
datasets/synthetic_data/s2.csv,238,<timecave.validation_methods.OOS.Repeated_Holdout object at 0x00000250F6A46B10>,0,Tree,2.344881481383393,1.1703521482777726,1.531300584922305
datasets/synthetic_data/s2.csv,238,<timecave.validation_methods.OOS.Repeated_Holdout object at 0x00000250F6A46B10>,0,ARMA,1.8838907084790582,1.1389081366552323,1.3725489821784351
datasets/synthetic_data/s2.csv,238,<timecave.validation_methods.OOS.Repeated_Holdout object at 0x00000250F6A46B10>,1,Tree,1.7187376383555162,1.1399814365555903,1.3110063456579897
datasets/synthetic_data/s2.csv,238,<timecave.validation_methods.OOS.Repeated_Holdout object at 0x00000250F6A46B10>,1,ARMA,1.950669062743107,1.177319100179381,1.396663546722369
datasets/synthetic_data/s2.csv,238,<timecave.validation_methods.OOS.Repeated_Holdout object at 0x00000250F6A46B10>,2,Tree,3.040860219617984,1.3832397046815834,1.7438062448615053
datasets/synthetic_data/s2.csv,238,<timecave.validation_methods.OOS.Repeated_Holdout object at 0x00000250F6A46B10>,2,ARMA,1.9059057954387115,1.1532536163409,1.3805454702539541
datasets/synthetic_data/s2.csv,238,<timecave.validation_methods.OOS.Repeated_Holdout object at 0x00000250F6A46B10>,3,Tree,2.536522806231431,1.3112475833598582,1.5926464787363928
datasets/synthetic_data/s2.csv,238,<timecave.validation_methods.OOS.Repeated_Holdout object at 0x00000250F6A46B10>,3,ARMA,2.1576179662561317,1.2377010582394017,1.4688832377885357
datasets/synthetic_data/s2.csv,238,<timecave.validation_methods.prequential.Growing_Window object at 0x00000250F6A47F80>,0,Tree,1.5135914155312375,1.0055470357937728,1.230281031119003
datasets/synthetic_data/s2.csv,238,<timecave.validation_methods.prequential.Growing_Window object at 0x00000250F6A47F80>,0,ARMA,1.151373621379547,0.8675059990916889,1.0730207926128676
datasets/synthetic_data/s2.csv,238,<timecave.validation_methods.prequential.Growing_Window object at 0x00000250F6A47F80>,1,Tree,2.439269012839322,1.0785780280138313,1.5618159343659297
datasets/synthetic_data/s2.csv,238,<timecave.validation_methods.prequential.Growing_Window object at 0x00000250F6A47F80>,1,ARMA,1.8145460230339512,1.0641752964865585,1.3470508613389292
datasets/synthetic_data/s2.csv,238,<timecave.validation_methods.prequential.Growing_Window object at 0x00000250F6A47F80>,2,Tree,3.6175244014861825,1.6010540350384848,1.9019790749338392
datasets/synthetic_data/s2.csv,238,<timecave.validation_methods.prequential.Growing_Window object at 0x00000250F6A47F80>,2,ARMA,3.2711393030411555,1.588164752250759,1.8086291225790752
datasets/synthetic_data/s2.csv,238,<timecave.validation_methods.prequential.Growing_Window object at 0x00000250F6A47F80>,3,Tree,2.2757346654534594,1.2039405767162417,1.5085538324678571
datasets/synthetic_data/s2.csv,238,<timecave.validation_methods.prequential.Growing_Window object at 0x00000250F6A47F80>,3,ARMA,1.9993259732605726,1.1952452374837061,1.4139752378526904
datasets/synthetic_data/s2.csv,238,<timecave.validation_methods.prequential.Growing_Window object at 0x00000250F6A45E50>,0,Tree,2.3949509929321344,1.237027485969753,1.5475629205082857
datasets/synthetic_data/s2.csv,238,<timecave.validation_methods.prequential.Growing_Window object at 0x00000250F6A45E50>,0,ARMA,1.8332455922254405,1.0601114108183562,1.353973999833616
datasets/synthetic_data/s2.csv,238,<timecave.validation_methods.prequential.Growing_Window object at 0x00000250F6A45E50>,1,Tree,3.717762182797021,1.5782736540930689,1.9281499378411995
datasets/synthetic_data/s2.csv,238,<timecave.validation_methods.prequential.Growing_Window object at 0x00000250F6A45E50>,1,ARMA,3.2821690529931518,1.5883023481092051,1.8116757582396337
datasets/synthetic_data/s2.csv,238,<timecave.validation_methods.prequential.Growing_Window object at 0x00000250F6A45E50>,2,Tree,2.421158491188796,1.1549961821947756,1.5560072272289727
datasets/synthetic_data/s2.csv,238,<timecave.validation_methods.prequential.Growing_Window object at 0x00000250F6A45E50>,2,ARMA,1.9305287627363845,1.1487280567392377,1.3894346917852543
datasets/synthetic_data/s2.csv,238,<timecave.validation_methods.prequential.Rolling_Window object at 0x00000250F6A44380>,0,Tree,1.7689323164582538,1.095697309256998,1.3300121489889685
datasets/synthetic_data/s2.csv,238,<timecave.validation_methods.prequential.Rolling_Window object at 0x00000250F6A44380>,0,ARMA,1.151373621379547,0.8675059990916889,1.0730207926128676
datasets/synthetic_data/s2.csv,238,<timecave.validation_methods.prequential.Rolling_Window object at 0x00000250F6A44380>,1,Tree,2.317699157900492,1.255885711341058,1.52239914539535
datasets/synthetic_data/s2.csv,238,<timecave.validation_methods.prequential.Rolling_Window object at 0x00000250F6A44380>,1,ARMA,1.9713559290368672,1.1107612014228136,1.4040498313937675
datasets/synthetic_data/s2.csv,238,<timecave.validation_methods.prequential.Rolling_Window object at 0x00000250F6A44380>,2,Tree,4.181776534312958,1.6218164147745815,2.0449392495409144
datasets/synthetic_data/s2.csv,238,<timecave.validation_methods.prequential.Rolling_Window object at 0x00000250F6A44380>,2,ARMA,3.4310393523599116,1.6306876064192513,1.8523064952539339
datasets/synthetic_data/s2.csv,238,<timecave.validation_methods.prequential.Rolling_Window object at 0x00000250F6A44380>,3,Tree,4.0802920898931605,1.647852936611946,2.019973289400917
datasets/synthetic_data/s2.csv,238,<timecave.validation_methods.prequential.Rolling_Window object at 0x00000250F6A44380>,3,ARMA,1.979107170364553,1.1871102606574726,1.4068074389782537
datasets/synthetic_data/s2.csv,238,<timecave.validation_methods.prequential.Rolling_Window object at 0x00000250F6A47470>,0,Tree,3.245034850638533,1.4319426573458562,1.801398026711069
datasets/synthetic_data/s2.csv,238,<timecave.validation_methods.prequential.Rolling_Window object at 0x00000250F6A47470>,0,ARMA,1.8332455922254405,1.0601114108183562,1.353973999833616
datasets/synthetic_data/s2.csv,238,<timecave.validation_methods.prequential.Rolling_Window object at 0x00000250F6A47470>,1,Tree,4.416099946307043,1.8439259659067213,2.101451866283652
datasets/synthetic_data/s2.csv,238,<timecave.validation_methods.prequential.Rolling_Window object at 0x00000250F6A47470>,1,ARMA,3.4496904448626697,1.5905982365770175,1.8573342307895662
datasets/synthetic_data/s2.csv,238,<timecave.validation_methods.prequential.Rolling_Window object at 0x00000250F6A47470>,2,Tree,2.057287399495572,1.1803752330917026,1.4343247189864545
datasets/synthetic_data/s2.csv,238,<timecave.validation_methods.prequential.Rolling_Window object at 0x00000250F6A47470>,2,ARMA,1.968631194797965,1.1659671872503825,1.403079183367056
datasets/synthetic_data/s2.csv,238,<timecave.validation_methods.CV.Block_CV object at 0x00000250F6A460F0>,0,Tree,2.6165700793056055,1.3079120927296264,1.617581552598077
datasets/synthetic_data/s2.csv,238,<timecave.validation_methods.CV.Block_CV object at 0x00000250F6A460F0>,0,ARMA,1.254026346626088,0.833382454583993,1.1198331780341606
datasets/synthetic_data/s2.csv,238,<timecave.validation_methods.CV.Block_CV object at 0x00000250F6A460F0>,1,Tree,3.128809216122112,1.3060860053040702,1.7688440338599987
datasets/synthetic_data/s2.csv,238,<timecave.validation_methods.CV.Block_CV object at 0x00000250F6A460F0>,1,ARMA,1.2041528421246956,0.8529142786760366,1.0973389823225528
datasets/synthetic_data/s2.csv,238,<timecave.validation_methods.CV.Block_CV object at 0x00000250F6A460F0>,2,Tree,2.5172488358640845,1.1390677655055126,1.5865840147512154
datasets/synthetic_data/s2.csv,238,<timecave.validation_methods.CV.Block_CV object at 0x00000250F6A460F0>,2,ARMA,1.7758180579483125,1.0462525813417163,1.3325982357591175
datasets/synthetic_data/s2.csv,238,<timecave.validation_methods.CV.Block_CV object at 0x00000250F6A460F0>,3,Tree,2.823405227783216,1.389546361282096,1.6802991483016398
datasets/synthetic_data/s2.csv,238,<timecave.validation_methods.CV.Block_CV object at 0x00000250F6A460F0>,3,ARMA,3.4352842545524735,1.619175089969252,1.853451983341482
datasets/synthetic_data/s2.csv,238,<timecave.validation_methods.CV.Block_CV object at 0x00000250F6A460F0>,4,Tree,2.577698479284819,1.3280169288486414,1.6055212484688015
datasets/synthetic_data/s2.csv,238,<timecave.validation_methods.CV.Block_CV object at 0x00000250F6A460F0>,4,ARMA,1.9993259732605726,1.1952452374837061,1.4139752378526904
datasets/synthetic_data/s2.csv,238,<timecave.validation_methods.CV.AdaptedhvBlockCV object at 0x00000250F6A442C0>,0,Tree,1.9971064627744146,1.113875589266384,1.4131901721900044
datasets/synthetic_data/s2.csv,238,<timecave.validation_methods.CV.AdaptedhvBlockCV object at 0x00000250F6A442C0>,0,ARMA,1.2557924795032225,0.8344242312600694,1.1206214702133912
datasets/synthetic_data/s2.csv,238,<timecave.validation_methods.CV.AdaptedhvBlockCV object at 0x00000250F6A442C0>,1,Tree,2.584608787710602,1.1900918796461668,1.607671853243255
datasets/synthetic_data/s2.csv,238,<timecave.validation_methods.CV.AdaptedhvBlockCV object at 0x00000250F6A442C0>,1,ARMA,1.19557966905715,0.8487847581849466,1.093425657764235
datasets/synthetic_data/s2.csv,238,<timecave.validation_methods.CV.AdaptedhvBlockCV object at 0x00000250F6A442C0>,2,Tree,1.7844775766260226,1.045944730305818,1.3358433952473705
datasets/synthetic_data/s2.csv,238,<timecave.validation_methods.CV.AdaptedhvBlockCV object at 0x00000250F6A442C0>,2,ARMA,1.7595192245310853,1.038912082408065,1.3264687046934374
datasets/synthetic_data/s2.csv,238,<timecave.validation_methods.CV.AdaptedhvBlockCV object at 0x00000250F6A442C0>,3,Tree,2.895570030070912,1.3827927487047897,1.7016374555324387
datasets/synthetic_data/s2.csv,238,<timecave.validation_methods.CV.AdaptedhvBlockCV object at 0x00000250F6A442C0>,3,ARMA,3.4579245181745026,1.6256917639968798,1.8595495471147045
datasets/synthetic_data/s2.csv,238,<timecave.validation_methods.CV.AdaptedhvBlockCV object at 0x00000250F6A442C0>,4,Tree,1.8208891084955043,1.1929680421413789,1.3494032416203483
datasets/synthetic_data/s2.csv,238,<timecave.validation_methods.CV.AdaptedhvBlockCV object at 0x00000250F6A442C0>,4,ARMA,2.003296339464348,1.1866867446292177,1.4153785145551518
datasets/synthetic_data/s2.csv,238,<timecave.validation_methods.markov.MarkovCV object at 0x00000250F6A45850>,0,Tree,8.257746842105602,2.5918107772519674,2.8736295589559906
datasets/synthetic_data/s2.csv,238,<timecave.validation_methods.markov.MarkovCV object at 0x00000250F6A45850>,0,ARMA,1.6907807652667806,1.0814929255498746,1.3003002596580455
datasets/synthetic_data/s2.csv,238,<timecave.validation_methods.markov.MarkovCV object at 0x00000250F6A45850>,1,Tree,3.279045430717597,1.449138591130032,1.8108134720941296
datasets/synthetic_data/s2.csv,238,<timecave.validation_methods.markov.MarkovCV object at 0x00000250F6A45850>,1,ARMA,2.647391524612973,1.2601059976960611,1.6270806755084313
datasets/synthetic_data/s2.csv,238,<timecave.validation_methods.markov.MarkovCV object at 0x00000250F6A45850>,2,Tree,3.393515976687839,1.6024035577654574,1.8421498247123764
datasets/synthetic_data/s2.csv,238,<timecave.validation_methods.markov.MarkovCV object at 0x00000250F6A45850>,2,ARMA,2.462754815673573,1.273425069782904,1.5693166715719211
datasets/synthetic_data/s2.csv,238,<timecave.validation_methods.markov.MarkovCV object at 0x00000250F6A45850>,3,Tree,7.187101237608118,2.2621570189271387,2.680876953089813
datasets/synthetic_data/s2.csv,238,<timecave.validation_methods.markov.MarkovCV object at 0x00000250F6A45850>,3,ARMA,3.111690763029535,1.5237850499969687,1.7639985155973161
datasets/synthetic_data/s2.csv,238,<timecave.validation_methods.markov.MarkovCV object at 0x00000250F6A45850>,4,Tree,5.099675984106403,2.0168038356813267,2.2582462186631473
datasets/synthetic_data/s2.csv,238,<timecave.validation_methods.markov.MarkovCV object at 0x00000250F6A45850>,4,ARMA,3.020520141181416,1.325432368222347,1.7379643670632077
datasets/synthetic_data/s2.csv,238,<timecave.validation_methods.markov.MarkovCV object at 0x00000250F6A45850>,5,Tree,7.9253251081373355,2.2130285673564107,2.815195394308774
datasets/synthetic_data/s2.csv,238,<timecave.validation_methods.markov.MarkovCV object at 0x00000250F6A45850>,5,ARMA,3.120560086736084,1.4044727483111261,1.7665107094880812
datasets/synthetic_data/s2.csv,238,<timecave.validation_methods.markov.MarkovCV object at 0x00000250F6A45850>,6,Tree,8.73572467353727,2.8046086742915395,2.9556259359968524
datasets/synthetic_data/s2.csv,238,<timecave.validation_methods.markov.MarkovCV object at 0x00000250F6A45850>,6,ARMA,3.053170047830623,1.4372245333131932,1.7473322660074195
datasets/synthetic_data/s2.csv,238,<timecave.validation_methods.markov.MarkovCV object at 0x00000250F6A45850>,7,Tree,5.312182983630302,1.9605684299606203,2.3048173427910292
datasets/synthetic_data/s2.csv,238,<timecave.validation_methods.markov.MarkovCV object at 0x00000250F6A45850>,7,ARMA,3.4238730373345168,1.5695850041211679,1.8503710539603988
datasets/synthetic_data/s2.csv,238,<timecave.validation_methods.markov.MarkovCV object at 0x00000250F6A45850>,8,Tree,3.9067429930809996,1.752686613971099,1.976548252150956
datasets/synthetic_data/s2.csv,238,<timecave.validation_methods.markov.MarkovCV object at 0x00000250F6A45850>,8,ARMA,1.7691296805024395,1.0826039863630315,1.330086343250858
datasets/synthetic_data/s2.csv,238,<timecave.validation_methods.markov.MarkovCV object at 0x00000250F6A45850>,9,Tree,3.3164313496622597,1.6275815880264892,1.8211071768740739
datasets/synthetic_data/s2.csv,238,<timecave.validation_methods.markov.MarkovCV object at 0x00000250F6A45850>,9,ARMA,1.6200731110422517,1.0444159276594793,1.2728209265416135
datasets/synthetic_data/s2.csv,239,<timecave.validation_methods.OOS.Holdout object at 0x00000250F2631340>,0,Tree,3.1295037766150324,1.4398404648232863,1.7690403547163736
datasets/synthetic_data/s2.csv,239,<timecave.validation_methods.OOS.Holdout object at 0x00000250F2631340>,0,ARMA,2.25569869620154,1.2382122220388354,1.5018983641383794
datasets/synthetic_data/s2.csv,239,<timecave.validation_methods.OOS.Repeated_Holdout object at 0x00000250F6A45430>,0,Tree,3.015034683431655,1.3836433740816023,1.7363855226969773
datasets/synthetic_data/s2.csv,239,<timecave.validation_methods.OOS.Repeated_Holdout object at 0x00000250F6A45430>,0,ARMA,2.340367006224719,1.2395947793624071,1.5298258091118475
datasets/synthetic_data/s2.csv,239,<timecave.validation_methods.OOS.Repeated_Holdout object at 0x00000250F6A45430>,1,Tree,3.1322994257971124,1.367310782905571,1.7698303381389733
datasets/synthetic_data/s2.csv,239,<timecave.validation_methods.OOS.Repeated_Holdout object at 0x00000250F6A45430>,1,ARMA,2.2379542520994873,1.1940850018127187,1.4959793621903636
datasets/synthetic_data/s2.csv,239,<timecave.validation_methods.OOS.Repeated_Holdout object at 0x00000250F6A45430>,2,Tree,2.7665433801482893,1.4141483676352014,1.6632929327536654
datasets/synthetic_data/s2.csv,239,<timecave.validation_methods.OOS.Repeated_Holdout object at 0x00000250F6A45430>,2,ARMA,2.4052715214923808,1.2660318258705368,1.5508937814990365
datasets/synthetic_data/s2.csv,239,<timecave.validation_methods.OOS.Repeated_Holdout object at 0x00000250F6A45430>,3,Tree,2.819878500818155,1.4014000674405915,1.6792493861300515
datasets/synthetic_data/s2.csv,239,<timecave.validation_methods.OOS.Repeated_Holdout object at 0x00000250F6A45430>,3,ARMA,2.25569869620154,1.2382122220388354,1.5018983641383794
datasets/synthetic_data/s2.csv,239,<timecave.validation_methods.prequential.Growing_Window object at 0x00000250F6A476E0>,0,Tree,2.508365625470318,1.362341997468742,1.5837820637544542
datasets/synthetic_data/s2.csv,239,<timecave.validation_methods.prequential.Growing_Window object at 0x00000250F6A476E0>,0,ARMA,1.8665271899407794,1.1525820119090278,1.366209057919314
datasets/synthetic_data/s2.csv,239,<timecave.validation_methods.prequential.Growing_Window object at 0x00000250F6A476E0>,1,Tree,2.9313335439821167,1.3534564756075715,1.7121137649064435
datasets/synthetic_data/s2.csv,239,<timecave.validation_methods.prequential.Growing_Window object at 0x00000250F6A476E0>,1,ARMA,1.2214215405238398,0.9035697275503691,1.1051794155357038
datasets/synthetic_data/s2.csv,239,<timecave.validation_methods.prequential.Growing_Window object at 0x00000250F6A476E0>,2,Tree,1.81772164036704,1.1464108412129594,1.3482290756273727
datasets/synthetic_data/s2.csv,239,<timecave.validation_methods.prequential.Growing_Window object at 0x00000250F6A476E0>,2,ARMA,1.7132626183595188,1.0862036056470328,1.3089165818949344
datasets/synthetic_data/s2.csv,239,<timecave.validation_methods.prequential.Growing_Window object at 0x00000250F6A476E0>,3,Tree,3.251537247977408,1.3941317440517353,1.803201943204756
datasets/synthetic_data/s2.csv,239,<timecave.validation_methods.prequential.Growing_Window object at 0x00000250F6A476E0>,3,ARMA,2.1667512410250187,1.1372246166573357,1.4719888725887227
datasets/synthetic_data/s2.csv,239,<timecave.validation_methods.prequential.Growing_Window object at 0x00000250F6A46C30>,0,Tree,2.355944905061342,1.1731757518124102,1.5349087611520569
datasets/synthetic_data/s2.csv,239,<timecave.validation_methods.prequential.Growing_Window object at 0x00000250F6A46C30>,0,ARMA,1.496731479706732,1.022895747270423,1.2234097758750875
datasets/synthetic_data/s2.csv,239,<timecave.validation_methods.prequential.Growing_Window object at 0x00000250F6A46C30>,1,Tree,2.662591898410387,1.3222296185775586,1.6317450470004151
datasets/synthetic_data/s2.csv,239,<timecave.validation_methods.prequential.Growing_Window object at 0x00000250F6A46C30>,1,ARMA,1.7539481534203316,1.095013403922933,1.3243670765389526
datasets/synthetic_data/s2.csv,239,<timecave.validation_methods.prequential.Growing_Window object at 0x00000250F6A46C30>,2,Tree,3.370274657604042,1.5090142914091988,1.8358307813096615
datasets/synthetic_data/s2.csv,239,<timecave.validation_methods.prequential.Growing_Window object at 0x00000250F6A46C30>,2,ARMA,2.25749464795847,1.1744942426127982,1.5024961390827165
datasets/synthetic_data/s2.csv,239,<timecave.validation_methods.prequential.Rolling_Window object at 0x00000250F6A47260>,0,Tree,2.0459628391108047,1.2046008560494594,1.4303715737915113
datasets/synthetic_data/s2.csv,239,<timecave.validation_methods.prequential.Rolling_Window object at 0x00000250F6A47260>,0,ARMA,1.8665271899407794,1.1525820119090278,1.366209057919314
datasets/synthetic_data/s2.csv,239,<timecave.validation_methods.prequential.Rolling_Window object at 0x00000250F6A47260>,1,Tree,3.3879795178870746,1.388547210887339,1.8406464945467054
datasets/synthetic_data/s2.csv,239,<timecave.validation_methods.prequential.Rolling_Window object at 0x00000250F6A47260>,1,ARMA,1.1380349868919715,0.8670376866538367,1.0667872266258025
datasets/synthetic_data/s2.csv,239,<timecave.validation_methods.prequential.Rolling_Window object at 0x00000250F6A47260>,2,Tree,2.6043350931811386,1.3068205700731146,1.6137952451228559
datasets/synthetic_data/s2.csv,239,<timecave.validation_methods.prequential.Rolling_Window object at 0x00000250F6A47260>,2,ARMA,1.8644974779578138,1.1606254829585434,1.3654660295876326
datasets/synthetic_data/s2.csv,239,<timecave.validation_methods.prequential.Rolling_Window object at 0x00000250F6A47260>,3,Tree,3.71854819109055,1.5562474476236328,1.9283537515431524
datasets/synthetic_data/s2.csv,239,<timecave.validation_methods.prequential.Rolling_Window object at 0x00000250F6A47260>,3,ARMA,2.1745074604366494,1.125400587317078,1.4746211243694596
datasets/synthetic_data/s2.csv,239,<timecave.validation_methods.prequential.Rolling_Window object at 0x00000250F6A46BA0>,0,Tree,2.054522653162517,1.1134399219890572,1.4333606151846494
datasets/synthetic_data/s2.csv,239,<timecave.validation_methods.prequential.Rolling_Window object at 0x00000250F6A46BA0>,0,ARMA,1.496731479706732,1.022895747270423,1.2234097758750875
datasets/synthetic_data/s2.csv,239,<timecave.validation_methods.prequential.Rolling_Window object at 0x00000250F6A46BA0>,1,Tree,3.2644731077746774,1.5510147881447642,1.8067852965348918
datasets/synthetic_data/s2.csv,239,<timecave.validation_methods.prequential.Rolling_Window object at 0x00000250F6A46BA0>,1,ARMA,1.6800411168913516,1.0788409493591677,1.2961640007697142
datasets/synthetic_data/s2.csv,239,<timecave.validation_methods.prequential.Rolling_Window object at 0x00000250F6A46BA0>,2,Tree,2.8380716410589457,1.3176229626561613,1.684657722226965
datasets/synthetic_data/s2.csv,239,<timecave.validation_methods.prequential.Rolling_Window object at 0x00000250F6A46BA0>,2,ARMA,2.254005389394804,1.0914234696210712,1.5013345361360353
datasets/synthetic_data/s2.csv,239,<timecave.validation_methods.CV.Block_CV object at 0x00000250F6A47E90>,0,Tree,2.935797547556149,1.3775609682412833,1.7134169216965698
datasets/synthetic_data/s2.csv,239,<timecave.validation_methods.CV.Block_CV object at 0x00000250F6A47E90>,0,ARMA,2.4323897373215853,1.33080085395891,1.5596120470558008
datasets/synthetic_data/s2.csv,239,<timecave.validation_methods.CV.Block_CV object at 0x00000250F6A47E90>,1,Tree,3.422319808286716,1.4657484502877014,1.849951298895924
datasets/synthetic_data/s2.csv,239,<timecave.validation_methods.CV.Block_CV object at 0x00000250F6A47E90>,1,ARMA,1.831028595207116,1.1154125548853315,1.3531550521677536
datasets/synthetic_data/s2.csv,239,<timecave.validation_methods.CV.Block_CV object at 0x00000250F6A47E90>,2,Tree,2.065118862824034,1.2036226257216043,1.4370521433907797
datasets/synthetic_data/s2.csv,239,<timecave.validation_methods.CV.Block_CV object at 0x00000250F6A47E90>,2,ARMA,1.457868932178438,0.9962385967239932,1.2074224331933037
datasets/synthetic_data/s2.csv,239,<timecave.validation_methods.CV.Block_CV object at 0x00000250F6A47E90>,3,Tree,2.3496543734969118,1.3009741229050458,1.532858236594928
datasets/synthetic_data/s2.csv,239,<timecave.validation_methods.CV.Block_CV object at 0x00000250F6A47E90>,3,ARMA,2.243462245357463,1.1954631328769627,1.49781916310263
datasets/synthetic_data/s2.csv,239,<timecave.validation_methods.CV.Block_CV object at 0x00000250F6A47E90>,4,Tree,3.279363296817098,1.4423411525287568,1.8109012388358174
datasets/synthetic_data/s2.csv,239,<timecave.validation_methods.CV.Block_CV object at 0x00000250F6A47E90>,4,ARMA,2.1667512410250187,1.1372246166573357,1.4719888725887227
datasets/synthetic_data/s2.csv,239,<timecave.validation_methods.CV.AdaptedhvBlockCV object at 0x00000250F6A46AB0>,0,Tree,2.9132670274841055,1.3947421066608394,1.706829525021203
datasets/synthetic_data/s2.csv,239,<timecave.validation_methods.CV.AdaptedhvBlockCV object at 0x00000250F6A46AB0>,0,ARMA,2.4217252359635357,1.3283816730653417,1.5561893316571527
datasets/synthetic_data/s2.csv,239,<timecave.validation_methods.CV.AdaptedhvBlockCV object at 0x00000250F6A46AB0>,1,Tree,3.2423062228835713,1.3953926676530215,1.8006405035107844
datasets/synthetic_data/s2.csv,239,<timecave.validation_methods.CV.AdaptedhvBlockCV object at 0x00000250F6A46AB0>,1,ARMA,1.8313110212585095,1.103551179394205,1.353259406491789
datasets/synthetic_data/s2.csv,239,<timecave.validation_methods.CV.AdaptedhvBlockCV object at 0x00000250F6A46AB0>,2,Tree,1.9905935184883778,1.1485929723477015,1.4108839493340257
datasets/synthetic_data/s2.csv,239,<timecave.validation_methods.CV.AdaptedhvBlockCV object at 0x00000250F6A46AB0>,2,ARMA,1.4157176119774912,0.9850241632268695,1.189839321915985
datasets/synthetic_data/s2.csv,239,<timecave.validation_methods.CV.AdaptedhvBlockCV object at 0x00000250F6A46AB0>,3,Tree,3.383295517637087,1.3595353227583,1.8393736753680823
datasets/synthetic_data/s2.csv,239,<timecave.validation_methods.CV.AdaptedhvBlockCV object at 0x00000250F6A46AB0>,3,ARMA,2.290026239666749,1.2082966378841795,1.513283264847249
datasets/synthetic_data/s2.csv,239,<timecave.validation_methods.CV.AdaptedhvBlockCV object at 0x00000250F6A46AB0>,4,Tree,2.981496670793276,1.398069737658436,1.7267010948028254
datasets/synthetic_data/s2.csv,239,<timecave.validation_methods.CV.AdaptedhvBlockCV object at 0x00000250F6A46AB0>,4,ARMA,2.207688260439586,1.1668641759853768,1.4858291491418474
datasets/synthetic_data/s2.csv,239,<timecave.validation_methods.markov.MarkovCV object at 0x00000250F6A463C0>,0,Tree,2.6687656638403774,1.3703732492911085,1.6336357194431008
datasets/synthetic_data/s2.csv,239,<timecave.validation_methods.markov.MarkovCV object at 0x00000250F6A463C0>,0,ARMA,2.833732594883557,1.2881816145178895,1.6833694172354317
datasets/synthetic_data/s2.csv,239,<timecave.validation_methods.markov.MarkovCV object at 0x00000250F6A463C0>,1,Tree,1.226134145733126,0.9797277595747966,1.1073094173414793
datasets/synthetic_data/s2.csv,239,<timecave.validation_methods.markov.MarkovCV object at 0x00000250F6A463C0>,1,ARMA,1.6756421502212826,1.1027598250472725,1.2944659710557411
datasets/synthetic_data/s2.csv,239,<timecave.validation_methods.markov.MarkovCV object at 0x00000250F6A463C0>,2,Tree,6.199960714390758,2.0657543457661247,2.489972030845077
datasets/synthetic_data/s2.csv,239,<timecave.validation_methods.markov.MarkovCV object at 0x00000250F6A463C0>,2,ARMA,1.5415216213377265,0.9816914159469154,1.241580291941575
datasets/synthetic_data/s2.csv,239,<timecave.validation_methods.markov.MarkovCV object at 0x00000250F6A463C0>,3,Tree,3.0699712349842683,1.375376161247192,1.7521333382434878
datasets/synthetic_data/s2.csv,239,<timecave.validation_methods.markov.MarkovCV object at 0x00000250F6A463C0>,3,ARMA,2.377159538418686,1.2621666588172147,1.5418039883262353
datasets/synthetic_data/s2.csv,239,<timecave.validation_methods.markov.MarkovCV object at 0x00000250F6A463C0>,4,Tree,5.057351462804498,1.757455111060256,2.2488555895842888
datasets/synthetic_data/s2.csv,239,<timecave.validation_methods.markov.MarkovCV object at 0x00000250F6A463C0>,4,ARMA,2.925309165555734,1.3841956315283612,1.7103535206371032
datasets/synthetic_data/s2.csv,239,<timecave.validation_methods.markov.MarkovCV object at 0x00000250F6A463C0>,5,Tree,5.581333180452912,1.9985069142278966,2.3624845354949757
datasets/synthetic_data/s2.csv,239,<timecave.validation_methods.markov.MarkovCV object at 0x00000250F6A463C0>,5,ARMA,4.206762632262166,1.7865381651361436,2.0510394029033585
datasets/synthetic_data/s2.csv,239,<timecave.validation_methods.markov.MarkovCV object at 0x00000250F6A463C0>,6,Tree,1.739596946585376,0.915034832287425,1.3189378099764129
datasets/synthetic_data/s2.csv,239,<timecave.validation_methods.markov.MarkovCV object at 0x00000250F6A463C0>,6,ARMA,0.7469311283893603,0.7099645381281017,0.8642517737264762
datasets/synthetic_data/s2.csv,239,<timecave.validation_methods.markov.MarkovCV object at 0x00000250F6A463C0>,7,Tree,1.5388858546663244,1.0533493345960074,1.240518381430249
datasets/synthetic_data/s2.csv,239,<timecave.validation_methods.markov.MarkovCV object at 0x00000250F6A463C0>,7,ARMA,1.8036235818527477,1.0568889735789264,1.3429905367696184
datasets/synthetic_data/s2.csv,239,<timecave.validation_methods.markov.MarkovCV object at 0x00000250F6A463C0>,8,Tree,5.880813435575396,2.0953340329565595,2.425038852384719
datasets/synthetic_data/s2.csv,239,<timecave.validation_methods.markov.MarkovCV object at 0x00000250F6A463C0>,8,ARMA,3.036282638058432,1.4275097028637544,1.7424932246807825
datasets/synthetic_data/s2.csv,239,<timecave.validation_methods.markov.MarkovCV object at 0x00000250F6A463C0>,9,Tree,7.677721292211964,2.452572767839381,2.770870132686114
datasets/synthetic_data/s2.csv,239,<timecave.validation_methods.markov.MarkovCV object at 0x00000250F6A463C0>,9,ARMA,1.977519296811424,1.1021362535489292,1.4062429721820564
datasets/synthetic_data/s2.csv,240,<timecave.validation_methods.OOS.Holdout object at 0x00000250F6A477A0>,0,Tree,1.4154191617205198,0.9339364745868366,1.1897138991036962
datasets/synthetic_data/s2.csv,240,<timecave.validation_methods.OOS.Holdout object at 0x00000250F6A477A0>,0,ARMA,1.454504668445577,0.9970578165542424,1.2060284691687742
datasets/synthetic_data/s2.csv,240,<timecave.validation_methods.OOS.Repeated_Holdout object at 0x00000250F6A47710>,0,Tree,2.3478353393734377,1.1903094540636487,1.532264774565231
datasets/synthetic_data/s2.csv,240,<timecave.validation_methods.OOS.Repeated_Holdout object at 0x00000250F6A47710>,0,ARMA,1.6154574748700594,1.0843487339318492,1.2710064810495891
datasets/synthetic_data/s2.csv,240,<timecave.validation_methods.OOS.Repeated_Holdout object at 0x00000250F6A47710>,1,Tree,2.217847724900976,1.1619414991720138,1.4892440112019842
datasets/synthetic_data/s2.csv,240,<timecave.validation_methods.OOS.Repeated_Holdout object at 0x00000250F6A47710>,1,ARMA,1.624031174484092,1.0709685765658266,1.274374817109979
datasets/synthetic_data/s2.csv,240,<timecave.validation_methods.OOS.Repeated_Holdout object at 0x00000250F6A47710>,2,Tree,2.4262581380498407,1.1983008120309797,1.557645061639474
datasets/synthetic_data/s2.csv,240,<timecave.validation_methods.OOS.Repeated_Holdout object at 0x00000250F6A47710>,2,ARMA,1.4567616843887463,1.0080126891353052,1.2069638289479707
datasets/synthetic_data/s2.csv,240,<timecave.validation_methods.OOS.Repeated_Holdout object at 0x00000250F6A47710>,3,Tree,1.6428477475315089,1.024639656165271,1.2817362238508783
datasets/synthetic_data/s2.csv,240,<timecave.validation_methods.OOS.Repeated_Holdout object at 0x00000250F6A47710>,3,ARMA,1.454504668445577,0.9970578165542424,1.2060284691687742
datasets/synthetic_data/s2.csv,240,<timecave.validation_methods.prequential.Growing_Window object at 0x00000250F6A46810>,0,Tree,3.6483042114191666,1.619846443561193,1.910053457738596
datasets/synthetic_data/s2.csv,240,<timecave.validation_methods.prequential.Growing_Window object at 0x00000250F6A46810>,0,ARMA,1.7956595628782068,1.070270149309821,1.3400222247702487
datasets/synthetic_data/s2.csv,240,<timecave.validation_methods.prequential.Growing_Window object at 0x00000250F6A46810>,1,Tree,4.279755960175005,1.7510381890283737,2.0687571051660476
datasets/synthetic_data/s2.csv,240,<timecave.validation_methods.prequential.Growing_Window object at 0x00000250F6A46810>,1,ARMA,2.3909445945489782,1.2507846672040739,1.5462679569042936
datasets/synthetic_data/s2.csv,240,<timecave.validation_methods.prequential.Growing_Window object at 0x00000250F6A46810>,2,Tree,2.485340973201137,1.228236750506889,1.576496423466015
datasets/synthetic_data/s2.csv,240,<timecave.validation_methods.prequential.Growing_Window object at 0x00000250F6A46810>,2,ARMA,1.8389864432004186,1.077334572558441,1.3560923431685685
datasets/synthetic_data/s2.csv,240,<timecave.validation_methods.prequential.Growing_Window object at 0x00000250F6A46810>,3,Tree,2.4069522051287375,1.225507497515534,1.551435530445509
datasets/synthetic_data/s2.csv,240,<timecave.validation_methods.prequential.Growing_Window object at 0x00000250F6A46810>,3,ARMA,1.6490240298269305,1.0693877346583198,1.2841433057984342
datasets/synthetic_data/s2.csv,240,<timecave.validation_methods.prequential.Growing_Window object at 0x00000250F6A45D60>,0,Tree,4.726252325532234,1.8452141309570935,2.1739945550833917
datasets/synthetic_data/s2.csv,240,<timecave.validation_methods.prequential.Growing_Window object at 0x00000250F6A45D60>,0,ARMA,2.6229657802963557,1.3722218970184668,1.6195572791032602
datasets/synthetic_data/s2.csv,240,<timecave.validation_methods.prequential.Growing_Window object at 0x00000250F6A45D60>,1,Tree,1.96928186453771,1.1921571852835495,1.4033110362773145
datasets/synthetic_data/s2.csv,240,<timecave.validation_methods.prequential.Growing_Window object at 0x00000250F6A45D60>,1,ARMA,1.8266048572187588,1.0790124787924846,1.3515194623899276
datasets/synthetic_data/s2.csv,240,<timecave.validation_methods.prequential.Growing_Window object at 0x00000250F6A45D60>,2,Tree,1.9713119801463121,1.107153614578036,1.4040341805477217
datasets/synthetic_data/s2.csv,240,<timecave.validation_methods.prequential.Growing_Window object at 0x00000250F6A45D60>,2,ARMA,1.694561610131965,1.098648971008672,1.301753283127016
datasets/synthetic_data/s2.csv,240,<timecave.validation_methods.prequential.Rolling_Window object at 0x00000250F6A446E0>,0,Tree,3.527709137068971,1.5380048830906523,1.8782196722079585
datasets/synthetic_data/s2.csv,240,<timecave.validation_methods.prequential.Rolling_Window object at 0x00000250F6A446E0>,0,ARMA,1.7956595628782068,1.070270149309821,1.3400222247702487
datasets/synthetic_data/s2.csv,240,<timecave.validation_methods.prequential.Rolling_Window object at 0x00000250F6A446E0>,1,Tree,2.5797080073007326,1.1924779688808342,1.6061469444919205
datasets/synthetic_data/s2.csv,240,<timecave.validation_methods.prequential.Rolling_Window object at 0x00000250F6A446E0>,1,ARMA,2.452975699470745,1.2651667314989974,1.5661978481247971
datasets/synthetic_data/s2.csv,240,<timecave.validation_methods.prequential.Rolling_Window object at 0x00000250F6A446E0>,2,Tree,2.965017816155398,1.3046840763859915,1.7219227091119387
datasets/synthetic_data/s2.csv,240,<timecave.validation_methods.prequential.Rolling_Window object at 0x00000250F6A446E0>,2,ARMA,1.8987032435604407,1.0808871749783842,1.3779344119225851
datasets/synthetic_data/s2.csv,240,<timecave.validation_methods.prequential.Rolling_Window object at 0x00000250F6A446E0>,3,Tree,2.1548291384105718,1.2971356213324083,1.467933628748443
datasets/synthetic_data/s2.csv,240,<timecave.validation_methods.prequential.Rolling_Window object at 0x00000250F6A446E0>,3,ARMA,1.8106346276675116,1.1203422069437696,1.34559824155188
datasets/synthetic_data/s2.csv,240,<timecave.validation_methods.prequential.Rolling_Window object at 0x00000250F6A46AE0>,0,Tree,4.836608663555244,1.8714027244416276,2.1992291066542484
datasets/synthetic_data/s2.csv,240,<timecave.validation_methods.prequential.Rolling_Window object at 0x00000250F6A46AE0>,0,ARMA,2.6229657802963557,1.3722218970184668,1.6195572791032602
datasets/synthetic_data/s2.csv,240,<timecave.validation_methods.prequential.Rolling_Window object at 0x00000250F6A46AE0>,1,Tree,2.311021266849611,1.211116279527872,1.5202043503587308
datasets/synthetic_data/s2.csv,240,<timecave.validation_methods.prequential.Rolling_Window object at 0x00000250F6A46AE0>,1,ARMA,1.8691818461997896,1.0702781644804624,1.3671802537338629
datasets/synthetic_data/s2.csv,240,<timecave.validation_methods.prequential.Rolling_Window object at 0x00000250F6A46AE0>,2,Tree,4.256139548057966,1.7407622130027833,2.06304133454906
datasets/synthetic_data/s2.csv,240,<timecave.validation_methods.prequential.Rolling_Window object at 0x00000250F6A46AE0>,2,ARMA,1.7327806807286574,1.1241135831883746,1.3163512755828732
datasets/synthetic_data/s2.csv,240,<timecave.validation_methods.CV.Block_CV object at 0x00000250F29F53A0>,0,Tree,1.8128089544456818,1.130366947596337,1.3464059396948909
datasets/synthetic_data/s2.csv,240,<timecave.validation_methods.CV.Block_CV object at 0x00000250F29F53A0>,0,ARMA,2.7058168180911935,1.3812653510671966,1.6449367216070025
datasets/synthetic_data/s2.csv,240,<timecave.validation_methods.CV.Block_CV object at 0x00000250F29F53A0>,1,Tree,2.453991141338187,1.2779569131046473,1.5665219887822153
datasets/synthetic_data/s2.csv,240,<timecave.validation_methods.CV.Block_CV object at 0x00000250F29F53A0>,1,ARMA,1.9343416755081524,1.1027176710382478,1.390806124342337
datasets/synthetic_data/s2.csv,240,<timecave.validation_methods.CV.Block_CV object at 0x00000250F29F53A0>,2,Tree,3.5129572948720362,1.5032861724865085,1.8742884769618673
datasets/synthetic_data/s2.csv,240,<timecave.validation_methods.CV.Block_CV object at 0x00000250F29F53A0>,2,ARMA,2.4201401107530445,1.2720354157944014,1.5556799512602342
datasets/synthetic_data/s2.csv,240,<timecave.validation_methods.CV.Block_CV object at 0x00000250F29F53A0>,3,Tree,1.6781780059507359,1.0488333482718102,1.2954450995510136
datasets/synthetic_data/s2.csv,240,<timecave.validation_methods.CV.Block_CV object at 0x00000250F29F53A0>,3,ARMA,1.7702543714713381,1.0630651763787193,1.330509064783603
datasets/synthetic_data/s2.csv,240,<timecave.validation_methods.CV.Block_CV object at 0x00000250F29F53A0>,4,Tree,2.5637522251989244,1.2599991176827392,1.601172141026356
datasets/synthetic_data/s2.csv,240,<timecave.validation_methods.CV.Block_CV object at 0x00000250F29F53A0>,4,ARMA,1.6490240298269305,1.0693877346583198,1.2841433057984342
datasets/synthetic_data/s2.csv,240,<timecave.validation_methods.CV.AdaptedhvBlockCV object at 0x00000250F2640B30>,0,Tree,1.6704235391973936,1.0913273334551772,1.292448660178575
datasets/synthetic_data/s2.csv,240,<timecave.validation_methods.CV.AdaptedhvBlockCV object at 0x00000250F2640B30>,0,ARMA,2.698816449187066,1.379901001717917,1.642807489996033
datasets/synthetic_data/s2.csv,240,<timecave.validation_methods.CV.AdaptedhvBlockCV object at 0x00000250F2640B30>,1,Tree,2.0252694919901493,1.170392474294849,1.4231196337589294
datasets/synthetic_data/s2.csv,240,<timecave.validation_methods.CV.AdaptedhvBlockCV object at 0x00000250F2640B30>,1,ARMA,1.9194399647938416,1.0964492721651413,1.385438546018495
datasets/synthetic_data/s2.csv,240,<timecave.validation_methods.CV.AdaptedhvBlockCV object at 0x00000250F2640B30>,2,Tree,3.8326444441048486,1.6036263703526434,1.9577140864040512
datasets/synthetic_data/s2.csv,240,<timecave.validation_methods.CV.AdaptedhvBlockCV object at 0x00000250F2640B30>,2,ARMA,2.4180031237597825,1.2652841893949236,1.5549929658232484
datasets/synthetic_data/s2.csv,240,<timecave.validation_methods.CV.AdaptedhvBlockCV object at 0x00000250F2640B30>,3,Tree,1.8147143095939742,1.132260054377622,1.3471133247035953
datasets/synthetic_data/s2.csv,240,<timecave.validation_methods.CV.AdaptedhvBlockCV object at 0x00000250F2640B30>,3,ARMA,1.764499863224093,1.0608813771212604,1.3283447832637778
datasets/synthetic_data/s2.csv,240,<timecave.validation_methods.CV.AdaptedhvBlockCV object at 0x00000250F2640B30>,4,Tree,2.56487021030874,1.2905716774342506,1.6015212175643319
datasets/synthetic_data/s2.csv,240,<timecave.validation_methods.CV.AdaptedhvBlockCV object at 0x00000250F2640B30>,4,ARMA,1.7145056217770636,1.1184996595357881,1.3093913172833642
datasets/synthetic_data/s2.csv,240,<timecave.validation_methods.markov.MarkovCV object at 0x00000250F6A37EF0>,0,Tree,2.8558917713840435,1.4923387250820874,1.6899383927776905
datasets/synthetic_data/s2.csv,240,<timecave.validation_methods.markov.MarkovCV object at 0x00000250F6A37EF0>,0,ARMA,3.7909172931630093,1.556699200636608,1.9470278100641012
datasets/synthetic_data/s2.csv,240,<timecave.validation_methods.markov.MarkovCV object at 0x00000250F6A37EF0>,1,Tree,4.90683396544523,1.7911793303500623,2.2151374597178455
datasets/synthetic_data/s2.csv,240,<timecave.validation_methods.markov.MarkovCV object at 0x00000250F6A37EF0>,1,ARMA,2.816328034620142,1.434311817133595,1.6781918944566923
datasets/synthetic_data/s2.csv,240,<timecave.validation_methods.markov.MarkovCV object at 0x00000250F6A37EF0>,2,Tree,3.0315112896051275,1.6217870786821644,1.7411235710325466
datasets/synthetic_data/s2.csv,240,<timecave.validation_methods.markov.MarkovCV object at 0x00000250F6A37EF0>,2,ARMA,2.774565397729576,1.3251549937459586,1.665702673867571
datasets/synthetic_data/s2.csv,240,<timecave.validation_methods.markov.MarkovCV object at 0x00000250F6A37EF0>,3,Tree,2.6161467543277084,1.4419934729961694,1.617450696104122
datasets/synthetic_data/s2.csv,240,<timecave.validation_methods.markov.MarkovCV object at 0x00000250F6A37EF0>,3,ARMA,1.7573619286785038,1.1176538538988654,1.3256552827483108
datasets/synthetic_data/s2.csv,240,<timecave.validation_methods.markov.MarkovCV object at 0x00000250F6A37EF0>,4,Tree,7.356068313330966,2.189479939805893,2.7122072769851067
datasets/synthetic_data/s2.csv,240,<timecave.validation_methods.markov.MarkovCV object at 0x00000250F6A37EF0>,4,ARMA,4.376764761485684,1.6883903214050682,2.0920718824853233
datasets/synthetic_data/s2.csv,240,<timecave.validation_methods.markov.MarkovCV object at 0x00000250F6A37EF0>,5,Tree,6.86951602721094,2.2621040020084835,2.620976159222159
datasets/synthetic_data/s2.csv,240,<timecave.validation_methods.markov.MarkovCV object at 0x00000250F6A37EF0>,5,ARMA,4.368636246642455,1.7968096862673357,2.090128284733369
datasets/synthetic_data/s2.csv,240,<timecave.validation_methods.markov.MarkovCV object at 0x00000250F6A37EF0>,6,Tree,2.625389215949353,1.4341728255603392,1.6203052847995507
datasets/synthetic_data/s2.csv,240,<timecave.validation_methods.markov.MarkovCV object at 0x00000250F6A37EF0>,6,ARMA,2.863293397333403,1.4707442457889428,1.6921268857072755
datasets/synthetic_data/s2.csv,240,<timecave.validation_methods.markov.MarkovCV object at 0x00000250F6A37EF0>,7,Tree,3.6104546001413373,1.6753732758645588,1.9001196278501356
datasets/synthetic_data/s2.csv,240,<timecave.validation_methods.markov.MarkovCV object at 0x00000250F6A37EF0>,7,ARMA,2.0469979519884256,1.1908282455834462,1.4307333615976199
datasets/synthetic_data/s2.csv,240,<timecave.validation_methods.markov.MarkovCV object at 0x00000250F6A37EF0>,8,Tree,3.332585959761448,1.4269957125688968,1.8255371701944192
datasets/synthetic_data/s2.csv,240,<timecave.validation_methods.markov.MarkovCV object at 0x00000250F6A37EF0>,8,ARMA,2.3866292425750153,1.0752711499758285,1.5448719178543622
datasets/synthetic_data/s2.csv,240,<timecave.validation_methods.markov.MarkovCV object at 0x00000250F6A37EF0>,9,Tree,4.891874797689664,1.3679357407940635,2.2117583045372893
datasets/synthetic_data/s2.csv,240,<timecave.validation_methods.markov.MarkovCV object at 0x00000250F6A37EF0>,9,ARMA,1.3379454252970615,0.9305839218611084,1.1566959087405217
datasets/synthetic_data/s2.csv,241,<timecave.validation_methods.OOS.Holdout object at 0x00000250F6A45C70>,0,Tree,2.45861951206097,1.3173449692873316,1.56799856889634
datasets/synthetic_data/s2.csv,241,<timecave.validation_methods.OOS.Holdout object at 0x00000250F6A45C70>,0,ARMA,2.293564228827838,1.2958509355805725,1.5144517915165996
datasets/synthetic_data/s2.csv,241,<timecave.validation_methods.OOS.Repeated_Holdout object at 0x00000250F6A46F60>,0,Tree,1.973160813166983,1.2039537823177981,1.4046924265357819
datasets/synthetic_data/s2.csv,241,<timecave.validation_methods.OOS.Repeated_Holdout object at 0x00000250F6A46F60>,0,ARMA,2.2206994332276597,1.241055198661777,1.4902011385137444
datasets/synthetic_data/s2.csv,241,<timecave.validation_methods.OOS.Repeated_Holdout object at 0x00000250F6A46F60>,1,Tree,2.2402568017820306,1.2480462970668325,1.4967487437048446
datasets/synthetic_data/s2.csv,241,<timecave.validation_methods.OOS.Repeated_Holdout object at 0x00000250F6A46F60>,1,ARMA,2.1565501980725736,1.2224208912284071,1.4685197302292448
datasets/synthetic_data/s2.csv,241,<timecave.validation_methods.OOS.Repeated_Holdout object at 0x00000250F6A46F60>,2,Tree,2.552359714386366,1.3115721396582523,1.5976106266504257
datasets/synthetic_data/s2.csv,241,<timecave.validation_methods.OOS.Repeated_Holdout object at 0x00000250F6A46F60>,2,ARMA,2.138138716975235,1.23427354790261,1.4622375720023182
datasets/synthetic_data/s2.csv,241,<timecave.validation_methods.OOS.Repeated_Holdout object at 0x00000250F6A46F60>,3,Tree,2.0721471300849195,1.1764435693255748,1.4394954428843878
datasets/synthetic_data/s2.csv,241,<timecave.validation_methods.OOS.Repeated_Holdout object at 0x00000250F6A46F60>,3,ARMA,2.293564228827838,1.2958509355805725,1.5144517915165996
datasets/synthetic_data/s2.csv,241,<timecave.validation_methods.prequential.Growing_Window object at 0x00000250F6A462A0>,0,Tree,4.099509183733183,1.5118713675970457,2.024724471065923
datasets/synthetic_data/s2.csv,241,<timecave.validation_methods.prequential.Growing_Window object at 0x00000250F6A462A0>,0,ARMA,2.3781453286038725,1.2770487010124771,1.5421236424502
datasets/synthetic_data/s2.csv,241,<timecave.validation_methods.prequential.Growing_Window object at 0x00000250F6A462A0>,1,Tree,2.3763793955074,1.2507521954315026,1.5415509707782613
datasets/synthetic_data/s2.csv,241,<timecave.validation_methods.prequential.Growing_Window object at 0x00000250F6A462A0>,1,ARMA,1.7482626249674542,1.0394137549633693,1.3222188264305776
datasets/synthetic_data/s2.csv,241,<timecave.validation_methods.prequential.Growing_Window object at 0x00000250F6A462A0>,2,Tree,2.485358707141571,1.345982072619771,1.5765020479344678
datasets/synthetic_data/s2.csv,241,<timecave.validation_methods.prequential.Growing_Window object at 0x00000250F6A462A0>,2,ARMA,3.0339858606641306,1.5244117952719871,1.7418340508395542
datasets/synthetic_data/s2.csv,241,<timecave.validation_methods.prequential.Growing_Window object at 0x00000250F6A462A0>,3,Tree,2.114469644141811,1.209512204490109,1.4541216056925264
datasets/synthetic_data/s2.csv,241,<timecave.validation_methods.prequential.Growing_Window object at 0x00000250F6A462A0>,3,ARMA,1.936251143747597,1.1267604526961164,1.3914924159863744
datasets/synthetic_data/s2.csv,241,<timecave.validation_methods.prequential.Growing_Window object at 0x00000250F6A449B0>,0,Tree,2.5369020696176645,1.334106015948373,1.5927655413203992
datasets/synthetic_data/s2.csv,241,<timecave.validation_methods.prequential.Growing_Window object at 0x00000250F6A449B0>,0,ARMA,1.9460487110496891,1.105241518350156,1.3950084985582307
datasets/synthetic_data/s2.csv,241,<timecave.validation_methods.prequential.Growing_Window object at 0x00000250F6A449B0>,1,Tree,3.9852554842679857,1.4899148579519024,1.9963104679052268
datasets/synthetic_data/s2.csv,241,<timecave.validation_methods.prequential.Growing_Window object at 0x00000250F6A449B0>,1,ARMA,3.0337924792481656,1.5276478461838419,1.7417785390939244
datasets/synthetic_data/s2.csv,241,<timecave.validation_methods.prequential.Growing_Window object at 0x00000250F6A449B0>,2,Tree,2.8587596738686902,1.4039729710862898,1.6907867026531438
datasets/synthetic_data/s2.csv,241,<timecave.validation_methods.prequential.Growing_Window object at 0x00000250F6A449B0>,2,ARMA,1.9289336748723995,1.1289041946247742,1.388860567109744
datasets/synthetic_data/s2.csv,241,<timecave.validation_methods.prequential.Rolling_Window object at 0x00000250F6A46A80>,0,Tree,4.093520332157794,1.5083907554869438,2.023245000527073
datasets/synthetic_data/s2.csv,241,<timecave.validation_methods.prequential.Rolling_Window object at 0x00000250F6A46A80>,0,ARMA,2.3781453286038725,1.2770487010124771,1.5421236424502
datasets/synthetic_data/s2.csv,241,<timecave.validation_methods.prequential.Rolling_Window object at 0x00000250F6A46A80>,1,Tree,2.9978648236494796,1.3520510413441982,1.7314343255374949
datasets/synthetic_data/s2.csv,241,<timecave.validation_methods.prequential.Rolling_Window object at 0x00000250F6A46A80>,1,ARMA,1.5592393010918584,0.9501399666241381,1.2486950392677383
datasets/synthetic_data/s2.csv,241,<timecave.validation_methods.prequential.Rolling_Window object at 0x00000250F6A46A80>,2,Tree,2.11724336609994,1.2538674036374073,1.4550750379619395
datasets/synthetic_data/s2.csv,241,<timecave.validation_methods.prequential.Rolling_Window object at 0x00000250F6A46A80>,2,ARMA,3.0615355092134626,1.5285580931128537,1.7497244095038118
datasets/synthetic_data/s2.csv,241,<timecave.validation_methods.prequential.Rolling_Window object at 0x00000250F6A46A80>,3,Tree,3.3280045293162694,1.5372802335530236,1.8242819215560597
datasets/synthetic_data/s2.csv,241,<timecave.validation_methods.prequential.Rolling_Window object at 0x00000250F6A46A80>,3,ARMA,2.0110816554113624,1.1488142086757693,1.4181261070198807
datasets/synthetic_data/s2.csv,241,<timecave.validation_methods.prequential.Rolling_Window object at 0x00000250F6A44710>,0,Tree,3.2854322684570954,1.4557052505657286,1.8125761414233321
datasets/synthetic_data/s2.csv,241,<timecave.validation_methods.prequential.Rolling_Window object at 0x00000250F6A44710>,0,ARMA,1.9460487110496891,1.105241518350156,1.3950084985582307
datasets/synthetic_data/s2.csv,241,<timecave.validation_methods.prequential.Rolling_Window object at 0x00000250F6A44710>,1,Tree,2.166155850366963,1.0664756475729187,1.4717866184902493
datasets/synthetic_data/s2.csv,241,<timecave.validation_methods.prequential.Rolling_Window object at 0x00000250F6A44710>,1,ARMA,3.1086372604216734,1.5173699685610873,1.7631327971601214
datasets/synthetic_data/s2.csv,241,<timecave.validation_methods.prequential.Rolling_Window object at 0x00000250F6A44710>,2,Tree,2.604734010996143,1.369398339984212,1.6139188365578188
datasets/synthetic_data/s2.csv,241,<timecave.validation_methods.prequential.Rolling_Window object at 0x00000250F6A44710>,2,ARMA,1.975917026032239,1.156478068483723,1.4056731576124797
datasets/synthetic_data/s2.csv,241,<timecave.validation_methods.CV.Block_CV object at 0x00000250F6A44860>,0,Tree,2.097039064156513,1.1740914833560967,1.4481156943271187
datasets/synthetic_data/s2.csv,241,<timecave.validation_methods.CV.Block_CV object at 0x00000250F6A44860>,0,ARMA,2.1581596200269457,1.1453253377853112,1.469067602265786
datasets/synthetic_data/s2.csv,241,<timecave.validation_methods.CV.Block_CV object at 0x00000250F6A44860>,1,Tree,1.9645918655404229,1.1590151077851514,1.4016389925870438
datasets/synthetic_data/s2.csv,241,<timecave.validation_methods.CV.Block_CV object at 0x00000250F6A44860>,1,ARMA,2.312185252364427,1.2774028160289752,1.5205871406678497
datasets/synthetic_data/s2.csv,241,<timecave.validation_methods.CV.Block_CV object at 0x00000250F6A44860>,2,Tree,2.380033090917624,1.2576742847627547,1.5427355868448827
datasets/synthetic_data/s2.csv,241,<timecave.validation_methods.CV.Block_CV object at 0x00000250F6A44860>,2,ARMA,1.7427037067116082,1.0232421856807121,1.3201150354085087
datasets/synthetic_data/s2.csv,241,<timecave.validation_methods.CV.Block_CV object at 0x00000250F6A44860>,3,Tree,2.0138333290440076,1.1114002137129395,1.4190959548402664
datasets/synthetic_data/s2.csv,241,<timecave.validation_methods.CV.Block_CV object at 0x00000250F6A44860>,3,ARMA,3.027509140650061,1.5363787215742124,1.739973890795509
datasets/synthetic_data/s2.csv,241,<timecave.validation_methods.CV.Block_CV object at 0x00000250F6A44860>,4,Tree,2.342613420233644,1.2996077424516272,1.5305598388281472
datasets/synthetic_data/s2.csv,241,<timecave.validation_methods.CV.Block_CV object at 0x00000250F6A44860>,4,ARMA,1.936251143747597,1.1267604526961164,1.3914924159863744
datasets/synthetic_data/s2.csv,241,<timecave.validation_methods.CV.AdaptedhvBlockCV object at 0x00000250F6A36450>,0,Tree,1.817298730881419,1.1065062099937326,1.348072227620397
datasets/synthetic_data/s2.csv,241,<timecave.validation_methods.CV.AdaptedhvBlockCV object at 0x00000250F6A36450>,0,ARMA,2.1617837693177178,1.145342557815487,1.470300571079845
datasets/synthetic_data/s2.csv,241,<timecave.validation_methods.CV.AdaptedhvBlockCV object at 0x00000250F6A36450>,1,Tree,1.8532954081893056,1.072560742441051,1.36135792802235
datasets/synthetic_data/s2.csv,241,<timecave.validation_methods.CV.AdaptedhvBlockCV object at 0x00000250F6A36450>,1,ARMA,2.3122130245843544,1.2764173524666345,1.5205962727115816
datasets/synthetic_data/s2.csv,241,<timecave.validation_methods.CV.AdaptedhvBlockCV object at 0x00000250F6A36450>,2,Tree,2.806299864494471,1.4753826605527915,1.675201439975047
datasets/synthetic_data/s2.csv,241,<timecave.validation_methods.CV.AdaptedhvBlockCV object at 0x00000250F6A36450>,2,ARMA,1.7268437346554235,1.0151339173074305,1.3140942639915234
datasets/synthetic_data/s2.csv,241,<timecave.validation_methods.CV.AdaptedhvBlockCV object at 0x00000250F6A36450>,3,Tree,2.124340921319372,1.2146281301497328,1.4575118940575997
datasets/synthetic_data/s2.csv,241,<timecave.validation_methods.CV.AdaptedhvBlockCV object at 0x00000250F6A36450>,3,ARMA,3.027057772647857,1.5355288784835768,1.7398441805655633
datasets/synthetic_data/s2.csv,241,<timecave.validation_methods.CV.AdaptedhvBlockCV object at 0x00000250F6A36450>,4,Tree,2.205953548994683,1.2278758747903413,1.4852452824347508
datasets/synthetic_data/s2.csv,241,<timecave.validation_methods.CV.AdaptedhvBlockCV object at 0x00000250F6A36450>,4,ARMA,2.257825963923525,1.2232625073038945,1.5026063902178524
datasets/synthetic_data/s2.csv,241,<timecave.validation_methods.markov.MarkovCV object at 0x00000250F6A37650>,0,Tree,3.2220208845759317,1.5517437545287045,1.7949988536419548
datasets/synthetic_data/s2.csv,241,<timecave.validation_methods.markov.MarkovCV object at 0x00000250F6A37650>,0,ARMA,3.6134505715002194,1.4274485781400463,1.9009078282494971
datasets/synthetic_data/s2.csv,241,<timecave.validation_methods.markov.MarkovCV object at 0x00000250F6A37650>,1,Tree,9.530712068033864,2.684404540200312,3.0871851366631486
datasets/synthetic_data/s2.csv,241,<timecave.validation_methods.markov.MarkovCV object at 0x00000250F6A37650>,1,ARMA,2.8493526041391823,1.5322803037896124,1.688002548617502
datasets/synthetic_data/s2.csv,241,<timecave.validation_methods.markov.MarkovCV object at 0x00000250F6A37650>,2,Tree,4.465657915432721,1.8773319041440768,2.1132103339309887
datasets/synthetic_data/s2.csv,241,<timecave.validation_methods.markov.MarkovCV object at 0x00000250F6A37650>,2,ARMA,4.376621655387498,1.7871461091312164,2.0920376802026053
datasets/synthetic_data/s2.csv,241,<timecave.validation_methods.markov.MarkovCV object at 0x00000250F6A37650>,3,Tree,13.83918317088671,3.356985815847666,3.7201052634148284
datasets/synthetic_data/s2.csv,241,<timecave.validation_methods.markov.MarkovCV object at 0x00000250F6A37650>,3,ARMA,3.27633163910942,1.4460628533619373,1.8100639875732072
datasets/synthetic_data/s2.csv,241,<timecave.validation_methods.markov.MarkovCV object at 0x00000250F6A37650>,4,Tree,5.804407417176477,2.157193076882613,2.4092337821756686
datasets/synthetic_data/s2.csv,241,<timecave.validation_methods.markov.MarkovCV object at 0x00000250F6A37650>,4,ARMA,2.948755089658776,1.2049906427625268,1.7171939580777635
datasets/synthetic_data/s2.csv,241,<timecave.validation_methods.markov.MarkovCV object at 0x00000250F6A37650>,5,Tree,5.722687641104657,2.0226528716328387,2.392213962233449
datasets/synthetic_data/s2.csv,241,<timecave.validation_methods.markov.MarkovCV object at 0x00000250F6A37650>,5,ARMA,2.693894257874174,1.3297235470831883,1.641308702796087
datasets/synthetic_data/s2.csv,241,<timecave.validation_methods.markov.MarkovCV object at 0x00000250F6A37650>,6,Tree,2.4150772262928712,1.214288226407447,1.5540518737458127
datasets/synthetic_data/s2.csv,241,<timecave.validation_methods.markov.MarkovCV object at 0x00000250F6A37650>,6,ARMA,2.0302565002825315,1.207665825658532,1.4248706959870188
datasets/synthetic_data/s2.csv,241,<timecave.validation_methods.markov.MarkovCV object at 0x00000250F6A37650>,7,Tree,1.3879765608191355,1.0281796947067576,1.1781241703738767
datasets/synthetic_data/s2.csv,241,<timecave.validation_methods.markov.MarkovCV object at 0x00000250F6A37650>,7,ARMA,1.2627498567592026,0.9576814694898764,1.123721432010266
datasets/synthetic_data/s2.csv,241,<timecave.validation_methods.markov.MarkovCV object at 0x00000250F6A37650>,8,Tree,5.919779586671308,2.0555998040921093,2.433059717037646
datasets/synthetic_data/s2.csv,241,<timecave.validation_methods.markov.MarkovCV object at 0x00000250F6A37650>,8,ARMA,1.2635771461290914,0.8717581097350304,1.1240894742542034
datasets/synthetic_data/s2.csv,241,<timecave.validation_methods.markov.MarkovCV object at 0x00000250F6A37650>,9,Tree,3.8288978485492704,1.5301370877293083,1.9567569722756248
datasets/synthetic_data/s2.csv,241,<timecave.validation_methods.markov.MarkovCV object at 0x00000250F6A37650>,9,ARMA,2.9462163445785423,1.4767063248342978,1.716454585644066
datasets/synthetic_data/s2.csv,242,<timecave.validation_methods.OOS.Holdout object at 0x00000250F1F549E0>,0,Tree,2.689445784379862,1.2961410553657473,1.6399529823686598
datasets/synthetic_data/s2.csv,242,<timecave.validation_methods.OOS.Holdout object at 0x00000250F1F549E0>,0,ARMA,1.7867091974680136,1.0732272311961941,1.3366784196163315
datasets/synthetic_data/s2.csv,242,<timecave.validation_methods.OOS.Repeated_Holdout object at 0x00000250F6A356D0>,0,Tree,1.7527848913303736,1.0035074402334008,1.3239278270851376
datasets/synthetic_data/s2.csv,242,<timecave.validation_methods.OOS.Repeated_Holdout object at 0x00000250F6A356D0>,0,ARMA,1.4973510383123019,0.9618700026029844,1.2236629594427961
datasets/synthetic_data/s2.csv,242,<timecave.validation_methods.OOS.Repeated_Holdout object at 0x00000250F6A356D0>,1,Tree,1.8052540653336249,1.030396628053436,1.3435974342538857
datasets/synthetic_data/s2.csv,242,<timecave.validation_methods.OOS.Repeated_Holdout object at 0x00000250F6A356D0>,1,ARMA,1.628491808841237,1.030308370157139,1.276123743545757
datasets/synthetic_data/s2.csv,242,<timecave.validation_methods.OOS.Repeated_Holdout object at 0x00000250F6A356D0>,2,Tree,2.3980246221762145,1.298635188873059,1.5485556567899696
datasets/synthetic_data/s2.csv,242,<timecave.validation_methods.OOS.Repeated_Holdout object at 0x00000250F6A356D0>,2,ARMA,1.748511672248906,1.060770899873476,1.3223130008620902
datasets/synthetic_data/s2.csv,242,<timecave.validation_methods.OOS.Repeated_Holdout object at 0x00000250F6A356D0>,3,Tree,2.7191324487843573,1.3252770600231705,1.6489792141759572
datasets/synthetic_data/s2.csv,242,<timecave.validation_methods.OOS.Repeated_Holdout object at 0x00000250F6A356D0>,3,ARMA,1.7867091974680136,1.0732272311961941,1.3366784196163315
datasets/synthetic_data/s2.csv,242,<timecave.validation_methods.prequential.Growing_Window object at 0x00000250F6A37110>,0,Tree,2.6317464954355683,1.1919168238484739,1.6222658522682305
datasets/synthetic_data/s2.csv,242,<timecave.validation_methods.prequential.Growing_Window object at 0x00000250F6A37110>,0,ARMA,1.4557364358155396,1.0118364696338156,1.2065390320315126
datasets/synthetic_data/s2.csv,242,<timecave.validation_methods.prequential.Growing_Window object at 0x00000250F6A37110>,1,Tree,2.3674015601037093,1.351831792842889,1.5386362663422792
datasets/synthetic_data/s2.csv,242,<timecave.validation_methods.prequential.Growing_Window object at 0x00000250F6A37110>,1,ARMA,1.7456137941563727,1.1083105399551123,1.3212167854505834
datasets/synthetic_data/s2.csv,242,<timecave.validation_methods.prequential.Growing_Window object at 0x00000250F6A37110>,2,Tree,2.470626199279814,1.1698483701902036,1.571822572455242
datasets/synthetic_data/s2.csv,242,<timecave.validation_methods.prequential.Growing_Window object at 0x00000250F6A37110>,2,ARMA,1.8206428363153615,1.0901415816561684,1.3493119862786966
datasets/synthetic_data/s2.csv,242,<timecave.validation_methods.prequential.Growing_Window object at 0x00000250F6A37110>,3,Tree,2.117232073583373,1.1911348914350517,1.4550711575670012
datasets/synthetic_data/s2.csv,242,<timecave.validation_methods.prequential.Growing_Window object at 0x00000250F6A37110>,3,ARMA,1.6891504625394007,1.063684429576945,1.2996732137500568
datasets/synthetic_data/s2.csv,242,<timecave.validation_methods.prequential.Growing_Window object at 0x00000250F6A34800>,0,Tree,2.5471927302691078,1.3749128019840977,1.595992709967407
datasets/synthetic_data/s2.csv,242,<timecave.validation_methods.prequential.Growing_Window object at 0x00000250F6A34800>,0,ARMA,1.7927402338186855,1.1370284003934596,1.3389324978574109
datasets/synthetic_data/s2.csv,242,<timecave.validation_methods.prequential.Growing_Window object at 0x00000250F6A34800>,1,Tree,2.8720527907968796,1.372197899756316,1.6947131883586908
datasets/synthetic_data/s2.csv,242,<timecave.validation_methods.prequential.Growing_Window object at 0x00000250F6A34800>,1,ARMA,1.7416862722321746,1.06863778675168,1.3197296208815557
datasets/synthetic_data/s2.csv,242,<timecave.validation_methods.prequential.Growing_Window object at 0x00000250F6A34800>,2,Tree,2.5405033552768477,1.3982958778641743,1.5938956538233133
datasets/synthetic_data/s2.csv,242,<timecave.validation_methods.prequential.Growing_Window object at 0x00000250F6A34800>,2,ARMA,1.6018447406640277,1.0296516874887276,1.2656400517777666
datasets/synthetic_data/s2.csv,242,<timecave.validation_methods.prequential.Rolling_Window object at 0x00000250F6A341D0>,0,Tree,2.3282245941346393,1.139606175023163,1.5258520878953632
datasets/synthetic_data/s2.csv,242,<timecave.validation_methods.prequential.Rolling_Window object at 0x00000250F6A341D0>,0,ARMA,1.4557364358155396,1.0118364696338156,1.2065390320315126
datasets/synthetic_data/s2.csv,242,<timecave.validation_methods.prequential.Rolling_Window object at 0x00000250F6A341D0>,1,Tree,1.889076276970567,1.0316262393709825,1.3744367126101393
datasets/synthetic_data/s2.csv,242,<timecave.validation_methods.prequential.Rolling_Window object at 0x00000250F6A341D0>,1,ARMA,2.445054847198811,1.3423560807942012,1.563667115213085
datasets/synthetic_data/s2.csv,242,<timecave.validation_methods.prequential.Rolling_Window object at 0x00000250F6A341D0>,2,Tree,2.918211792419589,1.2637374437125346,1.708277434265169
datasets/synthetic_data/s2.csv,242,<timecave.validation_methods.prequential.Rolling_Window object at 0x00000250F6A341D0>,2,ARMA,1.9315979071635485,1.1400673306856826,1.3898193793308353
datasets/synthetic_data/s2.csv,242,<timecave.validation_methods.prequential.Rolling_Window object at 0x00000250F6A341D0>,3,Tree,2.2047251671815737,1.146600133351968,1.4848316965843549
datasets/synthetic_data/s2.csv,242,<timecave.validation_methods.prequential.Rolling_Window object at 0x00000250F6A341D0>,3,ARMA,1.8682258734549786,1.118007698469134,1.3668305942782297
datasets/synthetic_data/s2.csv,242,<timecave.validation_methods.prequential.Rolling_Window object at 0x00000250F6A34650>,0,Tree,2.1995037820700363,1.271550496470852,1.4830724129556305
datasets/synthetic_data/s2.csv,242,<timecave.validation_methods.prequential.Rolling_Window object at 0x00000250F6A34650>,0,ARMA,1.7927402338186855,1.1370284003934596,1.3389324978574109
datasets/synthetic_data/s2.csv,242,<timecave.validation_methods.prequential.Rolling_Window object at 0x00000250F6A34650>,1,Tree,3.314261076351533,1.3566197267082318,1.8205112129156287
datasets/synthetic_data/s2.csv,242,<timecave.validation_methods.prequential.Rolling_Window object at 0x00000250F6A34650>,1,ARMA,2.112568761675671,1.1635512584744525,1.4534678399179224
datasets/synthetic_data/s2.csv,242,<timecave.validation_methods.prequential.Rolling_Window object at 0x00000250F6A34650>,2,Tree,1.3924228732112172,0.8518357818597256,1.1800096919988485
datasets/synthetic_data/s2.csv,242,<timecave.validation_methods.prequential.Rolling_Window object at 0x00000250F6A34650>,2,ARMA,1.576363126036051,1.0312851339303646,1.2555330047577606
datasets/synthetic_data/s2.csv,242,<timecave.validation_methods.CV.Block_CV object at 0x00000250F6A34350>,0,Tree,3.1484547292270872,1.3897106730165945,1.77438855080478
datasets/synthetic_data/s2.csv,242,<timecave.validation_methods.CV.Block_CV object at 0x00000250F6A34350>,0,ARMA,1.9570559013975692,1.1175976852304113,1.3989481410679845
datasets/synthetic_data/s2.csv,242,<timecave.validation_methods.CV.Block_CV object at 0x00000250F6A34350>,1,Tree,1.2136377539402896,0.8290625759636803,1.1016522835905573
datasets/synthetic_data/s2.csv,242,<timecave.validation_methods.CV.Block_CV object at 0x00000250F6A34350>,1,ARMA,1.3338822777069317,0.9438216338665456,1.154938213804934
datasets/synthetic_data/s2.csv,242,<timecave.validation_methods.CV.Block_CV object at 0x00000250F6A34350>,2,Tree,1.9070615680199228,1.0900459282365829,1.3809639995379759
datasets/synthetic_data/s2.csv,242,<timecave.validation_methods.CV.Block_CV object at 0x00000250F6A34350>,2,ARMA,1.7958973705941668,1.1323077059092603,1.3401109545833012
datasets/synthetic_data/s2.csv,242,<timecave.validation_methods.CV.Block_CV object at 0x00000250F6A34350>,3,Tree,2.8263321205209646,1.2250955429751103,1.6811698666467243
datasets/synthetic_data/s2.csv,242,<timecave.validation_methods.CV.Block_CV object at 0x00000250F6A34350>,3,ARMA,1.8127980898365057,1.0896166383369064,1.3464019050181508
datasets/synthetic_data/s2.csv,242,<timecave.validation_methods.CV.Block_CV object at 0x00000250F6A34350>,4,Tree,2.2157622129415926,1.2513899067040024,1.4885436550338698
datasets/synthetic_data/s2.csv,242,<timecave.validation_methods.CV.Block_CV object at 0x00000250F6A34350>,4,ARMA,1.6891504625394007,1.063684429576945,1.2996732137500568
datasets/synthetic_data/s2.csv,242,<timecave.validation_methods.CV.AdaptedhvBlockCV object at 0x00000250F6A35790>,0,Tree,3.010577678863087,1.3172555642368255,1.7351016335831995
datasets/synthetic_data/s2.csv,242,<timecave.validation_methods.CV.AdaptedhvBlockCV object at 0x00000250F6A35790>,0,ARMA,1.9523196660738993,1.116789923555246,1.3972543312059904
datasets/synthetic_data/s2.csv,242,<timecave.validation_methods.CV.AdaptedhvBlockCV object at 0x00000250F6A35790>,1,Tree,1.1495632679203458,0.9013693324343612,1.0721768827578526
datasets/synthetic_data/s2.csv,242,<timecave.validation_methods.CV.AdaptedhvBlockCV object at 0x00000250F6A35790>,1,ARMA,1.338430052794242,0.9467356285048154,1.1569053776321736
datasets/synthetic_data/s2.csv,242,<timecave.validation_methods.CV.AdaptedhvBlockCV object at 0x00000250F6A35790>,2,Tree,2.2583743619446612,1.090784215769855,1.5027888613989195
datasets/synthetic_data/s2.csv,242,<timecave.validation_methods.CV.AdaptedhvBlockCV object at 0x00000250F6A35790>,2,ARMA,1.7856848242948835,1.1329901839616487,1.336295186062901
datasets/synthetic_data/s2.csv,242,<timecave.validation_methods.CV.AdaptedhvBlockCV object at 0x00000250F6A35790>,3,Tree,2.036665271238233,1.029324800935086,1.427117819676509
datasets/synthetic_data/s2.csv,242,<timecave.validation_methods.CV.AdaptedhvBlockCV object at 0x00000250F6A35790>,3,ARMA,1.8198839154725173,1.0930460442523882,1.349030731848803
datasets/synthetic_data/s2.csv,242,<timecave.validation_methods.CV.AdaptedhvBlockCV object at 0x00000250F6A35790>,4,Tree,1.2297713032852584,0.9049730408972231,1.1089505414062695
datasets/synthetic_data/s2.csv,242,<timecave.validation_methods.CV.AdaptedhvBlockCV object at 0x00000250F6A35790>,4,ARMA,1.658645317401405,1.0387652413586417,1.2878840465668504
datasets/synthetic_data/s2.csv,242,<timecave.validation_methods.markov.MarkovCV object at 0x00000250F6A36C90>,0,Tree,2.4582689703618272,1.2684147129513745,1.5678867849311784
datasets/synthetic_data/s2.csv,242,<timecave.validation_methods.markov.MarkovCV object at 0x00000250F6A36C90>,0,ARMA,2.680501106732056,1.3062583007795905,1.6372235970483862
datasets/synthetic_data/s2.csv,242,<timecave.validation_methods.markov.MarkovCV object at 0x00000250F6A36C90>,1,Tree,2.946706779474441,1.2277589000701912,1.7165974424641441
datasets/synthetic_data/s2.csv,242,<timecave.validation_methods.markov.MarkovCV object at 0x00000250F6A36C90>,1,ARMA,2.037175551646472,1.1503322078333524,1.427296588535989
datasets/synthetic_data/s2.csv,242,<timecave.validation_methods.markov.MarkovCV object at 0x00000250F6A36C90>,2,Tree,2.770944676489061,1.3617484301781253,1.6646154740627221
datasets/synthetic_data/s2.csv,242,<timecave.validation_methods.markov.MarkovCV object at 0x00000250F6A36C90>,2,ARMA,1.0457476608587961,0.7609284883325181,1.0226180425059965
datasets/synthetic_data/s2.csv,242,<timecave.validation_methods.markov.MarkovCV object at 0x00000250F6A36C90>,3,Tree,2.8819072305629416,1.3290057279352143,1.697618105040984
datasets/synthetic_data/s2.csv,242,<timecave.validation_methods.markov.MarkovCV object at 0x00000250F6A36C90>,3,ARMA,2.067679112047918,1.212341747385468,1.4379426664675883
datasets/synthetic_data/s2.csv,242,<timecave.validation_methods.markov.MarkovCV object at 0x00000250F6A36C90>,4,Tree,4.135661251587228,1.307903830145753,2.0336325261922883
datasets/synthetic_data/s2.csv,242,<timecave.validation_methods.markov.MarkovCV object at 0x00000250F6A36C90>,4,ARMA,2.8365905113702556,1.4317272269983294,1.6842180712040398
datasets/synthetic_data/s2.csv,242,<timecave.validation_methods.markov.MarkovCV object at 0x00000250F6A36C90>,5,Tree,8.352108205360137,2.463908170005845,2.890001419612132
datasets/synthetic_data/s2.csv,242,<timecave.validation_methods.markov.MarkovCV object at 0x00000250F6A36C90>,5,ARMA,2.230859314696012,1.3315804366648525,1.4936061444356783
datasets/synthetic_data/s2.csv,242,<timecave.validation_methods.markov.MarkovCV object at 0x00000250F6A36C90>,6,Tree,1.4165553682265122,0.9572054558807731,1.1901913158087283
datasets/synthetic_data/s2.csv,242,<timecave.validation_methods.markov.MarkovCV object at 0x00000250F6A36C90>,6,ARMA,1.351270149501261,0.9103907109813519,1.162441460677165
datasets/synthetic_data/s2.csv,242,<timecave.validation_methods.markov.MarkovCV object at 0x00000250F6A36C90>,7,Tree,3.9749936113416857,1.6878566233412522,1.9937386015578085
datasets/synthetic_data/s2.csv,242,<timecave.validation_methods.markov.MarkovCV object at 0x00000250F6A36C90>,7,ARMA,2.3835422260804275,1.3166048258968566,1.5438724772727919
datasets/synthetic_data/s2.csv,242,<timecave.validation_methods.markov.MarkovCV object at 0x00000250F6A36C90>,8,Tree,2.9670737392621196,1.4717852433846856,1.7225195903855839
datasets/synthetic_data/s2.csv,242,<timecave.validation_methods.markov.MarkovCV object at 0x00000250F6A36C90>,8,ARMA,1.9532218979959073,1.1475346147250085,1.39757715278832
datasets/synthetic_data/s2.csv,242,<timecave.validation_methods.markov.MarkovCV object at 0x00000250F6A36C90>,9,Tree,3.157367330649431,1.518743308134111,1.7768982330593475
datasets/synthetic_data/s2.csv,242,<timecave.validation_methods.markov.MarkovCV object at 0x00000250F6A36C90>,9,ARMA,2.0735334139535477,1.1581536860158266,1.4399768796593742
datasets/synthetic_data/s2.csv,243,<timecave.validation_methods.OOS.Holdout object at 0x00000250F6A46990>,0,Tree,1.5310155868379516,0.9441811764161501,1.237342146230359
datasets/synthetic_data/s2.csv,243,<timecave.validation_methods.OOS.Holdout object at 0x00000250F6A46990>,0,ARMA,0.8425190029619006,0.7258255355630948,0.917888339048874
datasets/synthetic_data/s2.csv,243,<timecave.validation_methods.OOS.Repeated_Holdout object at 0x00000250F6A36EA0>,0,Tree,2.1364994247033975,1.1819434815246792,1.461676922135462
datasets/synthetic_data/s2.csv,243,<timecave.validation_methods.OOS.Repeated_Holdout object at 0x00000250F6A36EA0>,0,ARMA,0.8162932430979196,0.7239983871883644,0.9034894814539457
datasets/synthetic_data/s2.csv,243,<timecave.validation_methods.OOS.Repeated_Holdout object at 0x00000250F6A36EA0>,1,Tree,2.98735910343117,1.3857230292662905,1.728397842925977
datasets/synthetic_data/s2.csv,243,<timecave.validation_methods.OOS.Repeated_Holdout object at 0x00000250F6A36EA0>,1,ARMA,0.8454254367846421,0.7376613417631044,0.9194701935270344
datasets/synthetic_data/s2.csv,243,<timecave.validation_methods.OOS.Repeated_Holdout object at 0x00000250F6A36EA0>,2,Tree,1.505513345104507,0.9476850794961811,1.2269936206453997
datasets/synthetic_data/s2.csv,243,<timecave.validation_methods.OOS.Repeated_Holdout object at 0x00000250F6A36EA0>,2,ARMA,0.852472223052788,0.741566682089254,0.9232942234481856
datasets/synthetic_data/s2.csv,243,<timecave.validation_methods.OOS.Repeated_Holdout object at 0x00000250F6A36EA0>,3,Tree,1.264003655227139,0.8392414166942762,1.124279171392559
datasets/synthetic_data/s2.csv,243,<timecave.validation_methods.OOS.Repeated_Holdout object at 0x00000250F6A36EA0>,3,ARMA,0.8425190029619006,0.7258255355630948,0.917888339048874
datasets/synthetic_data/s2.csv,243,<timecave.validation_methods.prequential.Growing_Window object at 0x00000250F6A37860>,0,Tree,2.6613502589288007,1.3485361932583249,1.6313645389454807
datasets/synthetic_data/s2.csv,243,<timecave.validation_methods.prequential.Growing_Window object at 0x00000250F6A37860>,0,ARMA,2.0173731557685333,1.1163104126649008,1.4203426191481172
datasets/synthetic_data/s2.csv,243,<timecave.validation_methods.prequential.Growing_Window object at 0x00000250F6A37860>,1,Tree,2.501469870465317,1.2350698150691775,1.5816035756362328
datasets/synthetic_data/s2.csv,243,<timecave.validation_methods.prequential.Growing_Window object at 0x00000250F6A37860>,1,ARMA,2.3634447859002075,1.204791648081405,1.5373499230494687
datasets/synthetic_data/s2.csv,243,<timecave.validation_methods.prequential.Growing_Window object at 0x00000250F6A37860>,2,Tree,2.7012464624267674,1.377749401433047,1.6435469151888447
datasets/synthetic_data/s2.csv,243,<timecave.validation_methods.prequential.Growing_Window object at 0x00000250F6A37860>,2,ARMA,0.8874676345426007,0.7428249192994791,0.9420550061130192
datasets/synthetic_data/s2.csv,243,<timecave.validation_methods.prequential.Growing_Window object at 0x00000250F6A37860>,3,Tree,2.6077588885608898,1.237473454063901,1.614855686605119
datasets/synthetic_data/s2.csv,243,<timecave.validation_methods.prequential.Growing_Window object at 0x00000250F6A37860>,3,ARMA,0.8448593900696402,0.7365257035351434,0.9191623306411334
datasets/synthetic_data/s2.csv,243,<timecave.validation_methods.prequential.Growing_Window object at 0x00000250F6A35CD0>,0,Tree,3.320151766508679,1.6021031202457345,1.8221283616992188
datasets/synthetic_data/s2.csv,243,<timecave.validation_methods.prequential.Growing_Window object at 0x00000250F6A35CD0>,0,ARMA,2.4321742943881435,1.2461787332582348,1.5595429761273472
datasets/synthetic_data/s2.csv,243,<timecave.validation_methods.prequential.Growing_Window object at 0x00000250F6A35CD0>,1,Tree,0.9957382792310498,0.8184148280724242,0.9978668644819557
datasets/synthetic_data/s2.csv,243,<timecave.validation_methods.prequential.Growing_Window object at 0x00000250F6A35CD0>,1,ARMA,0.9649737111618155,0.7608347669699942,0.982330754461966
datasets/synthetic_data/s2.csv,243,<timecave.validation_methods.prequential.Growing_Window object at 0x00000250F6A35CD0>,2,Tree,1.5956530306658196,0.9459753692803394,1.2631916048904932
datasets/synthetic_data/s2.csv,243,<timecave.validation_methods.prequential.Growing_Window object at 0x00000250F6A35CD0>,2,ARMA,1.250747825045283,0.8360064598469994,1.118368376272006
datasets/synthetic_data/s2.csv,243,<timecave.validation_methods.prequential.Rolling_Window object at 0x00000250F6A36E40>,0,Tree,2.4660112126810767,1.2879830786585271,1.570353849513248
datasets/synthetic_data/s2.csv,243,<timecave.validation_methods.prequential.Rolling_Window object at 0x00000250F6A36E40>,0,ARMA,2.0173731557685333,1.1163104126649008,1.4203426191481172
datasets/synthetic_data/s2.csv,243,<timecave.validation_methods.prequential.Rolling_Window object at 0x00000250F6A36E40>,1,Tree,3.8230439456956926,1.6241523203603494,1.9552605825556073
datasets/synthetic_data/s2.csv,243,<timecave.validation_methods.prequential.Rolling_Window object at 0x00000250F6A36E40>,1,ARMA,2.540003406327156,1.2513732791211014,1.5937388137104385
datasets/synthetic_data/s2.csv,243,<timecave.validation_methods.prequential.Rolling_Window object at 0x00000250F6A36E40>,2,Tree,2.1993541787236883,1.203507288421767,1.483021975131754
datasets/synthetic_data/s2.csv,243,<timecave.validation_methods.prequential.Rolling_Window object at 0x00000250F6A36E40>,2,ARMA,0.9441196408326432,0.7783856537914078,0.9716581913577651
datasets/synthetic_data/s2.csv,243,<timecave.validation_methods.prequential.Rolling_Window object at 0x00000250F6A36E40>,3,Tree,1.991794089612439,1.2399300225807206,1.4113093529104237
datasets/synthetic_data/s2.csv,243,<timecave.validation_methods.prequential.Rolling_Window object at 0x00000250F6A36E40>,3,ARMA,0.9026875494849712,0.7717531663344457,0.95009870512751
datasets/synthetic_data/s2.csv,243,<timecave.validation_methods.prequential.Rolling_Window object at 0x00000250F6A36D50>,0,Tree,3.6379976422747498,1.6510102072182136,1.9073535703363311
datasets/synthetic_data/s2.csv,243,<timecave.validation_methods.prequential.Rolling_Window object at 0x00000250F6A36D50>,0,ARMA,2.4321742943881435,1.2461787332582348,1.5595429761273472
datasets/synthetic_data/s2.csv,243,<timecave.validation_methods.prequential.Rolling_Window object at 0x00000250F6A36D50>,1,Tree,1.3753082250138158,0.9808432345456831,1.1727353601788495
datasets/synthetic_data/s2.csv,243,<timecave.validation_methods.prequential.Rolling_Window object at 0x00000250F6A36D50>,1,ARMA,1.0368747508698086,0.7824122623314864,1.0182704703907546
datasets/synthetic_data/s2.csv,243,<timecave.validation_methods.prequential.Rolling_Window object at 0x00000250F6A36D50>,2,Tree,2.8712189476896417,1.4428267470412661,1.6944671574538237
datasets/synthetic_data/s2.csv,243,<timecave.validation_methods.prequential.Rolling_Window object at 0x00000250F6A36D50>,2,ARMA,1.4421644463115286,0.8812754570767154,1.2009015139933534
datasets/synthetic_data/s2.csv,243,<timecave.validation_methods.CV.Block_CV object at 0x00000250F6A36960>,0,Tree,3.2070973395687172,1.40924552933768,1.7908370499765514
datasets/synthetic_data/s2.csv,243,<timecave.validation_methods.CV.Block_CV object at 0x00000250F6A36960>,0,ARMA,1.1846255959530478,0.8442475771961301,1.0884050697938925
datasets/synthetic_data/s2.csv,243,<timecave.validation_methods.CV.Block_CV object at 0x00000250F6A36960>,1,Tree,1.7902548961077178,1.0627813222011837,1.3380040717829367
datasets/synthetic_data/s2.csv,243,<timecave.validation_methods.CV.Block_CV object at 0x00000250F6A36960>,1,ARMA,1.7980928607205167,1.0370975782265717,1.3409298492913477
datasets/synthetic_data/s2.csv,243,<timecave.validation_methods.CV.Block_CV object at 0x00000250F6A36960>,2,Tree,2.9031327441021753,1.3748403383179717,1.7038581936599582
datasets/synthetic_data/s2.csv,243,<timecave.validation_methods.CV.Block_CV object at 0x00000250F6A36960>,2,ARMA,2.447567269697776,1.2367452493883722,1.5644702840571232
datasets/synthetic_data/s2.csv,243,<timecave.validation_methods.CV.Block_CV object at 0x00000250F6A36960>,3,Tree,1.709657895165215,0.8625265056881835,1.307538869466302
datasets/synthetic_data/s2.csv,243,<timecave.validation_methods.CV.Block_CV object at 0x00000250F6A36960>,3,ARMA,0.9239411568471334,0.7757766365734143,0.9612185791208644
datasets/synthetic_data/s2.csv,243,<timecave.validation_methods.CV.Block_CV object at 0x00000250F6A36960>,4,Tree,3.6709546749019313,1.4807641563067493,1.9159735579861041
datasets/synthetic_data/s2.csv,243,<timecave.validation_methods.CV.Block_CV object at 0x00000250F6A36960>,4,ARMA,0.8448593900696402,0.7365257035351434,0.9191623306411334
datasets/synthetic_data/s2.csv,243,<timecave.validation_methods.CV.AdaptedhvBlockCV object at 0x00000250F6A362D0>,0,Tree,3.868957184481665,1.5837389502879047,1.9669664929738038
datasets/synthetic_data/s2.csv,243,<timecave.validation_methods.CV.AdaptedhvBlockCV object at 0x00000250F6A362D0>,0,ARMA,1.1847274363692004,0.8442261868028522,1.0884518530321865
datasets/synthetic_data/s2.csv,243,<timecave.validation_methods.CV.AdaptedhvBlockCV object at 0x00000250F6A362D0>,1,Tree,1.9667799275005853,1.1831200801216173,1.4024193122959285
datasets/synthetic_data/s2.csv,243,<timecave.validation_methods.CV.AdaptedhvBlockCV object at 0x00000250F6A362D0>,1,ARMA,1.7949821430178012,1.0357416426615902,1.3397694365142836
datasets/synthetic_data/s2.csv,243,<timecave.validation_methods.CV.AdaptedhvBlockCV object at 0x00000250F6A362D0>,2,Tree,2.5782340127162793,1.266996486112309,1.605688018488112
datasets/synthetic_data/s2.csv,243,<timecave.validation_methods.CV.AdaptedhvBlockCV object at 0x00000250F6A362D0>,2,ARMA,2.4238605980080745,1.232861732256691,1.5568752673249306
datasets/synthetic_data/s2.csv,243,<timecave.validation_methods.CV.AdaptedhvBlockCV object at 0x00000250F6A362D0>,3,Tree,2.223701091825028,1.2666954409294624,1.4912079304459953
datasets/synthetic_data/s2.csv,243,<timecave.validation_methods.CV.AdaptedhvBlockCV object at 0x00000250F6A362D0>,3,ARMA,0.9016617161890799,0.7613295746941022,0.9495586954944281
datasets/synthetic_data/s2.csv,243,<timecave.validation_methods.CV.AdaptedhvBlockCV object at 0x00000250F6A362D0>,4,Tree,3.2920908510582145,1.3732068276873794,1.8144119849301632
datasets/synthetic_data/s2.csv,243,<timecave.validation_methods.CV.AdaptedhvBlockCV object at 0x00000250F6A362D0>,4,ARMA,0.8661573634498744,0.7585423022369898,0.9306757563458256
datasets/synthetic_data/s2.csv,243,<timecave.validation_methods.markov.MarkovCV object at 0x00000250F6A34A40>,0,Tree,5.862759693788585,2.1464714559954197,2.4213136297862334
datasets/synthetic_data/s2.csv,243,<timecave.validation_methods.markov.MarkovCV object at 0x00000250F6A34A40>,0,ARMA,1.5162317647806323,1.0596732282958123,1.2313536310827333
datasets/synthetic_data/s2.csv,243,<timecave.validation_methods.markov.MarkovCV object at 0x00000250F6A34A40>,1,Tree,7.093993173969011,2.4714870685671624,2.6634551195710077
datasets/synthetic_data/s2.csv,243,<timecave.validation_methods.markov.MarkovCV object at 0x00000250F6A34A40>,1,ARMA,2.19960462104371,1.250808904325514,1.483106409211325
datasets/synthetic_data/s2.csv,243,<timecave.validation_methods.markov.MarkovCV object at 0x00000250F6A34A40>,2,Tree,1.6182669726279728,1.0461566459239526,1.2721112265159729
datasets/synthetic_data/s2.csv,243,<timecave.validation_methods.markov.MarkovCV object at 0x00000250F6A34A40>,2,ARMA,1.438111646084979,0.9728207974735068,1.1992129277509391
datasets/synthetic_data/s2.csv,243,<timecave.validation_methods.markov.MarkovCV object at 0x00000250F6A34A40>,3,Tree,1.5451418791354563,1.1115205505574,1.2430373603136216
datasets/synthetic_data/s2.csv,243,<timecave.validation_methods.markov.MarkovCV object at 0x00000250F6A34A40>,3,ARMA,1.042542615896975,0.8150828151363007,1.0210497617143717
datasets/synthetic_data/s2.csv,243,<timecave.validation_methods.markov.MarkovCV object at 0x00000250F6A34A40>,4,Tree,4.035871797784181,1.6625291219190457,2.008947933069491
datasets/synthetic_data/s2.csv,243,<timecave.validation_methods.markov.MarkovCV object at 0x00000250F6A34A40>,4,ARMA,2.5147845193925065,1.2669046236026058,1.5858072138165176
datasets/synthetic_data/s2.csv,243,<timecave.validation_methods.markov.MarkovCV object at 0x00000250F6A34A40>,5,Tree,1.6907508062393874,1.0430844764974767,1.3002887395649427
datasets/synthetic_data/s2.csv,243,<timecave.validation_methods.markov.MarkovCV object at 0x00000250F6A34A40>,5,ARMA,2.794093130895626,1.3241311072735378,1.6715541064816377
datasets/synthetic_data/s2.csv,243,<timecave.validation_methods.markov.MarkovCV object at 0x00000250F6A34A40>,6,Tree,4.875620805454889,1.9378109590046035,2.208080796858414
datasets/synthetic_data/s2.csv,243,<timecave.validation_methods.markov.MarkovCV object at 0x00000250F6A34A40>,6,ARMA,2.025151745496522,1.2149180369595463,1.4230782640095807
datasets/synthetic_data/s2.csv,243,<timecave.validation_methods.markov.MarkovCV object at 0x00000250F6A34A40>,7,Tree,4.194640580346146,1.7762675239426846,2.048082171287604
datasets/synthetic_data/s2.csv,243,<timecave.validation_methods.markov.MarkovCV object at 0x00000250F6A34A40>,7,ARMA,0.8156124494584845,0.6860986627728674,0.9031126449444081
datasets/synthetic_data/s2.csv,243,<timecave.validation_methods.markov.MarkovCV object at 0x00000250F6A34A40>,8,Tree,3.6586170969168963,1.6588949023347355,1.9127511853131594
datasets/synthetic_data/s2.csv,243,<timecave.validation_methods.markov.MarkovCV object at 0x00000250F6A34A40>,8,ARMA,1.5758641777019253,0.9844613952388981,1.2553342892241592
datasets/synthetic_data/s2.csv,243,<timecave.validation_methods.markov.MarkovCV object at 0x00000250F6A34A40>,9,Tree,2.5683010604811574,1.329283130077178,1.602591981909668
datasets/synthetic_data/s2.csv,243,<timecave.validation_methods.markov.MarkovCV object at 0x00000250F6A34A40>,9,ARMA,1.5217098950599843,0.9853576926567957,1.233576059697976
datasets/synthetic_data/s2.csv,244,<timecave.validation_methods.OOS.Holdout object at 0x00000250F2A0F590>,0,Tree,3.6328626207882846,1.5807893568743825,1.90600698340491
datasets/synthetic_data/s2.csv,244,<timecave.validation_methods.OOS.Holdout object at 0x00000250F2A0F590>,0,ARMA,1.7881403450234423,1.0662216907137965,1.3372136497297065
datasets/synthetic_data/s2.csv,244,<timecave.validation_methods.OOS.Repeated_Holdout object at 0x00000250F6A346B0>,0,Tree,1.8962501281276376,1.0539462476976218,1.3770439819147526
datasets/synthetic_data/s2.csv,244,<timecave.validation_methods.OOS.Repeated_Holdout object at 0x00000250F6A346B0>,0,ARMA,1.6827224794302078,1.0280588202309415,1.297197933790448
datasets/synthetic_data/s2.csv,244,<timecave.validation_methods.OOS.Repeated_Holdout object at 0x00000250F6A346B0>,1,Tree,2.580845931961347,1.3509725384793083,1.60650114595706
datasets/synthetic_data/s2.csv,244,<timecave.validation_methods.OOS.Repeated_Holdout object at 0x00000250F6A346B0>,1,ARMA,1.6682829278351112,0.9958477044859774,1.2916202723072718
datasets/synthetic_data/s2.csv,244,<timecave.validation_methods.OOS.Repeated_Holdout object at 0x00000250F6A346B0>,2,Tree,2.8862197125087192,1.4089126018225726,1.6988877869090468
datasets/synthetic_data/s2.csv,244,<timecave.validation_methods.OOS.Repeated_Holdout object at 0x00000250F6A346B0>,2,ARMA,1.8141978612173741,1.0604370894528545,1.346921624006896
datasets/synthetic_data/s2.csv,244,<timecave.validation_methods.OOS.Repeated_Holdout object at 0x00000250F6A346B0>,3,Tree,3.7977073239992074,1.577429800731958,1.9487707212494771
datasets/synthetic_data/s2.csv,244,<timecave.validation_methods.OOS.Repeated_Holdout object at 0x00000250F6A346B0>,3,ARMA,1.7881403450234423,1.0662216907137965,1.3372136497297065
datasets/synthetic_data/s2.csv,244,<timecave.validation_methods.prequential.Growing_Window object at 0x00000250F6A36ED0>,0,Tree,3.367417348769104,1.5412930316216258,1.8350524103602883
datasets/synthetic_data/s2.csv,244,<timecave.validation_methods.prequential.Growing_Window object at 0x00000250F6A36ED0>,0,ARMA,2.008944521560942,1.1067002903722378,1.4173724004512511
datasets/synthetic_data/s2.csv,244,<timecave.validation_methods.prequential.Growing_Window object at 0x00000250F6A36ED0>,1,Tree,2.7390147202317685,1.2896771553014343,1.6549968943269255
datasets/synthetic_data/s2.csv,244,<timecave.validation_methods.prequential.Growing_Window object at 0x00000250F6A36ED0>,1,ARMA,2.467455486857765,1.2883090324094857,1.5708136384873175
datasets/synthetic_data/s2.csv,244,<timecave.validation_methods.prequential.Growing_Window object at 0x00000250F6A36ED0>,2,Tree,2.155050825431835,1.287808818454397,1.4680091366990313
datasets/synthetic_data/s2.csv,244,<timecave.validation_methods.prequential.Growing_Window object at 0x00000250F6A36ED0>,2,ARMA,2.2549003346204977,1.2047378636836266,1.5016325564599675
datasets/synthetic_data/s2.csv,244,<timecave.validation_methods.prequential.Growing_Window object at 0x00000250F6A36ED0>,3,Tree,2.414414074444812,1.233083378484477,1.5538384968988288
datasets/synthetic_data/s2.csv,244,<timecave.validation_methods.prequential.Growing_Window object at 0x00000250F6A36ED0>,3,ARMA,1.7239556081375162,1.025895750787016,1.3129949002709478
datasets/synthetic_data/s2.csv,244,<timecave.validation_methods.prequential.Growing_Window object at 0x00000250F6A378F0>,0,Tree,4.159042436168425,1.6064219730103033,2.0393730497798646
datasets/synthetic_data/s2.csv,244,<timecave.validation_methods.prequential.Growing_Window object at 0x00000250F6A378F0>,0,ARMA,2.7007244810435123,1.3838127500585706,1.6433881102902967
datasets/synthetic_data/s2.csv,244,<timecave.validation_methods.prequential.Growing_Window object at 0x00000250F6A378F0>,1,Tree,3.678848462459785,1.5412264691037498,1.9180324456222801
datasets/synthetic_data/s2.csv,244,<timecave.validation_methods.prequential.Growing_Window object at 0x00000250F6A378F0>,1,ARMA,2.2135814511272147,1.1799127989721208,1.4878109594727467
datasets/synthetic_data/s2.csv,244,<timecave.validation_methods.prequential.Growing_Window object at 0x00000250F6A378F0>,2,Tree,2.848403256912137,1.3140624477760139,1.6877213208679143
datasets/synthetic_data/s2.csv,244,<timecave.validation_methods.prequential.Growing_Window object at 0x00000250F6A378F0>,2,ARMA,1.6825646398866578,1.0015341212932847,1.2971370937131734
datasets/synthetic_data/s2.csv,244,<timecave.validation_methods.prequential.Rolling_Window object at 0x00000250F6A34C80>,0,Tree,3.214877386343066,1.5545163155454478,1.7930079158617973
datasets/synthetic_data/s2.csv,244,<timecave.validation_methods.prequential.Rolling_Window object at 0x00000250F6A34C80>,0,ARMA,2.008944521560942,1.1067002903722378,1.4173724004512511
datasets/synthetic_data/s2.csv,244,<timecave.validation_methods.prequential.Rolling_Window object at 0x00000250F6A34C80>,1,Tree,3.268105734777745,1.3588295151858971,1.8077902905972654
datasets/synthetic_data/s2.csv,244,<timecave.validation_methods.prequential.Rolling_Window object at 0x00000250F6A34C80>,1,ARMA,2.4435307896065206,1.2670300156808305,1.5631797048345146
datasets/synthetic_data/s2.csv,244,<timecave.validation_methods.prequential.Rolling_Window object at 0x00000250F6A34C80>,2,Tree,4.189331369129395,1.6680826103454527,2.0467856187518505
datasets/synthetic_data/s2.csv,244,<timecave.validation_methods.prequential.Rolling_Window object at 0x00000250F6A34C80>,2,ARMA,2.280481677178862,1.1838493060777782,1.5101263778832756
datasets/synthetic_data/s2.csv,244,<timecave.validation_methods.prequential.Rolling_Window object at 0x00000250F6A34C80>,3,Tree,3.9417214426008202,1.5168349364412725,1.9853769019006997
datasets/synthetic_data/s2.csv,244,<timecave.validation_methods.prequential.Rolling_Window object at 0x00000250F6A34C80>,3,ARMA,1.7205230622163465,1.0169454816126922,1.3116871053023074
datasets/synthetic_data/s2.csv,244,<timecave.validation_methods.prequential.Rolling_Window object at 0x00000250F6A37470>,0,Tree,3.634445395492844,1.4404472593928772,1.9064221451433163
datasets/synthetic_data/s2.csv,244,<timecave.validation_methods.prequential.Rolling_Window object at 0x00000250F6A37470>,0,ARMA,2.7007244810435123,1.3838127500585706,1.6433881102902967
datasets/synthetic_data/s2.csv,244,<timecave.validation_methods.prequential.Rolling_Window object at 0x00000250F6A37470>,1,Tree,3.5921920697520893,1.5770759791254665,1.8953079089562437
datasets/synthetic_data/s2.csv,244,<timecave.validation_methods.prequential.Rolling_Window object at 0x00000250F6A37470>,1,ARMA,2.2425825186819397,1.203786966937857,1.4975254651196885
datasets/synthetic_data/s2.csv,244,<timecave.validation_methods.prequential.Rolling_Window object at 0x00000250F6A37470>,2,Tree,3.6975796596222072,1.5570841557024357,1.9229091657231776
datasets/synthetic_data/s2.csv,244,<timecave.validation_methods.prequential.Rolling_Window object at 0x00000250F6A37470>,2,ARMA,1.697800733583964,0.9986435581617346,1.3029968279255189
datasets/synthetic_data/s2.csv,244,<timecave.validation_methods.CV.Block_CV object at 0x00000250F6A372F0>,0,Tree,3.436248438852365,1.39341548373487,1.8537120701048384
datasets/synthetic_data/s2.csv,244,<timecave.validation_methods.CV.Block_CV object at 0x00000250F6A372F0>,0,ARMA,1.9960854939342505,1.1553115258215807,1.4128288976143752
datasets/synthetic_data/s2.csv,244,<timecave.validation_methods.CV.Block_CV object at 0x00000250F6A372F0>,1,Tree,3.1807794019104563,1.5245994473830218,1.7834739700680962
datasets/synthetic_data/s2.csv,244,<timecave.validation_methods.CV.Block_CV object at 0x00000250F6A372F0>,1,ARMA,1.9729665329600046,1.113978957030064,1.4046232708310098
datasets/synthetic_data/s2.csv,244,<timecave.validation_methods.CV.Block_CV object at 0x00000250F6A372F0>,2,Tree,2.5402283545940567,1.3336845694134103,1.5938093846486339
datasets/synthetic_data/s2.csv,244,<timecave.validation_methods.CV.Block_CV object at 0x00000250F6A372F0>,2,ARMA,2.6202898724726986,1.2989604073845773,1.6187309450531606
datasets/synthetic_data/s2.csv,244,<timecave.validation_methods.CV.Block_CV object at 0x00000250F6A372F0>,3,Tree,3.873320724523591,1.6263794125688429,1.9680753858842885
datasets/synthetic_data/s2.csv,244,<timecave.validation_methods.CV.Block_CV object at 0x00000250F6A372F0>,3,ARMA,2.480181761082529,1.3132444354082062,1.5748592829464254
datasets/synthetic_data/s2.csv,244,<timecave.validation_methods.CV.Block_CV object at 0x00000250F6A372F0>,4,Tree,2.8379031573682134,1.3639802269608763,1.684607716166649
datasets/synthetic_data/s2.csv,244,<timecave.validation_methods.CV.Block_CV object at 0x00000250F6A372F0>,4,ARMA,1.7239556081375162,1.025895750787016,1.3129949002709478
datasets/synthetic_data/s2.csv,244,<timecave.validation_methods.CV.AdaptedhvBlockCV object at 0x00000250F6A34B00>,0,Tree,4.117818928445006,1.5467320347064755,2.029240973478755
datasets/synthetic_data/s2.csv,244,<timecave.validation_methods.CV.AdaptedhvBlockCV object at 0x00000250F6A34B00>,0,ARMA,1.9979276441269218,1.1553000094964572,1.4134806840303555
datasets/synthetic_data/s2.csv,244,<timecave.validation_methods.CV.AdaptedhvBlockCV object at 0x00000250F6A34B00>,1,Tree,3.1476285515076605,1.474156083975448,1.774155729215353
datasets/synthetic_data/s2.csv,244,<timecave.validation_methods.CV.AdaptedhvBlockCV object at 0x00000250F6A34B00>,1,ARMA,2.0084922118046586,1.117194079118828,1.4172128322184565
datasets/synthetic_data/s2.csv,244,<timecave.validation_methods.CV.AdaptedhvBlockCV object at 0x00000250F6A34B00>,2,Tree,3.326839870922629,1.499201756527782,1.8239626835334732
datasets/synthetic_data/s2.csv,244,<timecave.validation_methods.CV.AdaptedhvBlockCV object at 0x00000250F6A34B00>,2,ARMA,2.6014009559735896,1.296581029609874,1.61288590916208
datasets/synthetic_data/s2.csv,244,<timecave.validation_methods.CV.AdaptedhvBlockCV object at 0x00000250F6A34B00>,3,Tree,3.591124267601749,1.469687888963841,1.895026191798348
datasets/synthetic_data/s2.csv,244,<timecave.validation_methods.CV.AdaptedhvBlockCV object at 0x00000250F6A34B00>,3,ARMA,2.425304828190803,1.2940685180593088,1.5573390215976748
datasets/synthetic_data/s2.csv,244,<timecave.validation_methods.CV.AdaptedhvBlockCV object at 0x00000250F6A34B00>,4,Tree,2.203321851339626,1.2905092930441586,1.484359070892089
datasets/synthetic_data/s2.csv,244,<timecave.validation_methods.CV.AdaptedhvBlockCV object at 0x00000250F6A34B00>,4,ARMA,1.849660799472634,1.0820629570922282,1.3600223525636017
datasets/synthetic_data/s2.csv,244,<timecave.validation_methods.markov.MarkovCV object at 0x00000250F6A370E0>,0,Tree,7.589255525754427,2.5850039916806593,2.754860345962101
datasets/synthetic_data/s2.csv,244,<timecave.validation_methods.markov.MarkovCV object at 0x00000250F6A370E0>,0,ARMA,4.138575207178262,1.6833332866746489,2.0343488410737876
datasets/synthetic_data/s2.csv,244,<timecave.validation_methods.markov.MarkovCV object at 0x00000250F6A370E0>,1,Tree,8.763347447097484,2.519774270304706,2.9602951621582405
datasets/synthetic_data/s2.csv,244,<timecave.validation_methods.markov.MarkovCV object at 0x00000250F6A370E0>,1,ARMA,2.263793627480719,1.2644539621326776,1.5045908505240617
datasets/synthetic_data/s2.csv,244,<timecave.validation_methods.markov.MarkovCV object at 0x00000250F6A370E0>,2,Tree,3.7425192831549583,1.7364242171609217,1.9345591960844617
datasets/synthetic_data/s2.csv,244,<timecave.validation_methods.markov.MarkovCV object at 0x00000250F6A370E0>,2,ARMA,2.4541331996504816,1.2157776889155982,1.5665673300725
datasets/synthetic_data/s2.csv,244,<timecave.validation_methods.markov.MarkovCV object at 0x00000250F6A370E0>,3,Tree,5.452201484574791,2.0474695059726247,2.3349949645716137
datasets/synthetic_data/s2.csv,244,<timecave.validation_methods.markov.MarkovCV object at 0x00000250F6A370E0>,3,ARMA,2.3523618510210427,1.1140286293386537,1.5337411290765606
datasets/synthetic_data/s2.csv,244,<timecave.validation_methods.markov.MarkovCV object at 0x00000250F6A370E0>,4,Tree,2.2720918149889826,1.2396129963991083,1.5073459506659321
datasets/synthetic_data/s2.csv,244,<timecave.validation_methods.markov.MarkovCV object at 0x00000250F6A370E0>,4,ARMA,1.0195179851898435,0.8031126030116676,1.0097118327472663
datasets/synthetic_data/s2.csv,244,<timecave.validation_methods.markov.MarkovCV object at 0x00000250F6A370E0>,5,Tree,4.17696775290611,1.8026339298515985,2.0437631352253396
datasets/synthetic_data/s2.csv,244,<timecave.validation_methods.markov.MarkovCV object at 0x00000250F6A370E0>,5,ARMA,2.7546837675769464,1.4465390317314921,1.659724003434591
datasets/synthetic_data/s2.csv,244,<timecave.validation_methods.markov.MarkovCV object at 0x00000250F6A370E0>,6,Tree,3.0243807541151195,1.4918578587768083,1.739074683305786
datasets/synthetic_data/s2.csv,244,<timecave.validation_methods.markov.MarkovCV object at 0x00000250F6A370E0>,6,ARMA,1.5604790849553598,0.9665995719436095,1.2491913724307255
datasets/synthetic_data/s2.csv,244,<timecave.validation_methods.markov.MarkovCV object at 0x00000250F6A370E0>,7,Tree,2.583796787269001,1.314031122892983,1.6074192941696952
datasets/synthetic_data/s2.csv,244,<timecave.validation_methods.markov.MarkovCV object at 0x00000250F6A370E0>,7,ARMA,2.5628843825242096,1.309690891315281,1.6009011157857969
datasets/synthetic_data/s2.csv,244,<timecave.validation_methods.markov.MarkovCV object at 0x00000250F6A370E0>,8,Tree,3.2621253315846848,1.5590786998459074,1.8061354687798712
datasets/synthetic_data/s2.csv,244,<timecave.validation_methods.markov.MarkovCV object at 0x00000250F6A370E0>,8,ARMA,4.67422562044292,1.7124839218954937,2.1619957494044524
datasets/synthetic_data/s2.csv,244,<timecave.validation_methods.markov.MarkovCV object at 0x00000250F6A370E0>,9,Tree,3.7458558342139527,1.5295284609123174,1.9354213583129523
datasets/synthetic_data/s2.csv,244,<timecave.validation_methods.markov.MarkovCV object at 0x00000250F6A370E0>,9,ARMA,1.4770050828781929,0.9925856124566658,1.2153209793623216
datasets/synthetic_data/s2.csv,245,<timecave.validation_methods.OOS.Holdout object at 0x00000250F6A44F20>,0,Tree,2.1415269057722535,1.1994392274993009,1.463395676422564
datasets/synthetic_data/s2.csv,245,<timecave.validation_methods.OOS.Holdout object at 0x00000250F6A44F20>,0,ARMA,1.9569765901635892,1.1494073365292654,1.3989197940423852
datasets/synthetic_data/s2.csv,245,<timecave.validation_methods.OOS.Repeated_Holdout object at 0x00000250F6A34170>,0,Tree,1.5732452533529664,1.0427830699248817,1.2542907371709984
datasets/synthetic_data/s2.csv,245,<timecave.validation_methods.OOS.Repeated_Holdout object at 0x00000250F6A34170>,0,ARMA,1.6928618525441943,1.1179812938337323,1.3011002469234239
datasets/synthetic_data/s2.csv,245,<timecave.validation_methods.OOS.Repeated_Holdout object at 0x00000250F6A34170>,1,Tree,1.3600561401250693,0.9690544045347981,1.1662144486007149
datasets/synthetic_data/s2.csv,245,<timecave.validation_methods.OOS.Repeated_Holdout object at 0x00000250F6A34170>,1,ARMA,1.4964822875057995,1.0529694794097408,1.2233079283262247
datasets/synthetic_data/s2.csv,245,<timecave.validation_methods.OOS.Repeated_Holdout object at 0x00000250F6A34170>,2,Tree,2.1330781685311266,1.256803519312158,1.460506134369564
datasets/synthetic_data/s2.csv,245,<timecave.validation_methods.OOS.Repeated_Holdout object at 0x00000250F6A34170>,2,ARMA,2.179142860033421,1.2310645394836734,1.4761920132670483
datasets/synthetic_data/s2.csv,245,<timecave.validation_methods.OOS.Repeated_Holdout object at 0x00000250F6A34170>,3,Tree,2.3840964791415904,1.3055725338970539,1.5440519677593725
datasets/synthetic_data/s2.csv,245,<timecave.validation_methods.OOS.Repeated_Holdout object at 0x00000250F6A34170>,3,ARMA,1.9569765901635892,1.1494073365292654,1.3989197940423852
datasets/synthetic_data/s2.csv,245,<timecave.validation_methods.prequential.Growing_Window object at 0x00000250F6A36720>,0,Tree,3.574170645272212,1.4427537065902245,1.8905477103929993
datasets/synthetic_data/s2.csv,245,<timecave.validation_methods.prequential.Growing_Window object at 0x00000250F6A36720>,0,ARMA,2.507261253611878,1.1130839157697325,1.5834333751730376
datasets/synthetic_data/s2.csv,245,<timecave.validation_methods.prequential.Growing_Window object at 0x00000250F6A36720>,1,Tree,2.473912030172656,1.3119971748697905,1.5728674547375745
datasets/synthetic_data/s2.csv,245,<timecave.validation_methods.prequential.Growing_Window object at 0x00000250F6A36720>,1,ARMA,1.5519349731691319,1.0202164513548306,1.2457668213470496
datasets/synthetic_data/s2.csv,245,<timecave.validation_methods.prequential.Growing_Window object at 0x00000250F6A36720>,2,Tree,2.0929304515266938,1.1402437152489848,1.4466963923113563
datasets/synthetic_data/s2.csv,245,<timecave.validation_methods.prequential.Growing_Window object at 0x00000250F6A36720>,2,ARMA,2.752816116427643,1.3417505078876764,1.65916126896322
datasets/synthetic_data/s2.csv,245,<timecave.validation_methods.prequential.Growing_Window object at 0x00000250F6A36720>,3,Tree,1.3187646697213946,0.9681325386263366,1.1483747949695668
datasets/synthetic_data/s2.csv,245,<timecave.validation_methods.prequential.Growing_Window object at 0x00000250F6A36720>,3,ARMA,1.5258060331930183,1.0703754109272523,1.2352352137115499
datasets/synthetic_data/s2.csv,245,<timecave.validation_methods.prequential.Growing_Window object at 0x00000250F6A36270>,0,Tree,3.52675734842893,1.542920723048072,1.8779662798966679
datasets/synthetic_data/s2.csv,245,<timecave.validation_methods.prequential.Growing_Window object at 0x00000250F6A36270>,0,ARMA,1.9649316964147598,1.1661449718013783,1.4017602135938798
datasets/synthetic_data/s2.csv,245,<timecave.validation_methods.prequential.Growing_Window object at 0x00000250F6A36270>,1,Tree,2.411737034694786,1.3302379962178146,1.552976830057289
datasets/synthetic_data/s2.csv,245,<timecave.validation_methods.prequential.Growing_Window object at 0x00000250F6A36270>,1,ARMA,2.57073827799205,1.2902536360458972,1.603352200233015
datasets/synthetic_data/s2.csv,245,<timecave.validation_methods.prequential.Growing_Window object at 0x00000250F6A36270>,2,Tree,1.2561001846698996,0.9421499781547469,1.1207587540010113
datasets/synthetic_data/s2.csv,245,<timecave.validation_methods.prequential.Growing_Window object at 0x00000250F6A36270>,2,ARMA,1.2998682739876353,0.9731743730590177,1.1401176579580001
datasets/synthetic_data/s2.csv,245,<timecave.validation_methods.prequential.Rolling_Window object at 0x00000250F6A37AA0>,0,Tree,4.681485851968869,1.6682733879363545,2.1636741556826133
datasets/synthetic_data/s2.csv,245,<timecave.validation_methods.prequential.Rolling_Window object at 0x00000250F6A37AA0>,0,ARMA,2.507261253611878,1.1130839157697325,1.5834333751730376
datasets/synthetic_data/s2.csv,245,<timecave.validation_methods.prequential.Rolling_Window object at 0x00000250F6A37AA0>,1,Tree,4.145886450434661,1.6650147724212045,2.0361449973994143
datasets/synthetic_data/s2.csv,245,<timecave.validation_methods.prequential.Rolling_Window object at 0x00000250F6A37AA0>,1,ARMA,1.7454473480219819,1.1000873685354462,1.3211537942351685
datasets/synthetic_data/s2.csv,245,<timecave.validation_methods.prequential.Rolling_Window object at 0x00000250F6A37AA0>,2,Tree,3.280393365436246,1.4303618418682122,1.8111856242351985
datasets/synthetic_data/s2.csv,245,<timecave.validation_methods.prequential.Rolling_Window object at 0x00000250F6A37AA0>,2,ARMA,2.8195690463311576,1.3719110000023773,1.6791572428844053
datasets/synthetic_data/s2.csv,245,<timecave.validation_methods.prequential.Rolling_Window object at 0x00000250F6A37AA0>,3,Tree,5.402342470562193,2.00815884378485,2.3242939724919034
datasets/synthetic_data/s2.csv,245,<timecave.validation_methods.prequential.Rolling_Window object at 0x00000250F6A37AA0>,3,ARMA,2.2418836124049975,1.2918304457204712,1.497292093215281
datasets/synthetic_data/s2.csv,245,<timecave.validation_methods.prequential.Rolling_Window object at 0x00000250F6A369F0>,0,Tree,3.8650748003972093,1.5912638437886995,1.9659793489244004
datasets/synthetic_data/s2.csv,245,<timecave.validation_methods.prequential.Rolling_Window object at 0x00000250F6A369F0>,0,ARMA,1.9649316964147598,1.1661449718013783,1.4017602135938798
datasets/synthetic_data/s2.csv,245,<timecave.validation_methods.prequential.Rolling_Window object at 0x00000250F6A369F0>,1,Tree,4.339928242464236,1.7429368952120141,2.083249443169069
datasets/synthetic_data/s2.csv,245,<timecave.validation_methods.prequential.Rolling_Window object at 0x00000250F6A369F0>,1,ARMA,2.2663453876232316,1.1839505184701538,1.505438603073281
datasets/synthetic_data/s2.csv,245,<timecave.validation_methods.prequential.Rolling_Window object at 0x00000250F6A369F0>,2,Tree,2.4744894440776477,1.247159374384759,1.573050998562236
datasets/synthetic_data/s2.csv,245,<timecave.validation_methods.prequential.Rolling_Window object at 0x00000250F6A369F0>,2,ARMA,1.2863357642460338,0.968166388515313,1.134167432192458
datasets/synthetic_data/s2.csv,245,<timecave.validation_methods.CV.Block_CV object at 0x00000250F6A35730>,0,Tree,1.1605601665480234,0.9233502647381153,1.077292980831131
datasets/synthetic_data/s2.csv,245,<timecave.validation_methods.CV.Block_CV object at 0x00000250F6A35730>,0,ARMA,1.477468494405576,1.0003469268621261,1.2155116183753967
datasets/synthetic_data/s2.csv,245,<timecave.validation_methods.CV.Block_CV object at 0x00000250F6A35730>,1,Tree,3.0852048469212234,1.3239888743116368,1.7564751199266169
datasets/synthetic_data/s2.csv,245,<timecave.validation_methods.CV.Block_CV object at 0x00000250F6A35730>,1,ARMA,2.125499592599538,1.0567714028261703,1.4579093224887267
datasets/synthetic_data/s2.csv,245,<timecave.validation_methods.CV.Block_CV object at 0x00000250F6A35730>,2,Tree,1.7328433628091957,1.1112519058869506,1.3163750843924371
datasets/synthetic_data/s2.csv,245,<timecave.validation_methods.CV.Block_CV object at 0x00000250F6A35730>,2,ARMA,1.5028661359171238,1.0235519225081497,1.2259144080714297
datasets/synthetic_data/s2.csv,245,<timecave.validation_methods.CV.Block_CV object at 0x00000250F6A35730>,3,Tree,2.887835086296266,1.352179983020251,1.6993631413845205
datasets/synthetic_data/s2.csv,245,<timecave.validation_methods.CV.Block_CV object at 0x00000250F6A35730>,3,ARMA,2.7275012158953356,1.3435093960117608,1.65151482460659
datasets/synthetic_data/s2.csv,245,<timecave.validation_methods.CV.Block_CV object at 0x00000250F6A35730>,4,Tree,1.3197645495268175,0.9589960390555134,1.14881005807175
datasets/synthetic_data/s2.csv,245,<timecave.validation_methods.CV.Block_CV object at 0x00000250F6A35730>,4,ARMA,1.5258060331930183,1.0703754109272523,1.2352352137115499
datasets/synthetic_data/s2.csv,245,<timecave.validation_methods.CV.AdaptedhvBlockCV object at 0x00000250F6A375F0>,0,Tree,1.7629864174614636,1.1551393172168807,1.3277749875116127
datasets/synthetic_data/s2.csv,245,<timecave.validation_methods.CV.AdaptedhvBlockCV object at 0x00000250F6A375F0>,0,ARMA,1.4750485399609459,0.9990953334123236,1.2145157635703812
datasets/synthetic_data/s2.csv,245,<timecave.validation_methods.CV.AdaptedhvBlockCV object at 0x00000250F6A375F0>,1,Tree,3.764078334494375,1.528273613674632,1.9401232781692959
datasets/synthetic_data/s2.csv,245,<timecave.validation_methods.CV.AdaptedhvBlockCV object at 0x00000250F6A375F0>,1,ARMA,2.177245003480407,1.071866281930412,1.4755490515331597
datasets/synthetic_data/s2.csv,245,<timecave.validation_methods.CV.AdaptedhvBlockCV object at 0x00000250F6A375F0>,2,Tree,1.535872498689634,0.9842280886364504,1.2393032311301515
datasets/synthetic_data/s2.csv,245,<timecave.validation_methods.CV.AdaptedhvBlockCV object at 0x00000250F6A375F0>,2,ARMA,1.4846952705738028,1.0165293780281763,1.218480722282385
datasets/synthetic_data/s2.csv,245,<timecave.validation_methods.CV.AdaptedhvBlockCV object at 0x00000250F6A375F0>,3,Tree,2.3963432536169487,1.1368102893610221,1.5480126787649218
datasets/synthetic_data/s2.csv,245,<timecave.validation_methods.CV.AdaptedhvBlockCV object at 0x00000250F6A375F0>,3,ARMA,2.7367222936662055,1.3496517265162982,1.6543041720512601
datasets/synthetic_data/s2.csv,245,<timecave.validation_methods.CV.AdaptedhvBlockCV object at 0x00000250F6A375F0>,4,Tree,1.2340862413382236,0.927018633108245,1.1108943430129725
datasets/synthetic_data/s2.csv,245,<timecave.validation_methods.CV.AdaptedhvBlockCV object at 0x00000250F6A375F0>,4,ARMA,1.5889794095475207,1.0862276388435692,1.2605472658918906
datasets/synthetic_data/s2.csv,245,<timecave.validation_methods.markov.MarkovCV object at 0x00000250F6A36900>,0,Tree,7.1230401216682235,2.2262747334069273,2.6689024189108568
datasets/synthetic_data/s2.csv,245,<timecave.validation_methods.markov.MarkovCV object at 0x00000250F6A36900>,0,ARMA,2.15059071084035,1.2977392030170436,1.4664892467523756
datasets/synthetic_data/s2.csv,245,<timecave.validation_methods.markov.MarkovCV object at 0x00000250F6A36900>,1,Tree,5.402439964980767,1.9074469149869135,2.3243149453077065
datasets/synthetic_data/s2.csv,245,<timecave.validation_methods.markov.MarkovCV object at 0x00000250F6A36900>,1,ARMA,3.132772384930186,1.5360891259960596,1.7699639501781346
datasets/synthetic_data/s2.csv,245,<timecave.validation_methods.markov.MarkovCV object at 0x00000250F6A36900>,2,Tree,5.660433224822541,1.973986807774603,2.379166497919501
datasets/synthetic_data/s2.csv,245,<timecave.validation_methods.markov.MarkovCV object at 0x00000250F6A36900>,2,ARMA,2.4337416463618653,1.127233962385418,1.5600453988143632
datasets/synthetic_data/s2.csv,245,<timecave.validation_methods.markov.MarkovCV object at 0x00000250F6A36900>,3,Tree,7.627415035268891,2.216218349863756,2.7617775137162823
datasets/synthetic_data/s2.csv,245,<timecave.validation_methods.markov.MarkovCV object at 0x00000250F6A36900>,3,ARMA,2.280838125657715,1.300364601666138,1.5102443926920288
datasets/synthetic_data/s2.csv,245,<timecave.validation_methods.markov.MarkovCV object at 0x00000250F6A36900>,4,Tree,7.250467581434756,2.045413735286677,2.6926692298599835
datasets/synthetic_data/s2.csv,245,<timecave.validation_methods.markov.MarkovCV object at 0x00000250F6A36900>,4,ARMA,3.9639277070482644,1.627308910698341,1.9909615031557653
datasets/synthetic_data/s2.csv,245,<timecave.validation_methods.markov.MarkovCV object at 0x00000250F6A36900>,5,Tree,7.519052435907072,2.3522748071615274,2.7420890641821014
datasets/synthetic_data/s2.csv,245,<timecave.validation_methods.markov.MarkovCV object at 0x00000250F6A36900>,5,ARMA,2.816359969243389,1.284371034060661,1.678201409021989
datasets/synthetic_data/s2.csv,245,<timecave.validation_methods.markov.MarkovCV object at 0x00000250F6A36900>,6,Tree,3.2445286995701323,1.6574055446535392,1.801257532828144
datasets/synthetic_data/s2.csv,245,<timecave.validation_methods.markov.MarkovCV object at 0x00000250F6A36900>,6,ARMA,0.8406748653020082,0.7521994624943329,0.9168832342790483
datasets/synthetic_data/s2.csv,245,<timecave.validation_methods.markov.MarkovCV object at 0x00000250F6A36900>,7,Tree,1.955214146097433,1.0774826124237662,1.398289721802114
datasets/synthetic_data/s2.csv,245,<timecave.validation_methods.markov.MarkovCV object at 0x00000250F6A36900>,7,ARMA,3.4387356573788033,1.4906913165572533,1.854382823847008
datasets/synthetic_data/s2.csv,245,<timecave.validation_methods.markov.MarkovCV object at 0x00000250F6A36900>,8,Tree,2.0000248558217444,1.2854355595900777,1.4142223502058453
datasets/synthetic_data/s2.csv,245,<timecave.validation_methods.markov.MarkovCV object at 0x00000250F6A36900>,8,ARMA,1.1283330389449548,0.7502911514216257,1.0622302193709963
datasets/synthetic_data/s2.csv,245,<timecave.validation_methods.markov.MarkovCV object at 0x00000250F6A36900>,9,Tree,3.0894067012141515,1.3702313551505072,1.7576708170798512
datasets/synthetic_data/s2.csv,245,<timecave.validation_methods.markov.MarkovCV object at 0x00000250F6A36900>,9,ARMA,1.3350573153753151,1.0107532933873948,1.15544680335155
datasets/synthetic_data/s2.csv,246,<timecave.validation_methods.OOS.Holdout object at 0x00000250F29F7CE0>,0,Tree,3.6908028434758076,1.5830711446944745,1.9211462316741554
datasets/synthetic_data/s2.csv,246,<timecave.validation_methods.OOS.Holdout object at 0x00000250F29F7CE0>,0,ARMA,1.6288049357701615,1.0099935577378771,1.276246424390745
datasets/synthetic_data/s2.csv,246,<timecave.validation_methods.OOS.Repeated_Holdout object at 0x00000250F6A37D70>,0,Tree,2.3997203974593493,1.2718459687933494,1.5491030945225528
datasets/synthetic_data/s2.csv,246,<timecave.validation_methods.OOS.Repeated_Holdout object at 0x00000250F6A37D70>,0,ARMA,1.9158035069871309,1.1207918709299083,1.3841255387381344
datasets/synthetic_data/s2.csv,246,<timecave.validation_methods.OOS.Repeated_Holdout object at 0x00000250F6A37D70>,1,Tree,2.459329376677876,1.304327277631862,1.5682249126569427
datasets/synthetic_data/s2.csv,246,<timecave.validation_methods.OOS.Repeated_Holdout object at 0x00000250F6A37D70>,1,ARMA,1.6414277224310507,1.0386998742818971,1.2811821581769904
datasets/synthetic_data/s2.csv,246,<timecave.validation_methods.OOS.Repeated_Holdout object at 0x00000250F6A37D70>,2,Tree,2.083644628899635,1.1331859688917216,1.4434835048935042
datasets/synthetic_data/s2.csv,246,<timecave.validation_methods.OOS.Repeated_Holdout object at 0x00000250F6A37D70>,2,ARMA,1.7750561595945318,1.0560054454560293,1.3323123356009776
datasets/synthetic_data/s2.csv,246,<timecave.validation_methods.OOS.Repeated_Holdout object at 0x00000250F6A37D70>,3,Tree,3.925951701427791,1.674346565357927,1.9814014488305471
datasets/synthetic_data/s2.csv,246,<timecave.validation_methods.OOS.Repeated_Holdout object at 0x00000250F6A37D70>,3,ARMA,1.6288049357701615,1.0099935577378771,1.276246424390745
datasets/synthetic_data/s2.csv,246,<timecave.validation_methods.prequential.Growing_Window object at 0x00000250F6A35A30>,0,Tree,3.2773253378241596,1.3418045601643878,1.810338459466671
datasets/synthetic_data/s2.csv,246,<timecave.validation_methods.prequential.Growing_Window object at 0x00000250F6A35A30>,0,ARMA,1.347123689087419,0.924666273852282,1.160656576721736
datasets/synthetic_data/s2.csv,246,<timecave.validation_methods.prequential.Growing_Window object at 0x00000250F6A35A30>,1,Tree,4.2761585902400645,1.7020180624255192,2.067887470400666
datasets/synthetic_data/s2.csv,246,<timecave.validation_methods.prequential.Growing_Window object at 0x00000250F6A35A30>,1,ARMA,1.8950851976452228,1.1508497135470188,1.3766209346240608
datasets/synthetic_data/s2.csv,246,<timecave.validation_methods.prequential.Growing_Window object at 0x00000250F6A35A30>,2,Tree,4.3143404939143615,1.7478152703627172,2.077099057318731
datasets/synthetic_data/s2.csv,246,<timecave.validation_methods.prequential.Growing_Window object at 0x00000250F6A35A30>,2,ARMA,1.645990550139432,1.033586251837491,1.2829616323723139
datasets/synthetic_data/s2.csv,246,<timecave.validation_methods.prequential.Growing_Window object at 0x00000250F6A35A30>,3,Tree,2.5825452691380044,1.3724767814483132,1.6070299527818406
datasets/synthetic_data/s2.csv,246,<timecave.validation_methods.prequential.Growing_Window object at 0x00000250F6A35A30>,3,ARMA,1.6054394575081945,1.027805309115665,1.2670593741053315
datasets/synthetic_data/s2.csv,246,<timecave.validation_methods.prequential.Growing_Window object at 0x00000250F6A34AD0>,0,Tree,2.95098644459277,1.4156370570289345,1.717843544852898
datasets/synthetic_data/s2.csv,246,<timecave.validation_methods.prequential.Growing_Window object at 0x00000250F6A34AD0>,0,ARMA,2.476222000545323,1.322997518294185,1.5736016015959449
datasets/synthetic_data/s2.csv,246,<timecave.validation_methods.prequential.Growing_Window object at 0x00000250F6A34AD0>,1,Tree,3.4549061668845447,1.4008039078164076,1.858737788630915
datasets/synthetic_data/s2.csv,246,<timecave.validation_methods.prequential.Growing_Window object at 0x00000250F6A34AD0>,1,ARMA,1.6123685959159029,1.010766462284828,1.2697907685583096
datasets/synthetic_data/s2.csv,246,<timecave.validation_methods.prequential.Growing_Window object at 0x00000250F6A34AD0>,2,Tree,3.0742007799937263,1.439706417512815,1.7533398928883488
datasets/synthetic_data/s2.csv,246,<timecave.validation_methods.prequential.Growing_Window object at 0x00000250F6A34AD0>,2,ARMA,1.7920030023093672,1.0554277295880135,1.3386571638434417
datasets/synthetic_data/s2.csv,246,<timecave.validation_methods.prequential.Rolling_Window object at 0x00000250F6A36C60>,0,Tree,1.6754766810039414,0.9047000981591281,1.2944020553923505
datasets/synthetic_data/s2.csv,246,<timecave.validation_methods.prequential.Rolling_Window object at 0x00000250F6A36C60>,0,ARMA,1.347123689087419,0.924666273852282,1.160656576721736
datasets/synthetic_data/s2.csv,246,<timecave.validation_methods.prequential.Rolling_Window object at 0x00000250F6A36C60>,1,Tree,2.9125139551251698,1.4237206117642516,1.7066089051464515
datasets/synthetic_data/s2.csv,246,<timecave.validation_methods.prequential.Rolling_Window object at 0x00000250F6A36C60>,1,ARMA,1.8668840682620624,1.1506612721302458,1.3663396606488676
datasets/synthetic_data/s2.csv,246,<timecave.validation_methods.prequential.Rolling_Window object at 0x00000250F6A36C60>,2,Tree,2.4410174839410512,1.1943489508034528,1.5623755899082177
datasets/synthetic_data/s2.csv,246,<timecave.validation_methods.prequential.Rolling_Window object at 0x00000250F6A36C60>,2,ARMA,1.7001108279237354,1.067131260883009,1.3038829809165144
datasets/synthetic_data/s2.csv,246,<timecave.validation_methods.prequential.Rolling_Window object at 0x00000250F6A36C60>,3,Tree,1.5352290190501672,0.8958168203752483,1.2390435904560289
datasets/synthetic_data/s2.csv,246,<timecave.validation_methods.prequential.Rolling_Window object at 0x00000250F6A36C60>,3,ARMA,1.9866981200206801,1.1760209129227874,1.4095027917747025
datasets/synthetic_data/s2.csv,246,<timecave.validation_methods.prequential.Rolling_Window object at 0x00000250F6A35520>,0,Tree,2.756026307559996,1.3359586463848483,1.660128400925662
datasets/synthetic_data/s2.csv,246,<timecave.validation_methods.prequential.Rolling_Window object at 0x00000250F6A35520>,0,ARMA,2.476222000545323,1.322997518294185,1.5736016015959449
datasets/synthetic_data/s2.csv,246,<timecave.validation_methods.prequential.Rolling_Window object at 0x00000250F6A35520>,1,Tree,2.3180810702039443,1.2266276302495056,1.5225245712972728
datasets/synthetic_data/s2.csv,246,<timecave.validation_methods.prequential.Rolling_Window object at 0x00000250F6A35520>,1,ARMA,1.6576460736330139,1.037745827167318,1.2874960480067557
datasets/synthetic_data/s2.csv,246,<timecave.validation_methods.prequential.Rolling_Window object at 0x00000250F6A35520>,2,Tree,2.677625694866726,1.2123685052223834,1.6363452248430725
datasets/synthetic_data/s2.csv,246,<timecave.validation_methods.prequential.Rolling_Window object at 0x00000250F6A35520>,2,ARMA,2.088644904025609,1.1609735616088872,1.4452144837447516
datasets/synthetic_data/s2.csv,246,<timecave.validation_methods.CV.Block_CV object at 0x00000250F6A37F80>,0,Tree,3.404914511712394,1.4567258688131421,1.845241044338759
datasets/synthetic_data/s2.csv,246,<timecave.validation_methods.CV.Block_CV object at 0x00000250F6A37F80>,0,ARMA,2.228119075414433,1.247792459637921,1.4926885393190479
datasets/synthetic_data/s2.csv,246,<timecave.validation_methods.CV.Block_CV object at 0x00000250F6A37F80>,1,Tree,1.8129343487414562,1.024315833911736,1.346452505193353
datasets/synthetic_data/s2.csv,246,<timecave.validation_methods.CV.Block_CV object at 0x00000250F6A37F80>,1,ARMA,1.2562981460706628,0.8319894984026036,1.1208470663166599
datasets/synthetic_data/s2.csv,246,<timecave.validation_methods.CV.Block_CV object at 0x00000250F6A37F80>,2,Tree,2.955320061577397,1.377570306566257,1.719104435913478
datasets/synthetic_data/s2.csv,246,<timecave.validation_methods.CV.Block_CV object at 0x00000250F6A37F80>,2,ARMA,2.0339552890363435,1.2112936354417996,1.4261680437579378
datasets/synthetic_data/s2.csv,246,<timecave.validation_methods.CV.Block_CV object at 0x00000250F6A37F80>,3,Tree,2.5790753699241695,1.3313852462845914,1.6059499898577694
datasets/synthetic_data/s2.csv,246,<timecave.validation_methods.CV.Block_CV object at 0x00000250F6A37F80>,3,ARMA,1.693093053590497,1.0482168886691487,1.3011890921731926
datasets/synthetic_data/s2.csv,246,<timecave.validation_methods.CV.Block_CV object at 0x00000250F6A37F80>,4,Tree,2.5367588692425334,1.3476049788467843,1.5927205873104464
datasets/synthetic_data/s2.csv,246,<timecave.validation_methods.CV.Block_CV object at 0x00000250F6A37F80>,4,ARMA,1.6054394575081945,1.027805309115665,1.2670593741053315
datasets/synthetic_data/s2.csv,246,<timecave.validation_methods.CV.AdaptedhvBlockCV object at 0x00000250F6A36540>,0,Tree,3.476659085966084,1.425650799193441,1.8645801366436585
datasets/synthetic_data/s2.csv,246,<timecave.validation_methods.CV.AdaptedhvBlockCV object at 0x00000250F6A36540>,0,ARMA,2.2265695807728423,1.2478538909857597,1.4921694209347818
datasets/synthetic_data/s2.csv,246,<timecave.validation_methods.CV.AdaptedhvBlockCV object at 0x00000250F6A36540>,1,Tree,2.9963240754230194,1.388155712795164,1.7309893342892149
datasets/synthetic_data/s2.csv,246,<timecave.validation_methods.CV.AdaptedhvBlockCV object at 0x00000250F6A36540>,1,ARMA,1.2514650564707468,0.8362453799858218,1.1186889900552104
datasets/synthetic_data/s2.csv,246,<timecave.validation_methods.CV.AdaptedhvBlockCV object at 0x00000250F6A36540>,2,Tree,3.285444722330738,1.4601941021277147,1.812579576827108
datasets/synthetic_data/s2.csv,246,<timecave.validation_methods.CV.AdaptedhvBlockCV object at 0x00000250F6A36540>,2,ARMA,2.029692390844603,1.2089965593778071,1.4246727311367349
datasets/synthetic_data/s2.csv,246,<timecave.validation_methods.CV.AdaptedhvBlockCV object at 0x00000250F6A36540>,3,Tree,1.6085867243397045,0.9414244750814847,1.2683007231487746
datasets/synthetic_data/s2.csv,246,<timecave.validation_methods.CV.AdaptedhvBlockCV object at 0x00000250F6A36540>,3,ARMA,1.6810189585727286,1.0428530633498991,1.2965411519009833
datasets/synthetic_data/s2.csv,246,<timecave.validation_methods.CV.AdaptedhvBlockCV object at 0x00000250F6A36540>,4,Tree,2.380419144553615,1.3114160716571068,1.5428607016038796
datasets/synthetic_data/s2.csv,246,<timecave.validation_methods.CV.AdaptedhvBlockCV object at 0x00000250F6A36540>,4,ARMA,1.5804818342871276,0.9967981608861547,1.2571721577759856
datasets/synthetic_data/s2.csv,246,<timecave.validation_methods.markov.MarkovCV object at 0x00000250F6A34BF0>,0,Tree,2.115919746475528,1.1037526536536038,1.454620138206373
datasets/synthetic_data/s2.csv,246,<timecave.validation_methods.markov.MarkovCV object at 0x00000250F6A34BF0>,0,ARMA,1.1698515312073907,0.9675410412848908,1.081596750738181
datasets/synthetic_data/s2.csv,246,<timecave.validation_methods.markov.MarkovCV object at 0x00000250F6A34BF0>,1,Tree,2.658392596791811,1.3403386336267062,1.6304577874915411
datasets/synthetic_data/s2.csv,246,<timecave.validation_methods.markov.MarkovCV object at 0x00000250F6A34BF0>,1,ARMA,1.591824683032932,1.0524992304171465,1.261675347715462
datasets/synthetic_data/s2.csv,246,<timecave.validation_methods.markov.MarkovCV object at 0x00000250F6A34BF0>,2,Tree,4.884652885986806,1.7776255472927247,2.210125083787523
datasets/synthetic_data/s2.csv,246,<timecave.validation_methods.markov.MarkovCV object at 0x00000250F6A34BF0>,2,ARMA,4.328230106270028,1.779060954797211,2.0804398828781445
datasets/synthetic_data/s2.csv,246,<timecave.validation_methods.markov.MarkovCV object at 0x00000250F6A34BF0>,3,Tree,3.3136692227991373,1.571347355219887,1.8203486541866472
datasets/synthetic_data/s2.csv,246,<timecave.validation_methods.markov.MarkovCV object at 0x00000250F6A34BF0>,3,ARMA,1.6707762878177568,1.0120470845270673,1.2925851182099215
datasets/synthetic_data/s2.csv,246,<timecave.validation_methods.markov.MarkovCV object at 0x00000250F6A34BF0>,4,Tree,3.9393285840900223,1.6924656031079983,1.984774189697665
datasets/synthetic_data/s2.csv,246,<timecave.validation_methods.markov.MarkovCV object at 0x00000250F6A34BF0>,4,ARMA,3.172896954573094,1.4253970891024572,1.7812627415889812
datasets/synthetic_data/s2.csv,246,<timecave.validation_methods.markov.MarkovCV object at 0x00000250F6A34BF0>,5,Tree,7.132812018439514,2.307174622769719,2.6707324872475553
datasets/synthetic_data/s2.csv,246,<timecave.validation_methods.markov.MarkovCV object at 0x00000250F6A34BF0>,5,ARMA,2.4585839966539225,1.3285284142410172,1.567987243779082
datasets/synthetic_data/s2.csv,246,<timecave.validation_methods.markov.MarkovCV object at 0x00000250F6A34BF0>,6,Tree,2.6465014834597493,1.2455542299511881,1.6268071439048175
datasets/synthetic_data/s2.csv,246,<timecave.validation_methods.markov.MarkovCV object at 0x00000250F6A34BF0>,6,ARMA,2.0070876582028037,0.9448894518080498,1.416717211797331
datasets/synthetic_data/s2.csv,246,<timecave.validation_methods.markov.MarkovCV object at 0x00000250F6A34BF0>,7,Tree,4.1654667207060365,1.607989590431815,2.0409475056223365
datasets/synthetic_data/s2.csv,246,<timecave.validation_methods.markov.MarkovCV object at 0x00000250F6A34BF0>,7,ARMA,2.6851026128988393,1.3675926908635467,1.638628271725726
datasets/synthetic_data/s2.csv,246,<timecave.validation_methods.markov.MarkovCV object at 0x00000250F6A34BF0>,8,Tree,2.0429032962433813,1.2489465913216309,1.4293016813267174
datasets/synthetic_data/s2.csv,246,<timecave.validation_methods.markov.MarkovCV object at 0x00000250F6A34BF0>,8,ARMA,1.803117444963671,1.0096892897198588,1.3428020870417468
datasets/synthetic_data/s2.csv,246,<timecave.validation_methods.markov.MarkovCV object at 0x00000250F6A34BF0>,9,Tree,2.5254742588257435,1.1762348963038702,1.5891740807179506
datasets/synthetic_data/s2.csv,246,<timecave.validation_methods.markov.MarkovCV object at 0x00000250F6A34BF0>,9,ARMA,1.0041097365372875,0.785656243448012,1.0020527613540553
datasets/synthetic_data/s2.csv,247,<timecave.validation_methods.OOS.Holdout object at 0x00000250F265B800>,0,Tree,1.9370089680664633,1.0283024785230992,1.3917646956531349
datasets/synthetic_data/s2.csv,247,<timecave.validation_methods.OOS.Holdout object at 0x00000250F265B800>,0,ARMA,1.939556197515861,1.0805833904169708,1.3926795027987815
datasets/synthetic_data/s2.csv,247,<timecave.validation_methods.OOS.Repeated_Holdout object at 0x00000250F6A36660>,0,Tree,1.7039079881381693,1.1256371004577095,1.3053382657909671
datasets/synthetic_data/s2.csv,247,<timecave.validation_methods.OOS.Repeated_Holdout object at 0x00000250F6A36660>,0,ARMA,1.9233380006742753,1.050867213201265,1.3868446202348248
datasets/synthetic_data/s2.csv,247,<timecave.validation_methods.OOS.Repeated_Holdout object at 0x00000250F6A36660>,1,Tree,1.5913322728177453,1.05726012450603,1.2614801912110016
datasets/synthetic_data/s2.csv,247,<timecave.validation_methods.OOS.Repeated_Holdout object at 0x00000250F6A36660>,1,ARMA,1.722535800084334,0.9903435992129513,1.31245411351572
datasets/synthetic_data/s2.csv,247,<timecave.validation_methods.OOS.Repeated_Holdout object at 0x00000250F6A36660>,2,Tree,1.5477015195963084,1.0021238070429406,1.244066525390145
datasets/synthetic_data/s2.csv,247,<timecave.validation_methods.OOS.Repeated_Holdout object at 0x00000250F6A36660>,2,ARMA,2.2028467950933477,1.1651473965576262,1.4841990416023545
datasets/synthetic_data/s2.csv,247,<timecave.validation_methods.OOS.Repeated_Holdout object at 0x00000250F6A36660>,3,Tree,1.9958170019517394,1.1017593556118417,1.4127338751342162
datasets/synthetic_data/s2.csv,247,<timecave.validation_methods.OOS.Repeated_Holdout object at 0x00000250F6A36660>,3,ARMA,1.939556197515861,1.0805833904169708,1.3926795027987815
datasets/synthetic_data/s2.csv,247,<timecave.validation_methods.prequential.Growing_Window object at 0x00000250F6A36C00>,0,Tree,3.6147233427595262,1.6145282486236585,1.9012425786204994
datasets/synthetic_data/s2.csv,247,<timecave.validation_methods.prequential.Growing_Window object at 0x00000250F6A36C00>,0,ARMA,1.7891685902909784,1.0304341680811677,1.3375980675415835
datasets/synthetic_data/s2.csv,247,<timecave.validation_methods.prequential.Growing_Window object at 0x00000250F6A36C00>,1,Tree,2.272997919912113,1.155628821088488,1.5076464837328785
datasets/synthetic_data/s2.csv,247,<timecave.validation_methods.prequential.Growing_Window object at 0x00000250F6A36C00>,1,ARMA,2.070018718967307,1.168902059923547,1.4387559622699422
datasets/synthetic_data/s2.csv,247,<timecave.validation_methods.prequential.Growing_Window object at 0x00000250F6A36C00>,2,Tree,3.2061561974454547,1.4119380796022167,1.7905742647110325
datasets/synthetic_data/s2.csv,247,<timecave.validation_methods.prequential.Growing_Window object at 0x00000250F6A36C00>,2,ARMA,2.1076098947764126,1.1966644301044276,1.451760963373934
datasets/synthetic_data/s2.csv,247,<timecave.validation_methods.prequential.Growing_Window object at 0x00000250F6A36C00>,3,Tree,1.4929347213496424,1.0029665176668008,1.2218570789374845
datasets/synthetic_data/s2.csv,247,<timecave.validation_methods.prequential.Growing_Window object at 0x00000250F6A36C00>,3,ARMA,1.7706726274501636,1.0200201415586285,1.3306662344292666
datasets/synthetic_data/s2.csv,247,<timecave.validation_methods.prequential.Growing_Window object at 0x00000250F6A35130>,0,Tree,2.8973761563393654,1.4524691378772394,1.702168075232104
datasets/synthetic_data/s2.csv,247,<timecave.validation_methods.prequential.Growing_Window object at 0x00000250F6A35130>,0,ARMA,1.615055489922881,1.0308769278282628,1.2708483347445048
datasets/synthetic_data/s2.csv,247,<timecave.validation_methods.prequential.Growing_Window object at 0x00000250F6A35130>,1,Tree,3.850356067379798,1.537702306911564,1.9622324193071008
datasets/synthetic_data/s2.csv,247,<timecave.validation_methods.prequential.Growing_Window object at 0x00000250F6A35130>,1,ARMA,2.141043523910893,1.2057178544231735,1.463230509492914
datasets/synthetic_data/s2.csv,247,<timecave.validation_methods.prequential.Growing_Window object at 0x00000250F6A35130>,2,Tree,2.045041605145705,1.0424903336066218,1.4300495114315814
datasets/synthetic_data/s2.csv,247,<timecave.validation_methods.prequential.Growing_Window object at 0x00000250F6A35130>,2,ARMA,1.729556855649896,1.022023511580988,1.3151261748022112
datasets/synthetic_data/s2.csv,247,<timecave.validation_methods.prequential.Rolling_Window object at 0x00000250F6A37440>,0,Tree,3.6893681709066506,1.6048863782179041,1.9207728056453346
datasets/synthetic_data/s2.csv,247,<timecave.validation_methods.prequential.Rolling_Window object at 0x00000250F6A37440>,0,ARMA,1.7891685902909784,1.0304341680811677,1.3375980675415835
datasets/synthetic_data/s2.csv,247,<timecave.validation_methods.prequential.Rolling_Window object at 0x00000250F6A37440>,1,Tree,2.7339932988207574,1.2972193454115322,1.6534791497992218
datasets/synthetic_data/s2.csv,247,<timecave.validation_methods.prequential.Rolling_Window object at 0x00000250F6A37440>,1,ARMA,1.9033970056375877,1.1188186815612395,1.379636548384243
datasets/synthetic_data/s2.csv,247,<timecave.validation_methods.prequential.Rolling_Window object at 0x00000250F6A37440>,2,Tree,2.589729816015924,1.1327510171443573,1.6092637496743423
datasets/synthetic_data/s2.csv,247,<timecave.validation_methods.prequential.Rolling_Window object at 0x00000250F6A37440>,2,ARMA,2.064457311741183,1.181693361207986,1.4368219485173461
datasets/synthetic_data/s2.csv,247,<timecave.validation_methods.prequential.Rolling_Window object at 0x00000250F6A37440>,3,Tree,3.6825132967635956,1.5098627524293344,1.9189875707683977
datasets/synthetic_data/s2.csv,247,<timecave.validation_methods.prequential.Rolling_Window object at 0x00000250F6A37440>,3,ARMA,1.890174982399403,1.0705920177985595,1.3748363474971859
datasets/synthetic_data/s2.csv,247,<timecave.validation_methods.prequential.Rolling_Window object at 0x00000250F6A37890>,0,Tree,2.9000159585717773,1.4488598110107387,1.7029433221842052
datasets/synthetic_data/s2.csv,247,<timecave.validation_methods.prequential.Rolling_Window object at 0x00000250F6A37890>,0,ARMA,1.615055489922881,1.0308769278282628,1.2708483347445048
datasets/synthetic_data/s2.csv,247,<timecave.validation_methods.prequential.Rolling_Window object at 0x00000250F6A37890>,1,Tree,4.347196953115276,1.6727838430744242,2.0849932741175152
datasets/synthetic_data/s2.csv,247,<timecave.validation_methods.prequential.Rolling_Window object at 0x00000250F6A37890>,1,ARMA,2.0531762641288607,1.1730677542206764,1.4328908765599915
datasets/synthetic_data/s2.csv,247,<timecave.validation_methods.prequential.Rolling_Window object at 0x00000250F6A37890>,2,Tree,1.972048830724111,1.0992145672264322,1.40429656081759
datasets/synthetic_data/s2.csv,247,<timecave.validation_methods.prequential.Rolling_Window object at 0x00000250F6A37890>,2,ARMA,1.6271113657972496,0.9681783488993577,1.275582755369972
datasets/synthetic_data/s2.csv,247,<timecave.validation_methods.CV.Block_CV object at 0x00000250F6A35FA0>,0,Tree,3.5170241145329006,1.3935759508541228,1.8753730600957508
datasets/synthetic_data/s2.csv,247,<timecave.validation_methods.CV.Block_CV object at 0x00000250F6A35FA0>,0,ARMA,3.187066882096247,1.498137081455213,1.785235805740028
datasets/synthetic_data/s2.csv,247,<timecave.validation_methods.CV.Block_CV object at 0x00000250F6A35FA0>,1,Tree,3.829151713952606,1.5929724116639645,1.9568218401153963
datasets/synthetic_data/s2.csv,247,<timecave.validation_methods.CV.Block_CV object at 0x00000250F6A35FA0>,1,ARMA,1.7682765538631073,1.0442280088048113,1.329765601097843
datasets/synthetic_data/s2.csv,247,<timecave.validation_methods.CV.Block_CV object at 0x00000250F6A35FA0>,2,Tree,2.092807929003572,1.2081581704831919,1.4466540460675357
datasets/synthetic_data/s2.csv,247,<timecave.validation_methods.CV.Block_CV object at 0x00000250F6A35FA0>,2,ARMA,1.6935901269728568,1.0833965655572024,1.3013800855141655
datasets/synthetic_data/s2.csv,247,<timecave.validation_methods.CV.Block_CV object at 0x00000250F6A35FA0>,3,Tree,2.3345321904865792,1.2546898914791034,1.5279175993771978
datasets/synthetic_data/s2.csv,247,<timecave.validation_methods.CV.Block_CV object at 0x00000250F6A35FA0>,3,ARMA,2.0449205419081364,1.1803851215269592,1.4300071824673246
datasets/synthetic_data/s2.csv,247,<timecave.validation_methods.CV.Block_CV object at 0x00000250F6A35FA0>,4,Tree,1.6410186855910012,1.0747752144265532,1.2810225156456077
datasets/synthetic_data/s2.csv,247,<timecave.validation_methods.CV.Block_CV object at 0x00000250F6A35FA0>,4,ARMA,1.7706726274501636,1.0200201415586285,1.3306662344292666
datasets/synthetic_data/s2.csv,247,<timecave.validation_methods.CV.AdaptedhvBlockCV object at 0x00000250F6A37BF0>,0,Tree,3.556391627305616,1.4133972790150597,1.8858397671344234
datasets/synthetic_data/s2.csv,247,<timecave.validation_methods.CV.AdaptedhvBlockCV object at 0x00000250F6A37BF0>,0,ARMA,3.189853145924034,1.4985907693181615,1.7860159982273491
datasets/synthetic_data/s2.csv,247,<timecave.validation_methods.CV.AdaptedhvBlockCV object at 0x00000250F6A37BF0>,1,Tree,4.06144233951828,1.6235587030072183,2.0153020467211062
datasets/synthetic_data/s2.csv,247,<timecave.validation_methods.CV.AdaptedhvBlockCV object at 0x00000250F6A37BF0>,1,ARMA,1.750977872589973,1.0407594595702554,1.323245205013029
datasets/synthetic_data/s2.csv,247,<timecave.validation_methods.CV.AdaptedhvBlockCV object at 0x00000250F6A37BF0>,2,Tree,1.7762038694720534,1.1103576920694354,1.3327429870279015
datasets/synthetic_data/s2.csv,247,<timecave.validation_methods.CV.AdaptedhvBlockCV object at 0x00000250F6A37BF0>,2,ARMA,1.688603981055833,1.0805095148751391,1.299462958708648
datasets/synthetic_data/s2.csv,247,<timecave.validation_methods.CV.AdaptedhvBlockCV object at 0x00000250F6A37BF0>,3,Tree,2.820019754967065,1.4205340444352255,1.6792914443202125
datasets/synthetic_data/s2.csv,247,<timecave.validation_methods.CV.AdaptedhvBlockCV object at 0x00000250F6A37BF0>,3,ARMA,2.0502281863799316,1.1794150413933526,1.4318617902506972
datasets/synthetic_data/s2.csv,247,<timecave.validation_methods.CV.AdaptedhvBlockCV object at 0x00000250F6A37BF0>,4,Tree,1.4923959564088694,1.0347214788408268,1.2216365893377905
datasets/synthetic_data/s2.csv,247,<timecave.validation_methods.CV.AdaptedhvBlockCV object at 0x00000250F6A37BF0>,4,ARMA,1.7676212888734983,1.0362548383839447,1.329519194623943
datasets/synthetic_data/s2.csv,247,<timecave.validation_methods.markov.MarkovCV object at 0x00000250F6A343B0>,0,Tree,7.563838206644104,2.418184230533689,2.750243299536262
datasets/synthetic_data/s2.csv,247,<timecave.validation_methods.markov.MarkovCV object at 0x00000250F6A343B0>,0,ARMA,3.638705579825297,1.548519333449826,1.9075391424097428
datasets/synthetic_data/s2.csv,247,<timecave.validation_methods.markov.MarkovCV object at 0x00000250F6A343B0>,1,Tree,4.231305387660578,1.6978591977144362,2.0570137062403298
datasets/synthetic_data/s2.csv,247,<timecave.validation_methods.markov.MarkovCV object at 0x00000250F6A343B0>,1,ARMA,2.1236887648536125,1.1200859951333955,1.4572881543653653
datasets/synthetic_data/s2.csv,247,<timecave.validation_methods.markov.MarkovCV object at 0x00000250F6A343B0>,2,Tree,3.5060891156645906,1.5505575842063923,1.8724553708071632
datasets/synthetic_data/s2.csv,247,<timecave.validation_methods.markov.MarkovCV object at 0x00000250F6A343B0>,2,ARMA,3.579381037096735,1.533598456438988,1.8919252197422431
datasets/synthetic_data/s2.csv,247,<timecave.validation_methods.markov.MarkovCV object at 0x00000250F6A343B0>,3,Tree,3.270041115727787,1.540690544632568,1.8083255004914869
datasets/synthetic_data/s2.csv,247,<timecave.validation_methods.markov.MarkovCV object at 0x00000250F6A343B0>,3,ARMA,2.5093678620044955,1.304901834763491,1.5840984382305587
datasets/synthetic_data/s2.csv,247,<timecave.validation_methods.markov.MarkovCV object at 0x00000250F6A343B0>,4,Tree,2.3282179061021866,1.3230498043024321,1.525849896320797
datasets/synthetic_data/s2.csv,247,<timecave.validation_methods.markov.MarkovCV object at 0x00000250F6A343B0>,4,ARMA,1.3777824043385567,1.0180986709520004,1.1737897615580726
datasets/synthetic_data/s2.csv,247,<timecave.validation_methods.markov.MarkovCV object at 0x00000250F6A343B0>,5,Tree,3.089958305392351,1.5864369301954957,1.7578277234679032
datasets/synthetic_data/s2.csv,247,<timecave.validation_methods.markov.MarkovCV object at 0x00000250F6A343B0>,5,ARMA,2.0278566758193666,1.1876104216938375,1.4240283269020202
datasets/synthetic_data/s2.csv,247,<timecave.validation_methods.markov.MarkovCV object at 0x00000250F6A343B0>,6,Tree,4.994542229171471,1.7745235941504733,2.234847249628366
datasets/synthetic_data/s2.csv,247,<timecave.validation_methods.markov.MarkovCV object at 0x00000250F6A343B0>,6,ARMA,2.450908446698026,1.3738700894308433,1.5655377500073342
datasets/synthetic_data/s2.csv,247,<timecave.validation_methods.markov.MarkovCV object at 0x00000250F6A343B0>,7,Tree,3.0099652186493207,1.4978479383525694,1.734925133442167
datasets/synthetic_data/s2.csv,247,<timecave.validation_methods.markov.MarkovCV object at 0x00000250F6A343B0>,7,ARMA,3.364485686061911,1.5738498299041228,1.8342534410658498
datasets/synthetic_data/s2.csv,247,<timecave.validation_methods.markov.MarkovCV object at 0x00000250F6A343B0>,8,Tree,2.854767308747579,1.1200100619965583,1.6896056666416512
datasets/synthetic_data/s2.csv,247,<timecave.validation_methods.markov.MarkovCV object at 0x00000250F6A343B0>,8,ARMA,2.72671810861424,1.341700656558636,1.6512777200138806
datasets/synthetic_data/s2.csv,247,<timecave.validation_methods.markov.MarkovCV object at 0x00000250F6A343B0>,9,Tree,5.59897453709414,1.8234223034569157,2.3662152347354497
datasets/synthetic_data/s2.csv,247,<timecave.validation_methods.markov.MarkovCV object at 0x00000250F6A343B0>,9,ARMA,4.403088794671653,1.6569508132071364,2.098353829713105
datasets/synthetic_data/s2.csv,248,<timecave.validation_methods.OOS.Holdout object at 0x00000250F2A0C680>,0,Tree,2.256844212989938,1.1572932787173442,1.5022796720284604
datasets/synthetic_data/s2.csv,248,<timecave.validation_methods.OOS.Holdout object at 0x00000250F2A0C680>,0,ARMA,1.650401406090533,1.0444577931004668,1.2846794954736893
datasets/synthetic_data/s2.csv,248,<timecave.validation_methods.OOS.Repeated_Holdout object at 0x00000250F6A37140>,0,Tree,2.0466861005333015,1.1332001798271807,1.4306243743671159
datasets/synthetic_data/s2.csv,248,<timecave.validation_methods.OOS.Repeated_Holdout object at 0x00000250F6A37140>,0,ARMA,1.5831520950906017,1.0075073413620572,1.2582337203757503
datasets/synthetic_data/s2.csv,248,<timecave.validation_methods.OOS.Repeated_Holdout object at 0x00000250F6A37140>,1,Tree,3.426116307291469,1.4832214841281677,1.8509771223036413
datasets/synthetic_data/s2.csv,248,<timecave.validation_methods.OOS.Repeated_Holdout object at 0x00000250F6A37140>,1,ARMA,1.5844752971976703,1.0054740439953862,1.2587594278485743
datasets/synthetic_data/s2.csv,248,<timecave.validation_methods.OOS.Repeated_Holdout object at 0x00000250F6A37140>,2,Tree,1.7484997315654756,1.0492344475328976,1.3223084857798786
datasets/synthetic_data/s2.csv,248,<timecave.validation_methods.OOS.Repeated_Holdout object at 0x00000250F6A37140>,2,ARMA,1.5989053159587652,1.0226754282889006,1.2644782781680217
datasets/synthetic_data/s2.csv,248,<timecave.validation_methods.OOS.Repeated_Holdout object at 0x00000250F6A37140>,3,Tree,2.3417077818193275,1.1625934182822526,1.5302639582174467
datasets/synthetic_data/s2.csv,248,<timecave.validation_methods.OOS.Repeated_Holdout object at 0x00000250F6A37140>,3,ARMA,1.650401406090533,1.0444577931004668,1.2846794954736893
datasets/synthetic_data/s2.csv,248,<timecave.validation_methods.prequential.Growing_Window object at 0x00000250F6A36A20>,0,Tree,2.1666661703933094,1.2493752091350185,1.4719599758122872
datasets/synthetic_data/s2.csv,248,<timecave.validation_methods.prequential.Growing_Window object at 0x00000250F6A36A20>,0,ARMA,2.667426946450777,1.3517320948655565,1.6332259324572265
datasets/synthetic_data/s2.csv,248,<timecave.validation_methods.prequential.Growing_Window object at 0x00000250F6A36A20>,1,Tree,2.3444770859527937,1.215909431215856,1.5311685361033232
datasets/synthetic_data/s2.csv,248,<timecave.validation_methods.prequential.Growing_Window object at 0x00000250F6A36A20>,1,ARMA,1.2903314140050144,0.9552690545662335,1.1359275566712053
datasets/synthetic_data/s2.csv,248,<timecave.validation_methods.prequential.Growing_Window object at 0x00000250F6A36A20>,2,Tree,2.270729468940788,1.1600075927285085,1.5068939806571622
datasets/synthetic_data/s2.csv,248,<timecave.validation_methods.prequential.Growing_Window object at 0x00000250F6A36A20>,2,ARMA,1.423452535961898,1.0100194450840139,1.1930853012093887
datasets/synthetic_data/s2.csv,248,<timecave.validation_methods.prequential.Growing_Window object at 0x00000250F6A36A20>,3,Tree,3.513279745079448,1.4949054102748984,1.8743744943525689
datasets/synthetic_data/s2.csv,248,<timecave.validation_methods.prequential.Growing_Window object at 0x00000250F6A36A20>,3,ARMA,1.6110918830132104,1.0023381697355762,1.2692879433025472
datasets/synthetic_data/s2.csv,248,<timecave.validation_methods.prequential.Growing_Window object at 0x00000250F6A345C0>,0,Tree,2.1826629531034953,1.0663454983886764,1.4773838205095842
datasets/synthetic_data/s2.csv,248,<timecave.validation_methods.prequential.Growing_Window object at 0x00000250F6A345C0>,0,ARMA,1.4767427516592477,1.0070998784028706,1.21521304784768
datasets/synthetic_data/s2.csv,248,<timecave.validation_methods.prequential.Growing_Window object at 0x00000250F6A345C0>,1,Tree,3.5113078073523774,1.4337865177885822,1.873848394975532
datasets/synthetic_data/s2.csv,248,<timecave.validation_methods.prequential.Growing_Window object at 0x00000250F6A345C0>,1,ARMA,1.2245018517955304,0.9300816444095523,1.1065721177562402
datasets/synthetic_data/s2.csv,248,<timecave.validation_methods.prequential.Growing_Window object at 0x00000250F6A345C0>,2,Tree,3.029861675671895,1.3519908010082338,1.7406497854743483
datasets/synthetic_data/s2.csv,248,<timecave.validation_methods.prequential.Growing_Window object at 0x00000250F6A345C0>,2,ARMA,1.7310130715378929,1.0545281940975304,1.315679699447359
datasets/synthetic_data/s2.csv,248,<timecave.validation_methods.prequential.Rolling_Window object at 0x00000250F6A361E0>,0,Tree,2.5295975877233765,1.3325155026947297,1.5904708698128918
datasets/synthetic_data/s2.csv,248,<timecave.validation_methods.prequential.Rolling_Window object at 0x00000250F6A361E0>,0,ARMA,2.667426946450777,1.3517320948655565,1.6332259324572265
datasets/synthetic_data/s2.csv,248,<timecave.validation_methods.prequential.Rolling_Window object at 0x00000250F6A361E0>,1,Tree,1.956015624694175,1.2022518723639322,1.3985762849033923
datasets/synthetic_data/s2.csv,248,<timecave.validation_methods.prequential.Rolling_Window object at 0x00000250F6A361E0>,1,ARMA,1.3087884808445638,0.960260876761345,1.1440229372021191
datasets/synthetic_data/s2.csv,248,<timecave.validation_methods.prequential.Rolling_Window object at 0x00000250F6A361E0>,2,Tree,2.0912694735903643,1.127177814719862,1.4461222194511654
datasets/synthetic_data/s2.csv,248,<timecave.validation_methods.prequential.Rolling_Window object at 0x00000250F6A361E0>,2,ARMA,1.4138479904215857,1.0237664095117152,1.1890534009966018
datasets/synthetic_data/s2.csv,248,<timecave.validation_methods.prequential.Rolling_Window object at 0x00000250F6A361E0>,3,Tree,4.263504983087736,1.8376634598966304,2.064825654404685
datasets/synthetic_data/s2.csv,248,<timecave.validation_methods.prequential.Rolling_Window object at 0x00000250F6A361E0>,3,ARMA,1.6188318593535969,1.014606519808818,1.272333234397969
datasets/synthetic_data/s2.csv,248,<timecave.validation_methods.prequential.Rolling_Window object at 0x00000250F6A36570>,0,Tree,2.27225939577495,1.065096655158521,1.5074015376716816
datasets/synthetic_data/s2.csv,248,<timecave.validation_methods.prequential.Rolling_Window object at 0x00000250F6A36570>,0,ARMA,1.4767427516592477,1.0070998784028706,1.21521304784768
datasets/synthetic_data/s2.csv,248,<timecave.validation_methods.prequential.Rolling_Window object at 0x00000250F6A36570>,1,Tree,2.768296778459213,1.2852399649655222,1.6638199357079517
datasets/synthetic_data/s2.csv,248,<timecave.validation_methods.prequential.Rolling_Window object at 0x00000250F6A36570>,1,ARMA,1.2276769077932488,0.93812930382368,1.1080058248011373
datasets/synthetic_data/s2.csv,248,<timecave.validation_methods.prequential.Rolling_Window object at 0x00000250F6A36570>,2,Tree,2.478515987002007,1.3205349751497748,1.57433032969641
datasets/synthetic_data/s2.csv,248,<timecave.validation_methods.prequential.Rolling_Window object at 0x00000250F6A36570>,2,ARMA,1.6527812851504766,1.0388117828340497,1.285605415806295
datasets/synthetic_data/s2.csv,248,<timecave.validation_methods.CV.Block_CV object at 0x00000250F6A37620>,0,Tree,1.4295018703903926,0.981182448297026,1.1956177777159356
datasets/synthetic_data/s2.csv,248,<timecave.validation_methods.CV.Block_CV object at 0x00000250F6A37620>,0,ARMA,1.7004427932537496,1.0421425771438342,1.3040102734463979
datasets/synthetic_data/s2.csv,248,<timecave.validation_methods.CV.Block_CV object at 0x00000250F6A37620>,1,Tree,2.713090592416858,1.1767355570429476,1.6471461964309233
datasets/synthetic_data/s2.csv,248,<timecave.validation_methods.CV.Block_CV object at 0x00000250F6A37620>,1,ARMA,2.529385557997791,1.3166091096162291,1.590404212141615
datasets/synthetic_data/s2.csv,248,<timecave.validation_methods.CV.Block_CV object at 0x00000250F6A37620>,2,Tree,1.9511417499769155,1.1781327999205962,1.3968327566236824
datasets/synthetic_data/s2.csv,248,<timecave.validation_methods.CV.Block_CV object at 0x00000250F6A37620>,2,ARMA,1.3168290777132463,0.9711065654620479,1.14753173276962
datasets/synthetic_data/s2.csv,248,<timecave.validation_methods.CV.Block_CV object at 0x00000250F6A37620>,3,Tree,2.0249946696062158,1.0116588649667284,1.4230230741650733
datasets/synthetic_data/s2.csv,248,<timecave.validation_methods.CV.Block_CV object at 0x00000250F6A37620>,3,ARMA,1.2644246416782168,0.956539751721294,1.1244663808572566
datasets/synthetic_data/s2.csv,248,<timecave.validation_methods.CV.Block_CV object at 0x00000250F6A37620>,4,Tree,2.9883753572963467,1.4610570683686648,1.7286918051799594
datasets/synthetic_data/s2.csv,248,<timecave.validation_methods.CV.Block_CV object at 0x00000250F6A37620>,4,ARMA,1.6110918830132104,1.0023381697355762,1.2692879433025472
datasets/synthetic_data/s2.csv,248,<timecave.validation_methods.CV.AdaptedhvBlockCV object at 0x00000250F6A36B10>,0,Tree,1.476835957583744,1.032767098125995,1.2152513968655803
datasets/synthetic_data/s2.csv,248,<timecave.validation_methods.CV.AdaptedhvBlockCV object at 0x00000250F6A36B10>,0,ARMA,1.7061822395250177,1.047672341779863,1.306209110182982
datasets/synthetic_data/s2.csv,248,<timecave.validation_methods.CV.AdaptedhvBlockCV object at 0x00000250F6A36B10>,1,Tree,3.3215375646307645,1.4531628933354808,1.8225085910993024
datasets/synthetic_data/s2.csv,248,<timecave.validation_methods.CV.AdaptedhvBlockCV object at 0x00000250F6A36B10>,1,ARMA,2.466310108792861,1.3026972954607605,1.5704490150249582
datasets/synthetic_data/s2.csv,248,<timecave.validation_methods.CV.AdaptedhvBlockCV object at 0x00000250F6A36B10>,2,Tree,1.2604758825513807,0.954290686662714,1.12270917095719
datasets/synthetic_data/s2.csv,248,<timecave.validation_methods.CV.AdaptedhvBlockCV object at 0x00000250F6A36B10>,2,ARMA,1.2936471067532649,0.9613500253744077,1.1373860851765618
datasets/synthetic_data/s2.csv,248,<timecave.validation_methods.CV.AdaptedhvBlockCV object at 0x00000250F6A36B10>,3,Tree,1.1633192429810453,0.8920952556881387,1.0785727805674707
datasets/synthetic_data/s2.csv,248,<timecave.validation_methods.CV.AdaptedhvBlockCV object at 0x00000250F6A36B10>,3,ARMA,1.2655830389687206,0.9561271405077321,1.1249813504981852
datasets/synthetic_data/s2.csv,248,<timecave.validation_methods.CV.AdaptedhvBlockCV object at 0x00000250F6A36B10>,4,Tree,3.746375108199302,1.519699522836423,1.9355555037764487
datasets/synthetic_data/s2.csv,248,<timecave.validation_methods.CV.AdaptedhvBlockCV object at 0x00000250F6A36B10>,4,ARMA,1.6324686116826013,1.0149584894772834,1.2776809506612365
datasets/synthetic_data/s2.csv,248,<timecave.validation_methods.markov.MarkovCV object at 0x00000250F6A37050>,0,Tree,2.143672315313707,1.224079772873279,1.4641285173487015
datasets/synthetic_data/s2.csv,248,<timecave.validation_methods.markov.MarkovCV object at 0x00000250F6A37050>,0,ARMA,1.1582430187146786,0.7885829390979898,1.07621699425101
datasets/synthetic_data/s2.csv,248,<timecave.validation_methods.markov.MarkovCV object at 0x00000250F6A37050>,1,Tree,3.687851198054632,1.5660636720915087,1.9203778789745085
datasets/synthetic_data/s2.csv,248,<timecave.validation_methods.markov.MarkovCV object at 0x00000250F6A37050>,1,ARMA,1.3226024611205234,0.9715798851723921,1.1500445474504557
datasets/synthetic_data/s2.csv,248,<timecave.validation_methods.markov.MarkovCV object at 0x00000250F6A37050>,2,Tree,1.9435975045478842,1.1687479539143995,1.3941296584420992
datasets/synthetic_data/s2.csv,248,<timecave.validation_methods.markov.MarkovCV object at 0x00000250F6A37050>,2,ARMA,0.7698843456101664,0.7490424542684717,0.8774305360597877
datasets/synthetic_data/s2.csv,248,<timecave.validation_methods.markov.MarkovCV object at 0x00000250F6A37050>,3,Tree,2.0946778446576784,1.2210645330066516,1.447300191618062
datasets/synthetic_data/s2.csv,248,<timecave.validation_methods.markov.MarkovCV object at 0x00000250F6A37050>,3,ARMA,1.7183901001591015,1.0207173905385345,1.3108737926128136
datasets/synthetic_data/s2.csv,248,<timecave.validation_methods.markov.MarkovCV object at 0x00000250F6A37050>,4,Tree,1.548604456134497,0.8648646934352198,1.244429369684956
datasets/synthetic_data/s2.csv,248,<timecave.validation_methods.markov.MarkovCV object at 0x00000250F6A37050>,4,ARMA,1.8266582426460496,1.0781326845460646,1.3515392123967582
datasets/synthetic_data/s2.csv,248,<timecave.validation_methods.markov.MarkovCV object at 0x00000250F6A37050>,5,Tree,1.0961731322224586,0.77527830935482,1.0469828710262927
datasets/synthetic_data/s2.csv,248,<timecave.validation_methods.markov.MarkovCV object at 0x00000250F6A37050>,5,ARMA,2.5376954264515463,1.3120219667066593,1.5930145719520417
datasets/synthetic_data/s2.csv,248,<timecave.validation_methods.markov.MarkovCV object at 0x00000250F6A37050>,6,Tree,3.4455360623480287,1.3659480382105629,1.8562155215243807
datasets/synthetic_data/s2.csv,248,<timecave.validation_methods.markov.MarkovCV object at 0x00000250F6A37050>,6,ARMA,1.357122862987421,1.0100194660814856,1.1649561635475478
datasets/synthetic_data/s2.csv,248,<timecave.validation_methods.markov.MarkovCV object at 0x00000250F6A37050>,7,Tree,2.6807422101979412,1.3411459937370778,1.6372972272003459
datasets/synthetic_data/s2.csv,248,<timecave.validation_methods.markov.MarkovCV object at 0x00000250F6A37050>,7,ARMA,2.8629074291749297,1.445991609389873,1.6920128336318638
datasets/synthetic_data/s2.csv,248,<timecave.validation_methods.markov.MarkovCV object at 0x00000250F6A37050>,8,Tree,6.261527201459628,2.1424152360431767,2.502304378260092
datasets/synthetic_data/s2.csv,248,<timecave.validation_methods.markov.MarkovCV object at 0x00000250F6A37050>,8,ARMA,3.227745744260175,1.4950333070855675,1.7965928153758643
datasets/synthetic_data/s2.csv,248,<timecave.validation_methods.markov.MarkovCV object at 0x00000250F6A37050>,9,Tree,3.7875573381998295,1.5474291859272702,1.9461647767339305
datasets/synthetic_data/s2.csv,248,<timecave.validation_methods.markov.MarkovCV object at 0x00000250F6A37050>,9,ARMA,2.9155350671756244,1.4318372138226043,1.7074937971119029
datasets/synthetic_data/s2.csv,249,<timecave.validation_methods.OOS.Holdout object at 0x00000250F2A0D5B0>,0,Tree,1.874939869189564,1.1184336512117419,1.3692844369193582
datasets/synthetic_data/s2.csv,249,<timecave.validation_methods.OOS.Holdout object at 0x00000250F2A0D5B0>,0,ARMA,1.6029197572845149,1.034253172071062,1.266064673420957
datasets/synthetic_data/s2.csv,249,<timecave.validation_methods.OOS.Repeated_Holdout object at 0x00000250F6A35D30>,0,Tree,2.4014154585000886,1.2545293087531766,1.5496501084116017
datasets/synthetic_data/s2.csv,249,<timecave.validation_methods.OOS.Repeated_Holdout object at 0x00000250F6A35D30>,0,ARMA,1.8101627297096057,1.0959183493552538,1.3454228813683844
datasets/synthetic_data/s2.csv,249,<timecave.validation_methods.OOS.Repeated_Holdout object at 0x00000250F6A35D30>,1,Tree,2.8743951326622925,1.3568410249429643,1.695404120751832
datasets/synthetic_data/s2.csv,249,<timecave.validation_methods.OOS.Repeated_Holdout object at 0x00000250F6A35D30>,1,ARMA,1.8333699474624423,1.0974052214059196,1.354019921368383
datasets/synthetic_data/s2.csv,249,<timecave.validation_methods.OOS.Repeated_Holdout object at 0x00000250F6A35D30>,2,Tree,2.2063977652584588,1.19232809020645,1.4853948179721306
datasets/synthetic_data/s2.csv,249,<timecave.validation_methods.OOS.Repeated_Holdout object at 0x00000250F6A35D30>,2,ARMA,1.6840973278911433,1.0425892504463254,1.2977277556911324
datasets/synthetic_data/s2.csv,249,<timecave.validation_methods.OOS.Repeated_Holdout object at 0x00000250F6A35D30>,3,Tree,2.050542100848398,1.17272936473811,1.4319714036419855
datasets/synthetic_data/s2.csv,249,<timecave.validation_methods.OOS.Repeated_Holdout object at 0x00000250F6A35D30>,3,ARMA,1.6029197572845149,1.034253172071062,1.266064673420957
datasets/synthetic_data/s2.csv,249,<timecave.validation_methods.prequential.Growing_Window object at 0x00000250F6A37290>,0,Tree,3.0409328657977244,1.3790762887216945,1.7438270745110378
datasets/synthetic_data/s2.csv,249,<timecave.validation_methods.prequential.Growing_Window object at 0x00000250F6A37290>,0,ARMA,1.590321610739677,1.0468033119875848,1.2610795417972955
datasets/synthetic_data/s2.csv,249,<timecave.validation_methods.prequential.Growing_Window object at 0x00000250F6A37290>,1,Tree,2.0380585022660203,1.1478302914308136,1.4276058637684352
datasets/synthetic_data/s2.csv,249,<timecave.validation_methods.prequential.Growing_Window object at 0x00000250F6A37290>,1,ARMA,1.6379669191448583,1.0026856188746582,1.2798308166100933
datasets/synthetic_data/s2.csv,249,<timecave.validation_methods.prequential.Growing_Window object at 0x00000250F6A37290>,2,Tree,1.7957058479758947,1.1319903555662114,1.34003949493136
datasets/synthetic_data/s2.csv,249,<timecave.validation_methods.prequential.Growing_Window object at 0x00000250F6A37290>,2,ARMA,1.1158579596307248,0.8895084741850414,1.0563417816363816
datasets/synthetic_data/s2.csv,249,<timecave.validation_methods.prequential.Growing_Window object at 0x00000250F6A37290>,3,Tree,2.9830878197869852,1.3798093184203222,1.7271617815905334
datasets/synthetic_data/s2.csv,249,<timecave.validation_methods.prequential.Growing_Window object at 0x00000250F6A37290>,3,ARMA,1.9009470001804667,1.130469141179058,1.3787483454860305
datasets/synthetic_data/s2.csv,249,<timecave.validation_methods.prequential.Growing_Window object at 0x00000250F6A35010>,0,Tree,2.832596528198384,1.3503346646308285,1.6830319450914721
datasets/synthetic_data/s2.csv,249,<timecave.validation_methods.prequential.Growing_Window object at 0x00000250F6A35010>,0,ARMA,1.7953444768633706,1.0499482853144058,1.3399046521537905
datasets/synthetic_data/s2.csv,249,<timecave.validation_methods.prequential.Growing_Window object at 0x00000250F6A35010>,1,Tree,1.7331567742493714,1.089773859211114,1.3164941223755506
datasets/synthetic_data/s2.csv,249,<timecave.validation_methods.prequential.Growing_Window object at 0x00000250F6A35010>,1,ARMA,1.3534312635407917,0.9663363123444929,1.1633706475327592
datasets/synthetic_data/s2.csv,249,<timecave.validation_methods.prequential.Growing_Window object at 0x00000250F6A35010>,2,Tree,2.2290441968834367,1.1796546877803105,1.492998391453734
datasets/synthetic_data/s2.csv,249,<timecave.validation_methods.prequential.Growing_Window object at 0x00000250F6A35010>,2,ARMA,1.8429216066022889,1.1289632633262054,1.357542487954719
datasets/synthetic_data/s2.csv,249,<timecave.validation_methods.prequential.Rolling_Window object at 0x00000250F6A34E60>,0,Tree,2.584094058197834,1.3156029421337492,1.6075117598941022
datasets/synthetic_data/s2.csv,249,<timecave.validation_methods.prequential.Rolling_Window object at 0x00000250F6A34E60>,0,ARMA,1.590321610739677,1.0468033119875848,1.2610795417972955
datasets/synthetic_data/s2.csv,249,<timecave.validation_methods.prequential.Rolling_Window object at 0x00000250F6A34E60>,1,Tree,2.385010568756661,1.3272866171808562,1.5443479429055684
datasets/synthetic_data/s2.csv,249,<timecave.validation_methods.prequential.Rolling_Window object at 0x00000250F6A34E60>,1,ARMA,1.6689177650007032,1.0117147653490246,1.2918660011784129
datasets/synthetic_data/s2.csv,249,<timecave.validation_methods.prequential.Rolling_Window object at 0x00000250F6A34E60>,2,Tree,1.365411489440132,0.9613601682132408,1.168508232508497
datasets/synthetic_data/s2.csv,249,<timecave.validation_methods.prequential.Rolling_Window object at 0x00000250F6A34E60>,2,ARMA,1.1510875535203453,0.9145012785843052,1.072887484091573
datasets/synthetic_data/s2.csv,249,<timecave.validation_methods.prequential.Rolling_Window object at 0x00000250F6A34E60>,3,Tree,1.6554792773782252,1.074152409120592,1.2866542959856098
datasets/synthetic_data/s2.csv,249,<timecave.validation_methods.prequential.Rolling_Window object at 0x00000250F6A34E60>,3,ARMA,1.8946497625649323,1.1338093725573408,1.3764627719502378
datasets/synthetic_data/s2.csv,249,<timecave.validation_methods.prequential.Rolling_Window object at 0x00000250F6A37710>,0,Tree,2.673614092897563,1.3837851405699058,1.6351189843242488
datasets/synthetic_data/s2.csv,249,<timecave.validation_methods.prequential.Rolling_Window object at 0x00000250F6A37710>,0,ARMA,1.7953444768633706,1.0499482853144058,1.3399046521537905
datasets/synthetic_data/s2.csv,249,<timecave.validation_methods.prequential.Rolling_Window object at 0x00000250F6A37710>,1,Tree,1.7687337288200708,0.969355183126914,1.3299374905686623
datasets/synthetic_data/s2.csv,249,<timecave.validation_methods.prequential.Rolling_Window object at 0x00000250F6A37710>,1,ARMA,1.3479417260416013,0.9610203908713738,1.1610089259095304
datasets/synthetic_data/s2.csv,249,<timecave.validation_methods.prequential.Rolling_Window object at 0x00000250F6A37710>,2,Tree,2.4343054709564917,1.297861901930609,1.5602260961016168
datasets/synthetic_data/s2.csv,249,<timecave.validation_methods.prequential.Rolling_Window object at 0x00000250F6A37710>,2,ARMA,2.054249474141473,1.1823882099401053,1.4332653188232363
datasets/synthetic_data/s2.csv,249,<timecave.validation_methods.CV.Block_CV object at 0x00000250F6A34590>,0,Tree,2.0459191170538324,1.1842187518152567,1.4303562902486333
datasets/synthetic_data/s2.csv,249,<timecave.validation_methods.CV.Block_CV object at 0x00000250F6A34590>,0,ARMA,1.4658511595560375,0.9836410048439366,1.2107234034064251
datasets/synthetic_data/s2.csv,249,<timecave.validation_methods.CV.Block_CV object at 0x00000250F6A34590>,1,Tree,1.910144855226403,1.0627616470138097,1.3820799018965593
datasets/synthetic_data/s2.csv,249,<timecave.validation_methods.CV.Block_CV object at 0x00000250F6A34590>,1,ARMA,1.6035151875246754,1.0509653808038548,1.266299801597029
datasets/synthetic_data/s2.csv,249,<timecave.validation_methods.CV.Block_CV object at 0x00000250F6A34590>,2,Tree,2.402184490570257,1.2874838515266323,1.5498982194228939
datasets/synthetic_data/s2.csv,249,<timecave.validation_methods.CV.Block_CV object at 0x00000250F6A34590>,2,ARMA,1.7334802213885208,1.022077199820866,1.3166169607704896
datasets/synthetic_data/s2.csv,249,<timecave.validation_methods.CV.Block_CV object at 0x00000250F6A34590>,3,Tree,1.8878022902219092,1.1176180755862555,1.3739731766748247
datasets/synthetic_data/s2.csv,249,<timecave.validation_methods.CV.Block_CV object at 0x00000250F6A34590>,3,ARMA,1.1674332396717892,0.9118404386620846,1.0804782458114506
datasets/synthetic_data/s2.csv,249,<timecave.validation_methods.CV.Block_CV object at 0x00000250F6A34590>,4,Tree,2.432035913938444,1.2171538949603926,1.5594986097904813
datasets/synthetic_data/s2.csv,249,<timecave.validation_methods.CV.Block_CV object at 0x00000250F6A34590>,4,ARMA,1.9009470001804667,1.130469141179058,1.3787483454860305
datasets/synthetic_data/s2.csv,249,<timecave.validation_methods.CV.AdaptedhvBlockCV object at 0x00000250F6A37A40>,0,Tree,2.605586716785181,1.3341663889126334,1.61418298739182
datasets/synthetic_data/s2.csv,249,<timecave.validation_methods.CV.AdaptedhvBlockCV object at 0x00000250F6A37A40>,0,ARMA,1.466125260124027,0.9833599195386804,1.2108365951374394
datasets/synthetic_data/s2.csv,249,<timecave.validation_methods.CV.AdaptedhvBlockCV object at 0x00000250F6A37A40>,1,Tree,1.9740798476882429,1.1321177136387828,1.4050195186146857
datasets/synthetic_data/s2.csv,249,<timecave.validation_methods.CV.AdaptedhvBlockCV object at 0x00000250F6A37A40>,1,ARMA,1.5912454872852653,1.0475687457879443,1.2614457924481992
datasets/synthetic_data/s2.csv,249,<timecave.validation_methods.CV.AdaptedhvBlockCV object at 0x00000250F6A37A40>,2,Tree,3.31866781835876,1.5904432843900933,1.821721114319851
datasets/synthetic_data/s2.csv,249,<timecave.validation_methods.CV.AdaptedhvBlockCV object at 0x00000250F6A37A40>,2,ARMA,1.7330570211676848,1.0191814813525466,1.316456235948497
datasets/synthetic_data/s2.csv,249,<timecave.validation_methods.CV.AdaptedhvBlockCV object at 0x00000250F6A37A40>,3,Tree,1.9728382066609544,1.0987896220004487,1.4045775901177386
datasets/synthetic_data/s2.csv,249,<timecave.validation_methods.CV.AdaptedhvBlockCV object at 0x00000250F6A37A40>,3,ARMA,1.1763237347002584,0.9168673393462898,1.0845845908458494
datasets/synthetic_data/s2.csv,249,<timecave.validation_methods.CV.AdaptedhvBlockCV object at 0x00000250F6A37A40>,4,Tree,3.124986500273553,1.3955708381294913,1.7677631346629992
datasets/synthetic_data/s2.csv,249,<timecave.validation_methods.CV.AdaptedhvBlockCV object at 0x00000250F6A37A40>,4,ARMA,1.921324845105151,1.16052504742063,1.3861186259137963
datasets/synthetic_data/s2.csv,249,<timecave.validation_methods.markov.MarkovCV object at 0x00000250F6A364E0>,0,Tree,2.4141211408296726,1.4318350367158232,1.5537442327582982
datasets/synthetic_data/s2.csv,249,<timecave.validation_methods.markov.MarkovCV object at 0x00000250F6A364E0>,0,ARMA,1.2658916595977014,1.0036250992666969,1.125118509134794
datasets/synthetic_data/s2.csv,249,<timecave.validation_methods.markov.MarkovCV object at 0x00000250F6A364E0>,1,Tree,3.597935665927191,1.722970162839951,1.8968225182992717
datasets/synthetic_data/s2.csv,249,<timecave.validation_methods.markov.MarkovCV object at 0x00000250F6A364E0>,1,ARMA,2.234822831677708,1.2153556032882935,1.4949323836474036
datasets/synthetic_data/s2.csv,249,<timecave.validation_methods.markov.MarkovCV object at 0x00000250F6A364E0>,2,Tree,2.740372414160222,1.4529260931244945,1.6554070237135705
datasets/synthetic_data/s2.csv,249,<timecave.validation_methods.markov.MarkovCV object at 0x00000250F6A364E0>,2,ARMA,1.2898641765629062,0.9960051686151475,1.1357218746519353
datasets/synthetic_data/s2.csv,249,<timecave.validation_methods.markov.MarkovCV object at 0x00000250F6A364E0>,3,Tree,1.8688855130920956,1.2065277129799372,1.3670718756130182
datasets/synthetic_data/s2.csv,249,<timecave.validation_methods.markov.MarkovCV object at 0x00000250F6A364E0>,3,ARMA,0.5834821680179215,0.6208884463891664,0.7638600447843319
datasets/synthetic_data/s2.csv,249,<timecave.validation_methods.markov.MarkovCV object at 0x00000250F6A364E0>,4,Tree,3.6133681964523676,1.6113039208455846,1.900886160834564
datasets/synthetic_data/s2.csv,249,<timecave.validation_methods.markov.MarkovCV object at 0x00000250F6A364E0>,4,ARMA,2.8056713824984527,1.3746744395302701,1.6750138454647032
datasets/synthetic_data/s2.csv,249,<timecave.validation_methods.markov.MarkovCV object at 0x00000250F6A364E0>,5,Tree,5.29884149541354,2.1560946465086936,2.301921261775376
datasets/synthetic_data/s2.csv,249,<timecave.validation_methods.markov.MarkovCV object at 0x00000250F6A364E0>,5,ARMA,2.8422116221652023,1.485634255020352,1.6858860050920412
datasets/synthetic_data/s2.csv,249,<timecave.validation_methods.markov.MarkovCV object at 0x00000250F6A364E0>,6,Tree,9.072966354579599,2.42155664845164,3.012136509950968
datasets/synthetic_data/s2.csv,249,<timecave.validation_methods.markov.MarkovCV object at 0x00000250F6A364E0>,6,ARMA,3.3021939855590596,1.3382244063118647,1.8171939867716544
datasets/synthetic_data/s2.csv,249,<timecave.validation_methods.markov.MarkovCV object at 0x00000250F6A364E0>,7,Tree,4.048923931700825,1.8398906579525236,2.012193810670539
datasets/synthetic_data/s2.csv,249,<timecave.validation_methods.markov.MarkovCV object at 0x00000250F6A364E0>,7,ARMA,3.3895808742309765,1.5523926737809026,1.8410814414987124
datasets/synthetic_data/s2.csv,249,<timecave.validation_methods.markov.MarkovCV object at 0x00000250F6A364E0>,8,Tree,4.0600575634984475,1.4742421100209142,2.014958452052659
datasets/synthetic_data/s2.csv,249,<timecave.validation_methods.markov.MarkovCV object at 0x00000250F6A364E0>,8,ARMA,2.9200256436684766,1.480452124132509,1.7088082524579744
datasets/synthetic_data/s2.csv,249,<timecave.validation_methods.markov.MarkovCV object at 0x00000250F6A364E0>,9,Tree,1.610286200306156,1.008225344186008,1.2689705277531689
datasets/synthetic_data/s2.csv,249,<timecave.validation_methods.markov.MarkovCV object at 0x00000250F6A364E0>,9,ARMA,2.253214990608874,1.2433649086298066,1.501071280988639
datasets/synthetic_data/s2.csv,250,<timecave.validation_methods.OOS.Holdout object at 0x00000250F6A36750>,0,Tree,2.7355862321369546,1.3723195541678206,1.6539607710393118
datasets/synthetic_data/s2.csv,250,<timecave.validation_methods.OOS.Holdout object at 0x00000250F6A36750>,0,ARMA,1.1699818520836125,0.8729554027125622,1.0816569937293488
datasets/synthetic_data/s2.csv,250,<timecave.validation_methods.OOS.Repeated_Holdout object at 0x00000250F6A357C0>,0,Tree,1.9782388138312104,1.095802517464164,1.4064987784677279
datasets/synthetic_data/s2.csv,250,<timecave.validation_methods.OOS.Repeated_Holdout object at 0x00000250F6A357C0>,0,ARMA,1.3836155760622053,0.9521395513229235,1.1762718971658743
datasets/synthetic_data/s2.csv,250,<timecave.validation_methods.OOS.Repeated_Holdout object at 0x00000250F6A357C0>,1,Tree,2.2096132168273948,1.2073098739873285,1.4864767797807656
datasets/synthetic_data/s2.csv,250,<timecave.validation_methods.OOS.Repeated_Holdout object at 0x00000250F6A357C0>,1,ARMA,1.2349785725064837,0.9008140759137411,1.111295897817716
datasets/synthetic_data/s2.csv,250,<timecave.validation_methods.OOS.Repeated_Holdout object at 0x00000250F6A357C0>,2,Tree,2.487223910967816,1.190950918983972,1.57709350102263
datasets/synthetic_data/s2.csv,250,<timecave.validation_methods.OOS.Repeated_Holdout object at 0x00000250F6A357C0>,2,ARMA,1.2478358220173054,0.8888240345568795,1.1170657196500595
datasets/synthetic_data/s2.csv,250,<timecave.validation_methods.OOS.Repeated_Holdout object at 0x00000250F6A357C0>,3,Tree,3.197645681199015,1.5421206106324348,1.7881962088090375
datasets/synthetic_data/s2.csv,250,<timecave.validation_methods.OOS.Repeated_Holdout object at 0x00000250F6A357C0>,3,ARMA,1.1699818520836125,0.8729554027125622,1.0816569937293488
datasets/synthetic_data/s2.csv,250,<timecave.validation_methods.prequential.Growing_Window object at 0x00000250F6A37AD0>,0,Tree,3.118048729483484,1.598411124952598,1.76579974218015
datasets/synthetic_data/s2.csv,250,<timecave.validation_methods.prequential.Growing_Window object at 0x00000250F6A37AD0>,0,ARMA,3.385218070973782,1.5499740620585554,1.8398962120113682
datasets/synthetic_data/s2.csv,250,<timecave.validation_methods.prequential.Growing_Window object at 0x00000250F6A37AD0>,1,Tree,3.808665130510107,1.5753250294950372,1.9515801624606937
datasets/synthetic_data/s2.csv,250,<timecave.validation_methods.prequential.Growing_Window object at 0x00000250F6A37AD0>,1,ARMA,1.994898545308139,1.137654606479157,1.4124087741543305
datasets/synthetic_data/s2.csv,250,<timecave.validation_methods.prequential.Growing_Window object at 0x00000250F6A37AD0>,2,Tree,3.706738874705153,1.5888885251933818,1.925289296366952
datasets/synthetic_data/s2.csv,250,<timecave.validation_methods.prequential.Growing_Window object at 0x00000250F6A37AD0>,2,ARMA,1.8192898392399046,1.0370007211094885,1.3488105275537794
datasets/synthetic_data/s2.csv,250,<timecave.validation_methods.prequential.Growing_Window object at 0x00000250F6A37AD0>,3,Tree,2.432130927007161,1.2090570367798248,1.5595290721904358
datasets/synthetic_data/s2.csv,250,<timecave.validation_methods.prequential.Growing_Window object at 0x00000250F6A37AD0>,3,ARMA,1.2478656860513968,0.9125284315863285,1.117079086748739
datasets/synthetic_data/s2.csv,250,<timecave.validation_methods.prequential.Growing_Window object at 0x00000250F6A34DD0>,0,Tree,4.3306937710317595,1.7546563335290786,2.0810319005319835
datasets/synthetic_data/s2.csv,250,<timecave.validation_methods.prequential.Growing_Window object at 0x00000250F6A34DD0>,0,ARMA,1.8339190268719519,1.0938263004426894,1.3542226651743619
datasets/synthetic_data/s2.csv,250,<timecave.validation_methods.prequential.Growing_Window object at 0x00000250F6A34DD0>,1,Tree,4.157419812592503,1.6625623060408732,2.0389751868506156
datasets/synthetic_data/s2.csv,250,<timecave.validation_methods.prequential.Growing_Window object at 0x00000250F6A34DD0>,1,ARMA,2.062563065896355,1.0967723024884652,1.4361626181934812
datasets/synthetic_data/s2.csv,250,<timecave.validation_methods.prequential.Growing_Window object at 0x00000250F6A34DD0>,2,Tree,2.9294346500722233,1.4421560373013809,1.711559128418362
datasets/synthetic_data/s2.csv,250,<timecave.validation_methods.prequential.Growing_Window object at 0x00000250F6A34DD0>,2,ARMA,1.2855410162126428,0.9308682824583989,1.133817011784813
datasets/synthetic_data/s2.csv,250,<timecave.validation_methods.prequential.Rolling_Window object at 0x00000250F6A36FF0>,0,Tree,3.8927422340987614,1.704298477987159,1.9730033537981535
datasets/synthetic_data/s2.csv,250,<timecave.validation_methods.prequential.Rolling_Window object at 0x00000250F6A36FF0>,0,ARMA,3.385218070973782,1.5499740620585554,1.8398962120113682
datasets/synthetic_data/s2.csv,250,<timecave.validation_methods.prequential.Rolling_Window object at 0x00000250F6A36FF0>,1,Tree,2.106301658405907,1.2226322423289944,1.4513103246397399
datasets/synthetic_data/s2.csv,250,<timecave.validation_methods.prequential.Rolling_Window object at 0x00000250F6A36FF0>,1,ARMA,2.3003644322942507,1.2212334243758627,1.5166952338206416
datasets/synthetic_data/s2.csv,250,<timecave.validation_methods.prequential.Rolling_Window object at 0x00000250F6A36FF0>,2,Tree,2.4634315474372324,1.156643029184633,1.5695322702758399
datasets/synthetic_data/s2.csv,250,<timecave.validation_methods.prequential.Rolling_Window object at 0x00000250F6A36FF0>,2,ARMA,1.751326072447936,1.004575975325245,1.3233767688938536
datasets/synthetic_data/s2.csv,250,<timecave.validation_methods.prequential.Rolling_Window object at 0x00000250F6A36FF0>,3,Tree,4.302240571692306,1.5692258343353411,2.0741843147831163
datasets/synthetic_data/s2.csv,250,<timecave.validation_methods.prequential.Rolling_Window object at 0x00000250F6A36FF0>,3,ARMA,1.614441713065728,1.0124965366335597,1.2706068286711385
datasets/synthetic_data/s2.csv,250,<timecave.validation_methods.prequential.Rolling_Window object at 0x00000250F6A34560>,0,Tree,4.589594136816659,1.7932562901792193,2.1423338061134776
datasets/synthetic_data/s2.csv,250,<timecave.validation_methods.prequential.Rolling_Window object at 0x00000250F6A34560>,0,ARMA,1.8339190268719519,1.0938263004426894,1.3542226651743619
datasets/synthetic_data/s2.csv,250,<timecave.validation_methods.prequential.Rolling_Window object at 0x00000250F6A34560>,1,Tree,2.201489953369674,1.2419296816339485,1.4837418755867458
datasets/synthetic_data/s2.csv,250,<timecave.validation_methods.prequential.Rolling_Window object at 0x00000250F6A34560>,1,ARMA,2.4171781174477327,1.2664296576189096,1.5547276666502505
datasets/synthetic_data/s2.csv,250,<timecave.validation_methods.prequential.Rolling_Window object at 0x00000250F6A34560>,2,Tree,2.5638972084573504,1.3288262130193824,1.6012174144872864
datasets/synthetic_data/s2.csv,250,<timecave.validation_methods.prequential.Rolling_Window object at 0x00000250F6A34560>,2,ARMA,1.6981986335621495,1.0264921797570343,1.3031495054529045
datasets/synthetic_data/s2.csv,250,<timecave.validation_methods.CV.Block_CV object at 0x00000250F6A365A0>,0,Tree,2.9665000965305013,1.36658386354012,1.7223530696493392
datasets/synthetic_data/s2.csv,250,<timecave.validation_methods.CV.Block_CV object at 0x00000250F6A365A0>,0,ARMA,1.8385027665548526,1.131803465458049,1.355913996739783
datasets/synthetic_data/s2.csv,250,<timecave.validation_methods.CV.Block_CV object at 0x00000250F6A365A0>,1,Tree,3.657787745691138,1.6295673678788387,1.9125343776494943
datasets/synthetic_data/s2.csv,250,<timecave.validation_methods.CV.Block_CV object at 0x00000250F6A365A0>,1,ARMA,2.718378036905878,1.3964130260964311,1.648750447128333
datasets/synthetic_data/s2.csv,250,<timecave.validation_methods.CV.Block_CV object at 0x00000250F6A365A0>,2,Tree,3.169321485019493,1.3942374418697023,1.7802588252890346
datasets/synthetic_data/s2.csv,250,<timecave.validation_methods.CV.Block_CV object at 0x00000250F6A365A0>,2,ARMA,2.012748091722391,1.1566261407043652,1.4187135340590753
datasets/synthetic_data/s2.csv,250,<timecave.validation_methods.CV.Block_CV object at 0x00000250F6A365A0>,3,Tree,2.8666609385212665,1.2633299354992706,1.6931216549679076
datasets/synthetic_data/s2.csv,250,<timecave.validation_methods.CV.Block_CV object at 0x00000250F6A365A0>,3,ARMA,2.2453180369262307,1.117121979266293,1.4984385329155916
datasets/synthetic_data/s2.csv,250,<timecave.validation_methods.CV.Block_CV object at 0x00000250F6A365A0>,4,Tree,2.437931096363855,1.2461128634207994,1.5613875548254683
datasets/synthetic_data/s2.csv,250,<timecave.validation_methods.CV.Block_CV object at 0x00000250F6A365A0>,4,ARMA,1.2478656860513968,0.9125284315863285,1.117079086748739
datasets/synthetic_data/s2.csv,250,<timecave.validation_methods.CV.AdaptedhvBlockCV object at 0x00000250F2606BA0>,0,Tree,3.2300466123897986,1.4769182865569765,1.797233043428091
datasets/synthetic_data/s2.csv,250,<timecave.validation_methods.CV.AdaptedhvBlockCV object at 0x00000250F2606BA0>,0,ARMA,1.8372687141933117,1.1312667830929328,1.3554588574329034
datasets/synthetic_data/s2.csv,250,<timecave.validation_methods.CV.AdaptedhvBlockCV object at 0x00000250F2606BA0>,1,Tree,1.9311223807156637,1.1939723665583613,1.3896482938915384
datasets/synthetic_data/s2.csv,250,<timecave.validation_methods.CV.AdaptedhvBlockCV object at 0x00000250F2606BA0>,1,ARMA,2.7336668618971283,1.4015062644224034,1.6533804347146268
datasets/synthetic_data/s2.csv,250,<timecave.validation_methods.CV.AdaptedhvBlockCV object at 0x00000250F2606BA0>,2,Tree,2.2259439933975442,1.27590564926973,1.4919597827681361
datasets/synthetic_data/s2.csv,250,<timecave.validation_methods.CV.AdaptedhvBlockCV object at 0x00000250F2606BA0>,2,ARMA,2.0552647845177177,1.1678406424406933,1.4336194699144253
datasets/synthetic_data/s2.csv,250,<timecave.validation_methods.CV.AdaptedhvBlockCV object at 0x00000250F2606BA0>,3,Tree,3.0906692109817926,1.3791997395785336,1.7580299232327625
datasets/synthetic_data/s2.csv,250,<timecave.validation_methods.CV.AdaptedhvBlockCV object at 0x00000250F2606BA0>,3,ARMA,2.232910722803506,1.1124796730058881,1.4942927165731303
datasets/synthetic_data/s2.csv,250,<timecave.validation_methods.CV.AdaptedhvBlockCV object at 0x00000250F2606BA0>,4,Tree,2.524163390352222,1.2523627196896858,1.5887615901551189
datasets/synthetic_data/s2.csv,250,<timecave.validation_methods.CV.AdaptedhvBlockCV object at 0x00000250F2606BA0>,4,ARMA,1.2418768827906845,0.8896307627074544,1.1143952991603494
datasets/synthetic_data/s2.csv,250,<timecave.validation_methods.markov.MarkovCV object at 0x00000250F6A36090>,0,Tree,3.528531027808083,1.6250813804587534,1.878438454623436
datasets/synthetic_data/s2.csv,250,<timecave.validation_methods.markov.MarkovCV object at 0x00000250F6A36090>,0,ARMA,3.026879787775175,1.3754613423474187,1.7397930301547868
datasets/synthetic_data/s2.csv,250,<timecave.validation_methods.markov.MarkovCV object at 0x00000250F6A36090>,1,Tree,3.342835371454767,1.4596015754962672,1.8283422468057688
datasets/synthetic_data/s2.csv,250,<timecave.validation_methods.markov.MarkovCV object at 0x00000250F6A36090>,1,ARMA,3.063349436514513,1.4010936586011278,1.7502426793203603
datasets/synthetic_data/s2.csv,250,<timecave.validation_methods.markov.MarkovCV object at 0x00000250F6A36090>,2,Tree,1.7023520222989392,0.9511923164758116,1.3047421286595062
datasets/synthetic_data/s2.csv,250,<timecave.validation_methods.markov.MarkovCV object at 0x00000250F6A36090>,2,ARMA,1.547025086253798,1.0130888811640937,1.243794631864038
datasets/synthetic_data/s2.csv,250,<timecave.validation_methods.markov.MarkovCV object at 0x00000250F6A36090>,3,Tree,5.06075338493894,1.9823801387498663,2.249611829836192
datasets/synthetic_data/s2.csv,250,<timecave.validation_methods.markov.MarkovCV object at 0x00000250F6A36090>,3,ARMA,3.555966803315357,1.6767619369696647,1.885727128540966
datasets/synthetic_data/s2.csv,250,<timecave.validation_methods.markov.MarkovCV object at 0x00000250F6A36090>,4,Tree,3.0211341123412554,1.4860205480769222,1.7381409932284708
datasets/synthetic_data/s2.csv,250,<timecave.validation_methods.markov.MarkovCV object at 0x00000250F6A36090>,4,ARMA,1.3028358411181435,0.9255187050016316,1.1414183462333798
datasets/synthetic_data/s2.csv,250,<timecave.validation_methods.markov.MarkovCV object at 0x00000250F6A36090>,5,Tree,2.9108458827743475,1.4751911104829254,1.7061201255405047
datasets/synthetic_data/s2.csv,250,<timecave.validation_methods.markov.MarkovCV object at 0x00000250F6A36090>,5,ARMA,1.843262902655795,0.9750475011383686,1.3576681857713964
datasets/synthetic_data/s2.csv,250,<timecave.validation_methods.markov.MarkovCV object at 0x00000250F6A36090>,6,Tree,5.091127484928923,2.036189733574156,2.256352695154045
datasets/synthetic_data/s2.csv,250,<timecave.validation_methods.markov.MarkovCV object at 0x00000250F6A36090>,6,ARMA,2.3309283307462767,1.217746295095747,1.5267378068110702
datasets/synthetic_data/s2.csv,250,<timecave.validation_methods.markov.MarkovCV object at 0x00000250F6A36090>,7,Tree,4.359159752865617,1.8935575061580678,2.0878600893895207
datasets/synthetic_data/s2.csv,250,<timecave.validation_methods.markov.MarkovCV object at 0x00000250F6A36090>,7,ARMA,1.7910816743917404,1.152119153832062,1.3383129956746815
datasets/synthetic_data/s2.csv,250,<timecave.validation_methods.markov.MarkovCV object at 0x00000250F6A36090>,8,Tree,6.852557777537643,2.1282757555247334,2.6177390583359608
datasets/synthetic_data/s2.csv,250,<timecave.validation_methods.markov.MarkovCV object at 0x00000250F6A36090>,8,ARMA,1.4150252909021308,0.9931021190124848,1.1895483558486097
datasets/synthetic_data/s2.csv,250,<timecave.validation_methods.markov.MarkovCV object at 0x00000250F6A36090>,9,Tree,3.473159299675245,1.5764527001675226,1.8636414085534923
datasets/synthetic_data/s2.csv,250,<timecave.validation_methods.markov.MarkovCV object at 0x00000250F6A36090>,9,ARMA,2.548398309815436,1.292518079337693,1.5963703548410801
datasets/synthetic_data/s2.csv,251,<timecave.validation_methods.OOS.Holdout object at 0x00000250F6A372C0>,0,Tree,2.7513337075028477,1.2892199192184997,1.6587144743755171
datasets/synthetic_data/s2.csv,251,<timecave.validation_methods.OOS.Holdout object at 0x00000250F6A372C0>,0,ARMA,1.6970062354972217,1.0172581765935593,1.302691918873078
datasets/synthetic_data/s2.csv,251,<timecave.validation_methods.OOS.Repeated_Holdout object at 0x00000250F6A343E0>,0,Tree,3.906548993642219,1.6908769561684471,1.9764991762311006
datasets/synthetic_data/s2.csv,251,<timecave.validation_methods.OOS.Repeated_Holdout object at 0x00000250F6A343E0>,0,ARMA,2.0846183586038554,1.1615575642471014,1.4438207501639029
datasets/synthetic_data/s2.csv,251,<timecave.validation_methods.OOS.Repeated_Holdout object at 0x00000250F6A343E0>,1,Tree,3.0374852669428085,1.4153105120561202,1.7428382790559795
datasets/synthetic_data/s2.csv,251,<timecave.validation_methods.OOS.Repeated_Holdout object at 0x00000250F6A343E0>,1,ARMA,2.0627453634763984,1.1351325687983322,1.4362260836917
datasets/synthetic_data/s2.csv,251,<timecave.validation_methods.OOS.Repeated_Holdout object at 0x00000250F6A343E0>,2,Tree,3.4813014977102985,1.5717444106202825,1.8658246160103844
datasets/synthetic_data/s2.csv,251,<timecave.validation_methods.OOS.Repeated_Holdout object at 0x00000250F6A343E0>,2,ARMA,1.8383763893949838,1.0643188182201142,1.3558673937354582
datasets/synthetic_data/s2.csv,251,<timecave.validation_methods.OOS.Repeated_Holdout object at 0x00000250F6A343E0>,3,Tree,2.830565820889936,1.2749868232234707,1.682428548524405
datasets/synthetic_data/s2.csv,251,<timecave.validation_methods.OOS.Repeated_Holdout object at 0x00000250F6A343E0>,3,ARMA,1.6970062354972217,1.0172581765935593,1.302691918873078
datasets/synthetic_data/s2.csv,251,<timecave.validation_methods.prequential.Growing_Window object at 0x00000250F6A37DA0>,0,Tree,3.505861079942925,1.3386440738965897,1.8723944776523256
datasets/synthetic_data/s2.csv,251,<timecave.validation_methods.prequential.Growing_Window object at 0x00000250F6A37DA0>,0,ARMA,4.033714648542462,1.5045073182455146,2.008410976006271
datasets/synthetic_data/s2.csv,251,<timecave.validation_methods.prequential.Growing_Window object at 0x00000250F6A37DA0>,1,Tree,1.2477713286151983,0.9493770947133403,1.1170368519503724
datasets/synthetic_data/s2.csv,251,<timecave.validation_methods.prequential.Growing_Window object at 0x00000250F6A37DA0>,1,ARMA,0.8165076328953911,0.750907034693111,0.9036081190955464
datasets/synthetic_data/s2.csv,251,<timecave.validation_methods.prequential.Growing_Window object at 0x00000250F6A37DA0>,2,Tree,2.0009074405146827,1.0905155181800625,1.4145343546604596
datasets/synthetic_data/s2.csv,251,<timecave.validation_methods.prequential.Growing_Window object at 0x00000250F6A37DA0>,2,ARMA,2.2184360333973965,1.1417454094090216,1.4894415172800162
datasets/synthetic_data/s2.csv,251,<timecave.validation_methods.prequential.Growing_Window object at 0x00000250F6A37DA0>,3,Tree,3.589141718045925,1.543119606754868,1.8945030266658127
datasets/synthetic_data/s2.csv,251,<timecave.validation_methods.prequential.Growing_Window object at 0x00000250F6A37DA0>,3,ARMA,2.1351117272485816,1.1718643305869785,1.4612021513974656
datasets/synthetic_data/s2.csv,251,<timecave.validation_methods.prequential.Growing_Window object at 0x00000250F25E79B0>,0,Tree,1.2685714048101973,0.9405249317377249,1.1263087519904111
datasets/synthetic_data/s2.csv,251,<timecave.validation_methods.prequential.Growing_Window object at 0x00000250F25E79B0>,0,ARMA,1.1974017319413246,0.9314267806977722,1.0942585306687467
datasets/synthetic_data/s2.csv,251,<timecave.validation_methods.prequential.Growing_Window object at 0x00000250F25E79B0>,1,Tree,1.3672615338716343,0.9230235577609001,1.1692995911534538
datasets/synthetic_data/s2.csv,251,<timecave.validation_methods.prequential.Growing_Window object at 0x00000250F25E79B0>,1,ARMA,2.642599437379881,1.275730844651929,1.6256074056733012
datasets/synthetic_data/s2.csv,251,<timecave.validation_methods.prequential.Growing_Window object at 0x00000250F25E79B0>,2,Tree,3.654089204658565,1.4843841253465158,1.9115672116508393
datasets/synthetic_data/s2.csv,251,<timecave.validation_methods.prequential.Growing_Window object at 0x00000250F25E79B0>,2,ARMA,2.120642602719629,1.1748486898593626,1.4562426318164254
datasets/synthetic_data/s2.csv,251,<timecave.validation_methods.prequential.Rolling_Window object at 0x00000250F6AA0620>,0,Tree,3.8240947452902123,1.4056233287681763,1.9555292749765247
datasets/synthetic_data/s2.csv,251,<timecave.validation_methods.prequential.Rolling_Window object at 0x00000250F6AA0620>,0,ARMA,4.033714648542462,1.5045073182455146,2.008410976006271
datasets/synthetic_data/s2.csv,251,<timecave.validation_methods.prequential.Rolling_Window object at 0x00000250F6AA0620>,1,Tree,4.036825750205107,1.7679060905847257,2.0091853449109935
datasets/synthetic_data/s2.csv,251,<timecave.validation_methods.prequential.Rolling_Window object at 0x00000250F6AA0620>,1,ARMA,0.7019424773095387,0.7011381598477788,0.837820074544373
datasets/synthetic_data/s2.csv,251,<timecave.validation_methods.prequential.Rolling_Window object at 0x00000250F6AA0620>,2,Tree,2.3716665655031255,1.2244351110401783,1.5400216120246901
datasets/synthetic_data/s2.csv,251,<timecave.validation_methods.prequential.Rolling_Window object at 0x00000250F6AA0620>,2,ARMA,1.8099165661000296,1.0536607534021558,1.345331396385303
datasets/synthetic_data/s2.csv,251,<timecave.validation_methods.prequential.Rolling_Window object at 0x00000250F6AA0620>,3,Tree,2.901891930096926,1.3767008113442627,1.7034940358266377
datasets/synthetic_data/s2.csv,251,<timecave.validation_methods.prequential.Rolling_Window object at 0x00000250F6AA0620>,3,ARMA,2.601237133878011,1.2786520604836737,1.6128351229676303
datasets/synthetic_data/s2.csv,251,<timecave.validation_methods.prequential.Rolling_Window object at 0x00000250F6AA0BC0>,0,Tree,1.2852388081401742,0.9912035715022034,1.1336837337371364
datasets/synthetic_data/s2.csv,251,<timecave.validation_methods.prequential.Rolling_Window object at 0x00000250F6AA0BC0>,0,ARMA,1.1974017319413246,0.9314267806977722,1.0942585306687467
datasets/synthetic_data/s2.csv,251,<timecave.validation_methods.prequential.Rolling_Window object at 0x00000250F6AA0BC0>,1,Tree,2.3375771100029916,1.2544559144558523,1.5289137026016189
datasets/synthetic_data/s2.csv,251,<timecave.validation_methods.prequential.Rolling_Window object at 0x00000250F6AA0BC0>,1,ARMA,2.403079091017445,1.205794812847464,1.5501867922987362
datasets/synthetic_data/s2.csv,251,<timecave.validation_methods.prequential.Rolling_Window object at 0x00000250F6AA0BC0>,2,Tree,2.6789710911447417,1.3371559917613096,1.6367562711487442
datasets/synthetic_data/s2.csv,251,<timecave.validation_methods.prequential.Rolling_Window object at 0x00000250F6AA0BC0>,2,ARMA,2.206878202273754,1.155682970831498,1.485556529477675
datasets/synthetic_data/s2.csv,251,<timecave.validation_methods.CV.Block_CV object at 0x00000250F6AA3AA0>,0,Tree,2.191864424702828,1.246896974592359,1.4804946554117742
datasets/synthetic_data/s2.csv,251,<timecave.validation_methods.CV.Block_CV object at 0x00000250F6AA3AA0>,0,ARMA,1.9032302010002025,1.2029765386869329,1.3795760946755355
datasets/synthetic_data/s2.csv,251,<timecave.validation_methods.CV.Block_CV object at 0x00000250F6AA3AA0>,1,Tree,3.366709361815702,1.449008102729893,1.834859493753051
datasets/synthetic_data/s2.csv,251,<timecave.validation_methods.CV.Block_CV object at 0x00000250F6AA3AA0>,1,ARMA,3.507463119276576,1.4882419821467223,1.872822233762878
datasets/synthetic_data/s2.csv,251,<timecave.validation_methods.CV.Block_CV object at 0x00000250F6AA3AA0>,2,Tree,1.4737064676065683,0.9023217178012625,1.2139631244838405
datasets/synthetic_data/s2.csv,251,<timecave.validation_methods.CV.Block_CV object at 0x00000250F6AA3AA0>,2,ARMA,0.6620533492966855,0.6884328753737226,0.8136666081981523
datasets/synthetic_data/s2.csv,251,<timecave.validation_methods.CV.Block_CV object at 0x00000250F6AA3AA0>,3,Tree,2.127659136806543,1.161769313710431,1.4586497649561196
datasets/synthetic_data/s2.csv,251,<timecave.validation_methods.CV.Block_CV object at 0x00000250F6AA3AA0>,3,ARMA,2.543691533971341,1.2320447260006437,1.5948954617689965
datasets/synthetic_data/s2.csv,251,<timecave.validation_methods.CV.Block_CV object at 0x00000250F6AA3AA0>,4,Tree,3.6425596052544127,1.4957726962316709,1.908549083794916
datasets/synthetic_data/s2.csv,251,<timecave.validation_methods.CV.Block_CV object at 0x00000250F6AA3AA0>,4,ARMA,2.1351117272485816,1.1718643305869785,1.4612021513974656
datasets/synthetic_data/s2.csv,251,<timecave.validation_methods.CV.AdaptedhvBlockCV object at 0x00000250F6AA2B70>,0,Tree,3.2719267806762327,1.5566529932551556,1.8088468096210448
datasets/synthetic_data/s2.csv,251,<timecave.validation_methods.CV.AdaptedhvBlockCV object at 0x00000250F6AA2B70>,0,ARMA,1.9359848289344084,1.2158948689953475,1.39139671874502
datasets/synthetic_data/s2.csv,251,<timecave.validation_methods.CV.AdaptedhvBlockCV object at 0x00000250F6AA2B70>,1,Tree,4.569008519085735,1.652361481388073,2.1375239224592866
datasets/synthetic_data/s2.csv,251,<timecave.validation_methods.CV.AdaptedhvBlockCV object at 0x00000250F6AA2B70>,1,ARMA,3.5152104603465832,1.4889920364427986,1.8748894528335753
datasets/synthetic_data/s2.csv,251,<timecave.validation_methods.CV.AdaptedhvBlockCV object at 0x00000250F6AA2B70>,2,Tree,2.1477411201470287,1.1557021337221487,1.465517355798637
datasets/synthetic_data/s2.csv,251,<timecave.validation_methods.CV.AdaptedhvBlockCV object at 0x00000250F6AA2B70>,2,ARMA,0.6598166004131365,0.6861504977692054,0.8122909579781967
datasets/synthetic_data/s2.csv,251,<timecave.validation_methods.CV.AdaptedhvBlockCV object at 0x00000250F6AA2B70>,3,Tree,1.8381643450495218,1.0440203639406234,1.3557891963906195
datasets/synthetic_data/s2.csv,251,<timecave.validation_methods.CV.AdaptedhvBlockCV object at 0x00000250F6AA2B70>,3,ARMA,2.555936745508344,1.235427899829234,1.5987297287247597
datasets/synthetic_data/s2.csv,251,<timecave.validation_methods.CV.AdaptedhvBlockCV object at 0x00000250F6AA2B70>,4,Tree,3.715270814438215,1.5513830485539535,1.9275037780606852
datasets/synthetic_data/s2.csv,251,<timecave.validation_methods.CV.AdaptedhvBlockCV object at 0x00000250F6AA2B70>,4,ARMA,2.1892107995598065,1.2008747087418628,1.4795981885497855
datasets/synthetic_data/s2.csv,251,<timecave.validation_methods.markov.MarkovCV object at 0x00000250F6AA1AF0>,0,Tree,5.0097171723105856,1.5480904117059484,2.2382397486218015
datasets/synthetic_data/s2.csv,251,<timecave.validation_methods.markov.MarkovCV object at 0x00000250F6AA1AF0>,0,ARMA,3.409304572670956,1.3982360093045452,1.846430224154424
datasets/synthetic_data/s2.csv,251,<timecave.validation_methods.markov.MarkovCV object at 0x00000250F6AA1AF0>,1,Tree,7.772101895017366,2.142511451916736,2.787848972777644
datasets/synthetic_data/s2.csv,251,<timecave.validation_methods.markov.MarkovCV object at 0x00000250F6AA1AF0>,1,ARMA,5.471395409914276,1.9385115931096537,2.339101410780276
datasets/synthetic_data/s2.csv,251,<timecave.validation_methods.markov.MarkovCV object at 0x00000250F6AA1AF0>,2,Tree,4.543036050441702,1.5468626022058054,2.1314399007341733
datasets/synthetic_data/s2.csv,251,<timecave.validation_methods.markov.MarkovCV object at 0x00000250F6AA1AF0>,2,ARMA,3.0260247285452837,1.5134368155652362,1.7395472768928368
datasets/synthetic_data/s2.csv,251,<timecave.validation_methods.markov.MarkovCV object at 0x00000250F6AA1AF0>,3,Tree,2.7645399042100305,1.2585430373165452,1.6626905617733057
datasets/synthetic_data/s2.csv,251,<timecave.validation_methods.markov.MarkovCV object at 0x00000250F6AA1AF0>,3,ARMA,2.079146752710244,1.2258265816704061,1.4419246695685055
datasets/synthetic_data/s2.csv,251,<timecave.validation_methods.markov.MarkovCV object at 0x00000250F6AA1AF0>,4,Tree,3.4130756149734576,1.4009986162957004,1.8474511130131313
datasets/synthetic_data/s2.csv,251,<timecave.validation_methods.markov.MarkovCV object at 0x00000250F6AA1AF0>,4,ARMA,1.6872246323486066,0.9522997433276112,1.2989321122940207
datasets/synthetic_data/s2.csv,251,<timecave.validation_methods.markov.MarkovCV object at 0x00000250F6AA1AF0>,5,Tree,1.4960661576611998,0.9850889283458184,1.223137832650597
datasets/synthetic_data/s2.csv,251,<timecave.validation_methods.markov.MarkovCV object at 0x00000250F6AA1AF0>,5,ARMA,1.2172715654890647,0.9146461880427228,1.1033003061220752
datasets/synthetic_data/s2.csv,251,<timecave.validation_methods.markov.MarkovCV object at 0x00000250F6AA1AF0>,6,Tree,4.394314144991249,1.7474397970803182,2.0962619457003098
datasets/synthetic_data/s2.csv,251,<timecave.validation_methods.markov.MarkovCV object at 0x00000250F6AA1AF0>,6,ARMA,4.26897572535986,1.6156418055371655,2.0661499764924764
datasets/synthetic_data/s2.csv,251,<timecave.validation_methods.markov.MarkovCV object at 0x00000250F6AA1AF0>,7,Tree,4.832375067718827,1.8045324933605162,2.198266377789286
datasets/synthetic_data/s2.csv,251,<timecave.validation_methods.markov.MarkovCV object at 0x00000250F6AA1AF0>,7,ARMA,2.3274379468582223,1.2855017088527936,1.525594293007883
datasets/synthetic_data/s2.csv,251,<timecave.validation_methods.markov.MarkovCV object at 0x00000250F6AA1AF0>,8,Tree,2.611087990592691,1.2807517750017121,1.6158861316914293
datasets/synthetic_data/s2.csv,251,<timecave.validation_methods.markov.MarkovCV object at 0x00000250F6AA1AF0>,8,ARMA,1.9924404333515908,1.0970670535120801,1.4115383216022124
datasets/synthetic_data/s2.csv,251,<timecave.validation_methods.markov.MarkovCV object at 0x00000250F6AA1AF0>,9,Tree,3.0784705360534717,1.4406373275865307,1.754557076886777
datasets/synthetic_data/s2.csv,251,<timecave.validation_methods.markov.MarkovCV object at 0x00000250F6AA1AF0>,9,ARMA,2.1362344241312554,1.1331015675641052,1.4615862698216808
datasets/synthetic_data/s2.csv,252,<timecave.validation_methods.OOS.Holdout object at 0x00000250F2606F60>,0,Tree,2.374352549373594,1.1888881834470537,1.5408934257026325
datasets/synthetic_data/s2.csv,252,<timecave.validation_methods.OOS.Holdout object at 0x00000250F2606F60>,0,ARMA,2.642761039222991,1.3443804277934033,1.6256571099782977
datasets/synthetic_data/s2.csv,252,<timecave.validation_methods.OOS.Repeated_Holdout object at 0x00000250F6AA2F60>,0,Tree,3.5358398253334453,1.6016500939243834,1.88038289327824
datasets/synthetic_data/s2.csv,252,<timecave.validation_methods.OOS.Repeated_Holdout object at 0x00000250F6AA2F60>,0,ARMA,2.799246583409984,1.3427364632698309,1.6730949116562348
datasets/synthetic_data/s2.csv,252,<timecave.validation_methods.OOS.Repeated_Holdout object at 0x00000250F6AA2F60>,1,Tree,3.2974398739456694,1.5245974527217907,1.8158854242340483
datasets/synthetic_data/s2.csv,252,<timecave.validation_methods.OOS.Repeated_Holdout object at 0x00000250F6AA2F60>,1,ARMA,2.592953921287685,1.284658763336268,1.6102651711093068
datasets/synthetic_data/s2.csv,252,<timecave.validation_methods.OOS.Repeated_Holdout object at 0x00000250F6AA2F60>,2,Tree,2.327189543151953,1.2138605380383414,1.525512878723727
datasets/synthetic_data/s2.csv,252,<timecave.validation_methods.OOS.Repeated_Holdout object at 0x00000250F6AA2F60>,2,ARMA,2.5688826805157676,1.3102953021121975,1.602773433931249
datasets/synthetic_data/s2.csv,252,<timecave.validation_methods.OOS.Repeated_Holdout object at 0x00000250F6AA2F60>,3,Tree,3.507478357937119,1.5073975341514456,1.8728263021265796
datasets/synthetic_data/s2.csv,252,<timecave.validation_methods.OOS.Repeated_Holdout object at 0x00000250F6AA2F60>,3,ARMA,2.642761039222991,1.3443804277934033,1.6256571099782977
datasets/synthetic_data/s2.csv,252,<timecave.validation_methods.prequential.Growing_Window object at 0x00000250F6AA07A0>,0,Tree,4.864860221586055,1.696942189791115,2.205642813690842
datasets/synthetic_data/s2.csv,252,<timecave.validation_methods.prequential.Growing_Window object at 0x00000250F6AA07A0>,0,ARMA,1.564211352107972,1.030232389592617,1.2506843535072996
datasets/synthetic_data/s2.csv,252,<timecave.validation_methods.prequential.Growing_Window object at 0x00000250F6AA07A0>,1,Tree,2.4712694673907185,1.29290014958259,1.5720271840495375
datasets/synthetic_data/s2.csv,252,<timecave.validation_methods.prequential.Growing_Window object at 0x00000250F6AA07A0>,1,ARMA,1.4257784790305812,0.9815658223798275,1.194059663095015
datasets/synthetic_data/s2.csv,252,<timecave.validation_methods.prequential.Growing_Window object at 0x00000250F6AA07A0>,2,Tree,2.4729819690827606,1.2478386217051156,1.5725717691357557
datasets/synthetic_data/s2.csv,252,<timecave.validation_methods.prequential.Growing_Window object at 0x00000250F6AA07A0>,2,ARMA,2.0343253767923524,1.2230545149742533,1.4262977868567113
datasets/synthetic_data/s2.csv,252,<timecave.validation_methods.prequential.Growing_Window object at 0x00000250F6AA07A0>,3,Tree,2.7570459003148677,1.372393548770123,1.6604354550282487
datasets/synthetic_data/s2.csv,252,<timecave.validation_methods.prequential.Growing_Window object at 0x00000250F6AA07A0>,3,ARMA,2.6731157222507673,1.319477866311926,1.6349665813865333
datasets/synthetic_data/s2.csv,252,<timecave.validation_methods.prequential.Growing_Window object at 0x00000250F6AA2060>,0,Tree,5.87088373074267,2.1899429977048723,2.422990658410112
datasets/synthetic_data/s2.csv,252,<timecave.validation_methods.prequential.Growing_Window object at 0x00000250F6AA2060>,0,ARMA,1.8279018833331866,1.1571268084599509,1.351999217208792
datasets/synthetic_data/s2.csv,252,<timecave.validation_methods.prequential.Growing_Window object at 0x00000250F6AA2060>,1,Tree,1.5363023314638153,1.0085668712836726,1.2394766361105058
datasets/synthetic_data/s2.csv,252,<timecave.validation_methods.prequential.Growing_Window object at 0x00000250F6AA2060>,1,ARMA,2.215628724787721,1.23688651235776,1.4884988158502919
datasets/synthetic_data/s2.csv,252,<timecave.validation_methods.prequential.Growing_Window object at 0x00000250F6AA2060>,2,Tree,3.0138651378842884,1.4108858391566994,1.7360487141449368
datasets/synthetic_data/s2.csv,252,<timecave.validation_methods.prequential.Growing_Window object at 0x00000250F6AA2060>,2,ARMA,2.5521854720657884,1.2813861188894982,1.5975560935584667
datasets/synthetic_data/s2.csv,252,<timecave.validation_methods.prequential.Rolling_Window object at 0x00000250F6AA0680>,0,Tree,4.791047961424566,1.716907796279169,2.188846262628914
datasets/synthetic_data/s2.csv,252,<timecave.validation_methods.prequential.Rolling_Window object at 0x00000250F6AA0680>,0,ARMA,1.564211352107972,1.030232389592617,1.2506843535072996
datasets/synthetic_data/s2.csv,252,<timecave.validation_methods.prequential.Rolling_Window object at 0x00000250F6AA0680>,1,Tree,1.97440654634957,1.1287845078199572,1.4051357750586133
datasets/synthetic_data/s2.csv,252,<timecave.validation_methods.prequential.Rolling_Window object at 0x00000250F6AA0680>,1,ARMA,1.358381804918968,0.9331919582722992,1.1654963770509834
datasets/synthetic_data/s2.csv,252,<timecave.validation_methods.prequential.Rolling_Window object at 0x00000250F6AA0680>,2,Tree,4.609598389190051,1.8230411570503506,2.146997528920341
datasets/synthetic_data/s2.csv,252,<timecave.validation_methods.prequential.Rolling_Window object at 0x00000250F6AA0680>,2,ARMA,2.4541012171373615,1.3300943677744406,1.566557122206963
datasets/synthetic_data/s2.csv,252,<timecave.validation_methods.prequential.Rolling_Window object at 0x00000250F6AA0680>,3,Tree,3.809736974908458,1.6813938399061699,1.9518547525132237
datasets/synthetic_data/s2.csv,252,<timecave.validation_methods.prequential.Rolling_Window object at 0x00000250F6AA0680>,3,ARMA,3.0644789783792197,1.4265855632929898,1.7505653310799971
datasets/synthetic_data/s2.csv,252,<timecave.validation_methods.prequential.Rolling_Window object at 0x00000250F6AA1310>,0,Tree,6.365811597514685,2.2741370913426735,2.5230560036421474
datasets/synthetic_data/s2.csv,252,<timecave.validation_methods.prequential.Rolling_Window object at 0x00000250F6AA1310>,0,ARMA,1.8279018833331866,1.1571268084599509,1.351999217208792
datasets/synthetic_data/s2.csv,252,<timecave.validation_methods.prequential.Rolling_Window object at 0x00000250F6AA1310>,1,Tree,2.678343089007732,1.4210354436659909,1.6365644163942135
datasets/synthetic_data/s2.csv,252,<timecave.validation_methods.prequential.Rolling_Window object at 0x00000250F6AA1310>,1,ARMA,2.2386189425792926,1.2536589749162466,1.4962015046708423
datasets/synthetic_data/s2.csv,252,<timecave.validation_methods.prequential.Rolling_Window object at 0x00000250F6AA1310>,2,Tree,3.717409177393231,1.635906659315839,1.928058395742523
datasets/synthetic_data/s2.csv,252,<timecave.validation_methods.prequential.Rolling_Window object at 0x00000250F6AA1310>,2,ARMA,2.2453807981498066,1.2102338279270968,1.498459474977487
datasets/synthetic_data/s2.csv,252,<timecave.validation_methods.CV.Block_CV object at 0x00000250F6AA0110>,0,Tree,4.07783790995779,1.5002608843612475,2.019365719714433
datasets/synthetic_data/s2.csv,252,<timecave.validation_methods.CV.Block_CV object at 0x00000250F6AA0110>,0,ARMA,1.4186343661943506,0.8635839570735211,1.191064383731774
datasets/synthetic_data/s2.csv,252,<timecave.validation_methods.CV.Block_CV object at 0x00000250F6AA0110>,1,Tree,1.6652708465216033,1.0595835310312642,1.2904537366839632
datasets/synthetic_data/s2.csv,252,<timecave.validation_methods.CV.Block_CV object at 0x00000250F6AA0110>,1,ARMA,1.4200737273771344,1.0030867299612563,1.1916684637000068
datasets/synthetic_data/s2.csv,252,<timecave.validation_methods.CV.Block_CV object at 0x00000250F6AA0110>,2,Tree,2.9403366890770806,1.4244192949555352,1.7147409976661434
datasets/synthetic_data/s2.csv,252,<timecave.validation_methods.CV.Block_CV object at 0x00000250F6AA0110>,2,ARMA,1.2773953594868146,0.9406237140159737,1.1302191643600876
datasets/synthetic_data/s2.csv,252,<timecave.validation_methods.CV.Block_CV object at 0x00000250F6AA0110>,3,Tree,2.6081595747838153,1.2546137347985309,1.6149797443880884
datasets/synthetic_data/s2.csv,252,<timecave.validation_methods.CV.Block_CV object at 0x00000250F6AA0110>,3,ARMA,2.0945571017174425,1.2379690182519796,1.4472584778530206
datasets/synthetic_data/s2.csv,252,<timecave.validation_methods.CV.Block_CV object at 0x00000250F6AA0110>,4,Tree,2.9178152391825645,1.431043983519649,1.7081613621618317
datasets/synthetic_data/s2.csv,252,<timecave.validation_methods.CV.Block_CV object at 0x00000250F6AA0110>,4,ARMA,2.6731157222507673,1.319477866311926,1.6349665813865333
datasets/synthetic_data/s2.csv,252,<timecave.validation_methods.CV.AdaptedhvBlockCV object at 0x00000250F6AA1160>,0,Tree,4.910504267605871,1.7509855832816543,2.2159657640870427
datasets/synthetic_data/s2.csv,252,<timecave.validation_methods.CV.AdaptedhvBlockCV object at 0x00000250F6AA1160>,0,ARMA,1.4498289766811796,0.8764462988726638,1.2040884422172566
datasets/synthetic_data/s2.csv,252,<timecave.validation_methods.CV.AdaptedhvBlockCV object at 0x00000250F6AA1160>,1,Tree,1.5700998644909059,1.040365585982517,1.2530362582506964
datasets/synthetic_data/s2.csv,252,<timecave.validation_methods.CV.AdaptedhvBlockCV object at 0x00000250F6AA1160>,1,ARMA,1.4290152078335692,1.011238322253275,1.1954142411037143
datasets/synthetic_data/s2.csv,252,<timecave.validation_methods.CV.AdaptedhvBlockCV object at 0x00000250F6AA1160>,2,Tree,3.0741175022804206,1.468666514054608,1.7533161444190322
datasets/synthetic_data/s2.csv,252,<timecave.validation_methods.CV.AdaptedhvBlockCV object at 0x00000250F6AA1160>,2,ARMA,1.293729448156943,0.9510660591229076,1.1374222822491842
datasets/synthetic_data/s2.csv,252,<timecave.validation_methods.CV.AdaptedhvBlockCV object at 0x00000250F6AA1160>,3,Tree,3.076691320494135,1.3442994744711827,1.7540499766238518
datasets/synthetic_data/s2.csv,252,<timecave.validation_methods.CV.AdaptedhvBlockCV object at 0x00000250F6AA1160>,3,ARMA,2.0854604657349327,1.233451227454345,1.4441123452608986
datasets/synthetic_data/s2.csv,252,<timecave.validation_methods.CV.AdaptedhvBlockCV object at 0x00000250F6AA1160>,4,Tree,2.996362008070907,1.4472394154474175,1.7310002911816356
datasets/synthetic_data/s2.csv,252,<timecave.validation_methods.CV.AdaptedhvBlockCV object at 0x00000250F6AA1160>,4,ARMA,2.640371372764214,1.3133119602501782,1.6249219589765578
datasets/synthetic_data/s2.csv,252,<timecave.validation_methods.markov.MarkovCV object at 0x00000250F6AA2000>,0,Tree,3.6041179211432697,1.5193615124888453,1.898451453459706
datasets/synthetic_data/s2.csv,252,<timecave.validation_methods.markov.MarkovCV object at 0x00000250F6AA2000>,0,ARMA,2.197346793429545,1.2656423279961995,1.4823450318429732
datasets/synthetic_data/s2.csv,252,<timecave.validation_methods.markov.MarkovCV object at 0x00000250F6AA2000>,1,Tree,4.9976836927228945,1.6529133371551925,2.2355499754474053
datasets/synthetic_data/s2.csv,252,<timecave.validation_methods.markov.MarkovCV object at 0x00000250F6AA2000>,1,ARMA,2.9036459482004506,1.298488161558791,1.7040087875948442
datasets/synthetic_data/s2.csv,252,<timecave.validation_methods.markov.MarkovCV object at 0x00000250F6AA2000>,2,Tree,4.073589417576565,1.746372442016315,2.0183135082480534
datasets/synthetic_data/s2.csv,252,<timecave.validation_methods.markov.MarkovCV object at 0x00000250F6AA2000>,2,ARMA,1.7915072828388392,1.0984572452632522,1.3384719955377622
datasets/synthetic_data/s2.csv,252,<timecave.validation_methods.markov.MarkovCV object at 0x00000250F6AA2000>,3,Tree,5.220072077922626,2.173365580595245,2.284747705529568
datasets/synthetic_data/s2.csv,252,<timecave.validation_methods.markov.MarkovCV object at 0x00000250F6AA2000>,3,ARMA,1.9067155263843178,1.2770664673383965,1.3808387039710024
datasets/synthetic_data/s2.csv,252,<timecave.validation_methods.markov.MarkovCV object at 0x00000250F6AA2000>,4,Tree,5.050964159332003,1.9465313848672212,2.247435017821873
datasets/synthetic_data/s2.csv,252,<timecave.validation_methods.markov.MarkovCV object at 0x00000250F6AA2000>,4,ARMA,3.545023398062406,1.6459532733171798,1.8828232519443788
datasets/synthetic_data/s2.csv,252,<timecave.validation_methods.markov.MarkovCV object at 0x00000250F6AA2000>,5,Tree,6.760518565320845,2.18742723044449,2.6000997221877555
datasets/synthetic_data/s2.csv,252,<timecave.validation_methods.markov.MarkovCV object at 0x00000250F6AA2000>,5,ARMA,1.7325908533808567,1.1283713572017253,1.316279170001887
datasets/synthetic_data/s2.csv,252,<timecave.validation_methods.markov.MarkovCV object at 0x00000250F6AA2000>,6,Tree,5.020240910912879,1.8018387208570148,2.2405894114970906
datasets/synthetic_data/s2.csv,252,<timecave.validation_methods.markov.MarkovCV object at 0x00000250F6AA2000>,6,ARMA,2.5869803608359963,1.2909330677280622,1.6084092640979148
datasets/synthetic_data/s2.csv,252,<timecave.validation_methods.markov.MarkovCV object at 0x00000250F6AA2000>,7,Tree,4.316203799810411,1.817233651008184,2.0775475445366856
datasets/synthetic_data/s2.csv,252,<timecave.validation_methods.markov.MarkovCV object at 0x00000250F6AA2000>,7,ARMA,1.410525565642359,0.9169071044123973,1.1876554911431003
datasets/synthetic_data/s2.csv,252,<timecave.validation_methods.markov.MarkovCV object at 0x00000250F6AA2000>,8,Tree,2.6736685874118056,1.4405589905291765,1.6351356480157253
datasets/synthetic_data/s2.csv,252,<timecave.validation_methods.markov.MarkovCV object at 0x00000250F6AA2000>,8,ARMA,1.810047507030156,1.0595650523923266,1.3453800604402297
datasets/synthetic_data/s2.csv,252,<timecave.validation_methods.markov.MarkovCV object at 0x00000250F6AA2000>,9,Tree,3.174211698716566,1.3758581542566715,1.7816317517143003
datasets/synthetic_data/s2.csv,252,<timecave.validation_methods.markov.MarkovCV object at 0x00000250F6AA2000>,9,ARMA,1.8979295588318061,1.1497205343762154,1.3776536425501897
datasets/synthetic_data/s2.csv,253,<timecave.validation_methods.OOS.Holdout object at 0x00000250F6A378C0>,0,Tree,1.8700367358364876,1.122270456805509,1.3674928650038682
datasets/synthetic_data/s2.csv,253,<timecave.validation_methods.OOS.Holdout object at 0x00000250F6A378C0>,0,ARMA,1.7094864836358055,1.11162328903155,1.30747332042983
datasets/synthetic_data/s2.csv,253,<timecave.validation_methods.OOS.Repeated_Holdout object at 0x00000250F1DF7B00>,0,Tree,1.659172947519782,1.0508950248196476,1.2880888740765453
datasets/synthetic_data/s2.csv,253,<timecave.validation_methods.OOS.Repeated_Holdout object at 0x00000250F1DF7B00>,0,ARMA,1.7510349203313669,1.115046448242483,1.323266760835232
datasets/synthetic_data/s2.csv,253,<timecave.validation_methods.OOS.Repeated_Holdout object at 0x00000250F1DF7B00>,1,Tree,1.7830151729044954,1.0966828932084507,1.3352959121125532
datasets/synthetic_data/s2.csv,253,<timecave.validation_methods.OOS.Repeated_Holdout object at 0x00000250F1DF7B00>,1,ARMA,1.6321991483386564,1.0934861280261128,1.2775754961405046
datasets/synthetic_data/s2.csv,253,<timecave.validation_methods.OOS.Repeated_Holdout object at 0x00000250F1DF7B00>,2,Tree,1.7642350608410753,1.0776856433179325,1.3282451057094378
datasets/synthetic_data/s2.csv,253,<timecave.validation_methods.OOS.Repeated_Holdout object at 0x00000250F1DF7B00>,2,ARMA,1.8238665221543382,1.1525547697080234,1.350506024479098
datasets/synthetic_data/s2.csv,253,<timecave.validation_methods.OOS.Repeated_Holdout object at 0x00000250F1DF7B00>,3,Tree,1.7087178049906016,1.0609145403854683,1.3071793316108549
datasets/synthetic_data/s2.csv,253,<timecave.validation_methods.OOS.Repeated_Holdout object at 0x00000250F1DF7B00>,3,ARMA,1.7094864836358055,1.11162328903155,1.30747332042983
datasets/synthetic_data/s2.csv,253,<timecave.validation_methods.prequential.Growing_Window object at 0x00000250F6AA10A0>,0,Tree,2.2631563022578884,1.2404748195848185,1.5043790420827752
datasets/synthetic_data/s2.csv,253,<timecave.validation_methods.prequential.Growing_Window object at 0x00000250F6AA10A0>,0,ARMA,1.7135856488263328,1.0403450666642047,1.309039972203421
datasets/synthetic_data/s2.csv,253,<timecave.validation_methods.prequential.Growing_Window object at 0x00000250F6AA10A0>,1,Tree,4.277147600214822,1.5918862246374057,2.0681265919219793
datasets/synthetic_data/s2.csv,253,<timecave.validation_methods.prequential.Growing_Window object at 0x00000250F6AA10A0>,1,ARMA,3.39814785900666,1.5256411313307368,1.843406590800483
datasets/synthetic_data/s2.csv,253,<timecave.validation_methods.prequential.Growing_Window object at 0x00000250F6AA10A0>,2,Tree,1.643654394549681,1.043899369366738,1.2820508548999454
datasets/synthetic_data/s2.csv,253,<timecave.validation_methods.prequential.Growing_Window object at 0x00000250F6AA10A0>,2,ARMA,1.982610455188994,1.1791228064599062,1.408052007274232
datasets/synthetic_data/s2.csv,253,<timecave.validation_methods.prequential.Growing_Window object at 0x00000250F6AA10A0>,3,Tree,1.6643812247916476,1.070389754466679,1.2901089972524211
datasets/synthetic_data/s2.csv,253,<timecave.validation_methods.prequential.Growing_Window object at 0x00000250F6AA10A0>,3,ARMA,1.5708850852601772,1.06928334442309,1.2533495463198514
datasets/synthetic_data/s2.csv,253,<timecave.validation_methods.prequential.Growing_Window object at 0x00000250F6AA0D10>,0,Tree,4.15422165566606,1.60545596042498,2.038190779997314
datasets/synthetic_data/s2.csv,253,<timecave.validation_methods.prequential.Growing_Window object at 0x00000250F6AA0D10>,0,ARMA,3.0345941318389476,1.4471544039845985,1.742008648611983
datasets/synthetic_data/s2.csv,253,<timecave.validation_methods.prequential.Growing_Window object at 0x00000250F6AA0D10>,1,Tree,2.0301947674927248,1.119867708727645,1.4248490332286872
datasets/synthetic_data/s2.csv,253,<timecave.validation_methods.prequential.Growing_Window object at 0x00000250F6AA0D10>,1,ARMA,1.8670222338128668,1.1663781868093115,1.3663902201834097
datasets/synthetic_data/s2.csv,253,<timecave.validation_methods.prequential.Growing_Window object at 0x00000250F6AA0D10>,2,Tree,2.4093339790733217,1.33780447371955,1.552202943906924
datasets/synthetic_data/s2.csv,253,<timecave.validation_methods.prequential.Growing_Window object at 0x00000250F6AA0D10>,2,ARMA,1.6296102569267736,1.0796390318778415,1.276561889187819
datasets/synthetic_data/s2.csv,253,<timecave.validation_methods.prequential.Rolling_Window object at 0x00000250F6AA3260>,0,Tree,2.5628618621369577,1.3470502558295423,1.6008940821106679
datasets/synthetic_data/s2.csv,253,<timecave.validation_methods.prequential.Rolling_Window object at 0x00000250F6AA3260>,0,ARMA,1.7135856488263328,1.0403450666642047,1.309039972203421
datasets/synthetic_data/s2.csv,253,<timecave.validation_methods.prequential.Rolling_Window object at 0x00000250F6AA3260>,1,Tree,5.0938555289758725,1.8005018413684528,2.25695713937502
datasets/synthetic_data/s2.csv,253,<timecave.validation_methods.prequential.Rolling_Window object at 0x00000250F6AA3260>,1,ARMA,3.5676932246576376,1.5609223044442646,1.8888338266395055
datasets/synthetic_data/s2.csv,253,<timecave.validation_methods.prequential.Rolling_Window object at 0x00000250F6AA3260>,2,Tree,2.938123988923791,1.3498098905213216,1.7140956767122981
datasets/synthetic_data/s2.csv,253,<timecave.validation_methods.prequential.Rolling_Window object at 0x00000250F6AA3260>,2,ARMA,2.568511051213706,1.2653874321849177,1.602657496539328
datasets/synthetic_data/s2.csv,253,<timecave.validation_methods.prequential.Rolling_Window object at 0x00000250F6AA3260>,3,Tree,3.8875257615976446,1.6252971141829076,1.9716809482260675
datasets/synthetic_data/s2.csv,253,<timecave.validation_methods.prequential.Rolling_Window object at 0x00000250F6AA3260>,3,ARMA,1.610360892570832,1.0984261554113055,1.268999957671722
datasets/synthetic_data/s2.csv,253,<timecave.validation_methods.prequential.Rolling_Window object at 0x00000250F6AA0320>,0,Tree,4.319276928406048,1.6661677113784716,2.0782870178120367
datasets/synthetic_data/s2.csv,253,<timecave.validation_methods.prequential.Rolling_Window object at 0x00000250F6AA0320>,0,ARMA,3.0345941318389476,1.4471544039845985,1.742008648611983
datasets/synthetic_data/s2.csv,253,<timecave.validation_methods.prequential.Rolling_Window object at 0x00000250F6AA0320>,1,Tree,3.011877753944062,1.387149369287076,1.7354762326070796
datasets/synthetic_data/s2.csv,253,<timecave.validation_methods.prequential.Rolling_Window object at 0x00000250F6AA0320>,1,ARMA,1.9546711301470712,1.1873961648160838,1.3980955368454158
datasets/synthetic_data/s2.csv,253,<timecave.validation_methods.prequential.Rolling_Window object at 0x00000250F6AA0320>,2,Tree,2.1971348724714734,1.133409653820539,1.4822735484624534
datasets/synthetic_data/s2.csv,253,<timecave.validation_methods.prequential.Rolling_Window object at 0x00000250F6AA0320>,2,ARMA,1.94251984337854,1.1814275461300825,1.3937431052308529
datasets/synthetic_data/s2.csv,253,<timecave.validation_methods.CV.Block_CV object at 0x00000250F6AA3710>,0,Tree,1.7973530869929553,1.0821050758735058,1.3406539773532002
datasets/synthetic_data/s2.csv,253,<timecave.validation_methods.CV.Block_CV object at 0x00000250F6AA3710>,0,ARMA,1.1259317530489865,0.8636876898022532,1.0610993134711693
datasets/synthetic_data/s2.csv,253,<timecave.validation_methods.CV.Block_CV object at 0x00000250F6AA3710>,1,Tree,2.0220457257749076,1.1935331690367055,1.4219865420512627
datasets/synthetic_data/s2.csv,253,<timecave.validation_methods.CV.Block_CV object at 0x00000250F6AA3710>,1,ARMA,1.9700402223295435,1.090136977022667,1.4035812133003005
datasets/synthetic_data/s2.csv,253,<timecave.validation_methods.CV.Block_CV object at 0x00000250F6AA3710>,2,Tree,1.8996427303628405,1.1011057697415259,1.3782752737979596
datasets/synthetic_data/s2.csv,253,<timecave.validation_methods.CV.Block_CV object at 0x00000250F6AA3710>,2,ARMA,3.159546418619551,1.4767988654524475,1.7775112991538342
datasets/synthetic_data/s2.csv,253,<timecave.validation_methods.CV.Block_CV object at 0x00000250F6AA3710>,3,Tree,1.6747627741586806,1.0406029541230892,1.2941262589711564
datasets/synthetic_data/s2.csv,253,<timecave.validation_methods.CV.Block_CV object at 0x00000250F6AA3710>,3,ARMA,1.7372452462368515,1.1055272025305545,1.3180459954936519
datasets/synthetic_data/s2.csv,253,<timecave.validation_methods.CV.Block_CV object at 0x00000250F6AA3710>,4,Tree,1.6645730320289094,1.0734051826512154,1.290183332720164
datasets/synthetic_data/s2.csv,253,<timecave.validation_methods.CV.Block_CV object at 0x00000250F6AA3710>,4,ARMA,1.5708850852601772,1.06928334442309,1.2533495463198514
datasets/synthetic_data/s2.csv,253,<timecave.validation_methods.CV.AdaptedhvBlockCV object at 0x00000250F6AA2990>,0,Tree,1.6978446761577535,1.0908623899442496,1.303013689934896
datasets/synthetic_data/s2.csv,253,<timecave.validation_methods.CV.AdaptedhvBlockCV object at 0x00000250F6AA2990>,0,ARMA,1.1164777371613346,0.8568369084211424,1.056635101234733
datasets/synthetic_data/s2.csv,253,<timecave.validation_methods.CV.AdaptedhvBlockCV object at 0x00000250F6AA2990>,1,Tree,2.235089425379621,1.2264000715013124,1.4950215467944337
datasets/synthetic_data/s2.csv,253,<timecave.validation_methods.CV.AdaptedhvBlockCV object at 0x00000250F6AA2990>,1,ARMA,1.9348083962173193,1.0818486427481233,1.390973902061904
datasets/synthetic_data/s2.csv,253,<timecave.validation_methods.CV.AdaptedhvBlockCV object at 0x00000250F6AA2990>,2,Tree,2.981095521074786,1.4009157089833182,1.7265849301655525
datasets/synthetic_data/s2.csv,253,<timecave.validation_methods.CV.AdaptedhvBlockCV object at 0x00000250F6AA2990>,2,ARMA,3.145695287615875,1.474277369126476,1.7736108050008816
datasets/synthetic_data/s2.csv,253,<timecave.validation_methods.CV.AdaptedhvBlockCV object at 0x00000250F6AA2990>,3,Tree,1.8389542263790002,1.0141149348134264,1.356080464566539
datasets/synthetic_data/s2.csv,253,<timecave.validation_methods.CV.AdaptedhvBlockCV object at 0x00000250F6AA2990>,3,ARMA,1.7353547392946354,1.1084681466562043,1.317328637544419
datasets/synthetic_data/s2.csv,253,<timecave.validation_methods.CV.AdaptedhvBlockCV object at 0x00000250F6AA2990>,4,Tree,1.678405822939051,1.0575101339069026,1.2955330265720943
datasets/synthetic_data/s2.csv,253,<timecave.validation_methods.CV.AdaptedhvBlockCV object at 0x00000250F6AA2990>,4,ARMA,1.8832963404949146,1.1496197509271895,1.3723324453261734
datasets/synthetic_data/s2.csv,253,<timecave.validation_methods.markov.MarkovCV object at 0x00000250F6A44410>,0,Tree,2.5543469791686197,1.079986668654485,1.5982324546725422
datasets/synthetic_data/s2.csv,253,<timecave.validation_methods.markov.MarkovCV object at 0x00000250F6A44410>,0,ARMA,2.057758928455221,1.1571548287983169,1.434489082724306
datasets/synthetic_data/s2.csv,253,<timecave.validation_methods.markov.MarkovCV object at 0x00000250F6A44410>,1,Tree,5.552247631629578,2.0917934227577657,2.356320782837001
datasets/synthetic_data/s2.csv,253,<timecave.validation_methods.markov.MarkovCV object at 0x00000250F6A44410>,1,ARMA,2.4043643840054916,1.2260846047512362,1.5506012975634618
datasets/synthetic_data/s2.csv,253,<timecave.validation_methods.markov.MarkovCV object at 0x00000250F6A44410>,2,Tree,2.636814163895392,1.2866617973520558,1.6238270116904054
datasets/synthetic_data/s2.csv,253,<timecave.validation_methods.markov.MarkovCV object at 0x00000250F6A44410>,2,ARMA,2.230301823255515,1.1986372419282143,1.4934195067882015
datasets/synthetic_data/s2.csv,253,<timecave.validation_methods.markov.MarkovCV object at 0x00000250F6A44410>,3,Tree,4.714530974540877,1.7877240791441502,2.171297071922881
datasets/synthetic_data/s2.csv,253,<timecave.validation_methods.markov.MarkovCV object at 0x00000250F6A44410>,3,ARMA,0.8954426255154966,0.7716603567670375,0.9462783023590347
datasets/synthetic_data/s2.csv,253,<timecave.validation_methods.markov.MarkovCV object at 0x00000250F6A44410>,4,Tree,3.2078005197684707,1.3733097449479694,1.7910333664587241
datasets/synthetic_data/s2.csv,253,<timecave.validation_methods.markov.MarkovCV object at 0x00000250F6A44410>,4,ARMA,2.2421744839936935,1.1775214225870103,1.4973892226117074
datasets/synthetic_data/s2.csv,253,<timecave.validation_methods.markov.MarkovCV object at 0x00000250F6A44410>,5,Tree,2.523989942162003,1.3037732982442822,1.588707003245722
datasets/synthetic_data/s2.csv,253,<timecave.validation_methods.markov.MarkovCV object at 0x00000250F6A44410>,5,ARMA,2.6152914689205518,1.263881051001237,1.617186281453238
datasets/synthetic_data/s2.csv,253,<timecave.validation_methods.markov.MarkovCV object at 0x00000250F6A44410>,6,Tree,3.855622048186828,1.5128949592910708,1.9635737949429932
datasets/synthetic_data/s2.csv,253,<timecave.validation_methods.markov.MarkovCV object at 0x00000250F6A44410>,6,ARMA,2.425003409426227,1.3835173990385585,1.5572422449401464
datasets/synthetic_data/s2.csv,253,<timecave.validation_methods.markov.MarkovCV object at 0x00000250F6A44410>,7,Tree,4.212900677193042,1.554291926548515,2.052535182936712
datasets/synthetic_data/s2.csv,253,<timecave.validation_methods.markov.MarkovCV object at 0x00000250F6A44410>,7,ARMA,2.429478199080711,1.3039162642267732,1.558678350103289
datasets/synthetic_data/s2.csv,253,<timecave.validation_methods.markov.MarkovCV object at 0x00000250F6A44410>,8,Tree,4.106688181356673,1.6142513254576563,2.0264965288291696
datasets/synthetic_data/s2.csv,253,<timecave.validation_methods.markov.MarkovCV object at 0x00000250F6A44410>,8,ARMA,0.9482586213216547,0.7710273463224984,0.9737857163265718
datasets/synthetic_data/s2.csv,253,<timecave.validation_methods.markov.MarkovCV object at 0x00000250F6A44410>,9,Tree,4.212225612558475,1.794280721354744,2.0523707298045535
datasets/synthetic_data/s2.csv,253,<timecave.validation_methods.markov.MarkovCV object at 0x00000250F6A44410>,9,ARMA,1.8235814370727184,1.0120054058382484,1.3504004728497092
datasets/synthetic_data/s2.csv,254,<timecave.validation_methods.OOS.Holdout object at 0x00000250F29B3530>,0,Tree,3.0645557215861308,1.3713443341260918,1.7505872504922828
datasets/synthetic_data/s2.csv,254,<timecave.validation_methods.OOS.Holdout object at 0x00000250F29B3530>,0,ARMA,2.8819838420735295,1.2399729338258012,1.6976406693035866
datasets/synthetic_data/s2.csv,254,<timecave.validation_methods.OOS.Repeated_Holdout object at 0x00000250F6AA2480>,0,Tree,4.159390720292879,1.652306464595528,2.0394584379910463
datasets/synthetic_data/s2.csv,254,<timecave.validation_methods.OOS.Repeated_Holdout object at 0x00000250F6AA2480>,0,ARMA,3.0407840383708566,1.296287786557025,1.7437844013440587
datasets/synthetic_data/s2.csv,254,<timecave.validation_methods.OOS.Repeated_Holdout object at 0x00000250F6AA2480>,1,Tree,3.868687636773739,1.5892141569987672,1.9668979731480072
datasets/synthetic_data/s2.csv,254,<timecave.validation_methods.OOS.Repeated_Holdout object at 0x00000250F6AA2480>,1,ARMA,3.303864593241009,1.3917478985666807,1.8176535955019066
datasets/synthetic_data/s2.csv,254,<timecave.validation_methods.OOS.Repeated_Holdout object at 0x00000250F6AA2480>,2,Tree,2.9967643192501137,1.3367041052969717,1.7311164949968312
datasets/synthetic_data/s2.csv,254,<timecave.validation_methods.OOS.Repeated_Holdout object at 0x00000250F6AA2480>,2,ARMA,3.1373856048565782,1.3165294268418424,1.7712666667830055
datasets/synthetic_data/s2.csv,254,<timecave.validation_methods.OOS.Repeated_Holdout object at 0x00000250F6AA2480>,3,Tree,3.575047040117765,1.5381515746624468,1.8907794795051498
datasets/synthetic_data/s2.csv,254,<timecave.validation_methods.OOS.Repeated_Holdout object at 0x00000250F6AA2480>,3,ARMA,2.8819838420735295,1.2399729338258012,1.6976406693035866
datasets/synthetic_data/s2.csv,254,<timecave.validation_methods.prequential.Growing_Window object at 0x00000250F6AA3D10>,0,Tree,2.4340750120682335,1.1425655726329111,1.560152240029233
datasets/synthetic_data/s2.csv,254,<timecave.validation_methods.prequential.Growing_Window object at 0x00000250F6AA3D10>,0,ARMA,3.0207856239332016,1.2656615076919095,1.7380407428864266
datasets/synthetic_data/s2.csv,254,<timecave.validation_methods.prequential.Growing_Window object at 0x00000250F6AA3D10>,1,Tree,1.8795945935447917,1.075695479126353,1.370983075586563
datasets/synthetic_data/s2.csv,254,<timecave.validation_methods.prequential.Growing_Window object at 0x00000250F6AA3D10>,1,ARMA,2.0316322257925035,1.1807069077577788,1.425353368744924
datasets/synthetic_data/s2.csv,254,<timecave.validation_methods.prequential.Growing_Window object at 0x00000250F6AA3D10>,2,Tree,3.016899278545377,1.4809402496514852,1.7369223582375168
datasets/synthetic_data/s2.csv,254,<timecave.validation_methods.prequential.Growing_Window object at 0x00000250F6AA3D10>,2,ARMA,1.5558936375935999,0.8753860744238219,1.2473546558992754
datasets/synthetic_data/s2.csv,254,<timecave.validation_methods.prequential.Growing_Window object at 0x00000250F6AA3D10>,3,Tree,3.7216506265958893,1.566891078677604,1.9291580097534493
datasets/synthetic_data/s2.csv,254,<timecave.validation_methods.prequential.Growing_Window object at 0x00000250F6AA3D10>,3,ARMA,3.3926747791887157,1.4276170800846528,1.8419214910491477
datasets/synthetic_data/s2.csv,254,<timecave.validation_methods.prequential.Growing_Window object at 0x00000250F6AA3440>,0,Tree,0.971705500012311,0.790035947288562,0.9857512363737166
datasets/synthetic_data/s2.csv,254,<timecave.validation_methods.prequential.Growing_Window object at 0x00000250F6AA3440>,0,ARMA,2.026579496104395,1.1372146642155554,1.423579817258026
datasets/synthetic_data/s2.csv,254,<timecave.validation_methods.prequential.Growing_Window object at 0x00000250F6AA3440>,1,Tree,2.9136420663531246,1.4111793684519027,1.7069393856704826
datasets/synthetic_data/s2.csv,254,<timecave.validation_methods.prequential.Growing_Window object at 0x00000250F6AA3440>,1,ARMA,1.4824251372673531,0.8566364632760546,1.2175488233608347
datasets/synthetic_data/s2.csv,254,<timecave.validation_methods.prequential.Growing_Window object at 0x00000250F6AA3440>,2,Tree,5.387600504865124,1.8841725607906659,2.3211205278625933
datasets/synthetic_data/s2.csv,254,<timecave.validation_methods.prequential.Growing_Window object at 0x00000250F6AA3440>,2,ARMA,3.3247223579141942,1.4006580575289305,1.823382120652222
datasets/synthetic_data/s2.csv,254,<timecave.validation_methods.prequential.Rolling_Window object at 0x00000250F6AA12E0>,0,Tree,2.515621261650734,1.1674022650215836,1.5860710140629688
datasets/synthetic_data/s2.csv,254,<timecave.validation_methods.prequential.Rolling_Window object at 0x00000250F6AA12E0>,0,ARMA,3.0207856239332016,1.2656615076919095,1.7380407428864266
datasets/synthetic_data/s2.csv,254,<timecave.validation_methods.prequential.Rolling_Window object at 0x00000250F6AA12E0>,1,Tree,3.0175589501490343,1.404910273726073,1.7371122445452494
datasets/synthetic_data/s2.csv,254,<timecave.validation_methods.prequential.Rolling_Window object at 0x00000250F6AA12E0>,1,ARMA,2.0324751481363608,1.1816901253738585,1.4256490269825743
datasets/synthetic_data/s2.csv,254,<timecave.validation_methods.prequential.Rolling_Window object at 0x00000250F6AA12E0>,2,Tree,3.357581489551248,1.5635444420047924,1.8323704564173828
datasets/synthetic_data/s2.csv,254,<timecave.validation_methods.prequential.Rolling_Window object at 0x00000250F6AA12E0>,2,ARMA,1.6036546675637968,0.896856524765785,1.2663548742606856
datasets/synthetic_data/s2.csv,254,<timecave.validation_methods.prequential.Rolling_Window object at 0x00000250F6AA12E0>,3,Tree,3.839200164501983,1.639520165968968,1.959387701426643
datasets/synthetic_data/s2.csv,254,<timecave.validation_methods.prequential.Rolling_Window object at 0x00000250F6AA12E0>,3,ARMA,3.389222518394016,1.4280171768568124,1.8409841168228518
datasets/synthetic_data/s2.csv,254,<timecave.validation_methods.prequential.Rolling_Window object at 0x00000250F6AA32C0>,0,Tree,1.801797475036985,1.0861826003607098,1.3423104987434855
datasets/synthetic_data/s2.csv,254,<timecave.validation_methods.prequential.Rolling_Window object at 0x00000250F6AA32C0>,0,ARMA,2.026579496104395,1.1372146642155554,1.423579817258026
datasets/synthetic_data/s2.csv,254,<timecave.validation_methods.prequential.Rolling_Window object at 0x00000250F6AA32C0>,1,Tree,2.6803349786830437,1.2941901493887045,1.6371728615766399
datasets/synthetic_data/s2.csv,254,<timecave.validation_methods.prequential.Rolling_Window object at 0x00000250F6AA32C0>,1,ARMA,1.5047929557894864,0.8636198252773447,1.2267000268156378
datasets/synthetic_data/s2.csv,254,<timecave.validation_methods.prequential.Rolling_Window object at 0x00000250F6AA32C0>,2,Tree,3.9755834110551453,1.545021363491951,1.9938865090709514
datasets/synthetic_data/s2.csv,254,<timecave.validation_methods.prequential.Rolling_Window object at 0x00000250F6AA32C0>,2,ARMA,3.341261782070244,1.3955916527905208,1.8279118638682348
datasets/synthetic_data/s2.csv,254,<timecave.validation_methods.CV.Block_CV object at 0x00000250F6AA0080>,0,Tree,3.717773180057868,1.5259963871342666,1.928152789604047
datasets/synthetic_data/s2.csv,254,<timecave.validation_methods.CV.Block_CV object at 0x00000250F6AA0080>,0,ARMA,1.2370866624533272,0.8853491542725551,1.1122439761371277
datasets/synthetic_data/s2.csv,254,<timecave.validation_methods.CV.Block_CV object at 0x00000250F6AA0080>,1,Tree,1.940851415474027,1.1169562501725694,1.3931444345343476
datasets/synthetic_data/s2.csv,254,<timecave.validation_methods.CV.Block_CV object at 0x00000250F6AA0080>,1,ARMA,1.9207494977455877,1.1034163283483696,1.3859110713698723
datasets/synthetic_data/s2.csv,254,<timecave.validation_methods.CV.Block_CV object at 0x00000250F6AA0080>,2,Tree,3.1294858806250754,1.4385075629095967,1.7690352966023815
datasets/synthetic_data/s2.csv,254,<timecave.validation_methods.CV.Block_CV object at 0x00000250F6AA0080>,2,ARMA,1.9885349698878132,1.1531957607863825,1.4101542362053214
datasets/synthetic_data/s2.csv,254,<timecave.validation_methods.CV.Block_CV object at 0x00000250F6AA0080>,3,Tree,3.8642515256166785,1.4053487149070392,1.965769957450942
datasets/synthetic_data/s2.csv,254,<timecave.validation_methods.CV.Block_CV object at 0x00000250F6AA0080>,3,ARMA,1.7137029747421821,0.9317738227652825,1.3090847851618252
datasets/synthetic_data/s2.csv,254,<timecave.validation_methods.CV.Block_CV object at 0x00000250F6AA0080>,4,Tree,3.9149019259362956,1.5557133505252678,1.9786111103337856
datasets/synthetic_data/s2.csv,254,<timecave.validation_methods.CV.Block_CV object at 0x00000250F6AA0080>,4,ARMA,3.3926747791887157,1.4276170800846528,1.8419214910491477
datasets/synthetic_data/s2.csv,254,<timecave.validation_methods.CV.AdaptedhvBlockCV object at 0x00000250F6AA24E0>,0,Tree,3.8373509501923078,1.588624385540794,1.9589157588299473
datasets/synthetic_data/s2.csv,254,<timecave.validation_methods.CV.AdaptedhvBlockCV object at 0x00000250F6AA24E0>,0,ARMA,1.225717954352666,0.8815012387905603,1.107121472266104
datasets/synthetic_data/s2.csv,254,<timecave.validation_methods.CV.AdaptedhvBlockCV object at 0x00000250F6AA24E0>,1,Tree,2.259413846026345,1.1833770203926657,1.5031346732832507
datasets/synthetic_data/s2.csv,254,<timecave.validation_methods.CV.AdaptedhvBlockCV object at 0x00000250F6AA24E0>,1,ARMA,1.9271399543613934,1.1058306020301105,1.3882146643662117
datasets/synthetic_data/s2.csv,254,<timecave.validation_methods.CV.AdaptedhvBlockCV object at 0x00000250F6AA24E0>,2,Tree,4.396474083069448,1.674358259465094,2.096777070427242
datasets/synthetic_data/s2.csv,254,<timecave.validation_methods.CV.AdaptedhvBlockCV object at 0x00000250F6AA24E0>,2,ARMA,1.9886989923676721,1.1489516359492726,1.4102123926443393
datasets/synthetic_data/s2.csv,254,<timecave.validation_methods.CV.AdaptedhvBlockCV object at 0x00000250F6AA24E0>,3,Tree,2.3426032348541446,1.1804671932014938,1.5305565114866373
datasets/synthetic_data/s2.csv,254,<timecave.validation_methods.CV.AdaptedhvBlockCV object at 0x00000250F6AA24E0>,3,ARMA,1.6403974808929251,0.9084276131937407,1.280780028300303
datasets/synthetic_data/s2.csv,254,<timecave.validation_methods.CV.AdaptedhvBlockCV object at 0x00000250F6AA24E0>,4,Tree,3.8616104344844624,1.586537290719001,1.9650980724850509
datasets/synthetic_data/s2.csv,254,<timecave.validation_methods.CV.AdaptedhvBlockCV object at 0x00000250F6AA24E0>,4,ARMA,3.418022176100534,1.4385159692959726,1.848789381216945
datasets/synthetic_data/s2.csv,254,<timecave.validation_methods.markov.MarkovCV object at 0x00000250F6AA1EE0>,0,Tree,3.2755472890141055,1.575491817533145,1.8098473109668962
datasets/synthetic_data/s2.csv,254,<timecave.validation_methods.markov.MarkovCV object at 0x00000250F6AA1EE0>,0,ARMA,2.044889841977719,1.169361906252262,1.4299964482395469
datasets/synthetic_data/s2.csv,254,<timecave.validation_methods.markov.MarkovCV object at 0x00000250F6AA1EE0>,1,Tree,2.48672631392184,1.3200267632238685,1.5769357355078994
datasets/synthetic_data/s2.csv,254,<timecave.validation_methods.markov.MarkovCV object at 0x00000250F6AA1EE0>,1,ARMA,1.3372881162441745,0.8893863973200167,1.156411741657864
datasets/synthetic_data/s2.csv,254,<timecave.validation_methods.markov.MarkovCV object at 0x00000250F6AA1EE0>,2,Tree,3.099285674876795,1.4055601956364014,1.7604788197751187
datasets/synthetic_data/s2.csv,254,<timecave.validation_methods.markov.MarkovCV object at 0x00000250F6AA1EE0>,2,ARMA,2.2301485674557258,1.0915472330961462,1.4933681955417846
datasets/synthetic_data/s2.csv,254,<timecave.validation_methods.markov.MarkovCV object at 0x00000250F6AA1EE0>,3,Tree,4.558191188954997,1.6539783691874075,2.1349920817077983
datasets/synthetic_data/s2.csv,254,<timecave.validation_methods.markov.MarkovCV object at 0x00000250F6AA1EE0>,3,ARMA,1.8819765827715025,0.9734430107696288,1.3718515162988678
datasets/synthetic_data/s2.csv,254,<timecave.validation_methods.markov.MarkovCV object at 0x00000250F6AA1EE0>,4,Tree,3.7145367813393464,1.4562238598631103,1.9273133583668605
datasets/synthetic_data/s2.csv,254,<timecave.validation_methods.markov.MarkovCV object at 0x00000250F6AA1EE0>,4,ARMA,1.56640447190785,1.080177322141991,1.2515608143066201
datasets/synthetic_data/s2.csv,254,<timecave.validation_methods.markov.MarkovCV object at 0x00000250F6AA1EE0>,5,Tree,1.9524401819436432,1.263844606152943,1.3972974565008136
datasets/synthetic_data/s2.csv,254,<timecave.validation_methods.markov.MarkovCV object at 0x00000250F6AA1EE0>,5,ARMA,1.8816065998910143,1.0686106906869308,1.3717166616655987
datasets/synthetic_data/s2.csv,254,<timecave.validation_methods.markov.MarkovCV object at 0x00000250F6AA1EE0>,6,Tree,4.790040744939061,1.8917389965578826,2.188616171223054
datasets/synthetic_data/s2.csv,254,<timecave.validation_methods.markov.MarkovCV object at 0x00000250F6AA1EE0>,6,ARMA,3.4974696762750783,1.659249797892072,1.8701523136565852
datasets/synthetic_data/s2.csv,254,<timecave.validation_methods.markov.MarkovCV object at 0x00000250F6AA1EE0>,7,Tree,4.318152320901712,1.7381680819565613,2.078016439035484
datasets/synthetic_data/s2.csv,254,<timecave.validation_methods.markov.MarkovCV object at 0x00000250F6AA1EE0>,7,ARMA,3.273860577061197,1.4078247396598558,1.8093812691252213
datasets/synthetic_data/s2.csv,254,<timecave.validation_methods.markov.MarkovCV object at 0x00000250F6AA1EE0>,8,Tree,4.2586909386658,1.5003673532273014,2.063659598544731
datasets/synthetic_data/s2.csv,254,<timecave.validation_methods.markov.MarkovCV object at 0x00000250F6AA1EE0>,8,ARMA,2.9151400083003582,1.2515161651075615,1.707378109353742
datasets/synthetic_data/s2.csv,254,<timecave.validation_methods.markov.MarkovCV object at 0x00000250F6AA1EE0>,9,Tree,9.065125687280236,2.4636406686183894,3.0108347160347804
datasets/synthetic_data/s2.csv,254,<timecave.validation_methods.markov.MarkovCV object at 0x00000250F6AA1EE0>,9,ARMA,1.9554465411938815,1.06581530257845,1.3983728190986413
datasets/synthetic_data/s2.csv,255,<timecave.validation_methods.OOS.Holdout object at 0x00000250F2632EA0>,0,Tree,2.362151926527392,1.2367269561714913,1.5369293824139716
datasets/synthetic_data/s2.csv,255,<timecave.validation_methods.OOS.Holdout object at 0x00000250F2632EA0>,0,ARMA,1.7271694791688035,1.0845546155377035,1.3142182007447636
datasets/synthetic_data/s2.csv,255,<timecave.validation_methods.OOS.Repeated_Holdout object at 0x00000250F6AA0D40>,0,Tree,2.5465059771654732,1.2800184348369876,1.5957775462656043
datasets/synthetic_data/s2.csv,255,<timecave.validation_methods.OOS.Repeated_Holdout object at 0x00000250F6AA0D40>,0,ARMA,1.7081077886199518,1.0496743232803138,1.3069459776976062
datasets/synthetic_data/s2.csv,255,<timecave.validation_methods.OOS.Repeated_Holdout object at 0x00000250F6AA0D40>,1,Tree,2.6969127622174978,1.3258281257576783,1.6422279872835859
datasets/synthetic_data/s2.csv,255,<timecave.validation_methods.OOS.Repeated_Holdout object at 0x00000250F6AA0D40>,1,ARMA,1.9011066049666019,1.1385353601258597,1.3788062245894461
datasets/synthetic_data/s2.csv,255,<timecave.validation_methods.OOS.Repeated_Holdout object at 0x00000250F6AA0D40>,2,Tree,2.529198679080911,1.2930103071858532,1.5903454590374102
datasets/synthetic_data/s2.csv,255,<timecave.validation_methods.OOS.Repeated_Holdout object at 0x00000250F6AA0D40>,2,ARMA,1.6514466220803974,1.0503383003142501,1.285086231379201
datasets/synthetic_data/s2.csv,255,<timecave.validation_methods.OOS.Repeated_Holdout object at 0x00000250F6AA0D40>,3,Tree,2.3055059725403635,1.2515790313462363,1.5183892691073535
datasets/synthetic_data/s2.csv,255,<timecave.validation_methods.OOS.Repeated_Holdout object at 0x00000250F6AA0D40>,3,ARMA,1.7271694791688035,1.0845546155377035,1.3142182007447636
datasets/synthetic_data/s2.csv,255,<timecave.validation_methods.prequential.Growing_Window object at 0x00000250F6AA1970>,0,Tree,2.77303930409397,1.4012713887443755,1.6652445178093125
datasets/synthetic_data/s2.csv,255,<timecave.validation_methods.prequential.Growing_Window object at 0x00000250F6AA1970>,0,ARMA,2.608456737007814,1.3165243799205983,1.615071743610114
datasets/synthetic_data/s2.csv,255,<timecave.validation_methods.prequential.Growing_Window object at 0x00000250F6AA1970>,1,Tree,1.0055843851603778,0.6917346870854595,1.0027883052570856
datasets/synthetic_data/s2.csv,255,<timecave.validation_methods.prequential.Growing_Window object at 0x00000250F6AA1970>,1,ARMA,0.6686793995232779,0.626199888465194,0.8177281941594517
datasets/synthetic_data/s2.csv,255,<timecave.validation_methods.prequential.Growing_Window object at 0x00000250F6AA1970>,2,Tree,1.4151808262548011,0.8587946339651905,1.1896137298530145
datasets/synthetic_data/s2.csv,255,<timecave.validation_methods.prequential.Growing_Window object at 0x00000250F6AA1970>,2,ARMA,1.4935472307062825,1.0238687690322212,1.2221077001255995
datasets/synthetic_data/s2.csv,255,<timecave.validation_methods.prequential.Growing_Window object at 0x00000250F6AA1970>,3,Tree,2.153130352647161,1.112125019339326,1.4673548829942813
datasets/synthetic_data/s2.csv,255,<timecave.validation_methods.prequential.Growing_Window object at 0x00000250F6AA1970>,3,ARMA,1.8498254433289174,1.1001273150178852,1.3600828810513415
datasets/synthetic_data/s2.csv,255,<timecave.validation_methods.prequential.Growing_Window object at 0x00000250F6AA0DA0>,0,Tree,0.6131993428944926,0.602803942644539,0.7830704584483396
datasets/synthetic_data/s2.csv,255,<timecave.validation_methods.prequential.Growing_Window object at 0x00000250F6AA0DA0>,0,ARMA,0.7477114022648618,0.6638039795992621,0.8647030717332175
datasets/synthetic_data/s2.csv,255,<timecave.validation_methods.prequential.Growing_Window object at 0x00000250F6AA0DA0>,1,Tree,1.4976638114300138,0.9849845010478737,1.2237907547575335
datasets/synthetic_data/s2.csv,255,<timecave.validation_methods.prequential.Growing_Window object at 0x00000250F6AA0DA0>,1,ARMA,1.7497525047305618,1.1023579322845543,1.3227821078055757
datasets/synthetic_data/s2.csv,255,<timecave.validation_methods.prequential.Growing_Window object at 0x00000250F6AA0DA0>,2,Tree,2.156867341963346,1.1058671899159724,1.46862770706648
datasets/synthetic_data/s2.csv,255,<timecave.validation_methods.prequential.Growing_Window object at 0x00000250F6AA0DA0>,2,ARMA,1.9103301758506654,1.139178249026513,1.3821469443769956
datasets/synthetic_data/s2.csv,255,<timecave.validation_methods.prequential.Rolling_Window object at 0x00000250F6AA2810>,0,Tree,2.6544497597894523,1.319478188854941,1.6292482192070834
datasets/synthetic_data/s2.csv,255,<timecave.validation_methods.prequential.Rolling_Window object at 0x00000250F6AA2810>,0,ARMA,2.608456737007814,1.3165243799205983,1.615071743610114
datasets/synthetic_data/s2.csv,255,<timecave.validation_methods.prequential.Rolling_Window object at 0x00000250F6AA2810>,1,Tree,2.4851574711880935,1.3362271104428178,1.5764382230801477
datasets/synthetic_data/s2.csv,255,<timecave.validation_methods.prequential.Rolling_Window object at 0x00000250F6AA2810>,1,ARMA,0.8191773904192161,0.6951853140587081,0.9050841896858083
datasets/synthetic_data/s2.csv,255,<timecave.validation_methods.prequential.Rolling_Window object at 0x00000250F6AA2810>,2,Tree,2.4907915179399063,1.2592437686687699,1.5782241659345817
datasets/synthetic_data/s2.csv,255,<timecave.validation_methods.prequential.Rolling_Window object at 0x00000250F6AA2810>,2,ARMA,1.431652374869894,1.0053931067174842,1.196516767483805
datasets/synthetic_data/s2.csv,255,<timecave.validation_methods.prequential.Rolling_Window object at 0x00000250F6AA2810>,3,Tree,2.037302638862007,1.1233419970355518,1.4273411080964518
datasets/synthetic_data/s2.csv,255,<timecave.validation_methods.prequential.Rolling_Window object at 0x00000250F6AA2810>,3,ARMA,1.768573872801781,1.0696048057990575,1.3298773901385725
datasets/synthetic_data/s2.csv,255,<timecave.validation_methods.prequential.Rolling_Window object at 0x00000250F6AA1850>,0,Tree,0.5880894133121163,0.6071448181291993,0.7668698803005085
datasets/synthetic_data/s2.csv,255,<timecave.validation_methods.prequential.Rolling_Window object at 0x00000250F6AA1850>,0,ARMA,0.7477114022648618,0.6638039795992621,0.8647030717332175
datasets/synthetic_data/s2.csv,255,<timecave.validation_methods.prequential.Rolling_Window object at 0x00000250F6AA1850>,1,Tree,2.584052351832711,1.268179483959251,1.6074987875058293
datasets/synthetic_data/s2.csv,255,<timecave.validation_methods.prequential.Rolling_Window object at 0x00000250F6AA1850>,1,ARMA,1.7856424015597332,1.0922448256822923,1.3362793127036476
datasets/synthetic_data/s2.csv,255,<timecave.validation_methods.prequential.Rolling_Window object at 0x00000250F6AA1850>,2,Tree,2.305253553197431,1.192997873984432,1.5183061460711509
datasets/synthetic_data/s2.csv,255,<timecave.validation_methods.prequential.Rolling_Window object at 0x00000250F6AA1850>,2,ARMA,1.9985354091030367,1.1825561245007754,1.413695656463242
datasets/synthetic_data/s2.csv,255,<timecave.validation_methods.CV.Block_CV object at 0x00000250F6AA3B90>,0,Tree,1.686790465755032,1.015506227986572,1.2987649771051852
datasets/synthetic_data/s2.csv,255,<timecave.validation_methods.CV.Block_CV object at 0x00000250F6AA3B90>,0,ARMA,1.0100492104630951,0.7257956318698464,1.0050120449343356
datasets/synthetic_data/s2.csv,255,<timecave.validation_methods.CV.Block_CV object at 0x00000250F6AA3B90>,1,Tree,2.6585163617028034,1.2369555844392919,1.6304957410869871
datasets/synthetic_data/s2.csv,255,<timecave.validation_methods.CV.Block_CV object at 0x00000250F6AA3B90>,1,ARMA,2.4512135425373565,1.2852818830408892,1.5656351882023336
datasets/synthetic_data/s2.csv,255,<timecave.validation_methods.CV.Block_CV object at 0x00000250F6AA3B90>,2,Tree,0.9581312736778962,0.7432924111089997,0.9788418021712683
datasets/synthetic_data/s2.csv,255,<timecave.validation_methods.CV.Block_CV object at 0x00000250F6AA3B90>,2,ARMA,0.6530230685820029,0.6264089707173611,0.8080984275334304
datasets/synthetic_data/s2.csv,255,<timecave.validation_methods.CV.Block_CV object at 0x00000250F6AA3B90>,3,Tree,1.4157395894727745,0.8882564265689924,1.1898485573688673
datasets/synthetic_data/s2.csv,255,<timecave.validation_methods.CV.Block_CV object at 0x00000250F6AA3B90>,3,ARMA,1.4731515024964854,1.0134741733997277,1.213734527191381
datasets/synthetic_data/s2.csv,255,<timecave.validation_methods.CV.Block_CV object at 0x00000250F6AA3B90>,4,Tree,2.2444421904780962,1.1856624655431784,1.4981462513646977
datasets/synthetic_data/s2.csv,255,<timecave.validation_methods.CV.Block_CV object at 0x00000250F6AA3B90>,4,ARMA,1.8498254433289174,1.1001273150178852,1.3600828810513415
datasets/synthetic_data/s2.csv,255,<timecave.validation_methods.CV.AdaptedhvBlockCV object at 0x00000250F6AA2E70>,0,Tree,3.299256567810007,1.465670728248465,1.816385577956951
datasets/synthetic_data/s2.csv,255,<timecave.validation_methods.CV.AdaptedhvBlockCV object at 0x00000250F6AA2E70>,0,ARMA,1.0100365000771823,0.7257823571114725,1.005005721415148
datasets/synthetic_data/s2.csv,255,<timecave.validation_methods.CV.AdaptedhvBlockCV object at 0x00000250F6AA2E70>,1,Tree,2.968824934977486,1.3114822750177841,1.7230278392926464
datasets/synthetic_data/s2.csv,255,<timecave.validation_methods.CV.AdaptedhvBlockCV object at 0x00000250F6AA2E70>,1,ARMA,2.454763250873546,1.2855121002755938,1.5667684100956165
datasets/synthetic_data/s2.csv,255,<timecave.validation_methods.CV.AdaptedhvBlockCV object at 0x00000250F6AA2E70>,2,Tree,1.5906232601283865,0.984123494219242,1.2611991357943386
datasets/synthetic_data/s2.csv,255,<timecave.validation_methods.CV.AdaptedhvBlockCV object at 0x00000250F6AA2E70>,2,ARMA,0.664762179333983,0.6295389146870946,0.8153294912696234
datasets/synthetic_data/s2.csv,255,<timecave.validation_methods.CV.AdaptedhvBlockCV object at 0x00000250F6AA2E70>,3,Tree,1.0243137032083744,0.8074228376699826,1.0120838419856204
datasets/synthetic_data/s2.csv,255,<timecave.validation_methods.CV.AdaptedhvBlockCV object at 0x00000250F6AA2E70>,3,ARMA,1.5038431752735943,1.0231956930805357,1.226312837441407
datasets/synthetic_data/s2.csv,255,<timecave.validation_methods.CV.AdaptedhvBlockCV object at 0x00000250F6AA2E70>,4,Tree,2.3832306931085365,1.1995870658015264,1.543771580613057
datasets/synthetic_data/s2.csv,255,<timecave.validation_methods.CV.AdaptedhvBlockCV object at 0x00000250F6AA2E70>,4,ARMA,2.030278349701443,1.1692863381017786,1.424878363124882
datasets/synthetic_data/s2.csv,255,<timecave.validation_methods.markov.MarkovCV object at 0x00000250F6AA3860>,0,Tree,3.3743275553028327,1.509084810781326,1.836934281704937
datasets/synthetic_data/s2.csv,255,<timecave.validation_methods.markov.MarkovCV object at 0x00000250F6AA3860>,0,ARMA,1.7962365948281858,1.1412511569781782,1.3402375143340026
datasets/synthetic_data/s2.csv,255,<timecave.validation_methods.markov.MarkovCV object at 0x00000250F6AA3860>,1,Tree,1.3126125526695736,0.9943819021950281,1.1456930446980873
datasets/synthetic_data/s2.csv,255,<timecave.validation_methods.markov.MarkovCV object at 0x00000250F6AA3860>,1,ARMA,0.8546989254619388,0.7439116220380628,0.9244992836459847
datasets/synthetic_data/s2.csv,255,<timecave.validation_methods.markov.MarkovCV object at 0x00000250F6AA3860>,2,Tree,3.3439114569825907,1.5588715224207557,1.8286365021465012
datasets/synthetic_data/s2.csv,255,<timecave.validation_methods.markov.MarkovCV object at 0x00000250F6AA3860>,2,ARMA,1.4222758983518229,1.0111708032851665,1.1925920921890363
datasets/synthetic_data/s2.csv,255,<timecave.validation_methods.markov.MarkovCV object at 0x00000250F6AA3860>,3,Tree,5.450653800355989,1.7901400018548586,2.334663530437735
datasets/synthetic_data/s2.csv,255,<timecave.validation_methods.markov.MarkovCV object at 0x00000250F6AA3860>,3,ARMA,2.1415477387426383,1.2642940004428034,1.4634027944290111
datasets/synthetic_data/s2.csv,255,<timecave.validation_methods.markov.MarkovCV object at 0x00000250F6AA3860>,4,Tree,3.431734720793803,1.6105308222192856,1.8524941891390112
datasets/synthetic_data/s2.csv,255,<timecave.validation_methods.markov.MarkovCV object at 0x00000250F6AA3860>,4,ARMA,2.12383317827049,1.1295615650480624,1.457337702205803
datasets/synthetic_data/s2.csv,255,<timecave.validation_methods.markov.MarkovCV object at 0x00000250F6AA3860>,5,Tree,2.9985414611731063,1.4143316217096953,1.7316297124885291
datasets/synthetic_data/s2.csv,255,<timecave.validation_methods.markov.MarkovCV object at 0x00000250F6AA3860>,5,ARMA,2.2678662091661876,1.2871491028927164,1.5059436274861644
datasets/synthetic_data/s2.csv,255,<timecave.validation_methods.markov.MarkovCV object at 0x00000250F6AA3860>,6,Tree,1.2096365055005431,0.8642485844221276,1.0998347628169165
datasets/synthetic_data/s2.csv,255,<timecave.validation_methods.markov.MarkovCV object at 0x00000250F6AA3860>,6,ARMA,1.3099794282481487,0.8743535350087877,1.1445433273791554
datasets/synthetic_data/s2.csv,255,<timecave.validation_methods.markov.MarkovCV object at 0x00000250F6AA3860>,7,Tree,1.1982024664981274,0.7896884116692348,1.0946243494907866
datasets/synthetic_data/s2.csv,255,<timecave.validation_methods.markov.MarkovCV object at 0x00000250F6AA3860>,7,ARMA,0.7440191235371814,0.7455248472180938,0.8625654314526994
datasets/synthetic_data/s2.csv,255,<timecave.validation_methods.markov.MarkovCV object at 0x00000250F6AA3860>,8,Tree,3.586532047180334,1.673824198896329,1.8938141532844066
datasets/synthetic_data/s2.csv,255,<timecave.validation_methods.markov.MarkovCV object at 0x00000250F6AA3860>,8,ARMA,1.7063170981471911,1.1655698985829352,1.3062607313041263
datasets/synthetic_data/s2.csv,255,<timecave.validation_methods.markov.MarkovCV object at 0x00000250F6AA3860>,9,Tree,2.9317626094433495,1.4671731014125975,1.7122390631694364
datasets/synthetic_data/s2.csv,255,<timecave.validation_methods.markov.MarkovCV object at 0x00000250F6AA3860>,9,ARMA,1.9421102356134523,1.0754935535040964,1.3935961522670233
datasets/synthetic_data/s2.csv,256,<timecave.validation_methods.OOS.Holdout object at 0x00000250F26325A0>,0,Tree,1.844197888233462,1.062903320048645,1.3580124772009505
datasets/synthetic_data/s2.csv,256,<timecave.validation_methods.OOS.Holdout object at 0x00000250F26325A0>,0,ARMA,1.88433523880327,1.141943798089055,1.3727109086778868
datasets/synthetic_data/s2.csv,256,<timecave.validation_methods.OOS.Repeated_Holdout object at 0x00000250F6AA3C50>,0,Tree,2.1215158946032915,1.154535735828176,1.4565424451773767
datasets/synthetic_data/s2.csv,256,<timecave.validation_methods.OOS.Repeated_Holdout object at 0x00000250F6AA3C50>,0,ARMA,1.983006090591002,1.1818223353354655,1.4081924906031142
datasets/synthetic_data/s2.csv,256,<timecave.validation_methods.OOS.Repeated_Holdout object at 0x00000250F6AA3C50>,1,Tree,2.077117479304048,1.1235106026835908,1.4412208294720306
datasets/synthetic_data/s2.csv,256,<timecave.validation_methods.OOS.Repeated_Holdout object at 0x00000250F6AA3C50>,1,ARMA,2.1481374374465823,1.2755009533799209,1.4656525636884692
datasets/synthetic_data/s2.csv,256,<timecave.validation_methods.OOS.Repeated_Holdout object at 0x00000250F6AA3C50>,2,Tree,2.0169854952356254,1.1111879674053566,1.42020614533089
datasets/synthetic_data/s2.csv,256,<timecave.validation_methods.OOS.Repeated_Holdout object at 0x00000250F6AA3C50>,2,ARMA,1.8451081985223063,1.1295106449349304,1.358347598563161
datasets/synthetic_data/s2.csv,256,<timecave.validation_methods.OOS.Repeated_Holdout object at 0x00000250F6AA3C50>,3,Tree,1.7593241562083661,1.0506835565241368,1.3263951734714532
datasets/synthetic_data/s2.csv,256,<timecave.validation_methods.OOS.Repeated_Holdout object at 0x00000250F6AA3C50>,3,ARMA,1.88433523880327,1.141943798089055,1.3727109086778868
datasets/synthetic_data/s2.csv,256,<timecave.validation_methods.prequential.Growing_Window object at 0x00000250F6AA37D0>,0,Tree,1.8444720329262179,1.0761935065266177,1.3581134094493794
datasets/synthetic_data/s2.csv,256,<timecave.validation_methods.prequential.Growing_Window object at 0x00000250F6AA37D0>,0,ARMA,1.0995054028778943,0.8114992894071773,1.048573031733076
datasets/synthetic_data/s2.csv,256,<timecave.validation_methods.prequential.Growing_Window object at 0x00000250F6AA37D0>,1,Tree,1.4802700147276406,0.9749678056245933,1.216663476367907
datasets/synthetic_data/s2.csv,256,<timecave.validation_methods.prequential.Growing_Window object at 0x00000250F6AA37D0>,1,ARMA,1.6622456937441217,1.0865319270382652,1.2892810763150608
datasets/synthetic_data/s2.csv,256,<timecave.validation_methods.prequential.Growing_Window object at 0x00000250F6AA37D0>,2,Tree,1.8065134439764876,1.0989231626202713,1.3440660117629966
datasets/synthetic_data/s2.csv,256,<timecave.validation_methods.prequential.Growing_Window object at 0x00000250F6AA37D0>,2,ARMA,1.3043632268738385,0.8734045122749183,1.1420872238466897
datasets/synthetic_data/s2.csv,256,<timecave.validation_methods.prequential.Growing_Window object at 0x00000250F6AA37D0>,3,Tree,2.1956621003978594,1.2125565900427633,1.481776670216487
datasets/synthetic_data/s2.csv,256,<timecave.validation_methods.prequential.Growing_Window object at 0x00000250F6AA37D0>,3,ARMA,2.1704780150994702,1.271128405332526,1.473254226228274
datasets/synthetic_data/s2.csv,256,<timecave.validation_methods.prequential.Growing_Window object at 0x00000250F6AA0EF0>,0,Tree,2.114777883307779,1.2196242493441323,1.454227589927993
datasets/synthetic_data/s2.csv,256,<timecave.validation_methods.prequential.Growing_Window object at 0x00000250F6AA0EF0>,0,ARMA,1.704326600353173,1.0993633909132035,1.3054986022026882
datasets/synthetic_data/s2.csv,256,<timecave.validation_methods.prequential.Growing_Window object at 0x00000250F6AA0EF0>,1,Tree,2.786433321005898,1.3629370420508435,1.6692613099829212
datasets/synthetic_data/s2.csv,256,<timecave.validation_methods.prequential.Growing_Window object at 0x00000250F6AA0EF0>,1,ARMA,1.3093257015167634,0.8869020150418414,1.1442577076501443
datasets/synthetic_data/s2.csv,256,<timecave.validation_methods.prequential.Growing_Window object at 0x00000250F6AA0EF0>,2,Tree,2.560729361659355,1.2694596472552258,1.6002279092864726
datasets/synthetic_data/s2.csv,256,<timecave.validation_methods.prequential.Growing_Window object at 0x00000250F6AA0EF0>,2,ARMA,2.177289525367789,1.292230317761786,1.4755641380054576
datasets/synthetic_data/s2.csv,256,<timecave.validation_methods.prequential.Rolling_Window object at 0x00000250F6AA3DD0>,0,Tree,1.6981183799257975,1.0485387677336266,1.303118712906003
datasets/synthetic_data/s2.csv,256,<timecave.validation_methods.prequential.Rolling_Window object at 0x00000250F6AA3DD0>,0,ARMA,1.0995054028778943,0.8114992894071773,1.048573031733076
datasets/synthetic_data/s2.csv,256,<timecave.validation_methods.prequential.Rolling_Window object at 0x00000250F6AA3DD0>,1,Tree,2.3729580449278265,1.2587829585459447,1.540440860574604
datasets/synthetic_data/s2.csv,256,<timecave.validation_methods.prequential.Rolling_Window object at 0x00000250F6AA3DD0>,1,ARMA,1.8460721764644394,1.084873787251923,1.3587023870091786
datasets/synthetic_data/s2.csv,256,<timecave.validation_methods.prequential.Rolling_Window object at 0x00000250F6AA3DD0>,2,Tree,3.295325045415649,1.4231456635806476,1.8153030175195681
datasets/synthetic_data/s2.csv,256,<timecave.validation_methods.prequential.Rolling_Window object at 0x00000250F6AA3DD0>,2,ARMA,1.299847074917538,0.8688183579536638,1.140108361041852
datasets/synthetic_data/s2.csv,256,<timecave.validation_methods.prequential.Rolling_Window object at 0x00000250F6AA3DD0>,3,Tree,2.688963423447831,1.354162386654972,1.6398059102978715
datasets/synthetic_data/s2.csv,256,<timecave.validation_methods.prequential.Rolling_Window object at 0x00000250F6AA3DD0>,3,ARMA,2.28350621562776,1.244348785320063,1.5111274650497755
datasets/synthetic_data/s2.csv,256,<timecave.validation_methods.prequential.Rolling_Window object at 0x00000250F6AA1F10>,0,Tree,1.940051949639341,1.1413097258211813,1.3928574764272692
datasets/synthetic_data/s2.csv,256,<timecave.validation_methods.prequential.Rolling_Window object at 0x00000250F6AA1F10>,0,ARMA,1.704326600353173,1.0993633909132035,1.3054986022026882
datasets/synthetic_data/s2.csv,256,<timecave.validation_methods.prequential.Rolling_Window object at 0x00000250F6AA1F10>,1,Tree,1.5076129261429703,1.037929878297593,1.2278489020001484
datasets/synthetic_data/s2.csv,256,<timecave.validation_methods.prequential.Rolling_Window object at 0x00000250F6AA1F10>,1,ARMA,1.3804366441257379,0.9390078775344373,1.1749198458302328
datasets/synthetic_data/s2.csv,256,<timecave.validation_methods.prequential.Rolling_Window object at 0x00000250F6AA1F10>,2,Tree,4.174517835115257,1.801842225704119,2.043163682898474
datasets/synthetic_data/s2.csv,256,<timecave.validation_methods.prequential.Rolling_Window object at 0x00000250F6AA1F10>,2,ARMA,2.1859629554365583,1.2980723313770823,1.478500238564931
datasets/synthetic_data/s2.csv,256,<timecave.validation_methods.CV.Block_CV object at 0x00000250F6AA3BC0>,0,Tree,2.21762550786424,1.2583620748092001,1.4891694020037614
datasets/synthetic_data/s2.csv,256,<timecave.validation_methods.CV.Block_CV object at 0x00000250F6AA3BC0>,0,ARMA,1.252944653217009,0.9375913008583117,1.1193501030584707
datasets/synthetic_data/s2.csv,256,<timecave.validation_methods.CV.Block_CV object at 0x00000250F6AA3BC0>,1,Tree,2.018942240876329,1.1061011670110281,1.4208948732669595
datasets/synthetic_data/s2.csv,256,<timecave.validation_methods.CV.Block_CV object at 0x00000250F6AA3BC0>,1,ARMA,1.0541496769931495,0.7848442490438796,1.0267179150054555
datasets/synthetic_data/s2.csv,256,<timecave.validation_methods.CV.Block_CV object at 0x00000250F6AA3BC0>,2,Tree,1.8030835169471435,1.1351921614485272,1.3427894536922547
datasets/synthetic_data/s2.csv,256,<timecave.validation_methods.CV.Block_CV object at 0x00000250F6AA3BC0>,2,ARMA,1.9973414238083536,1.177538151052432,1.4132733011729732
datasets/synthetic_data/s2.csv,256,<timecave.validation_methods.CV.Block_CV object at 0x00000250F6AA3BC0>,3,Tree,2.062817578354456,1.2323296724392707,1.436251223969698
datasets/synthetic_data/s2.csv,256,<timecave.validation_methods.CV.Block_CV object at 0x00000250F6AA3BC0>,3,ARMA,1.3376965748849803,0.8681460629385878,1.1565883342334817
datasets/synthetic_data/s2.csv,256,<timecave.validation_methods.CV.Block_CV object at 0x00000250F6AA3BC0>,4,Tree,2.2021836949557176,1.2246161447934056,1.4839756382622047
datasets/synthetic_data/s2.csv,256,<timecave.validation_methods.CV.Block_CV object at 0x00000250F6AA3BC0>,4,ARMA,2.1704780150994702,1.271128405332526,1.473254226228274
datasets/synthetic_data/s2.csv,256,<timecave.validation_methods.CV.AdaptedhvBlockCV object at 0x00000250F6AA0950>,0,Tree,2.0546497273777304,1.2334573760351888,1.433404941870137
datasets/synthetic_data/s2.csv,256,<timecave.validation_methods.CV.AdaptedhvBlockCV object at 0x00000250F6AA0950>,0,ARMA,1.260521437828272,0.9422651013088983,1.122729458876123
datasets/synthetic_data/s2.csv,256,<timecave.validation_methods.CV.AdaptedhvBlockCV object at 0x00000250F6AA0950>,1,Tree,1.8285269934946624,1.119090424615193,1.3522303773746034
datasets/synthetic_data/s2.csv,256,<timecave.validation_methods.CV.AdaptedhvBlockCV object at 0x00000250F6AA0950>,1,ARMA,1.050138607378917,0.781119288365326,1.0247627078396817
datasets/synthetic_data/s2.csv,256,<timecave.validation_methods.CV.AdaptedhvBlockCV object at 0x00000250F6AA0950>,2,Tree,1.8211857161591356,1.1044205572093768,1.349513140417364
datasets/synthetic_data/s2.csv,256,<timecave.validation_methods.CV.AdaptedhvBlockCV object at 0x00000250F6AA0950>,2,ARMA,1.9860476831742202,1.1735202815829593,1.4092720401591101
datasets/synthetic_data/s2.csv,256,<timecave.validation_methods.CV.AdaptedhvBlockCV object at 0x00000250F6AA0950>,3,Tree,1.963921358917943,1.1550380114578758,1.401399785542278
datasets/synthetic_data/s2.csv,256,<timecave.validation_methods.CV.AdaptedhvBlockCV object at 0x00000250F6AA0950>,3,ARMA,1.3628805049743804,0.8767962482248068,1.1674247320381645
datasets/synthetic_data/s2.csv,256,<timecave.validation_methods.CV.AdaptedhvBlockCV object at 0x00000250F6AA0950>,4,Tree,2.2500389448538822,1.2020283577899784,1.500012981561787
datasets/synthetic_data/s2.csv,256,<timecave.validation_methods.CV.AdaptedhvBlockCV object at 0x00000250F6AA0950>,4,ARMA,2.2753035378712956,1.3168994052357879,1.5084109313682712
datasets/synthetic_data/s2.csv,256,<timecave.validation_methods.markov.MarkovCV object at 0x00000250F6AA2450>,0,Tree,2.8924196626850716,1.460042003986548,1.7007115165968247
datasets/synthetic_data/s2.csv,256,<timecave.validation_methods.markov.MarkovCV object at 0x00000250F6AA2450>,0,ARMA,1.5206018429977328,1.0460487846259414,1.233126856003766
datasets/synthetic_data/s2.csv,256,<timecave.validation_methods.markov.MarkovCV object at 0x00000250F6AA2450>,1,Tree,3.71921733356288,1.7051954196363066,1.9285272447032944
datasets/synthetic_data/s2.csv,256,<timecave.validation_methods.markov.MarkovCV object at 0x00000250F6AA2450>,1,ARMA,1.3940759089934274,0.9450197637482103,1.1807099173774342
datasets/synthetic_data/s2.csv,256,<timecave.validation_methods.markov.MarkovCV object at 0x00000250F6AA2450>,2,Tree,6.082330769583318,2.312110196462663,2.4662381818436185
datasets/synthetic_data/s2.csv,256,<timecave.validation_methods.markov.MarkovCV object at 0x00000250F6AA2450>,2,ARMA,1.2115576227993663,0.8972793960165728,1.1007077826559446
datasets/synthetic_data/s2.csv,256,<timecave.validation_methods.markov.MarkovCV object at 0x00000250F6AA2450>,3,Tree,5.474560037119132,2.241945206914789,2.339777775157105
datasets/synthetic_data/s2.csv,256,<timecave.validation_methods.markov.MarkovCV object at 0x00000250F6AA2450>,3,ARMA,2.4721987205910696,1.3259255567473354,1.5723227151545798
datasets/synthetic_data/s2.csv,256,<timecave.validation_methods.markov.MarkovCV object at 0x00000250F6AA2450>,4,Tree,3.5774451684298914,1.3438992935247454,1.8914135371276932
datasets/synthetic_data/s2.csv,256,<timecave.validation_methods.markov.MarkovCV object at 0x00000250F6AA2450>,4,ARMA,2.6027490291909468,1.2591871420323053,1.6133037622192996
datasets/synthetic_data/s2.csv,256,<timecave.validation_methods.markov.MarkovCV object at 0x00000250F6AA2450>,5,Tree,3.604169557665561,1.550705224252663,1.898465053053535
datasets/synthetic_data/s2.csv,256,<timecave.validation_methods.markov.MarkovCV object at 0x00000250F6AA2450>,5,ARMA,2.007584594563322,1.1687206579796823,1.4168925839891047
datasets/synthetic_data/s2.csv,256,<timecave.validation_methods.markov.MarkovCV object at 0x00000250F6AA2450>,6,Tree,6.10990392140645,2.2261100295598655,2.471821984166022
datasets/synthetic_data/s2.csv,256,<timecave.validation_methods.markov.MarkovCV object at 0x00000250F6AA2450>,6,ARMA,1.6343576945432152,1.0735343527134864,1.278419999273797
datasets/synthetic_data/s2.csv,256,<timecave.validation_methods.markov.MarkovCV object at 0x00000250F6AA2450>,7,Tree,4.570589180742223,1.6495912152796754,2.137893631765206
datasets/synthetic_data/s2.csv,256,<timecave.validation_methods.markov.MarkovCV object at 0x00000250F6AA2450>,7,ARMA,3.1233662982531327,1.546505665937066,1.7673048119249641
datasets/synthetic_data/s2.csv,256,<timecave.validation_methods.markov.MarkovCV object at 0x00000250F6AA2450>,8,Tree,1.4757410509351707,1.0642122733608104,1.2148008276812996
datasets/synthetic_data/s2.csv,256,<timecave.validation_methods.markov.MarkovCV object at 0x00000250F6AA2450>,8,ARMA,0.6944176495061869,0.6007833868012387,0.8333172562152946
datasets/synthetic_data/s2.csv,256,<timecave.validation_methods.markov.MarkovCV object at 0x00000250F6AA2450>,9,Tree,2.5976430457234625,1.321129874488129,1.6117205234541945
datasets/synthetic_data/s2.csv,256,<timecave.validation_methods.markov.MarkovCV object at 0x00000250F6AA2450>,9,ARMA,1.5296593574685255,1.0334191898236016,1.2367939834380364
datasets/synthetic_data/s2.csv,257,<timecave.validation_methods.OOS.Holdout object at 0x00000250F25595B0>,0,Tree,2.4252385518940756,1.2001972513837793,1.5573177427532492
datasets/synthetic_data/s2.csv,257,<timecave.validation_methods.OOS.Holdout object at 0x00000250F25595B0>,0,ARMA,2.0575661195814745,1.0822599342024346,1.4344218764301786
datasets/synthetic_data/s2.csv,257,<timecave.validation_methods.OOS.Repeated_Holdout object at 0x00000250F6AA17F0>,0,Tree,2.825397925558311,1.4413214691447553,1.6808920029431726
datasets/synthetic_data/s2.csv,257,<timecave.validation_methods.OOS.Repeated_Holdout object at 0x00000250F6AA17F0>,0,ARMA,2.0576823834606657,1.08909646604596,1.4344624022471504
datasets/synthetic_data/s2.csv,257,<timecave.validation_methods.OOS.Repeated_Holdout object at 0x00000250F6AA17F0>,1,Tree,3.095810514628354,1.4638007803403013,1.7594915500303927
datasets/synthetic_data/s2.csv,257,<timecave.validation_methods.OOS.Repeated_Holdout object at 0x00000250F6AA17F0>,1,ARMA,2.236764318013591,1.1566470805455702,1.49558159858083
datasets/synthetic_data/s2.csv,257,<timecave.validation_methods.OOS.Repeated_Holdout object at 0x00000250F6AA17F0>,2,Tree,3.0372424540418463,1.4456849674263206,1.7427686174710189
datasets/synthetic_data/s2.csv,257,<timecave.validation_methods.OOS.Repeated_Holdout object at 0x00000250F6AA17F0>,2,ARMA,1.7885651304903587,1.0025737862404238,1.3373724726082703
datasets/synthetic_data/s2.csv,257,<timecave.validation_methods.OOS.Repeated_Holdout object at 0x00000250F6AA17F0>,3,Tree,2.2982872585873,1.151994343253449,1.5160103095254003
datasets/synthetic_data/s2.csv,257,<timecave.validation_methods.OOS.Repeated_Holdout object at 0x00000250F6AA17F0>,3,ARMA,2.0575661195814745,1.0822599342024346,1.4344218764301786
datasets/synthetic_data/s2.csv,257,<timecave.validation_methods.prequential.Growing_Window object at 0x00000250F6AA0560>,0,Tree,2.8882619360018587,1.360429966817137,1.6994887278243003
datasets/synthetic_data/s2.csv,257,<timecave.validation_methods.prequential.Growing_Window object at 0x00000250F6AA0560>,0,ARMA,2.0287731074096857,1.2474996214086533,1.424350064910198
datasets/synthetic_data/s2.csv,257,<timecave.validation_methods.prequential.Growing_Window object at 0x00000250F6AA0560>,1,Tree,2.0345733771983605,1.0558764082545766,1.4263847227162665
datasets/synthetic_data/s2.csv,257,<timecave.validation_methods.prequential.Growing_Window object at 0x00000250F6AA0560>,1,ARMA,1.2305268216303382,0.9250263088827685,1.1092911347479246
datasets/synthetic_data/s2.csv,257,<timecave.validation_methods.prequential.Growing_Window object at 0x00000250F6AA0560>,2,Tree,2.9512914265900894,1.2828112960634923,1.7179323114110432
datasets/synthetic_data/s2.csv,257,<timecave.validation_methods.prequential.Growing_Window object at 0x00000250F6AA0560>,2,ARMA,2.8112798532026915,1.2850761524502223,1.6766871661710456
datasets/synthetic_data/s2.csv,257,<timecave.validation_methods.prequential.Growing_Window object at 0x00000250F6AA0560>,3,Tree,2.713894708664693,1.3208907337687092,1.6473902721166873
datasets/synthetic_data/s2.csv,257,<timecave.validation_methods.prequential.Growing_Window object at 0x00000250F6AA0560>,3,ARMA,2.2986671215879664,1.1863343300116236,1.5161355881279108
datasets/synthetic_data/s2.csv,257,<timecave.validation_methods.prequential.Growing_Window object at 0x00000250F6AA3320>,0,Tree,2.25737966892556,1.1023158157012476,1.5024578759238343
datasets/synthetic_data/s2.csv,257,<timecave.validation_methods.prequential.Growing_Window object at 0x00000250F6AA3320>,0,ARMA,2.1012143783687973,1.1804926824567725,1.4495566144062113
datasets/synthetic_data/s2.csv,257,<timecave.validation_methods.prequential.Growing_Window object at 0x00000250F6AA3320>,1,Tree,3.1639652225935984,1.4390603823302688,1.7787538397972886
datasets/synthetic_data/s2.csv,257,<timecave.validation_methods.prequential.Growing_Window object at 0x00000250F6AA3320>,1,ARMA,2.143313563748004,1.1245518150051392,1.4640059985355265
datasets/synthetic_data/s2.csv,257,<timecave.validation_methods.prequential.Growing_Window object at 0x00000250F6AA3320>,2,Tree,4.058808742750692,1.6965005185924444,2.0146485407511387
datasets/synthetic_data/s2.csv,257,<timecave.validation_methods.prequential.Growing_Window object at 0x00000250F6AA3320>,2,ARMA,2.4311716951528095,1.2809872392477495,1.5592215029150955
datasets/synthetic_data/s2.csv,257,<timecave.validation_methods.prequential.Rolling_Window object at 0x00000250F6AA08F0>,0,Tree,2.8977691116693194,1.3538733220845474,1.702283499206087
datasets/synthetic_data/s2.csv,257,<timecave.validation_methods.prequential.Rolling_Window object at 0x00000250F6AA08F0>,0,ARMA,2.0287731074096857,1.2474996214086533,1.424350064910198
datasets/synthetic_data/s2.csv,257,<timecave.validation_methods.prequential.Rolling_Window object at 0x00000250F6AA08F0>,1,Tree,2.933810551089937,1.4432550549985583,1.7128369890593609
datasets/synthetic_data/s2.csv,257,<timecave.validation_methods.prequential.Rolling_Window object at 0x00000250F6AA08F0>,1,ARMA,1.2323458061881607,0.925434964284954,1.110110717986346
datasets/synthetic_data/s2.csv,257,<timecave.validation_methods.prequential.Rolling_Window object at 0x00000250F6AA08F0>,2,Tree,3.3580824679854575,1.4277718763036296,1.832507153597349
datasets/synthetic_data/s2.csv,257,<timecave.validation_methods.prequential.Rolling_Window object at 0x00000250F6AA08F0>,2,ARMA,2.8630050618541603,1.3096284170685737,1.69204168443161
datasets/synthetic_data/s2.csv,257,<timecave.validation_methods.prequential.Rolling_Window object at 0x00000250F6AA08F0>,3,Tree,3.0024401013257713,1.501599309253874,1.7327550609724882
datasets/synthetic_data/s2.csv,257,<timecave.validation_methods.prequential.Rolling_Window object at 0x00000250F6AA08F0>,3,ARMA,2.237308367696493,1.1761983122820456,1.495763473178996
datasets/synthetic_data/s2.csv,257,<timecave.validation_methods.prequential.Rolling_Window object at 0x00000250F6AA2B10>,0,Tree,2.329953735217116,1.1556005613208933,1.526418597638641
datasets/synthetic_data/s2.csv,257,<timecave.validation_methods.prequential.Rolling_Window object at 0x00000250F6AA2B10>,0,ARMA,2.1012143783687973,1.1804926824567725,1.4495566144062113
datasets/synthetic_data/s2.csv,257,<timecave.validation_methods.prequential.Rolling_Window object at 0x00000250F6AA2B10>,1,Tree,3.639812843338793,1.5828108474777753,1.9078293538308904
datasets/synthetic_data/s2.csv,257,<timecave.validation_methods.prequential.Rolling_Window object at 0x00000250F6AA2B10>,1,ARMA,2.1346252879198873,1.114417704575674,1.4610356901595138
datasets/synthetic_data/s2.csv,257,<timecave.validation_methods.prequential.Rolling_Window object at 0x00000250F6AA2B10>,2,Tree,5.375397238241612,2.0266767834967245,2.3184902928935482
datasets/synthetic_data/s2.csv,257,<timecave.validation_methods.prequential.Rolling_Window object at 0x00000250F6AA2B10>,2,ARMA,2.5035074678993627,1.308650034683629,1.5822476000611796
datasets/synthetic_data/s2.csv,257,<timecave.validation_methods.CV.Block_CV object at 0x00000250F6AA2ED0>,0,Tree,3.6924758143067646,1.3791464558240392,1.9215815918942305
datasets/synthetic_data/s2.csv,257,<timecave.validation_methods.CV.Block_CV object at 0x00000250F6AA2ED0>,0,ARMA,2.078300148407419,1.2059554942902788,1.4416310722259766
datasets/synthetic_data/s2.csv,257,<timecave.validation_methods.CV.Block_CV object at 0x00000250F6AA2ED0>,1,Tree,3.217461459627941,1.2919640686585223,1.793728368406973
datasets/synthetic_data/s2.csv,257,<timecave.validation_methods.CV.Block_CV object at 0x00000250F6AA2ED0>,1,ARMA,1.5122735097883881,1.0111126713198368,1.2297453028120857
datasets/synthetic_data/s2.csv,257,<timecave.validation_methods.CV.Block_CV object at 0x00000250F6AA2ED0>,2,Tree,2.0750432066909723,1.195607747069191,1.4405010262720996
datasets/synthetic_data/s2.csv,257,<timecave.validation_methods.CV.Block_CV object at 0x00000250F6AA2ED0>,2,ARMA,1.5932568614103721,1.0330737789397109,1.2622427901994022
datasets/synthetic_data/s2.csv,257,<timecave.validation_methods.CV.Block_CV object at 0x00000250F6AA2ED0>,3,Tree,3.625171396878174,1.4371412667186616,1.9039882869592906
datasets/synthetic_data/s2.csv,257,<timecave.validation_methods.CV.Block_CV object at 0x00000250F6AA2ED0>,3,ARMA,2.26140663052331,1.1546039884017012,1.5037974034168666
datasets/synthetic_data/s2.csv,257,<timecave.validation_methods.CV.Block_CV object at 0x00000250F6AA2ED0>,4,Tree,3.299557679345738,1.406956499830182,1.8164684636254322
datasets/synthetic_data/s2.csv,257,<timecave.validation_methods.CV.Block_CV object at 0x00000250F6AA2ED0>,4,ARMA,2.2986671215879664,1.1863343300116236,1.5161355881279108
datasets/synthetic_data/s2.csv,257,<timecave.validation_methods.CV.AdaptedhvBlockCV object at 0x00000250F6AA0230>,0,Tree,3.844355143313503,1.4859485769665095,1.9607027167098798
datasets/synthetic_data/s2.csv,257,<timecave.validation_methods.CV.AdaptedhvBlockCV object at 0x00000250F6AA0230>,0,ARMA,2.0729636304563437,1.2060923952572988,1.4397790213975004
datasets/synthetic_data/s2.csv,257,<timecave.validation_methods.CV.AdaptedhvBlockCV object at 0x00000250F6AA0230>,1,Tree,2.967266725882217,1.238883803564107,1.722575608175797
datasets/synthetic_data/s2.csv,257,<timecave.validation_methods.CV.AdaptedhvBlockCV object at 0x00000250F6AA0230>,1,ARMA,1.4935177477057013,0.9944741786678943,1.2220956377083183
datasets/synthetic_data/s2.csv,257,<timecave.validation_methods.CV.AdaptedhvBlockCV object at 0x00000250F6AA0230>,2,Tree,4.052025630169794,1.613552805877235,2.012964388698865
datasets/synthetic_data/s2.csv,257,<timecave.validation_methods.CV.AdaptedhvBlockCV object at 0x00000250F6AA0230>,2,ARMA,1.5880346597686703,1.0294547081975407,1.2601724722309524
datasets/synthetic_data/s2.csv,257,<timecave.validation_methods.CV.AdaptedhvBlockCV object at 0x00000250F6AA0230>,3,Tree,3.9341331474671386,1.5384932450973015,1.983464934771255
datasets/synthetic_data/s2.csv,257,<timecave.validation_methods.CV.AdaptedhvBlockCV object at 0x00000250F6AA0230>,3,ARMA,2.2758442649460457,1.1573576593339667,1.5085901580436105
datasets/synthetic_data/s2.csv,257,<timecave.validation_methods.CV.AdaptedhvBlockCV object at 0x00000250F6AA0230>,4,Tree,2.756387175121821,1.3118907449677986,1.6602370840099379
datasets/synthetic_data/s2.csv,257,<timecave.validation_methods.CV.AdaptedhvBlockCV object at 0x00000250F6AA0230>,4,ARMA,2.284350425966004,1.1800033764483873,1.5114067705174554
datasets/synthetic_data/s2.csv,257,<timecave.validation_methods.markov.MarkovCV object at 0x00000250F6AA2090>,0,Tree,3.6604184344085446,1.667156706524065,1.9132220034299587
datasets/synthetic_data/s2.csv,257,<timecave.validation_methods.markov.MarkovCV object at 0x00000250F6AA2090>,0,ARMA,2.3047065007476544,1.1703608942624784,1.5181259831607041
datasets/synthetic_data/s2.csv,257,<timecave.validation_methods.markov.MarkovCV object at 0x00000250F6AA2090>,1,Tree,4.370710836551548,1.6749907586674866,2.0906245087417177
datasets/synthetic_data/s2.csv,257,<timecave.validation_methods.markov.MarkovCV object at 0x00000250F6AA2090>,1,ARMA,2.571737245924694,1.276768427701469,1.6036636947704135
datasets/synthetic_data/s2.csv,257,<timecave.validation_methods.markov.MarkovCV object at 0x00000250F6AA2090>,2,Tree,3.156957167594701,1.453386298980975,1.7767828138505564
datasets/synthetic_data/s2.csv,257,<timecave.validation_methods.markov.MarkovCV object at 0x00000250F6AA2090>,2,ARMA,1.8309266323355449,1.2070147097659094,1.3531173756683286
datasets/synthetic_data/s2.csv,257,<timecave.validation_methods.markov.MarkovCV object at 0x00000250F6AA2090>,3,Tree,2.537316210706554,1.35820075301707,1.5928955429363703
datasets/synthetic_data/s2.csv,257,<timecave.validation_methods.markov.MarkovCV object at 0x00000250F6AA2090>,3,ARMA,2.059479620781078,1.1409191349559284,1.4350887152998864
datasets/synthetic_data/s2.csv,257,<timecave.validation_methods.markov.MarkovCV object at 0x00000250F6AA2090>,4,Tree,3.961668693902824,1.6833298135815071,1.9903941051718437
datasets/synthetic_data/s2.csv,257,<timecave.validation_methods.markov.MarkovCV object at 0x00000250F6AA2090>,4,ARMA,1.250889469105939,0.8562270401387814,1.118431700688933
datasets/synthetic_data/s2.csv,257,<timecave.validation_methods.markov.MarkovCV object at 0x00000250F6AA2090>,5,Tree,3.3061205741442645,1.6616870761916622,1.8182740646404942
datasets/synthetic_data/s2.csv,257,<timecave.validation_methods.markov.MarkovCV object at 0x00000250F6AA2090>,5,ARMA,2.2172646947661327,1.172745949409321,1.4890482513223446
datasets/synthetic_data/s2.csv,257,<timecave.validation_methods.markov.MarkovCV object at 0x00000250F6AA2090>,6,Tree,4.887348694636651,1.9185615053702294,2.210734876604757
datasets/synthetic_data/s2.csv,257,<timecave.validation_methods.markov.MarkovCV object at 0x00000250F6AA2090>,6,ARMA,2.3806369183336216,1.2986011195715303,1.5429312746631398
datasets/synthetic_data/s2.csv,257,<timecave.validation_methods.markov.MarkovCV object at 0x00000250F6AA2090>,7,Tree,4.748560361389329,1.8111519822004458,2.179119170993025
datasets/synthetic_data/s2.csv,257,<timecave.validation_methods.markov.MarkovCV object at 0x00000250F6AA2090>,7,ARMA,1.6434684896565113,1.107477083456959,1.2819783499172328
datasets/synthetic_data/s2.csv,257,<timecave.validation_methods.markov.MarkovCV object at 0x00000250F6AA2090>,8,Tree,3.800787056691568,1.6071413777914074,1.949560734291591
datasets/synthetic_data/s2.csv,257,<timecave.validation_methods.markov.MarkovCV object at 0x00000250F6AA2090>,8,ARMA,0.9847611838866759,0.8758194156409372,0.9923513409507118
datasets/synthetic_data/s2.csv,257,<timecave.validation_methods.markov.MarkovCV object at 0x00000250F6AA2090>,9,Tree,2.5345890407467695,1.2537920678379189,1.5920392711069566
datasets/synthetic_data/s2.csv,257,<timecave.validation_methods.markov.MarkovCV object at 0x00000250F6AA2090>,9,ARMA,2.7201863797667425,1.1980743089986876,1.649298753945671
datasets/synthetic_data/s2.csv,258,<timecave.validation_methods.OOS.Holdout object at 0x00000250F2606240>,0,Tree,3.7764570324473867,1.5962085771265586,1.9433108429809645
datasets/synthetic_data/s2.csv,258,<timecave.validation_methods.OOS.Holdout object at 0x00000250F2606240>,0,ARMA,2.007598979813952,1.1158206580439238,1.4168976603177634
datasets/synthetic_data/s2.csv,258,<timecave.validation_methods.OOS.Repeated_Holdout object at 0x00000250F6AA1370>,0,Tree,3.831966997546307,1.7192514966555181,1.957541058968191
datasets/synthetic_data/s2.csv,258,<timecave.validation_methods.OOS.Repeated_Holdout object at 0x00000250F6AA1370>,0,ARMA,2.1014220692695793,1.1525656030040197,1.4496282520941635
datasets/synthetic_data/s2.csv,258,<timecave.validation_methods.OOS.Repeated_Holdout object at 0x00000250F6AA1370>,1,Tree,3.3210983018890174,1.4857524209302804,1.8223880766425733
datasets/synthetic_data/s2.csv,258,<timecave.validation_methods.OOS.Repeated_Holdout object at 0x00000250F6AA1370>,1,ARMA,2.2938540670015555,1.2247310632128203,1.5145474792826916
datasets/synthetic_data/s2.csv,258,<timecave.validation_methods.OOS.Repeated_Holdout object at 0x00000250F6AA1370>,2,Tree,3.6657671500220026,1.6478083994130306,1.9146193224821488
datasets/synthetic_data/s2.csv,258,<timecave.validation_methods.OOS.Repeated_Holdout object at 0x00000250F6AA1370>,2,ARMA,2.058984615910113,1.1219881434347776,1.4349162400328852
datasets/synthetic_data/s2.csv,258,<timecave.validation_methods.OOS.Repeated_Holdout object at 0x00000250F6AA1370>,3,Tree,3.8294797640314946,1.6144151039101107,1.956905660483278
datasets/synthetic_data/s2.csv,258,<timecave.validation_methods.OOS.Repeated_Holdout object at 0x00000250F6AA1370>,3,ARMA,2.007598979813952,1.1158206580439238,1.4168976603177634
datasets/synthetic_data/s2.csv,258,<timecave.validation_methods.prequential.Growing_Window object at 0x00000250F6AA2240>,0,Tree,4.046411526274044,1.6291566762130685,2.011569418706211
datasets/synthetic_data/s2.csv,258,<timecave.validation_methods.prequential.Growing_Window object at 0x00000250F6AA2240>,0,ARMA,2.3008276371328926,1.2302218241251355,1.5168479281499818
datasets/synthetic_data/s2.csv,258,<timecave.validation_methods.prequential.Growing_Window object at 0x00000250F6AA2240>,1,Tree,1.9135317477584304,1.1494566617981299,1.3833046474867459
datasets/synthetic_data/s2.csv,258,<timecave.validation_methods.prequential.Growing_Window object at 0x00000250F6AA2240>,1,ARMA,1.0449889330177762,0.8082248263030687,1.022247001960767
datasets/synthetic_data/s2.csv,258,<timecave.validation_methods.prequential.Growing_Window object at 0x00000250F6AA2240>,2,Tree,3.9550696360512707,1.4828846541923022,1.9887356878306555
datasets/synthetic_data/s2.csv,258,<timecave.validation_methods.prequential.Growing_Window object at 0x00000250F6AA2240>,2,ARMA,1.3263863904028765,0.9291593345257778,1.1516884953853088
datasets/synthetic_data/s2.csv,258,<timecave.validation_methods.prequential.Growing_Window object at 0x00000250F6AA2240>,3,Tree,2.95617855676475,1.4376218975815573,1.7193541103463097
datasets/synthetic_data/s2.csv,258,<timecave.validation_methods.prequential.Growing_Window object at 0x00000250F6AA2240>,3,ARMA,2.386128452295117,1.2462230569410693,1.5447098278625397
datasets/synthetic_data/s2.csv,258,<timecave.validation_methods.prequential.Growing_Window object at 0x00000250F6AA0A70>,0,Tree,3.20910384121203,1.4988011750197796,1.7913971757296119
datasets/synthetic_data/s2.csv,258,<timecave.validation_methods.prequential.Growing_Window object at 0x00000250F6AA0A70>,0,ARMA,1.1688068210656684,0.8441931455572023,1.0811136947914721
datasets/synthetic_data/s2.csv,258,<timecave.validation_methods.prequential.Growing_Window object at 0x00000250F6AA0A70>,1,Tree,2.9944424608882505,1.4112278301409276,1.7304457405212827
datasets/synthetic_data/s2.csv,258,<timecave.validation_methods.prequential.Growing_Window object at 0x00000250F6AA0A70>,1,ARMA,1.5063509486882907,1.0129447842972312,1.227334896712503
datasets/synthetic_data/s2.csv,258,<timecave.validation_methods.prequential.Growing_Window object at 0x00000250F6AA0A70>,2,Tree,2.609843321837261,1.2908134434728453,1.6155009507385816
datasets/synthetic_data/s2.csv,258,<timecave.validation_methods.prequential.Growing_Window object at 0x00000250F6AA0A70>,2,ARMA,2.5491809551685036,1.296164032041472,1.5966154687865528
datasets/synthetic_data/s2.csv,258,<timecave.validation_methods.prequential.Rolling_Window object at 0x00000250F6AA2F90>,0,Tree,4.498810935444974,1.6156723477751824,2.1210400598397414
datasets/synthetic_data/s2.csv,258,<timecave.validation_methods.prequential.Rolling_Window object at 0x00000250F6AA2F90>,0,ARMA,2.3008276371328926,1.2302218241251355,1.5168479281499818
datasets/synthetic_data/s2.csv,258,<timecave.validation_methods.prequential.Rolling_Window object at 0x00000250F6AA2F90>,1,Tree,1.4512239962008056,1.0219570136990728,1.204667587428501
datasets/synthetic_data/s2.csv,258,<timecave.validation_methods.prequential.Rolling_Window object at 0x00000250F6AA2F90>,1,ARMA,1.0872852842461196,0.8148578432177205,1.042729727324449
datasets/synthetic_data/s2.csv,258,<timecave.validation_methods.prequential.Rolling_Window object at 0x00000250F6AA2F90>,2,Tree,2.0578326891817444,1.1570923727639553,1.4345147922491928
datasets/synthetic_data/s2.csv,258,<timecave.validation_methods.prequential.Rolling_Window object at 0x00000250F6AA2F90>,2,ARMA,1.1568763108635722,0.8396394322631533,1.0755818475892813
datasets/synthetic_data/s2.csv,258,<timecave.validation_methods.prequential.Rolling_Window object at 0x00000250F6AA2F90>,3,Tree,3.2073546416766088,1.536722125613596,1.790908887039374
datasets/synthetic_data/s2.csv,258,<timecave.validation_methods.prequential.Rolling_Window object at 0x00000250F6AA2F90>,3,ARMA,2.2250334705784276,1.2081611750718526,1.4916546083388162
datasets/synthetic_data/s2.csv,258,<timecave.validation_methods.prequential.Rolling_Window object at 0x00000250F6AA0290>,0,Tree,2.663256452058157,1.2848935504947523,1.6319486671026626
datasets/synthetic_data/s2.csv,258,<timecave.validation_methods.prequential.Rolling_Window object at 0x00000250F6AA0290>,0,ARMA,1.1688068210656684,0.8441931455572023,1.0811136947914721
datasets/synthetic_data/s2.csv,258,<timecave.validation_methods.prequential.Rolling_Window object at 0x00000250F6AA0290>,1,Tree,2.073541048158474,1.2024239473710585,1.4399795304650946
datasets/synthetic_data/s2.csv,258,<timecave.validation_methods.prequential.Rolling_Window object at 0x00000250F6AA0290>,1,ARMA,1.3328474814971822,0.958140363874088,1.1544901391944333
datasets/synthetic_data/s2.csv,258,<timecave.validation_methods.prequential.Rolling_Window object at 0x00000250F6AA0290>,2,Tree,2.0594831852064686,1.2096202122378978,1.435089957182639
datasets/synthetic_data/s2.csv,258,<timecave.validation_methods.prequential.Rolling_Window object at 0x00000250F6AA0290>,2,ARMA,2.0831621512673126,1.159175592659582,1.4433163725487606
datasets/synthetic_data/s2.csv,258,<timecave.validation_methods.CV.Block_CV object at 0x00000250F6AA3890>,0,Tree,4.3888923716468256,1.7849893631928608,2.094968346215958
datasets/synthetic_data/s2.csv,258,<timecave.validation_methods.CV.Block_CV object at 0x00000250F6AA3890>,0,ARMA,3.063260130147788,1.346001376902421,1.750217166567563
datasets/synthetic_data/s2.csv,258,<timecave.validation_methods.CV.Block_CV object at 0x00000250F6AA3890>,1,Tree,3.7032316706803874,1.60344725022551,1.9243782556141054
datasets/synthetic_data/s2.csv,258,<timecave.validation_methods.CV.Block_CV object at 0x00000250F6AA3890>,1,ARMA,2.2086785550017654,1.1405087849738003,1.4861623582239476
datasets/synthetic_data/s2.csv,258,<timecave.validation_methods.CV.Block_CV object at 0x00000250F6AA3890>,2,Tree,2.1205644474957057,1.1551096600878414,1.4562157970217553
datasets/synthetic_data/s2.csv,258,<timecave.validation_methods.CV.Block_CV object at 0x00000250F6AA3890>,2,ARMA,0.5247766647131265,0.5880399842145343,0.724414704926071
datasets/synthetic_data/s2.csv,258,<timecave.validation_methods.CV.Block_CV object at 0x00000250F6AA3890>,3,Tree,2.805998607744394,1.3727803816241395,1.6751115209873026
datasets/synthetic_data/s2.csv,258,<timecave.validation_methods.CV.Block_CV object at 0x00000250F6AA3890>,3,ARMA,1.4374212030091056,0.9111028240319141,1.19892501976108
datasets/synthetic_data/s2.csv,258,<timecave.validation_methods.CV.Block_CV object at 0x00000250F6AA3890>,4,Tree,3.0009027709273677,1.451355487237728,1.7323113954850518
datasets/synthetic_data/s2.csv,258,<timecave.validation_methods.CV.Block_CV object at 0x00000250F6AA3890>,4,ARMA,2.386128452295117,1.2462230569410693,1.5447098278625397
datasets/synthetic_data/s2.csv,258,<timecave.validation_methods.CV.AdaptedhvBlockCV object at 0x00000250F6AA0770>,0,Tree,3.9171282348727505,1.6894944438166937,1.9791736242363251
datasets/synthetic_data/s2.csv,258,<timecave.validation_methods.CV.AdaptedhvBlockCV object at 0x00000250F6AA0770>,0,ARMA,3.063614885489782,1.3457914080087252,1.750318509726096
datasets/synthetic_data/s2.csv,258,<timecave.validation_methods.CV.AdaptedhvBlockCV object at 0x00000250F6AA0770>,1,Tree,3.6428139805368724,1.6820190913324455,1.90861572364289
datasets/synthetic_data/s2.csv,258,<timecave.validation_methods.CV.AdaptedhvBlockCV object at 0x00000250F6AA0770>,1,ARMA,2.2643996073295867,1.155602214857225,1.5047922140048395
datasets/synthetic_data/s2.csv,258,<timecave.validation_methods.CV.AdaptedhvBlockCV object at 0x00000250F6AA0770>,2,Tree,1.2149350053792196,0.7820862845897172,1.1022409016994514
datasets/synthetic_data/s2.csv,258,<timecave.validation_methods.CV.AdaptedhvBlockCV object at 0x00000250F6AA0770>,2,ARMA,0.5340201325258767,0.5885864051062962,0.7307668113193679
datasets/synthetic_data/s2.csv,258,<timecave.validation_methods.CV.AdaptedhvBlockCV object at 0x00000250F6AA0770>,3,Tree,2.833838373563325,1.270147213536015,1.683400835678575
datasets/synthetic_data/s2.csv,258,<timecave.validation_methods.CV.AdaptedhvBlockCV object at 0x00000250F6AA0770>,3,ARMA,1.437947392480259,0.9098591554157227,1.1991444418752308
datasets/synthetic_data/s2.csv,258,<timecave.validation_methods.CV.AdaptedhvBlockCV object at 0x00000250F6AA0770>,4,Tree,3.3402357466291175,1.5203912831860846,1.8276311845197646
datasets/synthetic_data/s2.csv,258,<timecave.validation_methods.CV.AdaptedhvBlockCV object at 0x00000250F6AA0770>,4,ARMA,2.2366002200587545,1.1932619024954598,1.4955267366579423
datasets/synthetic_data/s2.csv,258,<timecave.validation_methods.markov.MarkovCV object at 0x00000250F6AA3B00>,0,Tree,2.153552584574664,1.26713949284898,1.4674987511322333
datasets/synthetic_data/s2.csv,258,<timecave.validation_methods.markov.MarkovCV object at 0x00000250F6AA3B00>,0,ARMA,1.8193954690545064,0.8210750806004365,1.3488496836395472
datasets/synthetic_data/s2.csv,258,<timecave.validation_methods.markov.MarkovCV object at 0x00000250F6AA3B00>,1,Tree,3.2365751322999303,1.6004336224629792,1.799048396319546
datasets/synthetic_data/s2.csv,258,<timecave.validation_methods.markov.MarkovCV object at 0x00000250F6AA3B00>,1,ARMA,1.130633340699315,0.8276148601650589,1.063312437950067
datasets/synthetic_data/s2.csv,258,<timecave.validation_methods.markov.MarkovCV object at 0x00000250F6AA3B00>,2,Tree,2.384915030724882,1.3302539756176122,1.5443170110844735
datasets/synthetic_data/s2.csv,258,<timecave.validation_methods.markov.MarkovCV object at 0x00000250F6AA3B00>,2,ARMA,1.7636526003863375,1.067217095106031,1.3280258282075457
datasets/synthetic_data/s2.csv,258,<timecave.validation_methods.markov.MarkovCV object at 0x00000250F6AA3B00>,3,Tree,1.3029667599722408,0.9211030233442686,1.1414756939910025
datasets/synthetic_data/s2.csv,258,<timecave.validation_methods.markov.MarkovCV object at 0x00000250F6AA3B00>,3,ARMA,2.0592615119968896,1.0842226582428443,1.4350127218937432
datasets/synthetic_data/s2.csv,258,<timecave.validation_methods.markov.MarkovCV object at 0x00000250F6AA3B00>,4,Tree,3.4692719099251206,1.6166094023261477,1.862598161151546
datasets/synthetic_data/s2.csv,258,<timecave.validation_methods.markov.MarkovCV object at 0x00000250F6AA3B00>,4,ARMA,2.463615789062336,1.3344117910431477,1.569590962340933
datasets/synthetic_data/s2.csv,258,<timecave.validation_methods.markov.MarkovCV object at 0x00000250F6AA3B00>,5,Tree,5.054453661623303,1.7454073705237034,2.2482112137482333
datasets/synthetic_data/s2.csv,258,<timecave.validation_methods.markov.MarkovCV object at 0x00000250F6AA3B00>,5,ARMA,1.556898429346445,1.0096166479322666,1.247757359964847
datasets/synthetic_data/s2.csv,258,<timecave.validation_methods.markov.MarkovCV object at 0x00000250F6AA3B00>,6,Tree,4.021808951388653,1.5456775600709927,2.0054448263137665
datasets/synthetic_data/s2.csv,258,<timecave.validation_methods.markov.MarkovCV object at 0x00000250F6AA3B00>,6,ARMA,1.55574189871507,0.9110595309187978,1.247293830143912
datasets/synthetic_data/s2.csv,258,<timecave.validation_methods.markov.MarkovCV object at 0x00000250F6AA3B00>,7,Tree,5.126060098895711,1.7116235820425472,2.2640804091055844
datasets/synthetic_data/s2.csv,258,<timecave.validation_methods.markov.MarkovCV object at 0x00000250F6AA3B00>,7,ARMA,1.9912249663995314,1.0583132266314677,1.4111077090001072
datasets/synthetic_data/s2.csv,258,<timecave.validation_methods.markov.MarkovCV object at 0x00000250F6AA3B00>,8,Tree,2.2992046894437,1.2961265382748774,1.516312860013955
datasets/synthetic_data/s2.csv,258,<timecave.validation_methods.markov.MarkovCV object at 0x00000250F6AA3B00>,8,ARMA,0.8571153212474543,0.7089143136714173,0.9258052285699483
datasets/synthetic_data/s2.csv,258,<timecave.validation_methods.markov.MarkovCV object at 0x00000250F6AA3B00>,9,Tree,1.9807901225348048,1.1280926928983603,1.4074054577607709
datasets/synthetic_data/s2.csv,258,<timecave.validation_methods.markov.MarkovCV object at 0x00000250F6AA3B00>,9,ARMA,1.417243220388764,0.9792586759511037,1.190480247794462
datasets/synthetic_data/s2.csv,259,<timecave.validation_methods.OOS.Holdout object at 0x00000250F6A34D40>,0,Tree,2.4223082215068086,1.2299716787673054,1.5563766322798631
datasets/synthetic_data/s2.csv,259,<timecave.validation_methods.OOS.Holdout object at 0x00000250F6A34D40>,0,ARMA,1.805325202779672,1.0669567884303324,1.3436239067461073
datasets/synthetic_data/s2.csv,259,<timecave.validation_methods.OOS.Repeated_Holdout object at 0x00000250F6AA2360>,0,Tree,2.6891965235346325,1.288575242196821,1.6398769842688299
datasets/synthetic_data/s2.csv,259,<timecave.validation_methods.OOS.Repeated_Holdout object at 0x00000250F6AA2360>,0,ARMA,1.8223565362639154,1.081378198104436,1.3499468642372245
datasets/synthetic_data/s2.csv,259,<timecave.validation_methods.OOS.Repeated_Holdout object at 0x00000250F6AA2360>,1,Tree,2.1264228121701607,1.1329187211329208,1.4582259125972767
datasets/synthetic_data/s2.csv,259,<timecave.validation_methods.OOS.Repeated_Holdout object at 0x00000250F6AA2360>,1,ARMA,1.8300155434643848,1.1038865704274454,1.352780670864418
datasets/synthetic_data/s2.csv,259,<timecave.validation_methods.OOS.Repeated_Holdout object at 0x00000250F6AA2360>,2,Tree,2.7997898764642657,1.2850793260795776,1.6732572654748181
datasets/synthetic_data/s2.csv,259,<timecave.validation_methods.OOS.Repeated_Holdout object at 0x00000250F6AA2360>,2,ARMA,1.8772540637679025,1.1090177112640536,1.3701292142597
datasets/synthetic_data/s2.csv,259,<timecave.validation_methods.OOS.Repeated_Holdout object at 0x00000250F6AA2360>,3,Tree,2.619935350820771,1.2934755477484254,1.6186214353025141
datasets/synthetic_data/s2.csv,259,<timecave.validation_methods.OOS.Repeated_Holdout object at 0x00000250F6AA2360>,3,ARMA,1.805325202779672,1.0669567884303324,1.3436239067461073
datasets/synthetic_data/s2.csv,259,<timecave.validation_methods.prequential.Growing_Window object at 0x00000250F6AA33B0>,0,Tree,1.769806192397748,1.0591377993514353,1.3303406302138365
datasets/synthetic_data/s2.csv,259,<timecave.validation_methods.prequential.Growing_Window object at 0x00000250F6AA33B0>,0,ARMA,1.7305784873029537,1.0580410458245648,1.3155145332921845
datasets/synthetic_data/s2.csv,259,<timecave.validation_methods.prequential.Growing_Window object at 0x00000250F6AA33B0>,1,Tree,3.154188076303106,1.3727478720157964,1.7760033998568545
datasets/synthetic_data/s2.csv,259,<timecave.validation_methods.prequential.Growing_Window object at 0x00000250F6AA33B0>,1,ARMA,2.5149314901352318,1.2249267308838092,1.5858535525499293
datasets/synthetic_data/s2.csv,259,<timecave.validation_methods.prequential.Growing_Window object at 0x00000250F6AA33B0>,2,Tree,1.811418675069484,1.1722925993106077,1.345889547871401
datasets/synthetic_data/s2.csv,259,<timecave.validation_methods.prequential.Growing_Window object at 0x00000250F6AA33B0>,2,ARMA,1.4176792868987338,0.8970388722965321,1.1906633810186378
datasets/synthetic_data/s2.csv,259,<timecave.validation_methods.prequential.Growing_Window object at 0x00000250F6AA33B0>,3,Tree,2.3036874709337747,1.1527437912427354,1.5177903250890008
datasets/synthetic_data/s2.csv,259,<timecave.validation_methods.prequential.Growing_Window object at 0x00000250F6AA33B0>,3,ARMA,1.8949780559434652,1.1222384041848157,1.3765820193302922
datasets/synthetic_data/s2.csv,259,<timecave.validation_methods.prequential.Growing_Window object at 0x00000250F6AA3980>,0,Tree,2.007773192499784,1.0824671557521814,1.416959135790367
datasets/synthetic_data/s2.csv,259,<timecave.validation_methods.prequential.Growing_Window object at 0x00000250F6AA3980>,0,ARMA,2.135526538746735,1.1696644717546567,1.461344086362529
datasets/synthetic_data/s2.csv,259,<timecave.validation_methods.prequential.Growing_Window object at 0x00000250F6AA3980>,1,Tree,3.2478210166922827,1.4864060891325308,1.8021711951677295
datasets/synthetic_data/s2.csv,259,<timecave.validation_methods.prequential.Growing_Window object at 0x00000250F6AA3980>,1,ARMA,1.398098981281632,0.894485584755611,1.182412356702023
datasets/synthetic_data/s2.csv,259,<timecave.validation_methods.prequential.Growing_Window object at 0x00000250F6AA3980>,2,Tree,2.793904746591764,1.2626162756868442,1.671497755485111
datasets/synthetic_data/s2.csv,259,<timecave.validation_methods.prequential.Growing_Window object at 0x00000250F6AA3980>,2,ARMA,2.075437215587404,1.1662075919567392,1.4406377808413202
datasets/synthetic_data/s2.csv,259,<timecave.validation_methods.prequential.Rolling_Window object at 0x00000250F6AA2900>,0,Tree,1.8802641422688222,1.1257228682297853,1.3712272394715699
datasets/synthetic_data/s2.csv,259,<timecave.validation_methods.prequential.Rolling_Window object at 0x00000250F6AA2900>,0,ARMA,1.7305784873029537,1.0580410458245648,1.3155145332921845
datasets/synthetic_data/s2.csv,259,<timecave.validation_methods.prequential.Rolling_Window object at 0x00000250F6AA2900>,1,Tree,3.5021984193830096,1.544257437983617,1.871416153447172
datasets/synthetic_data/s2.csv,259,<timecave.validation_methods.prequential.Rolling_Window object at 0x00000250F6AA2900>,1,ARMA,2.658250351870303,1.261579062783873,1.6304141657475573
datasets/synthetic_data/s2.csv,259,<timecave.validation_methods.prequential.Rolling_Window object at 0x00000250F6AA2900>,2,Tree,2.0883386120309004,1.1606999895475671,1.445108512199309
datasets/synthetic_data/s2.csv,259,<timecave.validation_methods.prequential.Rolling_Window object at 0x00000250F6AA2900>,2,ARMA,1.4220346381212872,0.8968542518391314,1.1924909383812052
datasets/synthetic_data/s2.csv,259,<timecave.validation_methods.prequential.Rolling_Window object at 0x00000250F6AA2900>,3,Tree,3.2669455967668135,1.3032690549521828,1.8074693902710535
datasets/synthetic_data/s2.csv,259,<timecave.validation_methods.prequential.Rolling_Window object at 0x00000250F6AA2900>,3,ARMA,1.843855076050866,1.1025472103413865,1.3578862529869231
datasets/synthetic_data/s2.csv,259,<timecave.validation_methods.prequential.Rolling_Window object at 0x00000250F6AA0050>,0,Tree,2.6219221803087684,1.2883540223449415,1.619235060239485
datasets/synthetic_data/s2.csv,259,<timecave.validation_methods.prequential.Rolling_Window object at 0x00000250F6AA0050>,0,ARMA,2.135526538746735,1.1696644717546567,1.461344086362529
datasets/synthetic_data/s2.csv,259,<timecave.validation_methods.prequential.Rolling_Window object at 0x00000250F6AA0050>,1,Tree,2.4005345738321746,1.1647351923922058,1.5493658618390218
datasets/synthetic_data/s2.csv,259,<timecave.validation_methods.prequential.Rolling_Window object at 0x00000250F6AA0050>,1,ARMA,1.483003535812286,0.9165154841550944,1.2177863260080917
datasets/synthetic_data/s2.csv,259,<timecave.validation_methods.prequential.Rolling_Window object at 0x00000250F6AA0050>,2,Tree,2.636280603199546,1.223085153001026,1.6236627122649414
datasets/synthetic_data/s2.csv,259,<timecave.validation_methods.prequential.Rolling_Window object at 0x00000250F6AA0050>,2,ARMA,2.0714073116665643,1.1638102086979742,1.43923844850899
datasets/synthetic_data/s2.csv,259,<timecave.validation_methods.CV.Block_CV object at 0x00000250F6AA3AD0>,0,Tree,1.7512205880977936,1.08298585034761,1.3233369140539357
datasets/synthetic_data/s2.csv,259,<timecave.validation_methods.CV.Block_CV object at 0x00000250F6AA3AD0>,0,ARMA,2.3404401022802848,1.2168418233672929,1.5298496992450876
datasets/synthetic_data/s2.csv,259,<timecave.validation_methods.CV.Block_CV object at 0x00000250F6AA3AD0>,1,Tree,1.3922635863692774,0.991531718943386,1.179942196198304
datasets/synthetic_data/s2.csv,259,<timecave.validation_methods.CV.Block_CV object at 0x00000250F6AA3AD0>,1,ARMA,1.5388963418215738,0.9620635435639637,1.2405226083476164
datasets/synthetic_data/s2.csv,259,<timecave.validation_methods.CV.Block_CV object at 0x00000250F6AA3AD0>,2,Tree,2.982236715207881,1.5108767296148204,1.7269153758096778
datasets/synthetic_data/s2.csv,259,<timecave.validation_methods.CV.Block_CV object at 0x00000250F6AA3AD0>,2,ARMA,2.217377362138457,1.1597640846464752,1.489086082850302
datasets/synthetic_data/s2.csv,259,<timecave.validation_methods.CV.Block_CV object at 0x00000250F6AA3AD0>,3,Tree,2.563282838035898,1.3399680666568339,1.6010255582082062
datasets/synthetic_data/s2.csv,259,<timecave.validation_methods.CV.Block_CV object at 0x00000250F6AA3AD0>,3,ARMA,1.376290493577301,0.8875787852569941,1.1731540792143635
datasets/synthetic_data/s2.csv,259,<timecave.validation_methods.CV.Block_CV object at 0x00000250F6AA3AD0>,4,Tree,2.461815992958013,1.1497546164502548,1.5690175247453462
datasets/synthetic_data/s2.csv,259,<timecave.validation_methods.CV.Block_CV object at 0x00000250F6AA3AD0>,4,ARMA,1.8949780559434652,1.1222384041848157,1.3765820193302922
datasets/synthetic_data/s2.csv,259,<timecave.validation_methods.CV.AdaptedhvBlockCV object at 0x00000250F6AA09E0>,0,Tree,1.780917805731642,1.055209709715459,1.334510324325609
datasets/synthetic_data/s2.csv,259,<timecave.validation_methods.CV.AdaptedhvBlockCV object at 0x00000250F6AA09E0>,0,ARMA,2.338921727122359,1.2158890166074978,1.5293533689511913
datasets/synthetic_data/s2.csv,259,<timecave.validation_methods.CV.AdaptedhvBlockCV object at 0x00000250F6AA09E0>,1,Tree,1.115417354575589,0.8124855072997567,1.0561332087268107
datasets/synthetic_data/s2.csv,259,<timecave.validation_methods.CV.AdaptedhvBlockCV object at 0x00000250F6AA09E0>,1,ARMA,1.5235959302916844,0.9604388506212818,1.234340281402047
datasets/synthetic_data/s2.csv,259,<timecave.validation_methods.CV.AdaptedhvBlockCV object at 0x00000250F6AA09E0>,2,Tree,2.827221663837105,1.409808237617804,1.6814344066412776
datasets/synthetic_data/s2.csv,259,<timecave.validation_methods.CV.AdaptedhvBlockCV object at 0x00000250F6AA09E0>,2,ARMA,2.1849808881801867,1.1550891420367697,1.4781680852258265
datasets/synthetic_data/s2.csv,259,<timecave.validation_methods.CV.AdaptedhvBlockCV object at 0x00000250F6AA09E0>,3,Tree,2.4004783912874412,1.3631943440179153,1.5493477309137034
datasets/synthetic_data/s2.csv,259,<timecave.validation_methods.CV.AdaptedhvBlockCV object at 0x00000250F6AA09E0>,3,ARMA,1.3808866376156155,0.8872783206946628,1.1751113298813927
datasets/synthetic_data/s2.csv,259,<timecave.validation_methods.CV.AdaptedhvBlockCV object at 0x00000250F6AA09E0>,4,Tree,2.2408645426478055,1.1949912292807159,1.4969517502738041
datasets/synthetic_data/s2.csv,259,<timecave.validation_methods.CV.AdaptedhvBlockCV object at 0x00000250F6AA09E0>,4,ARMA,1.9021377332401732,1.1205717414122445,1.3791800945634958
datasets/synthetic_data/s2.csv,259,<timecave.validation_methods.markov.MarkovCV object at 0x00000250F6AA2210>,0,Tree,7.256735935630376,2.1470404214952574,2.693832945011694
datasets/synthetic_data/s2.csv,259,<timecave.validation_methods.markov.MarkovCV object at 0x00000250F6AA2210>,0,ARMA,2.5040986700526795,1.330999489607135,1.5824344125595473
datasets/synthetic_data/s2.csv,259,<timecave.validation_methods.markov.MarkovCV object at 0x00000250F6AA2210>,1,Tree,4.137844816777976,1.5926093970644137,2.0341693186109104
datasets/synthetic_data/s2.csv,259,<timecave.validation_methods.markov.MarkovCV object at 0x00000250F6AA2210>,1,ARMA,1.9991445917310318,1.0798516168131649,1.4139110975344353
datasets/synthetic_data/s2.csv,259,<timecave.validation_methods.markov.MarkovCV object at 0x00000250F6AA2210>,2,Tree,2.286572339254161,1.1854121826838406,1.5121416399445393
datasets/synthetic_data/s2.csv,259,<timecave.validation_methods.markov.MarkovCV object at 0x00000250F6AA2210>,2,ARMA,1.2743666880377509,0.8974346909022836,1.1288785089803735
datasets/synthetic_data/s2.csv,259,<timecave.validation_methods.markov.MarkovCV object at 0x00000250F6AA2210>,3,Tree,3.0623123200968805,1.4693140110092275,1.749946376348967
datasets/synthetic_data/s2.csv,259,<timecave.validation_methods.markov.MarkovCV object at 0x00000250F6AA2210>,3,ARMA,2.758146289287156,1.4532542402129038,1.6607667775118684
datasets/synthetic_data/s2.csv,259,<timecave.validation_methods.markov.MarkovCV object at 0x00000250F6AA2210>,4,Tree,7.895132118109266,2.11735500356329,2.809827773745086
datasets/synthetic_data/s2.csv,259,<timecave.validation_methods.markov.MarkovCV object at 0x00000250F6AA2210>,4,ARMA,1.535520696919419,0.9635343573019213,1.2391612876939866
datasets/synthetic_data/s2.csv,259,<timecave.validation_methods.markov.MarkovCV object at 0x00000250F6AA2210>,5,Tree,2.5527255692349664,1.1730334705581382,1.5977251231782539
datasets/synthetic_data/s2.csv,259,<timecave.validation_methods.markov.MarkovCV object at 0x00000250F6AA2210>,5,ARMA,3.228750311211922,1.44117594563771,1.7968723692048698
datasets/synthetic_data/s2.csv,259,<timecave.validation_methods.markov.MarkovCV object at 0x00000250F6AA2210>,6,Tree,5.712452073011336,2.096103815883497,2.3900736543067738
datasets/synthetic_data/s2.csv,259,<timecave.validation_methods.markov.MarkovCV object at 0x00000250F6AA2210>,6,ARMA,1.5614890463227704,0.9895327317853474,1.2495955530981897
datasets/synthetic_data/s2.csv,259,<timecave.validation_methods.markov.MarkovCV object at 0x00000250F6AA2210>,7,Tree,3.2581885966912156,1.4235456967482305,1.8050453170741214
datasets/synthetic_data/s2.csv,259,<timecave.validation_methods.markov.MarkovCV object at 0x00000250F6AA2210>,7,ARMA,1.5758729097024098,0.9075251594390337,1.2553377671775872
datasets/synthetic_data/s2.csv,259,<timecave.validation_methods.markov.MarkovCV object at 0x00000250F6AA2210>,8,Tree,2.9368156179388123,1.2349092485247992,1.7137139837028852
datasets/synthetic_data/s2.csv,259,<timecave.validation_methods.markov.MarkovCV object at 0x00000250F6AA2210>,8,ARMA,2.2304350362317145,1.2516257040403773,1.4934641061075804
datasets/synthetic_data/s2.csv,259,<timecave.validation_methods.markov.MarkovCV object at 0x00000250F6AA2210>,9,Tree,0.9980453269890542,0.8504198262019379,0.9990221854338642
datasets/synthetic_data/s2.csv,259,<timecave.validation_methods.markov.MarkovCV object at 0x00000250F6AA2210>,9,ARMA,1.7237785551400457,0.955453389212004,1.3129274752019038
datasets/synthetic_data/s2.csv,260,<timecave.validation_methods.OOS.Holdout object at 0x00000250F6A45910>,0,Tree,2.276214238567794,1.1872015703965149,1.5087127753710425
datasets/synthetic_data/s2.csv,260,<timecave.validation_methods.OOS.Holdout object at 0x00000250F6A45910>,0,ARMA,1.5367209000513693,0.9514543019506432,1.2396454735332072
datasets/synthetic_data/s2.csv,260,<timecave.validation_methods.OOS.Repeated_Holdout object at 0x00000250F6AA0440>,0,Tree,2.831446648904474,1.3514192523065625,1.682690300948001
datasets/synthetic_data/s2.csv,260,<timecave.validation_methods.OOS.Repeated_Holdout object at 0x00000250F6AA0440>,0,ARMA,1.7591960210409998,0.9753281229818734,1.3263468705587538
datasets/synthetic_data/s2.csv,260,<timecave.validation_methods.OOS.Repeated_Holdout object at 0x00000250F6AA0440>,1,Tree,1.5221105942063036,1.089223125467653,1.2337384626436445
datasets/synthetic_data/s2.csv,260,<timecave.validation_methods.OOS.Repeated_Holdout object at 0x00000250F6AA0440>,1,ARMA,1.8277110049534544,1.0048553049391045,1.3519286242081918
datasets/synthetic_data/s2.csv,260,<timecave.validation_methods.OOS.Repeated_Holdout object at 0x00000250F6AA0440>,2,Tree,2.8076316422734195,1.3407606946661197,1.6755988906278911
datasets/synthetic_data/s2.csv,260,<timecave.validation_methods.OOS.Repeated_Holdout object at 0x00000250F6AA0440>,2,ARMA,1.5257841043090292,0.926742748139197,1.2352263372795405
datasets/synthetic_data/s2.csv,260,<timecave.validation_methods.OOS.Repeated_Holdout object at 0x00000250F6AA0440>,3,Tree,2.514681455546477,1.2322925335364945,1.585774717778814
datasets/synthetic_data/s2.csv,260,<timecave.validation_methods.OOS.Repeated_Holdout object at 0x00000250F6AA0440>,3,ARMA,1.5367209000513693,0.9514543019506432,1.2396454735332072
datasets/synthetic_data/s2.csv,260,<timecave.validation_methods.prequential.Growing_Window object at 0x00000250F6AA3050>,0,Tree,3.858462653588415,1.7366824988424294,1.9642969871148341
datasets/synthetic_data/s2.csv,260,<timecave.validation_methods.prequential.Growing_Window object at 0x00000250F6AA3050>,0,ARMA,2.1738126826249875,1.1839332099016033,1.4743855271349442
datasets/synthetic_data/s2.csv,260,<timecave.validation_methods.prequential.Growing_Window object at 0x00000250F6AA3050>,1,Tree,3.0856063482686533,1.4735530008743234,1.7565894079917064
datasets/synthetic_data/s2.csv,260,<timecave.validation_methods.prequential.Growing_Window object at 0x00000250F6AA3050>,1,ARMA,2.1833540482256852,1.2773322129317903,1.477617693527553
datasets/synthetic_data/s2.csv,260,<timecave.validation_methods.prequential.Growing_Window object at 0x00000250F6AA3050>,2,Tree,1.7225821285277365,1.1228316864627736,1.3124717629449163
datasets/synthetic_data/s2.csv,260,<timecave.validation_methods.prequential.Growing_Window object at 0x00000250F6AA3050>,2,ARMA,0.8530675099454413,0.7651197118646527,0.9236165383672172
datasets/synthetic_data/s2.csv,260,<timecave.validation_methods.prequential.Growing_Window object at 0x00000250F6AA3050>,3,Tree,1.7831195799475001,1.1986580302741814,1.3353350066359753
datasets/synthetic_data/s2.csv,260,<timecave.validation_methods.prequential.Growing_Window object at 0x00000250F6AA3050>,3,ARMA,1.8417512188324578,0.9834012360355281,1.3571113509334662
datasets/synthetic_data/s2.csv,260,<timecave.validation_methods.prequential.Growing_Window object at 0x00000250F6AA3500>,0,Tree,3.487437594696747,1.3979249185748055,1.8674682312416313
datasets/synthetic_data/s2.csv,260,<timecave.validation_methods.prequential.Growing_Window object at 0x00000250F6AA3500>,0,ARMA,2.8549285909025643,1.3178741860341858,1.6896533937179437
datasets/synthetic_data/s2.csv,260,<timecave.validation_methods.prequential.Growing_Window object at 0x00000250F6AA3500>,1,Tree,2.852224194179258,1.4088704557035894,1.6888529226013904
datasets/synthetic_data/s2.csv,260,<timecave.validation_methods.prequential.Growing_Window object at 0x00000250F6AA3500>,1,ARMA,0.8949276470499437,0.7927203127734717,0.9460061559260298
datasets/synthetic_data/s2.csv,260,<timecave.validation_methods.prequential.Growing_Window object at 0x00000250F6AA3500>,2,Tree,2.272733570270059,1.165406216532463,1.5075588115460234
datasets/synthetic_data/s2.csv,260,<timecave.validation_methods.prequential.Growing_Window object at 0x00000250F6AA3500>,2,ARMA,2.186960700822161,1.0862319613281395,1.478837618138706
datasets/synthetic_data/s2.csv,260,<timecave.validation_methods.prequential.Rolling_Window object at 0x00000250F6AA2960>,0,Tree,3.942199503845893,1.778515840347406,1.9854972938399822
datasets/synthetic_data/s2.csv,260,<timecave.validation_methods.prequential.Rolling_Window object at 0x00000250F6AA2960>,0,ARMA,2.1738126826249875,1.1839332099016033,1.4743855271349442
datasets/synthetic_data/s2.csv,260,<timecave.validation_methods.prequential.Rolling_Window object at 0x00000250F6AA2960>,1,Tree,3.009968236797053,1.2828169562778384,1.7349260032626903
datasets/synthetic_data/s2.csv,260,<timecave.validation_methods.prequential.Rolling_Window object at 0x00000250F6AA2960>,1,ARMA,2.1747509097396382,1.271254048147,1.4747036684499155
datasets/synthetic_data/s2.csv,260,<timecave.validation_methods.prequential.Rolling_Window object at 0x00000250F6AA2960>,2,Tree,1.1032070457861793,0.8615260817925241,1.0503366345063754
datasets/synthetic_data/s2.csv,260,<timecave.validation_methods.prequential.Rolling_Window object at 0x00000250F6AA2960>,2,ARMA,0.8939972312316282,0.7706213668186106,0.9455142681269427
datasets/synthetic_data/s2.csv,260,<timecave.validation_methods.prequential.Rolling_Window object at 0x00000250F6AA2960>,3,Tree,1.7640086351038298,1.0158410146056498,1.3281598680519713
datasets/synthetic_data/s2.csv,260,<timecave.validation_methods.prequential.Rolling_Window object at 0x00000250F6AA2960>,3,ARMA,1.8104307514783373,0.9880002117940916,1.345522482710095
datasets/synthetic_data/s2.csv,260,<timecave.validation_methods.prequential.Rolling_Window object at 0x00000250F6AA2B40>,0,Tree,3.5331092314706662,1.4542033312678215,1.8796566791493243
datasets/synthetic_data/s2.csv,260,<timecave.validation_methods.prequential.Rolling_Window object at 0x00000250F6AA2B40>,0,ARMA,2.8549285909025643,1.3178741860341858,1.6896533937179437
datasets/synthetic_data/s2.csv,260,<timecave.validation_methods.prequential.Rolling_Window object at 0x00000250F6AA2B40>,1,Tree,2.1362071778213014,1.076159633357199,1.4615769489908157
datasets/synthetic_data/s2.csv,260,<timecave.validation_methods.prequential.Rolling_Window object at 0x00000250F6AA2B40>,1,ARMA,0.9677660767430754,0.8054418370142079,0.9837510237570659
datasets/synthetic_data/s2.csv,260,<timecave.validation_methods.prequential.Rolling_Window object at 0x00000250F6AA2B40>,2,Tree,2.974230541955308,1.2873747538942644,1.724595761897642
datasets/synthetic_data/s2.csv,260,<timecave.validation_methods.prequential.Rolling_Window object at 0x00000250F6AA2B40>,2,ARMA,2.4827494736352276,1.1223324935058538,1.5756742917352011
datasets/synthetic_data/s2.csv,260,<timecave.validation_methods.CV.Block_CV object at 0x00000250F6AA0B90>,0,Tree,3.123182151849841,1.291043928915853,1.7672527130690283
datasets/synthetic_data/s2.csv,260,<timecave.validation_methods.CV.Block_CV object at 0x00000250F6AA0B90>,0,ARMA,1.5821105667188462,1.0788173072610658,1.2578197671840137
datasets/synthetic_data/s2.csv,260,<timecave.validation_methods.CV.Block_CV object at 0x00000250F6AA0B90>,1,Tree,4.552817726859694,1.5400354015511484,2.1337332839086742
datasets/synthetic_data/s2.csv,260,<timecave.validation_methods.CV.Block_CV object at 0x00000250F6AA0B90>,1,ARMA,2.032690704104049,1.1731198911267509,1.425724624218874
datasets/synthetic_data/s2.csv,260,<timecave.validation_methods.CV.Block_CV object at 0x00000250F6AA0B90>,2,Tree,2.033072192800301,1.1737012464441625,1.425858405593031
datasets/synthetic_data/s2.csv,260,<timecave.validation_methods.CV.Block_CV object at 0x00000250F6AA0B90>,2,ARMA,2.5696329411125785,1.2907346189735844,1.6030074675785446
datasets/synthetic_data/s2.csv,260,<timecave.validation_methods.CV.Block_CV object at 0x00000250F6AA0B90>,3,Tree,1.8225416639437055,1.1057223275470438,1.3500154310020702
datasets/synthetic_data/s2.csv,260,<timecave.validation_methods.CV.Block_CV object at 0x00000250F6AA0B90>,3,ARMA,0.9250989148745707,0.7829225624582646,0.9618206251035433
datasets/synthetic_data/s2.csv,260,<timecave.validation_methods.CV.Block_CV object at 0x00000250F6AA0B90>,4,Tree,1.781977722050985,1.1874820482696067,1.3349073833232719
datasets/synthetic_data/s2.csv,260,<timecave.validation_methods.CV.Block_CV object at 0x00000250F6AA0B90>,4,ARMA,1.8417512188324578,0.9834012360355281,1.3571113509334662
datasets/synthetic_data/s2.csv,260,<timecave.validation_methods.CV.AdaptedhvBlockCV object at 0x00000250F6AA2870>,0,Tree,3.1924132802763303,1.2879688030210206,1.7867325710011361
datasets/synthetic_data/s2.csv,260,<timecave.validation_methods.CV.AdaptedhvBlockCV object at 0x00000250F6AA2870>,0,ARMA,1.5922134533539807,1.080648317506463,1.2618294073899137
datasets/synthetic_data/s2.csv,260,<timecave.validation_methods.CV.AdaptedhvBlockCV object at 0x00000250F6AA2870>,1,Tree,3.406909315362353,1.4593905075676525,1.8457814917704514
datasets/synthetic_data/s2.csv,260,<timecave.validation_methods.CV.AdaptedhvBlockCV object at 0x00000250F6AA2870>,1,ARMA,2.0412141760497553,1.1742508646360363,1.4287106691173532
datasets/synthetic_data/s2.csv,260,<timecave.validation_methods.CV.AdaptedhvBlockCV object at 0x00000250F6AA2870>,2,Tree,1.8866735855765484,1.1091973468332166,1.3735623704719595
datasets/synthetic_data/s2.csv,260,<timecave.validation_methods.CV.AdaptedhvBlockCV object at 0x00000250F6AA2870>,2,ARMA,2.562818257625985,1.288814009331499,1.600880463253264
datasets/synthetic_data/s2.csv,260,<timecave.validation_methods.CV.AdaptedhvBlockCV object at 0x00000250F6AA2870>,3,Tree,2.627955248421001,1.3029548512984033,1.6210969275219176
datasets/synthetic_data/s2.csv,260,<timecave.validation_methods.CV.AdaptedhvBlockCV object at 0x00000250F6AA2870>,3,ARMA,0.8984257347124407,0.7802643051738813,0.9478532242454212
datasets/synthetic_data/s2.csv,260,<timecave.validation_methods.CV.AdaptedhvBlockCV object at 0x00000250F6AA2870>,4,Tree,1.5470725752520347,1.0931048585010585,1.2438137220870473
datasets/synthetic_data/s2.csv,260,<timecave.validation_methods.CV.AdaptedhvBlockCV object at 0x00000250F6AA2870>,4,ARMA,1.8647988986731097,0.9995341454425555,1.36557639796282
datasets/synthetic_data/s2.csv,260,<timecave.validation_methods.markov.MarkovCV object at 0x00000250F6AA0740>,0,Tree,12.42264641278588,2.7243323927342984,3.524577480037271
datasets/synthetic_data/s2.csv,260,<timecave.validation_methods.markov.MarkovCV object at 0x00000250F6AA0740>,0,ARMA,5.6958922108762975,2.0984205204265702,2.386606840448652
datasets/synthetic_data/s2.csv,260,<timecave.validation_methods.markov.MarkovCV object at 0x00000250F6AA0740>,1,Tree,3.979199680101636,1.6571416628973736,1.9947931421833283
datasets/synthetic_data/s2.csv,260,<timecave.validation_methods.markov.MarkovCV object at 0x00000250F6AA0740>,1,ARMA,4.041468400949862,1.5522485808196353,2.010340369427491
datasets/synthetic_data/s2.csv,260,<timecave.validation_methods.markov.MarkovCV object at 0x00000250F6AA0740>,2,Tree,3.777741070160925,1.5065483585867023,1.94364118863563
datasets/synthetic_data/s2.csv,260,<timecave.validation_methods.markov.MarkovCV object at 0x00000250F6AA0740>,2,ARMA,1.237488348586357,0.9341299398682721,1.112424536131039
datasets/synthetic_data/s2.csv,260,<timecave.validation_methods.markov.MarkovCV object at 0x00000250F6AA0740>,3,Tree,1.9129890657026458,1.1869445578462419,1.3831084793690789
datasets/synthetic_data/s2.csv,260,<timecave.validation_methods.markov.MarkovCV object at 0x00000250F6AA0740>,3,ARMA,1.7698836103483429,1.0794530937182354,1.3303697269362162
datasets/synthetic_data/s2.csv,260,<timecave.validation_methods.markov.MarkovCV object at 0x00000250F6AA0740>,4,Tree,3.495636402791398,1.773484553180693,1.8696621092570171
datasets/synthetic_data/s2.csv,260,<timecave.validation_methods.markov.MarkovCV object at 0x00000250F6AA0740>,4,ARMA,0.9753197228578321,0.8773456777913453,0.9875827675986616
datasets/synthetic_data/s2.csv,260,<timecave.validation_methods.markov.MarkovCV object at 0x00000250F6AA0740>,5,Tree,4.98890906471874,1.9383445430524007,2.2335865921693614
datasets/synthetic_data/s2.csv,260,<timecave.validation_methods.markov.MarkovCV object at 0x00000250F6AA0740>,5,ARMA,1.8433034425418655,1.1516739119240362,1.3576831156576505
datasets/synthetic_data/s2.csv,260,<timecave.validation_methods.markov.MarkovCV object at 0x00000250F6AA0740>,6,Tree,2.754482487855702,1.4260288632949067,1.659663365823233
datasets/synthetic_data/s2.csv,260,<timecave.validation_methods.markov.MarkovCV object at 0x00000250F6AA0740>,6,ARMA,1.0838595232326895,0.8835189808485971,1.0410857424980373
datasets/synthetic_data/s2.csv,260,<timecave.validation_methods.markov.MarkovCV object at 0x00000250F6AA0740>,7,Tree,3.06484676714526,1.3781042468595912,1.7506703764973177
datasets/synthetic_data/s2.csv,260,<timecave.validation_methods.markov.MarkovCV object at 0x00000250F6AA0740>,7,ARMA,2.1134813985199425,1.176005837553098,1.4537817575275673
datasets/synthetic_data/s2.csv,260,<timecave.validation_methods.markov.MarkovCV object at 0x00000250F6AA0740>,8,Tree,3.783647853650202,1.6360111986138477,1.945160110029558
datasets/synthetic_data/s2.csv,260,<timecave.validation_methods.markov.MarkovCV object at 0x00000250F6AA0740>,8,ARMA,2.77427478395302,1.4323385931421788,1.6656154369940919
datasets/synthetic_data/s2.csv,260,<timecave.validation_methods.markov.MarkovCV object at 0x00000250F6AA0740>,9,Tree,6.973325472165541,2.0767992858229536,2.640705487585759
datasets/synthetic_data/s2.csv,260,<timecave.validation_methods.markov.MarkovCV object at 0x00000250F6AA0740>,9,ARMA,1.5077152629595085,1.0320547276975152,1.227890574505525
datasets/synthetic_data/s2.csv,261,<timecave.validation_methods.OOS.Holdout object at 0x00000250F6A45490>,0,Tree,2.7558424100552514,1.4130425732585594,1.66007301347117
datasets/synthetic_data/s2.csv,261,<timecave.validation_methods.OOS.Holdout object at 0x00000250F6A45490>,0,ARMA,1.527598370985355,0.9861046569460065,1.2359605054310412
datasets/synthetic_data/s2.csv,261,<timecave.validation_methods.OOS.Repeated_Holdout object at 0x00000250F6AA0590>,0,Tree,2.1340129332349305,1.2182158961763603,1.4608261132780076
datasets/synthetic_data/s2.csv,261,<timecave.validation_methods.OOS.Repeated_Holdout object at 0x00000250F6AA0590>,0,ARMA,1.5029486839802504,0.9900602417990113,1.2259480755644794
datasets/synthetic_data/s2.csv,261,<timecave.validation_methods.OOS.Repeated_Holdout object at 0x00000250F6AA0590>,1,Tree,2.5747599899093183,1.40107519241717,1.6046058674669361
datasets/synthetic_data/s2.csv,261,<timecave.validation_methods.OOS.Repeated_Holdout object at 0x00000250F6AA0590>,1,ARMA,1.5772575292603848,1.0014347689248133,1.2558891389212603
datasets/synthetic_data/s2.csv,261,<timecave.validation_methods.OOS.Repeated_Holdout object at 0x00000250F6AA0590>,2,Tree,2.207165140874938,1.212835786655689,1.4856531024687218
datasets/synthetic_data/s2.csv,261,<timecave.validation_methods.OOS.Repeated_Holdout object at 0x00000250F6AA0590>,2,ARMA,1.4865959156523565,0.9964263927666187,1.2192603969834976
datasets/synthetic_data/s2.csv,261,<timecave.validation_methods.OOS.Repeated_Holdout object at 0x00000250F6AA0590>,3,Tree,3.1335742860532148,1.512805081561302,1.7701904660383907
datasets/synthetic_data/s2.csv,261,<timecave.validation_methods.OOS.Repeated_Holdout object at 0x00000250F6AA0590>,3,ARMA,1.527598370985355,0.9861046569460065,1.2359605054310412
datasets/synthetic_data/s2.csv,261,<timecave.validation_methods.prequential.Growing_Window object at 0x00000250F6AA3E30>,0,Tree,3.461084121109814,1.4696694308808393,1.8603989145099535
datasets/synthetic_data/s2.csv,261,<timecave.validation_methods.prequential.Growing_Window object at 0x00000250F6AA3E30>,0,ARMA,2.2160037407473037,1.132274751651693,1.488624781718786
datasets/synthetic_data/s2.csv,261,<timecave.validation_methods.prequential.Growing_Window object at 0x00000250F6AA3E30>,1,Tree,2.8959525568144633,1.4556178202073065,1.7017498514219014
datasets/synthetic_data/s2.csv,261,<timecave.validation_methods.prequential.Growing_Window object at 0x00000250F6AA3E30>,1,ARMA,0.9298227934773656,0.7704934672734389,0.964273194420215
datasets/synthetic_data/s2.csv,261,<timecave.validation_methods.prequential.Growing_Window object at 0x00000250F6AA3E30>,2,Tree,2.4960534849934612,1.3209671195662747,1.57989033954685
datasets/synthetic_data/s2.csv,261,<timecave.validation_methods.prequential.Growing_Window object at 0x00000250F6AA3E30>,2,ARMA,1.0331839083539975,0.7640766530251224,1.0164565452364394
datasets/synthetic_data/s2.csv,261,<timecave.validation_methods.prequential.Growing_Window object at 0x00000250F6AA3E30>,3,Tree,2.769580266684453,1.4887186508434267,1.6642055962784326
datasets/synthetic_data/s2.csv,261,<timecave.validation_methods.prequential.Growing_Window object at 0x00000250F6AA3E30>,3,ARMA,1.617150933129791,1.0216304000215963,1.2716724944457165
datasets/synthetic_data/s2.csv,261,<timecave.validation_methods.prequential.Growing_Window object at 0x00000250F6AA1FA0>,0,Tree,1.8929785699608506,1.0956990305184728,1.3758555774356735
datasets/synthetic_data/s2.csv,261,<timecave.validation_methods.prequential.Growing_Window object at 0x00000250F6AA1FA0>,0,ARMA,1.2380416180121423,0.8623548443449114,1.1126731856264633
datasets/synthetic_data/s2.csv,261,<timecave.validation_methods.prequential.Growing_Window object at 0x00000250F6AA1FA0>,1,Tree,3.7910825734260443,1.5101996434450133,1.9470702538496254
datasets/synthetic_data/s2.csv,261,<timecave.validation_methods.prequential.Growing_Window object at 0x00000250F6AA1FA0>,1,ARMA,1.2185246976782456,0.8191633233397898,1.1038680617167278
datasets/synthetic_data/s2.csv,261,<timecave.validation_methods.prequential.Growing_Window object at 0x00000250F6AA1FA0>,2,Tree,1.4483015984605896,0.9534840031017183,1.2034540283951811
datasets/synthetic_data/s2.csv,261,<timecave.validation_methods.prequential.Growing_Window object at 0x00000250F6AA1FA0>,2,ARMA,1.6246090363452248,1.0279494268835487,1.2746015206115302
datasets/synthetic_data/s2.csv,261,<timecave.validation_methods.prequential.Rolling_Window object at 0x00000250F6AA1040>,0,Tree,3.2005678070828765,1.4029301528687772,1.7890130818646566
datasets/synthetic_data/s2.csv,261,<timecave.validation_methods.prequential.Rolling_Window object at 0x00000250F6AA1040>,0,ARMA,2.2160037407473037,1.132274751651693,1.488624781718786
datasets/synthetic_data/s2.csv,261,<timecave.validation_methods.prequential.Rolling_Window object at 0x00000250F6AA1040>,1,Tree,1.793252137758011,1.1388647022690976,1.339123645433091
datasets/synthetic_data/s2.csv,261,<timecave.validation_methods.prequential.Rolling_Window object at 0x00000250F6AA1040>,1,ARMA,0.8907236017482942,0.751561765793106,0.9437815434454597
datasets/synthetic_data/s2.csv,261,<timecave.validation_methods.prequential.Rolling_Window object at 0x00000250F6AA1040>,2,Tree,1.806585458617138,1.058485236112563,1.3440928013411642
datasets/synthetic_data/s2.csv,261,<timecave.validation_methods.prequential.Rolling_Window object at 0x00000250F6AA1040>,2,ARMA,1.0298149630596196,0.7577450756278696,1.0147979912571858
datasets/synthetic_data/s2.csv,261,<timecave.validation_methods.prequential.Rolling_Window object at 0x00000250F6AA1040>,3,Tree,2.666335590415812,1.2305104029913947,1.6328917877237952
datasets/synthetic_data/s2.csv,261,<timecave.validation_methods.prequential.Rolling_Window object at 0x00000250F6AA1040>,3,ARMA,1.584586223185247,1.002360818334449,1.258803488708721
datasets/synthetic_data/s2.csv,261,<timecave.validation_methods.prequential.Rolling_Window object at 0x00000250F6AA2750>,0,Tree,1.991998977629252,1.0975461025930227,1.4113819389623958
datasets/synthetic_data/s2.csv,261,<timecave.validation_methods.prequential.Rolling_Window object at 0x00000250F6AA2750>,0,ARMA,1.2380416180121423,0.8623548443449114,1.1126731856264633
datasets/synthetic_data/s2.csv,261,<timecave.validation_methods.prequential.Rolling_Window object at 0x00000250F6AA2750>,1,Tree,2.548713668718889,1.2094171634267734,1.5964691255138288
datasets/synthetic_data/s2.csv,261,<timecave.validation_methods.prequential.Rolling_Window object at 0x00000250F6AA2750>,1,ARMA,1.3128242769412313,0.8717131626350213,1.1457854410583297
datasets/synthetic_data/s2.csv,261,<timecave.validation_methods.prequential.Rolling_Window object at 0x00000250F6AA2750>,2,Tree,1.7585517987737846,1.09294165477775,1.3261039924431963
datasets/synthetic_data/s2.csv,261,<timecave.validation_methods.prequential.Rolling_Window object at 0x00000250F6AA2750>,2,ARMA,1.6004817551268118,1.019433886164654,1.265101480169402
datasets/synthetic_data/s2.csv,261,<timecave.validation_methods.CV.Block_CV object at 0x00000250F6AA3200>,0,Tree,2.7001886205183836,1.318061110780372,1.64322506690909
datasets/synthetic_data/s2.csv,261,<timecave.validation_methods.CV.Block_CV object at 0x00000250F6AA3200>,0,ARMA,1.7067603004389813,1.0859699308481237,1.3064303657061027
datasets/synthetic_data/s2.csv,261,<timecave.validation_methods.CV.Block_CV object at 0x00000250F6AA3200>,1,Tree,3.542633932611972,1.5006909808947229,1.8821886017644385
datasets/synthetic_data/s2.csv,261,<timecave.validation_methods.CV.Block_CV object at 0x00000250F6AA3200>,1,ARMA,2.14299174357609,1.1161996419654172,1.4638960835988633
datasets/synthetic_data/s2.csv,261,<timecave.validation_methods.CV.Block_CV object at 0x00000250F6AA3200>,2,Tree,2.6652078530469567,1.315502573728577,1.632546432125885
datasets/synthetic_data/s2.csv,261,<timecave.validation_methods.CV.Block_CV object at 0x00000250F6AA3200>,2,ARMA,0.9886940179946018,0.8162611519524186,0.9943309398759559
datasets/synthetic_data/s2.csv,261,<timecave.validation_methods.CV.Block_CV object at 0x00000250F6AA3200>,3,Tree,2.9131266154288795,1.3319894984367553,1.7067883921063207
datasets/synthetic_data/s2.csv,261,<timecave.validation_methods.CV.Block_CV object at 0x00000250F6AA3200>,3,ARMA,1.1302277635042381,0.7928011797663328,1.0631217068164107
datasets/synthetic_data/s2.csv,261,<timecave.validation_methods.CV.Block_CV object at 0x00000250F6AA3200>,4,Tree,2.7077217002131646,1.4466121948915804,1.6455156335365413
datasets/synthetic_data/s2.csv,261,<timecave.validation_methods.CV.Block_CV object at 0x00000250F6AA3200>,4,ARMA,1.617150933129791,1.0216304000215963,1.2716724944457165
datasets/synthetic_data/s2.csv,261,<timecave.validation_methods.CV.AdaptedhvBlockCV object at 0x00000250F6AA21B0>,0,Tree,2.65345334926437,1.28982075172613,1.628942402070856
datasets/synthetic_data/s2.csv,261,<timecave.validation_methods.CV.AdaptedhvBlockCV object at 0x00000250F6AA21B0>,0,ARMA,1.7012368446038328,1.084497536223437,1.304314703054379
datasets/synthetic_data/s2.csv,261,<timecave.validation_methods.CV.AdaptedhvBlockCV object at 0x00000250F6AA21B0>,1,Tree,3.638162166300898,1.5562068945185044,1.907396698723393
datasets/synthetic_data/s2.csv,261,<timecave.validation_methods.CV.AdaptedhvBlockCV object at 0x00000250F6AA21B0>,1,ARMA,2.149619039054654,1.1209586503485252,1.4661579175022907
datasets/synthetic_data/s2.csv,261,<timecave.validation_methods.CV.AdaptedhvBlockCV object at 0x00000250F6AA21B0>,2,Tree,2.396158463214687,1.2314149055374954,1.5479529912806418
datasets/synthetic_data/s2.csv,261,<timecave.validation_methods.CV.AdaptedhvBlockCV object at 0x00000250F6AA21B0>,2,ARMA,0.9888458182229782,0.8136799066833271,0.9944072697959213
datasets/synthetic_data/s2.csv,261,<timecave.validation_methods.CV.AdaptedhvBlockCV object at 0x00000250F6AA21B0>,3,Tree,2.6896959382059897,1.2624606571357062,1.640029249192218
datasets/synthetic_data/s2.csv,261,<timecave.validation_methods.CV.AdaptedhvBlockCV object at 0x00000250F6AA21B0>,3,ARMA,1.1282316581924823,0.7931328679466685,1.0621824975928018
datasets/synthetic_data/s2.csv,261,<timecave.validation_methods.CV.AdaptedhvBlockCV object at 0x00000250F6AA21B0>,4,Tree,2.7100214489222534,1.4394797489874107,1.6462142779487285
datasets/synthetic_data/s2.csv,261,<timecave.validation_methods.CV.AdaptedhvBlockCV object at 0x00000250F6AA21B0>,4,ARMA,1.635010589998406,1.0388856511162545,1.2786753262648052
datasets/synthetic_data/s2.csv,261,<timecave.validation_methods.markov.MarkovCV object at 0x00000250F6AA08C0>,0,Tree,2.4025294179642374,1.351148465591183,1.5500094896368335
datasets/synthetic_data/s2.csv,261,<timecave.validation_methods.markov.MarkovCV object at 0x00000250F6AA08C0>,0,ARMA,1.872631906677005,1.0780706581295647,1.3684414151424258
datasets/synthetic_data/s2.csv,261,<timecave.validation_methods.markov.MarkovCV object at 0x00000250F6AA08C0>,1,Tree,3.81274730825452,1.6149487545388275,1.952625747104273
datasets/synthetic_data/s2.csv,261,<timecave.validation_methods.markov.MarkovCV object at 0x00000250F6AA08C0>,1,ARMA,1.7520660926237486,0.9892695050008844,1.3236563347877532
datasets/synthetic_data/s2.csv,261,<timecave.validation_methods.markov.MarkovCV object at 0x00000250F6AA08C0>,2,Tree,4.00384439289305,1.493719759640718,2.000960867406719
datasets/synthetic_data/s2.csv,261,<timecave.validation_methods.markov.MarkovCV object at 0x00000250F6AA08C0>,2,ARMA,1.5861588682096022,1.0618561342561093,1.2594279924670573
datasets/synthetic_data/s2.csv,261,<timecave.validation_methods.markov.MarkovCV object at 0x00000250F6AA08C0>,3,Tree,2.428527269574752,1.2260470411218722,1.558373276713494
datasets/synthetic_data/s2.csv,261,<timecave.validation_methods.markov.MarkovCV object at 0x00000250F6AA08C0>,3,ARMA,2.6267279373801857,1.3744681105215322,1.6207183399283744
datasets/synthetic_data/s2.csv,261,<timecave.validation_methods.markov.MarkovCV object at 0x00000250F6AA08C0>,4,Tree,5.534263761702149,1.8299610362847396,2.3525015965355154
datasets/synthetic_data/s2.csv,261,<timecave.validation_methods.markov.MarkovCV object at 0x00000250F6AA08C0>,4,ARMA,2.1891132336552257,1.0969553730304757,1.4795652177769067
datasets/synthetic_data/s2.csv,261,<timecave.validation_methods.markov.MarkovCV object at 0x00000250F6AA08C0>,5,Tree,3.5875868148499195,1.6018905414526208,1.8940926098926418
datasets/synthetic_data/s2.csv,261,<timecave.validation_methods.markov.MarkovCV object at 0x00000250F6AA08C0>,5,ARMA,2.199650769599123,1.2079609221907446,1.4831219672026719
datasets/synthetic_data/s2.csv,261,<timecave.validation_methods.markov.MarkovCV object at 0x00000250F6AA08C0>,6,Tree,4.22754600390565,1.6298948961584154,2.0560997067033617
datasets/synthetic_data/s2.csv,261,<timecave.validation_methods.markov.MarkovCV object at 0x00000250F6AA08C0>,6,ARMA,1.990233726797437,1.16020552742061,1.4107564378011668
datasets/synthetic_data/s2.csv,261,<timecave.validation_methods.markov.MarkovCV object at 0x00000250F6AA08C0>,7,Tree,6.2002565337176305,2.05454050136634,2.4900314322750288
datasets/synthetic_data/s2.csv,261,<timecave.validation_methods.markov.MarkovCV object at 0x00000250F6AA08C0>,7,ARMA,2.1446800904625745,1.2049847730008572,1.4644726321999242
datasets/synthetic_data/s2.csv,261,<timecave.validation_methods.markov.MarkovCV object at 0x00000250F6AA08C0>,8,Tree,0.8126309745027424,0.7404282961753448,0.9014604675207574
datasets/synthetic_data/s2.csv,261,<timecave.validation_methods.markov.MarkovCV object at 0x00000250F6AA08C0>,8,ARMA,1.338877778688954,0.9237504250956551,1.1570988629710748
datasets/synthetic_data/s2.csv,261,<timecave.validation_methods.markov.MarkovCV object at 0x00000250F6AA08C0>,9,Tree,1.784358547688504,1.1699656702298726,1.3357988425240173
datasets/synthetic_data/s2.csv,261,<timecave.validation_methods.markov.MarkovCV object at 0x00000250F6AA08C0>,9,ARMA,0.7826219939468236,0.7183089435728365,0.884659253015998
datasets/synthetic_data/s2.csv,262,<timecave.validation_methods.OOS.Holdout object at 0x00000250F252A420>,0,Tree,3.241687272119137,1.3760506363739229,1.8004686256969704
datasets/synthetic_data/s2.csv,262,<timecave.validation_methods.OOS.Holdout object at 0x00000250F252A420>,0,ARMA,1.830182428641871,1.0501527235693013,1.3528423517327772
datasets/synthetic_data/s2.csv,262,<timecave.validation_methods.OOS.Repeated_Holdout object at 0x00000250F6AA3410>,0,Tree,2.3174918117313466,1.167703521684285,1.5223310453811767
datasets/synthetic_data/s2.csv,262,<timecave.validation_methods.OOS.Repeated_Holdout object at 0x00000250F6AA3410>,0,ARMA,2.079612459607333,1.1282309726769895,1.4420861484694085
datasets/synthetic_data/s2.csv,262,<timecave.validation_methods.OOS.Repeated_Holdout object at 0x00000250F6AA3410>,1,Tree,3.209609444112768,1.3887617924377185,1.7915382898818455
datasets/synthetic_data/s2.csv,262,<timecave.validation_methods.OOS.Repeated_Holdout object at 0x00000250F6AA3410>,1,ARMA,2.1971660207847505,1.164192772031622,1.482284055363462
datasets/synthetic_data/s2.csv,262,<timecave.validation_methods.OOS.Repeated_Holdout object at 0x00000250F6AA3410>,2,Tree,2.911344049395305,1.344860077743482,1.706266113299829
datasets/synthetic_data/s2.csv,262,<timecave.validation_methods.OOS.Repeated_Holdout object at 0x00000250F6AA3410>,2,ARMA,1.9378899614240523,1.0912960287280624,1.392081161938503
datasets/synthetic_data/s2.csv,262,<timecave.validation_methods.OOS.Repeated_Holdout object at 0x00000250F6AA3410>,3,Tree,3.2679717195374103,1.4159607416842332,1.8077532241811685
datasets/synthetic_data/s2.csv,262,<timecave.validation_methods.OOS.Repeated_Holdout object at 0x00000250F6AA3410>,3,ARMA,1.830182428641871,1.0501527235693013,1.3528423517327772
datasets/synthetic_data/s2.csv,262,<timecave.validation_methods.prequential.Growing_Window object at 0x00000250F6AA2CC0>,0,Tree,2.6855512642164445,1.4005777744921348,1.6387651644504908
datasets/synthetic_data/s2.csv,262,<timecave.validation_methods.prequential.Growing_Window object at 0x00000250F6AA2CC0>,0,ARMA,1.6975340734431255,1.020430597335575,1.3028944982012647
datasets/synthetic_data/s2.csv,262,<timecave.validation_methods.prequential.Growing_Window object at 0x00000250F6AA2CC0>,1,Tree,2.935137250018687,1.4187802118482111,1.7132242264276696
datasets/synthetic_data/s2.csv,262,<timecave.validation_methods.prequential.Growing_Window object at 0x00000250F6AA2CC0>,1,ARMA,0.9597543042098324,0.8042296772012106,0.9796705079820626
datasets/synthetic_data/s2.csv,262,<timecave.validation_methods.prequential.Growing_Window object at 0x00000250F6AA2CC0>,2,Tree,2.068050866130182,1.1479671795895323,1.4380719266191737
datasets/synthetic_data/s2.csv,262,<timecave.validation_methods.prequential.Growing_Window object at 0x00000250F6AA2CC0>,2,ARMA,1.1602706814749184,0.9068333096415839,1.0771586148172043
datasets/synthetic_data/s2.csv,262,<timecave.validation_methods.prequential.Growing_Window object at 0x00000250F6AA2CC0>,3,Tree,2.77889486290211,1.2811118285269674,1.6670017585180017
datasets/synthetic_data/s2.csv,262,<timecave.validation_methods.prequential.Growing_Window object at 0x00000250F6AA2CC0>,3,ARMA,2.236871271316577,1.1654557554453162,1.4956173545785623
datasets/synthetic_data/s2.csv,262,<timecave.validation_methods.prequential.Growing_Window object at 0x00000250F6AA2720>,0,Tree,2.5363574720060833,1.349740634859143,1.5925945723899988
datasets/synthetic_data/s2.csv,262,<timecave.validation_methods.prequential.Growing_Window object at 0x00000250F6AA2720>,0,ARMA,1.0884584584067571,0.8536457351362646,1.0432921251532368
datasets/synthetic_data/s2.csv,262,<timecave.validation_methods.prequential.Growing_Window object at 0x00000250F6AA2720>,1,Tree,2.6620158551385806,1.3863611315044506,1.6315685260321064
datasets/synthetic_data/s2.csv,262,<timecave.validation_methods.prequential.Growing_Window object at 0x00000250F6AA2720>,1,ARMA,1.2674934915475364,0.9418516993520847,1.1258301344108428
datasets/synthetic_data/s2.csv,262,<timecave.validation_methods.prequential.Growing_Window object at 0x00000250F6AA2720>,2,Tree,3.954588808817213,1.3820109860515817,1.9886147964895597
datasets/synthetic_data/s2.csv,262,<timecave.validation_methods.prequential.Growing_Window object at 0x00000250F6AA2720>,2,ARMA,2.2091291137556475,1.148602851219965,1.4863139351279888
datasets/synthetic_data/s2.csv,262,<timecave.validation_methods.prequential.Rolling_Window object at 0x00000250F6AA0920>,0,Tree,2.8337792893341134,1.2840530169883282,1.6833832865197733
datasets/synthetic_data/s2.csv,262,<timecave.validation_methods.prequential.Rolling_Window object at 0x00000250F6AA0920>,0,ARMA,1.6975340734431255,1.020430597335575,1.3028944982012647
datasets/synthetic_data/s2.csv,262,<timecave.validation_methods.prequential.Rolling_Window object at 0x00000250F6AA0920>,1,Tree,2.426306103374253,1.2681859428297286,1.5576604583073466
datasets/synthetic_data/s2.csv,262,<timecave.validation_methods.prequential.Rolling_Window object at 0x00000250F6AA0920>,1,ARMA,1.070340958355665,0.8313223965228835,1.0345728385936221
datasets/synthetic_data/s2.csv,262,<timecave.validation_methods.prequential.Rolling_Window object at 0x00000250F6AA0920>,2,Tree,1.1145248039275126,0.9182087330227292,1.0557105682560504
datasets/synthetic_data/s2.csv,262,<timecave.validation_methods.prequential.Rolling_Window object at 0x00000250F6AA0920>,2,ARMA,1.168728551732022,0.9020677936244943,1.0810774957106553
datasets/synthetic_data/s2.csv,262,<timecave.validation_methods.prequential.Rolling_Window object at 0x00000250F6AA0920>,3,Tree,4.07612579593817,1.7942599060152407,2.018941751497098
datasets/synthetic_data/s2.csv,262,<timecave.validation_methods.prequential.Rolling_Window object at 0x00000250F6AA0920>,3,ARMA,2.218393203091738,1.1694913220847196,1.4894271392356653
datasets/synthetic_data/s2.csv,262,<timecave.validation_methods.prequential.Rolling_Window object at 0x00000250F6AA2D20>,0,Tree,2.7716916564860536,1.399135101243519,1.6648398290784774
datasets/synthetic_data/s2.csv,262,<timecave.validation_methods.prequential.Rolling_Window object at 0x00000250F6AA2D20>,0,ARMA,1.0884584584067571,0.8536457351362646,1.0432921251532368
datasets/synthetic_data/s2.csv,262,<timecave.validation_methods.prequential.Rolling_Window object at 0x00000250F6AA2D20>,1,Tree,2.0123490163967923,1.1063415417833917,1.41857288018515
datasets/synthetic_data/s2.csv,262,<timecave.validation_methods.prequential.Rolling_Window object at 0x00000250F6AA2D20>,1,ARMA,1.347757412526342,0.9435256020161098,1.1609295467539544
datasets/synthetic_data/s2.csv,262,<timecave.validation_methods.prequential.Rolling_Window object at 0x00000250F6AA2D20>,2,Tree,2.407330308433447,1.2733285323576222,1.551557381611601
datasets/synthetic_data/s2.csv,262,<timecave.validation_methods.prequential.Rolling_Window object at 0x00000250F6AA2D20>,2,ARMA,2.235275648377203,1.170507742633983,1.4950838265385669
datasets/synthetic_data/s2.csv,262,<timecave.validation_methods.CV.Block_CV object at 0x00000250F6AA3650>,0,Tree,2.9926966565856654,1.434291840103742,1.7299412292288041
datasets/synthetic_data/s2.csv,262,<timecave.validation_methods.CV.Block_CV object at 0x00000250F6AA3650>,0,ARMA,2.2424019527724406,1.1492517382813832,1.4974651758129272
datasets/synthetic_data/s2.csv,262,<timecave.validation_methods.CV.Block_CV object at 0x00000250F6AA3650>,1,Tree,2.6792260081408887,1.2995145812345485,1.6368341419156947
datasets/synthetic_data/s2.csv,262,<timecave.validation_methods.CV.Block_CV object at 0x00000250F6AA3650>,1,ARMA,1.6044358687192481,0.9926557320982099,1.2666632815074605
datasets/synthetic_data/s2.csv,262,<timecave.validation_methods.CV.Block_CV object at 0x00000250F6AA3650>,2,Tree,2.135134082422369,1.3056948974181553,1.4612098009602759
datasets/synthetic_data/s2.csv,262,<timecave.validation_methods.CV.Block_CV object at 0x00000250F6AA3650>,2,ARMA,1.0002000477085584,0.8324537012096955,1.0001000188523939
datasets/synthetic_data/s2.csv,262,<timecave.validation_methods.CV.Block_CV object at 0x00000250F6AA3650>,3,Tree,1.1832314211913815,0.8933067982464361,1.0877644143799619
datasets/synthetic_data/s2.csv,262,<timecave.validation_methods.CV.Block_CV object at 0x00000250F6AA3650>,3,ARMA,1.3212041701525274,0.9644710128570451,1.1494364576402332
datasets/synthetic_data/s2.csv,262,<timecave.validation_methods.CV.Block_CV object at 0x00000250F6AA3650>,4,Tree,2.9684419788270135,1.3654603339779259,1.722916706874425
datasets/synthetic_data/s2.csv,262,<timecave.validation_methods.CV.Block_CV object at 0x00000250F6AA3650>,4,ARMA,2.236871271316577,1.1654557554453162,1.4956173545785623
datasets/synthetic_data/s2.csv,262,<timecave.validation_methods.CV.AdaptedhvBlockCV object at 0x00000250F6AA14F0>,0,Tree,2.656923180966349,1.3651847555034922,1.630007110710364
datasets/synthetic_data/s2.csv,262,<timecave.validation_methods.CV.AdaptedhvBlockCV object at 0x00000250F6AA14F0>,0,ARMA,2.2210705714605625,1.1381910913549382,1.4903256595323595
datasets/synthetic_data/s2.csv,262,<timecave.validation_methods.CV.AdaptedhvBlockCV object at 0x00000250F6AA14F0>,1,Tree,2.0553080026539785,1.1133878274745104,1.4336345429201887
datasets/synthetic_data/s2.csv,262,<timecave.validation_methods.CV.AdaptedhvBlockCV object at 0x00000250F6AA14F0>,1,ARMA,1.6142454705111717,0.9938793266230803,1.2705296023749986
datasets/synthetic_data/s2.csv,262,<timecave.validation_methods.CV.AdaptedhvBlockCV object at 0x00000250F6AA14F0>,2,Tree,2.4575695267434154,1.320299332059096,1.5676637160894602
datasets/synthetic_data/s2.csv,262,<timecave.validation_methods.CV.AdaptedhvBlockCV object at 0x00000250F6AA14F0>,2,ARMA,0.9853497071267282,0.8180389666196111,0.9926478263345607
datasets/synthetic_data/s2.csv,262,<timecave.validation_methods.CV.AdaptedhvBlockCV object at 0x00000250F6AA14F0>,3,Tree,1.6833941935445356,1.070393335245271,1.297456817603012
datasets/synthetic_data/s2.csv,262,<timecave.validation_methods.CV.AdaptedhvBlockCV object at 0x00000250F6AA14F0>,3,ARMA,1.3208721791730351,0.9639339645759047,1.1492920338943602
datasets/synthetic_data/s2.csv,262,<timecave.validation_methods.CV.AdaptedhvBlockCV object at 0x00000250F6AA14F0>,4,Tree,2.8328656401628116,1.318399303547632,1.6831118917537276
datasets/synthetic_data/s2.csv,262,<timecave.validation_methods.CV.AdaptedhvBlockCV object at 0x00000250F6AA14F0>,4,ARMA,2.2088757912140995,1.1747499342886711,1.486228714301436
datasets/synthetic_data/s2.csv,262,<timecave.validation_methods.markov.MarkovCV object at 0x00000250F6AA30B0>,0,Tree,3.36491619557546,1.614660118295793,1.8343707901009163
datasets/synthetic_data/s2.csv,262,<timecave.validation_methods.markov.MarkovCV object at 0x00000250F6AA30B0>,0,ARMA,1.593138163119365,1.0506200277421234,1.2621957705203124
datasets/synthetic_data/s2.csv,262,<timecave.validation_methods.markov.MarkovCV object at 0x00000250F6AA30B0>,1,Tree,3.6234011945237015,1.7347572490926155,1.9035233632723558
datasets/synthetic_data/s2.csv,262,<timecave.validation_methods.markov.MarkovCV object at 0x00000250F6AA30B0>,1,ARMA,1.8555077763964434,1.014279910762093,1.3621702450121436
datasets/synthetic_data/s2.csv,262,<timecave.validation_methods.markov.MarkovCV object at 0x00000250F6AA30B0>,2,Tree,2.958607795450915,1.3624793289537198,1.720060404593663
datasets/synthetic_data/s2.csv,262,<timecave.validation_methods.markov.MarkovCV object at 0x00000250F6AA30B0>,2,ARMA,2.440689805687385,1.2404227816309368,1.5622707209979279
datasets/synthetic_data/s2.csv,262,<timecave.validation_methods.markov.MarkovCV object at 0x00000250F6AA30B0>,3,Tree,2.9393748196404887,1.2986635515537295,1.7144605039604992
datasets/synthetic_data/s2.csv,262,<timecave.validation_methods.markov.MarkovCV object at 0x00000250F6AA30B0>,3,ARMA,1.470699108807343,1.0140943151820552,1.2127238386406622
datasets/synthetic_data/s2.csv,262,<timecave.validation_methods.markov.MarkovCV object at 0x00000250F6AA30B0>,4,Tree,5.034990803950338,1.7227457633933374,2.243878518091017
datasets/synthetic_data/s2.csv,262,<timecave.validation_methods.markov.MarkovCV object at 0x00000250F6AA30B0>,4,ARMA,2.4410540235652896,1.229417430103357,1.5623872834752879
datasets/synthetic_data/s2.csv,262,<timecave.validation_methods.markov.MarkovCV object at 0x00000250F6AA30B0>,5,Tree,2.565359236451905,1.4367081123375378,1.6016738857994486
datasets/synthetic_data/s2.csv,262,<timecave.validation_methods.markov.MarkovCV object at 0x00000250F6AA30B0>,5,ARMA,2.533990639781088,1.3612307957007859,1.5918513246472135
datasets/synthetic_data/s2.csv,262,<timecave.validation_methods.markov.MarkovCV object at 0x00000250F6AA30B0>,6,Tree,1.0428867921821212,0.8720952653722599,1.0212182882137009
datasets/synthetic_data/s2.csv,262,<timecave.validation_methods.markov.MarkovCV object at 0x00000250F6AA30B0>,6,ARMA,1.1519516248822954,0.8408241233353231,1.0732900935358973
datasets/synthetic_data/s2.csv,262,<timecave.validation_methods.markov.MarkovCV object at 0x00000250F6AA30B0>,7,Tree,1.1069740749999903,0.9308796673935414,1.0521283548122777
datasets/synthetic_data/s2.csv,262,<timecave.validation_methods.markov.MarkovCV object at 0x00000250F6AA30B0>,7,ARMA,1.2048457639882986,0.8150086230063285,1.097654665178579
datasets/synthetic_data/s2.csv,262,<timecave.validation_methods.markov.MarkovCV object at 0x00000250F6AA30B0>,8,Tree,3.0946581366740604,1.448096453372945,1.7591640448446133
datasets/synthetic_data/s2.csv,262,<timecave.validation_methods.markov.MarkovCV object at 0x00000250F6AA30B0>,8,ARMA,1.8347050758371295,1.1116138372503657,1.3545128555451695
datasets/synthetic_data/s2.csv,262,<timecave.validation_methods.markov.MarkovCV object at 0x00000250F6AA30B0>,9,Tree,1.2649137347575503,0.8991447285157981,1.1246838376884192
datasets/synthetic_data/s2.csv,262,<timecave.validation_methods.markov.MarkovCV object at 0x00000250F6AA30B0>,9,ARMA,2.1871480181755056,1.1959824163030088,1.4789009494132817
datasets/synthetic_data/s2.csv,263,<timecave.validation_methods.OOS.Holdout object at 0x00000250F6AA2510>,0,Tree,2.8355694694014186,1.4461407882138464,1.6839149234451896
datasets/synthetic_data/s2.csv,263,<timecave.validation_methods.OOS.Holdout object at 0x00000250F6AA2510>,0,ARMA,1.6279510816204363,1.071952508995169,1.2759118627947763
datasets/synthetic_data/s2.csv,263,<timecave.validation_methods.OOS.Repeated_Holdout object at 0x00000250F6AA39E0>,0,Tree,2.3874100061713848,1.335411178168918,1.5451245924427535
datasets/synthetic_data/s2.csv,263,<timecave.validation_methods.OOS.Repeated_Holdout object at 0x00000250F6AA39E0>,0,ARMA,1.3993908749514405,0.9761886337193199,1.1829585263023554
datasets/synthetic_data/s2.csv,263,<timecave.validation_methods.OOS.Repeated_Holdout object at 0x00000250F6AA39E0>,1,Tree,2.3445814885540983,1.3689106728773928,1.5312026281828601
datasets/synthetic_data/s2.csv,263,<timecave.validation_methods.OOS.Repeated_Holdout object at 0x00000250F6AA39E0>,1,ARMA,1.3705413272111069,0.9580958414037484,1.1707012117577682
datasets/synthetic_data/s2.csv,263,<timecave.validation_methods.OOS.Repeated_Holdout object at 0x00000250F6AA39E0>,2,Tree,2.2191416184823036,1.2010975307268916,1.4896783607484885
datasets/synthetic_data/s2.csv,263,<timecave.validation_methods.OOS.Repeated_Holdout object at 0x00000250F6AA39E0>,2,ARMA,1.411202213929866,0.9926336336374234,1.1879403242292375
datasets/synthetic_data/s2.csv,263,<timecave.validation_methods.OOS.Repeated_Holdout object at 0x00000250F6AA39E0>,3,Tree,2.7653790192782615,1.4236792558402889,1.662942879138746
datasets/synthetic_data/s2.csv,263,<timecave.validation_methods.OOS.Repeated_Holdout object at 0x00000250F6AA39E0>,3,ARMA,1.6279510816204363,1.071952508995169,1.2759118627947763
datasets/synthetic_data/s2.csv,263,<timecave.validation_methods.prequential.Growing_Window object at 0x00000250F6AA3D40>,0,Tree,2.3203061403094063,1.2822448729017286,1.523255113337686
datasets/synthetic_data/s2.csv,263,<timecave.validation_methods.prequential.Growing_Window object at 0x00000250F6AA3D40>,0,ARMA,2.230570012624808,1.1941990666941265,1.4935092944554473
datasets/synthetic_data/s2.csv,263,<timecave.validation_methods.prequential.Growing_Window object at 0x00000250F6AA3D40>,1,Tree,2.172766278799816,1.2191414020408065,1.4740306234267373
datasets/synthetic_data/s2.csv,263,<timecave.validation_methods.prequential.Growing_Window object at 0x00000250F6AA3D40>,1,ARMA,1.7710195331034848,1.0886891567448296,1.3307965784083926
datasets/synthetic_data/s2.csv,263,<timecave.validation_methods.prequential.Growing_Window object at 0x00000250F6AA3D40>,2,Tree,2.537163955746704,1.3660361725128556,1.5928477503348222
datasets/synthetic_data/s2.csv,263,<timecave.validation_methods.prequential.Growing_Window object at 0x00000250F6AA3D40>,2,ARMA,1.4674367801692698,1.0098096351654227,1.2113780500608675
datasets/synthetic_data/s2.csv,263,<timecave.validation_methods.prequential.Growing_Window object at 0x00000250F6AA3D40>,3,Tree,2.071743670074831,1.2515168598030064,1.4393552966779366
datasets/synthetic_data/s2.csv,263,<timecave.validation_methods.prequential.Growing_Window object at 0x00000250F6AA3D40>,3,ARMA,1.3621990192945876,0.9505303693946386,1.1671328199029396
datasets/synthetic_data/s2.csv,263,<timecave.validation_methods.prequential.Growing_Window object at 0x00000250F6AA1730>,0,Tree,3.2131116489519496,1.5273147781352454,1.7925154529185934
datasets/synthetic_data/s2.csv,263,<timecave.validation_methods.prequential.Growing_Window object at 0x00000250F6AA1730>,0,ARMA,1.9247868352699582,1.1700861821030757,1.3873668711879918
datasets/synthetic_data/s2.csv,263,<timecave.validation_methods.prequential.Growing_Window object at 0x00000250F6AA1730>,1,Tree,2.2266063559864326,1.2458434845775386,1.4921817436178586
datasets/synthetic_data/s2.csv,263,<timecave.validation_methods.prequential.Growing_Window object at 0x00000250F6AA1730>,1,ARMA,1.3459862685037218,0.967626843301495,1.160166483097888
datasets/synthetic_data/s2.csv,263,<timecave.validation_methods.prequential.Growing_Window object at 0x00000250F6AA1730>,2,Tree,1.8779022088224895,1.1050248384700643,1.3703657208287463
datasets/synthetic_data/s2.csv,263,<timecave.validation_methods.prequential.Growing_Window object at 0x00000250F6AA1730>,2,ARMA,1.352518312868707,0.9464241290661135,1.1629782082518603
datasets/synthetic_data/s2.csv,263,<timecave.validation_methods.prequential.Rolling_Window object at 0x00000250F6AA1D90>,0,Tree,2.2834384182644283,1.203736805626778,1.5111050321749406
datasets/synthetic_data/s2.csv,263,<timecave.validation_methods.prequential.Rolling_Window object at 0x00000250F6AA1D90>,0,ARMA,2.230570012624808,1.1941990666941265,1.4935092944554473
datasets/synthetic_data/s2.csv,263,<timecave.validation_methods.prequential.Rolling_Window object at 0x00000250F6AA1D90>,1,Tree,3.888516875264468,1.6469971560620433,1.97193226944144
datasets/synthetic_data/s2.csv,263,<timecave.validation_methods.prequential.Rolling_Window object at 0x00000250F6AA1D90>,1,ARMA,1.7483654056970575,1.0837752490211372,1.3222576926216225
datasets/synthetic_data/s2.csv,263,<timecave.validation_methods.prequential.Rolling_Window object at 0x00000250F6AA1D90>,2,Tree,3.1152140523656366,1.4006484233831333,1.7649968986844244
datasets/synthetic_data/s2.csv,263,<timecave.validation_methods.prequential.Rolling_Window object at 0x00000250F6AA1D90>,2,ARMA,1.6143761952969804,1.0496259685268168,1.2705810463315517
datasets/synthetic_data/s2.csv,263,<timecave.validation_methods.prequential.Rolling_Window object at 0x00000250F6AA1D90>,3,Tree,2.8554707769412664,1.3014749226251192,1.6898138290774125
datasets/synthetic_data/s2.csv,263,<timecave.validation_methods.prequential.Rolling_Window object at 0x00000250F6AA1D90>,3,ARMA,1.3665432083166202,0.967622882578725,1.1689923901876438
datasets/synthetic_data/s2.csv,263,<timecave.validation_methods.prequential.Rolling_Window object at 0x00000250F6AA1B50>,0,Tree,3.1278193439408164,1.4855467936439568,1.7685642040765206
datasets/synthetic_data/s2.csv,263,<timecave.validation_methods.prequential.Rolling_Window object at 0x00000250F6AA1B50>,0,ARMA,1.9247868352699582,1.1700861821030757,1.3873668711879918
datasets/synthetic_data/s2.csv,263,<timecave.validation_methods.prequential.Rolling_Window object at 0x00000250F6AA1B50>,1,Tree,2.5802629046521104,1.3846363796966317,1.6063196769796821
datasets/synthetic_data/s2.csv,263,<timecave.validation_methods.prequential.Rolling_Window object at 0x00000250F6AA1B50>,1,ARMA,1.3455987861718648,0.9558836317196608,1.1599994767980997
datasets/synthetic_data/s2.csv,263,<timecave.validation_methods.prequential.Rolling_Window object at 0x00000250F6AA1B50>,2,Tree,2.138513017703496,1.260539793397018,1.4623655554284285
datasets/synthetic_data/s2.csv,263,<timecave.validation_methods.prequential.Rolling_Window object at 0x00000250F6AA1B50>,2,ARMA,1.4756790538939288,0.9767574738706704,1.2147753100445897
datasets/synthetic_data/s2.csv,263,<timecave.validation_methods.CV.Block_CV object at 0x00000250F29B37A0>,0,Tree,1.7279730293593258,1.084859087022972,1.3145238793416139
datasets/synthetic_data/s2.csv,263,<timecave.validation_methods.CV.Block_CV object at 0x00000250F29B37A0>,0,ARMA,1.6750917901059936,1.0055361043353854,1.2942533716803652
datasets/synthetic_data/s2.csv,263,<timecave.validation_methods.CV.Block_CV object at 0x00000250F29B37A0>,1,Tree,2.263539601859299,1.2630485193184686,1.5045064313120429
datasets/synthetic_data/s2.csv,263,<timecave.validation_methods.CV.Block_CV object at 0x00000250F29B37A0>,1,ARMA,2.0563050647662107,1.1266287197640357,1.4339822400456048
datasets/synthetic_data/s2.csv,263,<timecave.validation_methods.CV.Block_CV object at 0x00000250F29B37A0>,2,Tree,2.5664034549246275,1.3085492966721777,1.6019998298765914
datasets/synthetic_data/s2.csv,263,<timecave.validation_methods.CV.Block_CV object at 0x00000250F29B37A0>,2,ARMA,1.838522669236808,1.1404121337620077,1.3559213359324382
datasets/synthetic_data/s2.csv,263,<timecave.validation_methods.CV.Block_CV object at 0x00000250F29B37A0>,3,Tree,2.8449064313895347,1.4131385618840733,1.6866850421431783
datasets/synthetic_data/s2.csv,263,<timecave.validation_methods.CV.Block_CV object at 0x00000250F29B37A0>,3,ARMA,1.3558027792854013,0.9735921852205573,1.164389444853139
datasets/synthetic_data/s2.csv,263,<timecave.validation_methods.CV.Block_CV object at 0x00000250F29B37A0>,4,Tree,2.3170831657936426,1.3733863581843866,1.5221968222912707
datasets/synthetic_data/s2.csv,263,<timecave.validation_methods.CV.Block_CV object at 0x00000250F29B37A0>,4,ARMA,1.3621990192945876,0.9505303693946386,1.1671328199029396
datasets/synthetic_data/s2.csv,263,<timecave.validation_methods.CV.AdaptedhvBlockCV object at 0x00000250F6AC9A90>,0,Tree,3.0933278937775435,1.5079526930387412,1.7587859147086502
datasets/synthetic_data/s2.csv,263,<timecave.validation_methods.CV.AdaptedhvBlockCV object at 0x00000250F6AC9A90>,0,ARMA,1.6732097541953654,1.0037093918216538,1.293526093356978
datasets/synthetic_data/s2.csv,263,<timecave.validation_methods.CV.AdaptedhvBlockCV object at 0x00000250F6AC9A90>,1,Tree,2.8174674617588216,1.4696017924146523,1.6785313407139055
datasets/synthetic_data/s2.csv,263,<timecave.validation_methods.CV.AdaptedhvBlockCV object at 0x00000250F6AC9A90>,1,ARMA,2.0692986427673006,1.1305695357267078,1.4385056978570856
datasets/synthetic_data/s2.csv,263,<timecave.validation_methods.CV.AdaptedhvBlockCV object at 0x00000250F6AC9A90>,2,Tree,2.788057921591477,1.3636780718429653,1.6697478616819599
datasets/synthetic_data/s2.csv,263,<timecave.validation_methods.CV.AdaptedhvBlockCV object at 0x00000250F6AC9A90>,2,ARMA,1.8315436541122176,1.1366851312818782,1.3533453565561961
datasets/synthetic_data/s2.csv,263,<timecave.validation_methods.CV.AdaptedhvBlockCV object at 0x00000250F6AC9A90>,3,Tree,2.3730616784109433,1.258822128757213,1.5404744978125873
datasets/synthetic_data/s2.csv,263,<timecave.validation_methods.CV.AdaptedhvBlockCV object at 0x00000250F6AC9A90>,3,ARMA,1.3608950144568632,0.9747427184381606,1.166574050138637
datasets/synthetic_data/s2.csv,263,<timecave.validation_methods.CV.AdaptedhvBlockCV object at 0x00000250F6AC9A90>,4,Tree,2.3833983587494227,1.3520747857958457,1.543825883559873
datasets/synthetic_data/s2.csv,263,<timecave.validation_methods.CV.AdaptedhvBlockCV object at 0x00000250F6AC9A90>,4,ARMA,1.417251923948725,0.9804090049476515,1.190483903271575
datasets/synthetic_data/s2.csv,263,<timecave.validation_methods.markov.MarkovCV object at 0x00000250F6AA2AB0>,0,Tree,3.6803474792547037,1.6529812517772389,1.9184231752287355
datasets/synthetic_data/s2.csv,263,<timecave.validation_methods.markov.MarkovCV object at 0x00000250F6AA2AB0>,0,ARMA,1.9560369930837955,1.1131642588481216,1.3985839242189921
datasets/synthetic_data/s2.csv,263,<timecave.validation_methods.markov.MarkovCV object at 0x00000250F6AA2AB0>,1,Tree,3.2008395512764714,1.4527464845165088,1.7890890283260001
datasets/synthetic_data/s2.csv,263,<timecave.validation_methods.markov.MarkovCV object at 0x00000250F6AA2AB0>,1,ARMA,2.920991184047282,1.4348022420022792,1.7090907477507689
datasets/synthetic_data/s2.csv,263,<timecave.validation_methods.markov.MarkovCV object at 0x00000250F6AA2AB0>,2,Tree,2.9832985304217097,1.309951245913615,1.727222779615215
datasets/synthetic_data/s2.csv,263,<timecave.validation_methods.markov.MarkovCV object at 0x00000250F6AA2AB0>,2,ARMA,1.3324452789571206,0.9688282715622966,1.1543159355034134
datasets/synthetic_data/s2.csv,263,<timecave.validation_methods.markov.MarkovCV object at 0x00000250F6AA2AB0>,3,Tree,3.6939467138452757,1.5788074474824285,1.9219642852678807
datasets/synthetic_data/s2.csv,263,<timecave.validation_methods.markov.MarkovCV object at 0x00000250F6AA2AB0>,3,ARMA,2.2430899642936075,1.3703595617342148,1.4976948835772952
datasets/synthetic_data/s2.csv,263,<timecave.validation_methods.markov.MarkovCV object at 0x00000250F6AA2AB0>,4,Tree,3.5952413003518826,1.766520945872802,1.8961121539486747
datasets/synthetic_data/s2.csv,263,<timecave.validation_methods.markov.MarkovCV object at 0x00000250F6AA2AB0>,4,ARMA,0.7973416140757369,0.6847943374108354,0.8929398714783302
datasets/synthetic_data/s2.csv,263,<timecave.validation_methods.markov.MarkovCV object at 0x00000250F6AA2AB0>,5,Tree,2.1836343772553213,1.135177721707297,1.4777125489266583
datasets/synthetic_data/s2.csv,263,<timecave.validation_methods.markov.MarkovCV object at 0x00000250F6AA2AB0>,5,ARMA,2.07113276628539,1.1872449424930664,1.4391430666495217
datasets/synthetic_data/s2.csv,263,<timecave.validation_methods.markov.MarkovCV object at 0x00000250F6AA2AB0>,6,Tree,2.7613022761657016,1.4052480494275015,1.6617166654293691
datasets/synthetic_data/s2.csv,263,<timecave.validation_methods.markov.MarkovCV object at 0x00000250F6AA2AB0>,6,ARMA,2.009940023562005,1.0313630588901401,1.4177235356591937
datasets/synthetic_data/s2.csv,263,<timecave.validation_methods.markov.MarkovCV object at 0x00000250F6AA2AB0>,7,Tree,1.6125594825050154,1.0573070452017672,1.2698659309175182
datasets/synthetic_data/s2.csv,263,<timecave.validation_methods.markov.MarkovCV object at 0x00000250F6AA2AB0>,7,ARMA,1.2612318785054248,0.9498752070767831,1.123045804277557
datasets/synthetic_data/s2.csv,263,<timecave.validation_methods.markov.MarkovCV object at 0x00000250F6AA2AB0>,8,Tree,4.472354759753868,1.7492094599027075,2.1147942594384608
datasets/synthetic_data/s2.csv,263,<timecave.validation_methods.markov.MarkovCV object at 0x00000250F6AA2AB0>,8,ARMA,2.2480936023026867,1.2776234901248116,1.4993643994382042
datasets/synthetic_data/s2.csv,263,<timecave.validation_methods.markov.MarkovCV object at 0x00000250F6AA2AB0>,9,Tree,3.957546170224408,1.673045155614671,1.9893582307428714
datasets/synthetic_data/s2.csv,263,<timecave.validation_methods.markov.MarkovCV object at 0x00000250F6AA2AB0>,9,ARMA,2.5923176097136613,1.23118782368436,1.610067579238108
datasets/synthetic_data/s2.csv,264,<timecave.validation_methods.OOS.Holdout object at 0x00000250F2640800>,0,Tree,3.0049751230869264,1.35755630792777,1.7334864069518763
datasets/synthetic_data/s2.csv,264,<timecave.validation_methods.OOS.Holdout object at 0x00000250F2640800>,0,ARMA,2.7188199324708506,1.3230684869242317,1.648884450915482
datasets/synthetic_data/s2.csv,264,<timecave.validation_methods.OOS.Repeated_Holdout object at 0x00000250F6AA28A0>,0,Tree,3.0077498871135857,1.4723242459351158,1.7342865643006018
datasets/synthetic_data/s2.csv,264,<timecave.validation_methods.OOS.Repeated_Holdout object at 0x00000250F6AA28A0>,0,ARMA,2.6604166842784895,1.306655281481825,1.631078380789375
datasets/synthetic_data/s2.csv,264,<timecave.validation_methods.OOS.Repeated_Holdout object at 0x00000250F6AA28A0>,1,Tree,2.5162656801475523,1.3559442010690936,1.5862741503748816
datasets/synthetic_data/s2.csv,264,<timecave.validation_methods.OOS.Repeated_Holdout object at 0x00000250F6AA28A0>,1,ARMA,2.7352956812929254,1.303560554169213,1.6538729338413292
datasets/synthetic_data/s2.csv,264,<timecave.validation_methods.OOS.Repeated_Holdout object at 0x00000250F6AA28A0>,2,Tree,3.5388160974090788,1.4479092923830776,1.8811741273494804
datasets/synthetic_data/s2.csv,264,<timecave.validation_methods.OOS.Repeated_Holdout object at 0x00000250F6AA28A0>,2,ARMA,2.921742986720597,1.4009547915114022,1.7093106758926526
datasets/synthetic_data/s2.csv,264,<timecave.validation_methods.OOS.Repeated_Holdout object at 0x00000250F6AA28A0>,3,Tree,2.942701021077773,1.320068119234194,1.7154302728696882
datasets/synthetic_data/s2.csv,264,<timecave.validation_methods.OOS.Repeated_Holdout object at 0x00000250F6AA28A0>,3,ARMA,2.7188199324708506,1.3230684869242317,1.648884450915482
datasets/synthetic_data/s2.csv,264,<timecave.validation_methods.prequential.Growing_Window object at 0x00000250F6AA1F70>,0,Tree,2.044986947693332,1.160376116153864,1.4300304009682214
datasets/synthetic_data/s2.csv,264,<timecave.validation_methods.prequential.Growing_Window object at 0x00000250F6AA1F70>,0,ARMA,1.408343399821617,0.965800596532641,1.1867364491839025
datasets/synthetic_data/s2.csv,264,<timecave.validation_methods.prequential.Growing_Window object at 0x00000250F6AA1F70>,1,Tree,2.6929386312949672,1.2948923617966916,1.6410175597156074
datasets/synthetic_data/s2.csv,264,<timecave.validation_methods.prequential.Growing_Window object at 0x00000250F6AA1F70>,1,ARMA,1.620444246334713,1.0605679016295038,1.2729667106152907
datasets/synthetic_data/s2.csv,264,<timecave.validation_methods.prequential.Growing_Window object at 0x00000250F6AA1F70>,2,Tree,3.051404828426556,1.4478260903340041,1.746827074563065
datasets/synthetic_data/s2.csv,264,<timecave.validation_methods.prequential.Growing_Window object at 0x00000250F6AA1F70>,2,ARMA,2.145559916491071,1.1414900568889723,1.4647729914533074
datasets/synthetic_data/s2.csv,264,<timecave.validation_methods.prequential.Growing_Window object at 0x00000250F6AA1F70>,3,Tree,2.4039522666423014,1.2897296511176453,1.550468402335985
datasets/synthetic_data/s2.csv,264,<timecave.validation_methods.prequential.Growing_Window object at 0x00000250F6AA1F70>,3,ARMA,2.77825336708037,1.2848388654833958,1.6668093373509671
datasets/synthetic_data/s2.csv,264,<timecave.validation_methods.prequential.Growing_Window object at 0x00000250F6AA0C20>,0,Tree,2.717908753664429,1.3216249633283605,1.6486081261671706
datasets/synthetic_data/s2.csv,264,<timecave.validation_methods.prequential.Growing_Window object at 0x00000250F6AA0C20>,0,ARMA,1.727708262770248,1.1018669095789377,1.314423167313422
datasets/synthetic_data/s2.csv,264,<timecave.validation_methods.prequential.Growing_Window object at 0x00000250F6AA0C20>,1,Tree,2.2622033282790674,1.1651707572881806,1.504062275399216
datasets/synthetic_data/s2.csv,264,<timecave.validation_methods.prequential.Growing_Window object at 0x00000250F6AA0C20>,1,ARMA,2.1260770264245608,1.1369336897560967,1.4581073439306727
datasets/synthetic_data/s2.csv,264,<timecave.validation_methods.prequential.Growing_Window object at 0x00000250F6AA0C20>,2,Tree,3.194566739171279,1.4551872339611036,1.7873350942594057
datasets/synthetic_data/s2.csv,264,<timecave.validation_methods.prequential.Growing_Window object at 0x00000250F6AA0C20>,2,ARMA,2.8389350191686624,1.3385455582333254,1.68491395007836
datasets/synthetic_data/s2.csv,264,<timecave.validation_methods.prequential.Rolling_Window object at 0x00000250F6AA3FB0>,0,Tree,2.1207658765853554,1.1992437557231181,1.4562849572063001
datasets/synthetic_data/s2.csv,264,<timecave.validation_methods.prequential.Rolling_Window object at 0x00000250F6AA3FB0>,0,ARMA,1.408343399821617,0.965800596532641,1.1867364491839025
datasets/synthetic_data/s2.csv,264,<timecave.validation_methods.prequential.Rolling_Window object at 0x00000250F6AA3FB0>,1,Tree,2.1802092221088745,1.090242744812795,1.4765531558697351
datasets/synthetic_data/s2.csv,264,<timecave.validation_methods.prequential.Rolling_Window object at 0x00000250F6AA3FB0>,1,ARMA,1.7683061961937807,1.0908523917406092,1.3297767467487844
datasets/synthetic_data/s2.csv,264,<timecave.validation_methods.prequential.Rolling_Window object at 0x00000250F6AA3FB0>,2,Tree,3.19905778513374,1.455055152665355,1.7885910055498266
datasets/synthetic_data/s2.csv,264,<timecave.validation_methods.prequential.Rolling_Window object at 0x00000250F6AA3FB0>,2,ARMA,2.0983707953416917,1.1375569519986515,1.44857543653815
datasets/synthetic_data/s2.csv,264,<timecave.validation_methods.prequential.Rolling_Window object at 0x00000250F6AA3FB0>,3,Tree,4.2074917461178964,1.7384232639780808,2.0512171377301565
datasets/synthetic_data/s2.csv,264,<timecave.validation_methods.prequential.Rolling_Window object at 0x00000250F6AA3FB0>,3,ARMA,3.0247508065383126,1.4056776972182825,1.7391810735338378
datasets/synthetic_data/s2.csv,264,<timecave.validation_methods.prequential.Rolling_Window object at 0x00000250F6AA1490>,0,Tree,2.42410112190201,1.2692457552671246,1.5569525111261455
datasets/synthetic_data/s2.csv,264,<timecave.validation_methods.prequential.Rolling_Window object at 0x00000250F6AA1490>,0,ARMA,1.727708262770248,1.1018669095789377,1.314423167313422
datasets/synthetic_data/s2.csv,264,<timecave.validation_methods.prequential.Rolling_Window object at 0x00000250F6AA1490>,1,Tree,1.0255620364451323,0.8359565979899112,1.0127003685420146
datasets/synthetic_data/s2.csv,264,<timecave.validation_methods.prequential.Rolling_Window object at 0x00000250F6AA1490>,1,ARMA,2.011187438282513,1.1276985666576955,1.4181634032376216
datasets/synthetic_data/s2.csv,264,<timecave.validation_methods.prequential.Rolling_Window object at 0x00000250F6AA1490>,2,Tree,3.367132535415697,1.5347308937508888,1.8349748051174155
datasets/synthetic_data/s2.csv,264,<timecave.validation_methods.prequential.Rolling_Window object at 0x00000250F6AA1490>,2,ARMA,2.8234228463778956,1.328642733273564,1.680304390989292
datasets/synthetic_data/s2.csv,264,<timecave.validation_methods.CV.Block_CV object at 0x00000250F6AC86B0>,0,Tree,1.8744196914135207,1.0727879120074963,1.3690944786294044
datasets/synthetic_data/s2.csv,264,<timecave.validation_methods.CV.Block_CV object at 0x00000250F6AC86B0>,0,ARMA,1.118736898864461,0.8119901086792316,1.05770359688547
datasets/synthetic_data/s2.csv,264,<timecave.validation_methods.CV.Block_CV object at 0x00000250F6AC86B0>,1,Tree,1.9622410149704903,1.1407616407983494,1.400800133841545
datasets/synthetic_data/s2.csv,264,<timecave.validation_methods.CV.Block_CV object at 0x00000250F6AC86B0>,1,ARMA,1.468223065750344,0.9955072035974287,1.2117025483799
datasets/synthetic_data/s2.csv,264,<timecave.validation_methods.CV.Block_CV object at 0x00000250F6AC86B0>,2,Tree,3.2215129207010844,1.4706026526927642,1.7948573538588197
datasets/synthetic_data/s2.csv,264,<timecave.validation_methods.CV.Block_CV object at 0x00000250F6AC86B0>,2,ARMA,1.6445906068772695,1.0612376658139713,1.2824159258513868
datasets/synthetic_data/s2.csv,264,<timecave.validation_methods.CV.Block_CV object at 0x00000250F6AC86B0>,3,Tree,2.528458946832373,1.3459704106695891,1.5901128723560392
datasets/synthetic_data/s2.csv,264,<timecave.validation_methods.CV.Block_CV object at 0x00000250F6AC86B0>,3,ARMA,2.1503030984999523,1.1317132948771227,1.4663911819497388
datasets/synthetic_data/s2.csv,264,<timecave.validation_methods.CV.Block_CV object at 0x00000250F6AC86B0>,4,Tree,2.705430504546927,1.4460443976506931,1.6448192923682914
datasets/synthetic_data/s2.csv,264,<timecave.validation_methods.CV.Block_CV object at 0x00000250F6AC86B0>,4,ARMA,2.77825336708037,1.2848388654833958,1.6668093373509671
datasets/synthetic_data/s2.csv,264,<timecave.validation_methods.CV.AdaptedhvBlockCV object at 0x00000250F6AC8F50>,0,Tree,2.2016325845740585,1.2159229507878169,1.483789939504261
datasets/synthetic_data/s2.csv,264,<timecave.validation_methods.CV.AdaptedhvBlockCV object at 0x00000250F6AC8F50>,0,ARMA,1.1211505291912949,0.81240869003007,1.0588439588491285
datasets/synthetic_data/s2.csv,264,<timecave.validation_methods.CV.AdaptedhvBlockCV object at 0x00000250F6AC8F50>,1,Tree,2.1027088124806883,1.228588861816572,1.4500720025159746
datasets/synthetic_data/s2.csv,264,<timecave.validation_methods.CV.AdaptedhvBlockCV object at 0x00000250F6AC8F50>,1,ARMA,1.4491070282919467,0.9915351071318002,1.2037886144551904
datasets/synthetic_data/s2.csv,264,<timecave.validation_methods.CV.AdaptedhvBlockCV object at 0x00000250F6AC8F50>,2,Tree,3.2281013058308017,1.4262334108923338,1.796691767062676
datasets/synthetic_data/s2.csv,264,<timecave.validation_methods.CV.AdaptedhvBlockCV object at 0x00000250F6AC8F50>,2,ARMA,1.6411581629931806,1.0601343799456902,1.2810769543603462
datasets/synthetic_data/s2.csv,264,<timecave.validation_methods.CV.AdaptedhvBlockCV object at 0x00000250F6AC8F50>,3,Tree,2.430879321549895,1.3325785903437661,1.559127743820209
datasets/synthetic_data/s2.csv,264,<timecave.validation_methods.CV.AdaptedhvBlockCV object at 0x00000250F6AC8F50>,3,ARMA,2.204819437674452,1.1429758813815836,1.4848634407495027
datasets/synthetic_data/s2.csv,264,<timecave.validation_methods.CV.AdaptedhvBlockCV object at 0x00000250F6AC8F50>,4,Tree,2.7469030100488765,1.4743459025486008,1.6573783545252654
datasets/synthetic_data/s2.csv,264,<timecave.validation_methods.CV.AdaptedhvBlockCV object at 0x00000250F6AC8F50>,4,ARMA,2.6524919016939297,1.2541206620194705,1.6286472612858591
datasets/synthetic_data/s2.csv,264,<timecave.validation_methods.markov.MarkovCV object at 0x00000250F6AA1430>,0,Tree,4.717390867001835,1.8256323659931533,2.171955539830831
datasets/synthetic_data/s2.csv,264,<timecave.validation_methods.markov.MarkovCV object at 0x00000250F6AA1430>,0,ARMA,2.7784981242131392,1.437200812172701,1.6668827565888187
datasets/synthetic_data/s2.csv,264,<timecave.validation_methods.markov.MarkovCV object at 0x00000250F6AA1430>,1,Tree,4.749765737487065,1.5345354870757455,2.179395727601361
datasets/synthetic_data/s2.csv,264,<timecave.validation_methods.markov.MarkovCV object at 0x00000250F6AA1430>,1,ARMA,1.7544798931976247,1.0298310454847706,1.3245678137406272
datasets/synthetic_data/s2.csv,264,<timecave.validation_methods.markov.MarkovCV object at 0x00000250F6AA1430>,2,Tree,2.447953403663002,1.2431714736371549,1.5645936864448233
datasets/synthetic_data/s2.csv,264,<timecave.validation_methods.markov.MarkovCV object at 0x00000250F6AA1430>,2,ARMA,2.136892547453613,1.2122544241051956,1.4618113925721106
datasets/synthetic_data/s2.csv,264,<timecave.validation_methods.markov.MarkovCV object at 0x00000250F6AA1430>,3,Tree,4.368786505769379,1.841384417300965,2.0901642293775335
datasets/synthetic_data/s2.csv,264,<timecave.validation_methods.markov.MarkovCV object at 0x00000250F6AA1430>,3,ARMA,1.9025196602001164,1.169795661963488,1.3793185492119346
datasets/synthetic_data/s2.csv,264,<timecave.validation_methods.markov.MarkovCV object at 0x00000250F6AA1430>,4,Tree,5.562920712457401,1.8338361912729133,2.3585844721903433
datasets/synthetic_data/s2.csv,264,<timecave.validation_methods.markov.MarkovCV object at 0x00000250F6AA1430>,4,ARMA,2.936130193697393,1.463241705947624,1.7135139899333747
datasets/synthetic_data/s2.csv,264,<timecave.validation_methods.markov.MarkovCV object at 0x00000250F6AA1430>,5,Tree,5.219851981672182,1.9903697165984668,2.2846995385984963
datasets/synthetic_data/s2.csv,264,<timecave.validation_methods.markov.MarkovCV object at 0x00000250F6AA1430>,5,ARMA,3.14376067434214,1.4833939603663318,1.7730653327901202
datasets/synthetic_data/s2.csv,264,<timecave.validation_methods.markov.MarkovCV object at 0x00000250F6AA1430>,6,Tree,4.984317033017894,1.9054735965475122,2.2325584052870586
datasets/synthetic_data/s2.csv,264,<timecave.validation_methods.markov.MarkovCV object at 0x00000250F6AA1430>,6,ARMA,3.1368249082829998,1.3631152957275963,1.7711083841151563
datasets/synthetic_data/s2.csv,264,<timecave.validation_methods.markov.MarkovCV object at 0x00000250F6AA1430>,7,Tree,3.3185547382133462,1.379420398324263,1.821690077431764
datasets/synthetic_data/s2.csv,264,<timecave.validation_methods.markov.MarkovCV object at 0x00000250F6AA1430>,7,ARMA,1.968153801360728,1.0504274717528286,1.4029090495683347
datasets/synthetic_data/s2.csv,264,<timecave.validation_methods.markov.MarkovCV object at 0x00000250F6AA1430>,8,Tree,3.872895926575549,1.6242470740030948,1.9679674607512059
datasets/synthetic_data/s2.csv,264,<timecave.validation_methods.markov.MarkovCV object at 0x00000250F6AA1430>,8,ARMA,1.4636140911119193,0.8823175198952613,1.209799194540945
datasets/synthetic_data/s2.csv,264,<timecave.validation_methods.markov.MarkovCV object at 0x00000250F6AA1430>,9,Tree,2.52737374277589,1.1952176529912673,1.589771600820662
datasets/synthetic_data/s2.csv,264,<timecave.validation_methods.markov.MarkovCV object at 0x00000250F6AA1430>,9,ARMA,1.0160804219557118,0.7685013859182102,1.0080081457784513
datasets/synthetic_data/s2.csv,265,<timecave.validation_methods.OOS.Holdout object at 0x00000250F6A47350>,0,Tree,3.132665600371061,1.3881167401750876,1.7699337841769847
datasets/synthetic_data/s2.csv,265,<timecave.validation_methods.OOS.Holdout object at 0x00000250F6A47350>,0,ARMA,2.2023486283817997,1.206992362734677,1.4840312086953562
datasets/synthetic_data/s2.csv,265,<timecave.validation_methods.OOS.Repeated_Holdout object at 0x00000250F6AA0260>,0,Tree,3.193468405043119,1.4101783000822163,1.7870278131699906
datasets/synthetic_data/s2.csv,265,<timecave.validation_methods.OOS.Repeated_Holdout object at 0x00000250F6AA0260>,0,ARMA,1.768783050114058,1.094559588922423,1.329956033150742
datasets/synthetic_data/s2.csv,265,<timecave.validation_methods.OOS.Repeated_Holdout object at 0x00000250F6AA0260>,1,Tree,3.4463139185757745,1.50862383971301,1.8564250371549547
datasets/synthetic_data/s2.csv,265,<timecave.validation_methods.OOS.Repeated_Holdout object at 0x00000250F6AA0260>,1,ARMA,1.9456545842808952,1.1766926319740254,1.3948672281908752
datasets/synthetic_data/s2.csv,265,<timecave.validation_methods.OOS.Repeated_Holdout object at 0x00000250F6AA0260>,2,Tree,2.2862000378762533,1.2491107004710449,1.512018530930178
datasets/synthetic_data/s2.csv,265,<timecave.validation_methods.OOS.Repeated_Holdout object at 0x00000250F6AA0260>,2,ARMA,2.1021359097217185,1.1801230517270929,1.4498744461924
datasets/synthetic_data/s2.csv,265,<timecave.validation_methods.OOS.Repeated_Holdout object at 0x00000250F6AA0260>,3,Tree,3.1438061166517177,1.3607514432988004,1.7730781473617336
datasets/synthetic_data/s2.csv,265,<timecave.validation_methods.OOS.Repeated_Holdout object at 0x00000250F6AA0260>,3,ARMA,2.2023486283817997,1.206992362734677,1.4840312086953562
datasets/synthetic_data/s2.csv,265,<timecave.validation_methods.prequential.Growing_Window object at 0x00000250F6AA19D0>,0,Tree,2.8451698745378278,1.325983731166149,1.68676313527947
datasets/synthetic_data/s2.csv,265,<timecave.validation_methods.prequential.Growing_Window object at 0x00000250F6AA19D0>,0,ARMA,1.7430334767152056,1.0458678613611334,1.320239931495486
datasets/synthetic_data/s2.csv,265,<timecave.validation_methods.prequential.Growing_Window object at 0x00000250F6AA19D0>,1,Tree,3.113577121854737,1.4130656771103054,1.7645331172451075
datasets/synthetic_data/s2.csv,265,<timecave.validation_methods.prequential.Growing_Window object at 0x00000250F6AA19D0>,1,ARMA,1.1752148457269724,0.908313585112785,1.0840732658482877
datasets/synthetic_data/s2.csv,265,<timecave.validation_methods.prequential.Growing_Window object at 0x00000250F6AA19D0>,2,Tree,3.1575202242573917,1.2825879989118985,1.7769412551509383
datasets/synthetic_data/s2.csv,265,<timecave.validation_methods.prequential.Growing_Window object at 0x00000250F6AA19D0>,2,ARMA,1.7536811169771966,1.0271805381590604,1.3242662560743579
datasets/synthetic_data/s2.csv,265,<timecave.validation_methods.prequential.Growing_Window object at 0x00000250F6AA19D0>,3,Tree,3.521251225855563,1.5101968104135086,1.8764997271131065
datasets/synthetic_data/s2.csv,265,<timecave.validation_methods.prequential.Growing_Window object at 0x00000250F6AA19D0>,3,ARMA,1.8736962206018524,1.1293913373498197,1.3688302380506694
datasets/synthetic_data/s2.csv,265,<timecave.validation_methods.prequential.Growing_Window object at 0x00000250F6AA22A0>,0,Tree,2.0945733493313012,1.2483095638846562,1.4472640910805814
datasets/synthetic_data/s2.csv,265,<timecave.validation_methods.prequential.Growing_Window object at 0x00000250F6AA22A0>,0,ARMA,1.275177170141005,0.9349680214132006,1.1292374285955125
datasets/synthetic_data/s2.csv,265,<timecave.validation_methods.prequential.Growing_Window object at 0x00000250F6AA22A0>,1,Tree,1.511604347315191,0.8485722284154606,1.229473199104068
datasets/synthetic_data/s2.csv,265,<timecave.validation_methods.prequential.Growing_Window object at 0x00000250F6AA22A0>,1,ARMA,1.9615959414946178,1.1056236995965865,1.4005698631252272
datasets/synthetic_data/s2.csv,265,<timecave.validation_methods.prequential.Growing_Window object at 0x00000250F6AA22A0>,2,Tree,3.6816828085250446,1.4925712244204377,1.9187711714858144
datasets/synthetic_data/s2.csv,265,<timecave.validation_methods.prequential.Growing_Window object at 0x00000250F6AA22A0>,2,ARMA,1.8810581438151606,1.1306215932127803,1.3715167311466385
datasets/synthetic_data/s2.csv,265,<timecave.validation_methods.prequential.Rolling_Window object at 0x00000250F6AA2D50>,0,Tree,2.997736755072563,1.342124396471972,1.7313973417654778
datasets/synthetic_data/s2.csv,265,<timecave.validation_methods.prequential.Rolling_Window object at 0x00000250F6AA2D50>,0,ARMA,1.7430334767152056,1.0458678613611334,1.320239931495486
datasets/synthetic_data/s2.csv,265,<timecave.validation_methods.prequential.Rolling_Window object at 0x00000250F6AA2D50>,1,Tree,3.0654286506476995,1.4652465797967602,1.750836557376987
datasets/synthetic_data/s2.csv,265,<timecave.validation_methods.prequential.Rolling_Window object at 0x00000250F6AA2D50>,1,ARMA,1.1030815970452856,0.8930576574849203,1.0502769144588895
datasets/synthetic_data/s2.csv,265,<timecave.validation_methods.prequential.Rolling_Window object at 0x00000250F6AA2D50>,2,Tree,2.703823155296813,1.316744718214062,1.6443306100954311
datasets/synthetic_data/s2.csv,265,<timecave.validation_methods.prequential.Rolling_Window object at 0x00000250F6AA2D50>,2,ARMA,1.7292385974600488,1.0235417033674508,1.3150051701267371
datasets/synthetic_data/s2.csv,265,<timecave.validation_methods.prequential.Rolling_Window object at 0x00000250F6AA2D50>,3,Tree,2.060345996189018,1.184555078528358,1.435390537863831
datasets/synthetic_data/s2.csv,265,<timecave.validation_methods.prequential.Rolling_Window object at 0x00000250F6AA2D50>,3,ARMA,1.9090546155962813,1.1190855070154706,1.3816854257016251
datasets/synthetic_data/s2.csv,265,<timecave.validation_methods.prequential.Rolling_Window object at 0x00000250F6AA0F20>,0,Tree,2.2321913537385245,1.2953797457197667,1.4940519916450445
datasets/synthetic_data/s2.csv,265,<timecave.validation_methods.prequential.Rolling_Window object at 0x00000250F6AA0F20>,0,ARMA,1.275177170141005,0.9349680214132006,1.1292374285955125
datasets/synthetic_data/s2.csv,265,<timecave.validation_methods.prequential.Rolling_Window object at 0x00000250F6AA0F20>,1,Tree,4.162348633359509,1.5874148229997544,2.040183480317275
datasets/synthetic_data/s2.csv,265,<timecave.validation_methods.prequential.Rolling_Window object at 0x00000250F6AA0F20>,1,ARMA,1.9033167684914278,1.1008656355853517,1.3796074689894324
datasets/synthetic_data/s2.csv,265,<timecave.validation_methods.prequential.Rolling_Window object at 0x00000250F6AA0F20>,2,Tree,2.528465378168354,1.3560687169789432,1.5901148946438914
datasets/synthetic_data/s2.csv,265,<timecave.validation_methods.prequential.Rolling_Window object at 0x00000250F6AA0F20>,2,ARMA,1.8726932204456483,1.1162705303168594,1.3684638177334643
datasets/synthetic_data/s2.csv,265,<timecave.validation_methods.CV.Block_CV object at 0x00000250F6AA11C0>,0,Tree,2.3021359878614565,1.2802265450576047,1.517279139730543
datasets/synthetic_data/s2.csv,265,<timecave.validation_methods.CV.Block_CV object at 0x00000250F6AA11C0>,0,ARMA,1.070476614480921,0.7975423659534527,1.0346383979347185
datasets/synthetic_data/s2.csv,265,<timecave.validation_methods.CV.Block_CV object at 0x00000250F6AA11C0>,1,Tree,3.152551302578224,1.459298658919221,1.7755425375299303
datasets/synthetic_data/s2.csv,265,<timecave.validation_methods.CV.Block_CV object at 0x00000250F6AA11C0>,1,ARMA,1.6878316016459856,1.023298823602865,1.2991657329401762
datasets/synthetic_data/s2.csv,265,<timecave.validation_methods.CV.Block_CV object at 0x00000250F6AA11C0>,2,Tree,2.0798829343806946,1.1324767476929904,1.4421799244132802
datasets/synthetic_data/s2.csv,265,<timecave.validation_methods.CV.Block_CV object at 0x00000250F6AA11C0>,2,ARMA,1.092917634291925,0.908394172514822,1.0454270105042842
datasets/synthetic_data/s2.csv,265,<timecave.validation_methods.CV.Block_CV object at 0x00000250F6AA11C0>,3,Tree,1.8788258828471274,1.1095824921998074,1.3707026967388396
datasets/synthetic_data/s2.csv,265,<timecave.validation_methods.CV.Block_CV object at 0x00000250F6AA11C0>,3,ARMA,1.7592021643731992,1.0316729637737891,1.3263491864411872
datasets/synthetic_data/s2.csv,265,<timecave.validation_methods.CV.Block_CV object at 0x00000250F6AA11C0>,4,Tree,3.846987856507655,1.5836776226849183,1.96137397160961
datasets/synthetic_data/s2.csv,265,<timecave.validation_methods.CV.Block_CV object at 0x00000250F6AA11C0>,4,ARMA,1.8736962206018524,1.1293913373498197,1.3688302380506694
datasets/synthetic_data/s2.csv,265,<timecave.validation_methods.CV.AdaptedhvBlockCV object at 0x00000250F6AA3CE0>,0,Tree,1.6101216629268265,1.0250223659906785,1.268905695048622
datasets/synthetic_data/s2.csv,265,<timecave.validation_methods.CV.AdaptedhvBlockCV object at 0x00000250F6AA3CE0>,0,ARMA,1.0769729720065246,0.8000401447878221,1.037773083099829
datasets/synthetic_data/s2.csv,265,<timecave.validation_methods.CV.AdaptedhvBlockCV object at 0x00000250F6AA3CE0>,1,Tree,3.171456290690196,1.4407545708454021,1.7808583016877553
datasets/synthetic_data/s2.csv,265,<timecave.validation_methods.CV.AdaptedhvBlockCV object at 0x00000250F6AA3CE0>,1,ARMA,1.689235000866368,1.0249158160839815,1.2997057362596995
datasets/synthetic_data/s2.csv,265,<timecave.validation_methods.CV.AdaptedhvBlockCV object at 0x00000250F6AA3CE0>,2,Tree,2.6917300700633877,1.3565927657681331,1.640649283077705
datasets/synthetic_data/s2.csv,265,<timecave.validation_methods.CV.AdaptedhvBlockCV object at 0x00000250F6AA3CE0>,2,ARMA,1.0939472402183166,0.907825395585594,1.0459193277773944
datasets/synthetic_data/s2.csv,265,<timecave.validation_methods.CV.AdaptedhvBlockCV object at 0x00000250F6AA3CE0>,3,Tree,2.731815894533683,1.3575826043721377,1.6528205875211268
datasets/synthetic_data/s2.csv,265,<timecave.validation_methods.CV.AdaptedhvBlockCV object at 0x00000250F6AA3CE0>,3,ARMA,1.7567171321532844,1.031193471833389,1.3254120612674702
datasets/synthetic_data/s2.csv,265,<timecave.validation_methods.CV.AdaptedhvBlockCV object at 0x00000250F6AA3CE0>,4,Tree,3.8868098311451855,1.5715860419193495,1.9714993865444608
datasets/synthetic_data/s2.csv,265,<timecave.validation_methods.CV.AdaptedhvBlockCV object at 0x00000250F6AA3CE0>,4,ARMA,1.9951008328637547,1.1872376823863875,1.412480383178384
datasets/synthetic_data/s2.csv,265,<timecave.validation_methods.markov.MarkovCV object at 0x00000250F6AA0140>,0,Tree,3.908605133683313,1.7941038461294987,1.9770192547578571
datasets/synthetic_data/s2.csv,265,<timecave.validation_methods.markov.MarkovCV object at 0x00000250F6AA0140>,0,ARMA,1.4591841235047813,1.0280239391036639,1.2079669380843092
datasets/synthetic_data/s2.csv,265,<timecave.validation_methods.markov.MarkovCV object at 0x00000250F6AA0140>,1,Tree,3.3814017074433047,1.4871176292943287,1.8388588057388486
datasets/synthetic_data/s2.csv,265,<timecave.validation_methods.markov.MarkovCV object at 0x00000250F6AA0140>,1,ARMA,1.7272557990645732,1.066899066477812,1.3142510411122272
datasets/synthetic_data/s2.csv,265,<timecave.validation_methods.markov.MarkovCV object at 0x00000250F6AA0140>,2,Tree,2.27598342012811,1.2828271755708738,1.508636278275221
datasets/synthetic_data/s2.csv,265,<timecave.validation_methods.markov.MarkovCV object at 0x00000250F6AA0140>,2,ARMA,1.048617892968022,0.8719139018902453,1.024020455346485
datasets/synthetic_data/s2.csv,265,<timecave.validation_methods.markov.MarkovCV object at 0x00000250F6AA0140>,3,Tree,3.875273835239631,1.5820324939058668,1.968571521494617
datasets/synthetic_data/s2.csv,265,<timecave.validation_methods.markov.MarkovCV object at 0x00000250F6AA0140>,3,ARMA,1.9145132728902694,1.1200596214211374,1.383659377480697
datasets/synthetic_data/s2.csv,265,<timecave.validation_methods.markov.MarkovCV object at 0x00000250F6AA0140>,4,Tree,3.4577412426086656,1.5746049952555377,1.859500266902015
datasets/synthetic_data/s2.csv,265,<timecave.validation_methods.markov.MarkovCV object at 0x00000250F6AA0140>,4,ARMA,1.983029379358955,1.0533084000131452,1.4082007596074344
datasets/synthetic_data/s2.csv,265,<timecave.validation_methods.markov.MarkovCV object at 0x00000250F6AA0140>,5,Tree,4.655543331016375,1.7924392143870589,2.1576708115503567
datasets/synthetic_data/s2.csv,265,<timecave.validation_methods.markov.MarkovCV object at 0x00000250F6AA0140>,5,ARMA,2.402147715150537,1.270359083991829,1.5498863555598317
datasets/synthetic_data/s2.csv,265,<timecave.validation_methods.markov.MarkovCV object at 0x00000250F6AA0140>,6,Tree,2.9458269536236985,1.3412442214433051,1.716341153041463
datasets/synthetic_data/s2.csv,265,<timecave.validation_methods.markov.MarkovCV object at 0x00000250F6AA0140>,6,ARMA,1.3885442362400626,0.9884180485205161,1.1783650691700185
datasets/synthetic_data/s2.csv,265,<timecave.validation_methods.markov.MarkovCV object at 0x00000250F6AA0140>,7,Tree,4.795316418681028,1.7749051384714454,2.189821092847776
datasets/synthetic_data/s2.csv,265,<timecave.validation_methods.markov.MarkovCV object at 0x00000250F6AA0140>,7,ARMA,2.6471859642808053,1.164250082658796,1.6270175058310852
datasets/synthetic_data/s2.csv,265,<timecave.validation_methods.markov.MarkovCV object at 0x00000250F6AA0140>,8,Tree,1.5227767890583195,1.0114566127693272,1.2340084234146538
datasets/synthetic_data/s2.csv,265,<timecave.validation_methods.markov.MarkovCV object at 0x00000250F6AA0140>,8,ARMA,1.2379300834116496,1.0175784468497324,1.1126230643895756
datasets/synthetic_data/s2.csv,265,<timecave.validation_methods.markov.MarkovCV object at 0x00000250F6AA0140>,9,Tree,1.2423585888524256,0.926924756320636,1.1146114071067215
datasets/synthetic_data/s2.csv,265,<timecave.validation_methods.markov.MarkovCV object at 0x00000250F6AA0140>,9,ARMA,1.2281572265701506,0.8455321608558398,1.1082225528160625
datasets/synthetic_data/s2.csv,266,<timecave.validation_methods.OOS.Holdout object at 0x00000250F2A0CDD0>,0,Tree,2.9985032467929256,1.4904022914563153,1.7316186782293974
datasets/synthetic_data/s2.csv,266,<timecave.validation_methods.OOS.Holdout object at 0x00000250F2A0CDD0>,0,ARMA,2.7045247567892985,1.368262425976037,1.6445439358038747
datasets/synthetic_data/s2.csv,266,<timecave.validation_methods.OOS.Repeated_Holdout object at 0x00000250F6AA2E10>,0,Tree,6.031202794601306,2.090185450643654,2.455850727263631
datasets/synthetic_data/s2.csv,266,<timecave.validation_methods.OOS.Repeated_Holdout object at 0x00000250F6AA2E10>,0,ARMA,3.2102564706458114,1.5249814807470097,1.7917188592649829
datasets/synthetic_data/s2.csv,266,<timecave.validation_methods.OOS.Repeated_Holdout object at 0x00000250F6AA2E10>,1,Tree,5.164086567233249,1.9318727799685347,2.272462665751244
datasets/synthetic_data/s2.csv,266,<timecave.validation_methods.OOS.Repeated_Holdout object at 0x00000250F6AA2E10>,1,ARMA,3.320671229954665,1.530937633858498,1.8222708991680312
datasets/synthetic_data/s2.csv,266,<timecave.validation_methods.OOS.Repeated_Holdout object at 0x00000250F6AA2E10>,2,Tree,2.984396838666662,1.4616258331120218,1.7275406908859374
datasets/synthetic_data/s2.csv,266,<timecave.validation_methods.OOS.Repeated_Holdout object at 0x00000250F6AA2E10>,2,ARMA,2.9255870098840324,1.4486732831213809,1.710434742948129
datasets/synthetic_data/s2.csv,266,<timecave.validation_methods.OOS.Repeated_Holdout object at 0x00000250F6AA2E10>,3,Tree,3.472075716043804,1.6244894321853542,1.8633506691022503
datasets/synthetic_data/s2.csv,266,<timecave.validation_methods.OOS.Repeated_Holdout object at 0x00000250F6AA2E10>,3,ARMA,2.7045247567892985,1.368262425976037,1.6445439358038747
datasets/synthetic_data/s2.csv,266,<timecave.validation_methods.prequential.Growing_Window object at 0x00000250F6AA2330>,0,Tree,3.2076216024610518,1.3386087941733624,1.7909834176957227
datasets/synthetic_data/s2.csv,266,<timecave.validation_methods.prequential.Growing_Window object at 0x00000250F6AA2330>,0,ARMA,1.859656499283417,1.165141432592406,1.3636922304110326
datasets/synthetic_data/s2.csv,266,<timecave.validation_methods.prequential.Growing_Window object at 0x00000250F6AA2330>,1,Tree,1.5593572204376744,0.9722406447926476,1.2487422554064849
datasets/synthetic_data/s2.csv,266,<timecave.validation_methods.prequential.Growing_Window object at 0x00000250F6AA2330>,1,ARMA,2.0396266559261136,1.1596369731222582,1.428154983160481
datasets/synthetic_data/s2.csv,266,<timecave.validation_methods.prequential.Growing_Window object at 0x00000250F6AA2330>,2,Tree,1.5294592994484444,0.9611843296308179,1.2367131031279828
datasets/synthetic_data/s2.csv,266,<timecave.validation_methods.prequential.Growing_Window object at 0x00000250F6AA2330>,2,ARMA,2.149219159224654,1.1627505028834508,1.4660215411871185
datasets/synthetic_data/s2.csv,266,<timecave.validation_methods.prequential.Growing_Window object at 0x00000250F6AA2330>,3,Tree,5.441057925418132,1.9837979451271006,2.3326075378035913
datasets/synthetic_data/s2.csv,266,<timecave.validation_methods.prequential.Growing_Window object at 0x00000250F6AA2330>,3,ARMA,3.427022110064082,1.578218379995183,1.8512217884586606
datasets/synthetic_data/s2.csv,266,<timecave.validation_methods.prequential.Growing_Window object at 0x00000250F6AA0530>,0,Tree,2.3202424940584034,1.254049161488628,1.523234221667306
datasets/synthetic_data/s2.csv,266,<timecave.validation_methods.prequential.Growing_Window object at 0x00000250F6AA0530>,0,ARMA,2.160174435808552,1.2325781347444167,1.4697531887390318
datasets/synthetic_data/s2.csv,266,<timecave.validation_methods.prequential.Growing_Window object at 0x00000250F6AA0530>,1,Tree,1.4674083175434884,1.031433076029359,1.2113663019679426
datasets/synthetic_data/s2.csv,266,<timecave.validation_methods.prequential.Growing_Window object at 0x00000250F6AA0530>,1,ARMA,2.0165888796845985,1.1458907152216464,1.4200665053738146
datasets/synthetic_data/s2.csv,266,<timecave.validation_methods.prequential.Growing_Window object at 0x00000250F6AA0530>,2,Tree,4.535124743129743,1.9035562070406153,2.129583232261595
datasets/synthetic_data/s2.csv,266,<timecave.validation_methods.prequential.Growing_Window object at 0x00000250F6AA0530>,2,ARMA,3.6658770303042765,1.6551978509192309,1.914648017340074
datasets/synthetic_data/s2.csv,266,<timecave.validation_methods.prequential.Rolling_Window object at 0x00000250F6AA1C40>,0,Tree,2.7240222668412573,1.267190589676959,1.6504612285180338
datasets/synthetic_data/s2.csv,266,<timecave.validation_methods.prequential.Rolling_Window object at 0x00000250F6AA1C40>,0,ARMA,1.859656499283417,1.165141432592406,1.3636922304110326
datasets/synthetic_data/s2.csv,266,<timecave.validation_methods.prequential.Rolling_Window object at 0x00000250F6AA1C40>,1,Tree,1.791594839824332,1.0516503916577058,1.3385047029518917
datasets/synthetic_data/s2.csv,266,<timecave.validation_methods.prequential.Rolling_Window object at 0x00000250F6AA1C40>,1,ARMA,2.002601122057218,1.1462801466499937,1.415132899079524
datasets/synthetic_data/s2.csv,266,<timecave.validation_methods.prequential.Rolling_Window object at 0x00000250F6AA1C40>,2,Tree,2.3946898940880237,1.3073185691956961,1.5474785601384027
datasets/synthetic_data/s2.csv,266,<timecave.validation_methods.prequential.Rolling_Window object at 0x00000250F6AA1C40>,2,ARMA,2.4085773259162346,1.2055031738489945,1.551959189513769
datasets/synthetic_data/s2.csv,266,<timecave.validation_methods.prequential.Rolling_Window object at 0x00000250F6AA1C40>,3,Tree,4.517328093654805,1.6754059615918213,2.1254006901416975
datasets/synthetic_data/s2.csv,266,<timecave.validation_methods.prequential.Rolling_Window object at 0x00000250F6AA1C40>,3,ARMA,3.5242786857919475,1.5757046166450404,1.877306231223864
datasets/synthetic_data/s2.csv,266,<timecave.validation_methods.prequential.Rolling_Window object at 0x00000250F6AA3C80>,0,Tree,2.258321453721788,1.2145430290450878,1.502771257950387
datasets/synthetic_data/s2.csv,266,<timecave.validation_methods.prequential.Rolling_Window object at 0x00000250F6AA3C80>,0,ARMA,2.160174435808552,1.2325781347444167,1.4697531887390318
datasets/synthetic_data/s2.csv,266,<timecave.validation_methods.prequential.Rolling_Window object at 0x00000250F6AA3C80>,1,Tree,1.9061920533622956,1.149116172224576,1.3806491420206277
datasets/synthetic_data/s2.csv,266,<timecave.validation_methods.prequential.Rolling_Window object at 0x00000250F6AA3C80>,1,ARMA,2.1711883522638855,1.1517223017891067,1.4734952840996423
datasets/synthetic_data/s2.csv,266,<timecave.validation_methods.prequential.Rolling_Window object at 0x00000250F6AA3C80>,2,Tree,3.727698518905319,1.583651952049063,1.9307248687747611
datasets/synthetic_data/s2.csv,266,<timecave.validation_methods.prequential.Rolling_Window object at 0x00000250F6AA3C80>,2,ARMA,4.111644098533592,1.717860121888865,2.02771893972848
datasets/synthetic_data/s2.csv,266,<timecave.validation_methods.CV.Block_CV object at 0x00000250F6AA3FE0>,0,Tree,2.491486776362803,1.2657198302881691,1.5784444166212515
datasets/synthetic_data/s2.csv,266,<timecave.validation_methods.CV.Block_CV object at 0x00000250F6AA3FE0>,0,ARMA,1.5350919021993814,1.0646810459478,1.2389882574905144
datasets/synthetic_data/s2.csv,266,<timecave.validation_methods.CV.Block_CV object at 0x00000250F6AA3FE0>,1,Tree,2.8025965158902824,1.410805369946669,1.6740957308022388
datasets/synthetic_data/s2.csv,266,<timecave.validation_methods.CV.Block_CV object at 0x00000250F6AA3FE0>,1,ARMA,1.9211658818734951,1.1865044114658239,1.3860612835922859
datasets/synthetic_data/s2.csv,266,<timecave.validation_methods.CV.Block_CV object at 0x00000250F6AA3FE0>,2,Tree,4.620572789742089,1.8262002444030705,2.149551764843566
datasets/synthetic_data/s2.csv,266,<timecave.validation_methods.CV.Block_CV object at 0x00000250F6AA3FE0>,2,ARMA,2.183357917461578,1.2269459682444408,1.477619002808768
datasets/synthetic_data/s2.csv,266,<timecave.validation_methods.CV.Block_CV object at 0x00000250F6AA3FE0>,3,Tree,1.5436058619623412,1.0317128444150818,1.2424193583337073
datasets/synthetic_data/s2.csv,266,<timecave.validation_methods.CV.Block_CV object at 0x00000250F6AA3FE0>,3,ARMA,2.0052229316699837,1.1364826785787638,1.4160589435719064
datasets/synthetic_data/s2.csv,266,<timecave.validation_methods.CV.Block_CV object at 0x00000250F6AA3FE0>,4,Tree,5.653180956973011,2.028079986319309,2.377641889976918
datasets/synthetic_data/s2.csv,266,<timecave.validation_methods.CV.Block_CV object at 0x00000250F6AA3FE0>,4,ARMA,3.427022110064082,1.578218379995183,1.8512217884586606
datasets/synthetic_data/s2.csv,266,<timecave.validation_methods.CV.AdaptedhvBlockCV object at 0x00000250F6AA3170>,0,Tree,2.920319695284028,1.3942913025543118,1.7088942902602338
datasets/synthetic_data/s2.csv,266,<timecave.validation_methods.CV.AdaptedhvBlockCV object at 0x00000250F6AA3170>,0,ARMA,1.5378102319712064,1.0657290702855464,1.2400847680587026
datasets/synthetic_data/s2.csv,266,<timecave.validation_methods.CV.AdaptedhvBlockCV object at 0x00000250F6AA3170>,1,Tree,4.053965080749189,1.6439579350570819,2.0134460709810904
datasets/synthetic_data/s2.csv,266,<timecave.validation_methods.CV.AdaptedhvBlockCV object at 0x00000250F6AA3170>,1,ARMA,1.9371732609574792,1.1915008005997345,1.3918237176300305
datasets/synthetic_data/s2.csv,266,<timecave.validation_methods.CV.AdaptedhvBlockCV object at 0x00000250F6AA3170>,2,Tree,3.120251817364854,1.440546025848941,1.7664234535820833
datasets/synthetic_data/s2.csv,266,<timecave.validation_methods.CV.AdaptedhvBlockCV object at 0x00000250F6AA3170>,2,ARMA,2.185428164410439,1.2305125735792246,1.4783193715873573
datasets/synthetic_data/s2.csv,266,<timecave.validation_methods.CV.AdaptedhvBlockCV object at 0x00000250F6AA3170>,3,Tree,2.060164282310431,1.049360368501521,1.4353272387544351
datasets/synthetic_data/s2.csv,266,<timecave.validation_methods.CV.AdaptedhvBlockCV object at 0x00000250F6AA3170>,3,ARMA,1.9964629537479446,1.1349779707201675,1.4129624742886644
datasets/synthetic_data/s2.csv,266,<timecave.validation_methods.CV.AdaptedhvBlockCV object at 0x00000250F6AA3170>,4,Tree,6.132324599470864,2.1550961420509562,2.476353084572324
datasets/synthetic_data/s2.csv,266,<timecave.validation_methods.CV.AdaptedhvBlockCV object at 0x00000250F6AA3170>,4,ARMA,3.430586547540402,1.584329229577608,1.8521842639274317
datasets/synthetic_data/s2.csv,266,<timecave.validation_methods.markov.MarkovCV object at 0x00000250F6AA27B0>,0,Tree,4.784388506121266,1.768688211985039,2.187324508645497
datasets/synthetic_data/s2.csv,266,<timecave.validation_methods.markov.MarkovCV object at 0x00000250F6AA27B0>,0,ARMA,2.3500209812661383,1.3416830052652633,1.5329778149947697
datasets/synthetic_data/s2.csv,266,<timecave.validation_methods.markov.MarkovCV object at 0x00000250F6AA27B0>,1,Tree,6.312288168657755,2.14558703912071,2.5124267489138377
datasets/synthetic_data/s2.csv,266,<timecave.validation_methods.markov.MarkovCV object at 0x00000250F6AA27B0>,1,ARMA,2.679304900098765,1.3024516960161228,1.6368582406851135
datasets/synthetic_data/s2.csv,266,<timecave.validation_methods.markov.MarkovCV object at 0x00000250F6AA27B0>,2,Tree,7.259545659616165,2.2415982717527903,2.6943544049764805
datasets/synthetic_data/s2.csv,266,<timecave.validation_methods.markov.MarkovCV object at 0x00000250F6AA27B0>,2,ARMA,3.7321064597262645,1.6620244562160889,1.9318660563626726
datasets/synthetic_data/s2.csv,266,<timecave.validation_methods.markov.MarkovCV object at 0x00000250F6AA27B0>,3,Tree,7.359178943716463,2.260048744929498,2.712780666348915
datasets/synthetic_data/s2.csv,266,<timecave.validation_methods.markov.MarkovCV object at 0x00000250F6AA27B0>,3,ARMA,1.518665269663733,1.110157718754669,1.2323413770801226
datasets/synthetic_data/s2.csv,266,<timecave.validation_methods.markov.MarkovCV object at 0x00000250F6AA27B0>,4,Tree,9.37484687568177,2.6611709023683052,3.0618371732804097
datasets/synthetic_data/s2.csv,266,<timecave.validation_methods.markov.MarkovCV object at 0x00000250F6AA27B0>,4,ARMA,3.0731048737003275,1.4218374868900352,1.7530273453943401
datasets/synthetic_data/s2.csv,266,<timecave.validation_methods.markov.MarkovCV object at 0x00000250F6AA27B0>,5,Tree,4.97852909070436,1.7296635751631582,2.231261770995138
datasets/synthetic_data/s2.csv,266,<timecave.validation_methods.markov.MarkovCV object at 0x00000250F6AA27B0>,5,ARMA,3.169735018491902,1.3755534782976202,1.7803749657001757
datasets/synthetic_data/s2.csv,266,<timecave.validation_methods.markov.MarkovCV object at 0x00000250F6AA27B0>,6,Tree,3.1441955742180054,1.341171574196288,1.7731879692288703
datasets/synthetic_data/s2.csv,266,<timecave.validation_methods.markov.MarkovCV object at 0x00000250F6AA27B0>,6,ARMA,2.031684200218404,1.2610326745344438,1.4253716007478203
datasets/synthetic_data/s2.csv,266,<timecave.validation_methods.markov.MarkovCV object at 0x00000250F6AA27B0>,7,Tree,3.030218963702188,1.4955810496555704,1.7407524130967584
datasets/synthetic_data/s2.csv,266,<timecave.validation_methods.markov.MarkovCV object at 0x00000250F6AA27B0>,7,ARMA,1.6176838340105735,1.0841799521544304,1.2718820047514523
datasets/synthetic_data/s2.csv,266,<timecave.validation_methods.markov.MarkovCV object at 0x00000250F6AA27B0>,8,Tree,6.782112991366503,2.1325603174402974,2.604249026373343
datasets/synthetic_data/s2.csv,266,<timecave.validation_methods.markov.MarkovCV object at 0x00000250F6AA27B0>,8,ARMA,3.9795606718456433,1.6725462103964719,1.9948836236346328
datasets/synthetic_data/s2.csv,266,<timecave.validation_methods.markov.MarkovCV object at 0x00000250F6AA27B0>,9,Tree,6.946992126365074,2.108477177654841,2.6357147278044097
datasets/synthetic_data/s2.csv,266,<timecave.validation_methods.markov.MarkovCV object at 0x00000250F6AA27B0>,9,ARMA,2.806929291967637,1.1523919218284473,1.6753892956467273
datasets/synthetic_data/s2.csv,267,<timecave.validation_methods.OOS.Holdout object at 0x00000250F1CA1940>,0,Tree,1.8990962525766122,1.138601019362116,1.378077012571
datasets/synthetic_data/s2.csv,267,<timecave.validation_methods.OOS.Holdout object at 0x00000250F1CA1940>,0,ARMA,1.7230983251069334,1.019588069036814,1.312668398761444
datasets/synthetic_data/s2.csv,267,<timecave.validation_methods.OOS.Repeated_Holdout object at 0x00000250F6AA29C0>,0,Tree,2.714947257415086,1.3429037322076351,1.6477097005889982
datasets/synthetic_data/s2.csv,267,<timecave.validation_methods.OOS.Repeated_Holdout object at 0x00000250F6AA29C0>,0,ARMA,1.4799943202141992,0.9489072269132607,1.21655017167982
datasets/synthetic_data/s2.csv,267,<timecave.validation_methods.OOS.Repeated_Holdout object at 0x00000250F6AA29C0>,1,Tree,2.2229377869099998,1.1864771852263412,1.4909519733747294
datasets/synthetic_data/s2.csv,267,<timecave.validation_methods.OOS.Repeated_Holdout object at 0x00000250F6AA29C0>,1,ARMA,1.47137273551042,0.9480492470524634,1.2130015397807292
datasets/synthetic_data/s2.csv,267,<timecave.validation_methods.OOS.Repeated_Holdout object at 0x00000250F6AA29C0>,2,Tree,2.180386946854387,1.1840784015965768,1.4766133369485686
datasets/synthetic_data/s2.csv,267,<timecave.validation_methods.OOS.Repeated_Holdout object at 0x00000250F6AA29C0>,2,ARMA,1.4480716482249398,0.957482746457643,1.2033584869958494
datasets/synthetic_data/s2.csv,267,<timecave.validation_methods.OOS.Repeated_Holdout object at 0x00000250F6AA29C0>,3,Tree,1.9732927113326773,1.1672577663295616,1.4047393748780153
datasets/synthetic_data/s2.csv,267,<timecave.validation_methods.OOS.Repeated_Holdout object at 0x00000250F6AA29C0>,3,ARMA,1.7230983251069334,1.019588069036814,1.312668398761444
datasets/synthetic_data/s2.csv,267,<timecave.validation_methods.prequential.Growing_Window object at 0x00000250F6AA1FD0>,0,Tree,2.2159614900215834,1.2502691201788545,1.488610590457284
datasets/synthetic_data/s2.csv,267,<timecave.validation_methods.prequential.Growing_Window object at 0x00000250F6AA1FD0>,0,ARMA,2.5301963581010893,1.2512289147598883,1.5906590955013238
datasets/synthetic_data/s2.csv,267,<timecave.validation_methods.prequential.Growing_Window object at 0x00000250F6AA1FD0>,1,Tree,1.885136273364772,1.0442460240712823,1.373002648710035
datasets/synthetic_data/s2.csv,267,<timecave.validation_methods.prequential.Growing_Window object at 0x00000250F6AA1FD0>,1,ARMA,1.3571340163212788,0.9122129309262986,1.1649609505564034
datasets/synthetic_data/s2.csv,267,<timecave.validation_methods.prequential.Growing_Window object at 0x00000250F6AA1FD0>,2,Tree,2.0280512208635066,1.202655916602618,1.424096633260365
datasets/synthetic_data/s2.csv,267,<timecave.validation_methods.prequential.Growing_Window object at 0x00000250F6AA1FD0>,2,ARMA,2.363645523825865,1.227757358759004,1.5374152086622095
datasets/synthetic_data/s2.csv,267,<timecave.validation_methods.prequential.Growing_Window object at 0x00000250F6AA1FD0>,3,Tree,2.316306578691457,1.2198857404338577,1.5219417133029296
datasets/synthetic_data/s2.csv,267,<timecave.validation_methods.prequential.Growing_Window object at 0x00000250F6AA1FD0>,3,ARMA,1.5232718360718323,0.9741343694855281,1.2342089920559776
datasets/synthetic_data/s2.csv,267,<timecave.validation_methods.prequential.Growing_Window object at 0x00000250F6AA14C0>,0,Tree,1.9132521680597767,1.213219306375565,1.3832035887965939
datasets/synthetic_data/s2.csv,267,<timecave.validation_methods.prequential.Growing_Window object at 0x00000250F6AA14C0>,0,ARMA,1.1774928070695085,0.9287452262015876,1.0851234063780528
datasets/synthetic_data/s2.csv,267,<timecave.validation_methods.prequential.Growing_Window object at 0x00000250F6AA14C0>,1,Tree,1.881071598005167,1.1010692943284153,1.3715216359960083
datasets/synthetic_data/s2.csv,267,<timecave.validation_methods.prequential.Growing_Window object at 0x00000250F6AA14C0>,1,ARMA,2.457751783484585,1.2686674166640024,1.5677218450619947
datasets/synthetic_data/s2.csv,267,<timecave.validation_methods.prequential.Growing_Window object at 0x00000250F6AA14C0>,2,Tree,2.501787443697133,1.2617760353655645,1.5817039684141698
datasets/synthetic_data/s2.csv,267,<timecave.validation_methods.prequential.Growing_Window object at 0x00000250F6AA14C0>,2,ARMA,1.6955214959917162,1.038607056742443,1.3021219205557197
datasets/synthetic_data/s2.csv,267,<timecave.validation_methods.prequential.Rolling_Window object at 0x00000250F6AA0710>,0,Tree,2.2766315985419565,1.2952804812777836,1.5088510856085025
datasets/synthetic_data/s2.csv,267,<timecave.validation_methods.prequential.Rolling_Window object at 0x00000250F6AA0710>,0,ARMA,2.5301963581010893,1.2512289147598883,1.5906590955013238
datasets/synthetic_data/s2.csv,267,<timecave.validation_methods.prequential.Rolling_Window object at 0x00000250F6AA0710>,1,Tree,2.329759731450265,1.3304016099672271,1.5263550476380863
datasets/synthetic_data/s2.csv,267,<timecave.validation_methods.prequential.Rolling_Window object at 0x00000250F6AA0710>,1,ARMA,2.329083474243533,1.2505841016012904,1.5261335047247777
datasets/synthetic_data/s2.csv,267,<timecave.validation_methods.prequential.Rolling_Window object at 0x00000250F6AA0710>,2,Tree,1.9380693087400234,1.1764996112868193,1.3921455774235765
datasets/synthetic_data/s2.csv,267,<timecave.validation_methods.prequential.Rolling_Window object at 0x00000250F6AA0710>,2,ARMA,2.0314161374391526,1.1599463784293327,1.425277565051507
datasets/synthetic_data/s2.csv,267,<timecave.validation_methods.prequential.Rolling_Window object at 0x00000250F6AA0710>,3,Tree,3.056365621080829,1.4896474010625274,1.7482464417469377
datasets/synthetic_data/s2.csv,267,<timecave.validation_methods.prequential.Rolling_Window object at 0x00000250F6AA0710>,3,ARMA,1.778257321262164,1.0241957470416156,1.3335131500147135
datasets/synthetic_data/s2.csv,267,<timecave.validation_methods.prequential.Rolling_Window object at 0x00000250F6AA1E20>,0,Tree,2.1046971786250457,1.2779802503618456,1.4507574499636546
datasets/synthetic_data/s2.csv,267,<timecave.validation_methods.prequential.Rolling_Window object at 0x00000250F6AA1E20>,0,ARMA,1.1774928070695085,0.9287452262015876,1.0851234063780528
datasets/synthetic_data/s2.csv,267,<timecave.validation_methods.prequential.Rolling_Window object at 0x00000250F6AA1E20>,1,Tree,2.83777658045587,1.390027943619138,1.6845701470867487
datasets/synthetic_data/s2.csv,267,<timecave.validation_methods.prequential.Rolling_Window object at 0x00000250F6AA1E20>,1,ARMA,3.791450100828536,1.6273396692127111,1.9471646311569384
datasets/synthetic_data/s2.csv,267,<timecave.validation_methods.prequential.Rolling_Window object at 0x00000250F6AA1E20>,2,Tree,1.8487971004266568,1.0688346902887,1.3597047842920378
datasets/synthetic_data/s2.csv,267,<timecave.validation_methods.prequential.Rolling_Window object at 0x00000250F6AA1E20>,2,ARMA,1.3312702840366157,0.8698132381134545,1.153806866003412
datasets/synthetic_data/s2.csv,267,<timecave.validation_methods.CV.Block_CV object at 0x00000250F6AA1A90>,0,Tree,1.4960492310236917,0.9941759069089978,1.2231309132810322
datasets/synthetic_data/s2.csv,267,<timecave.validation_methods.CV.Block_CV object at 0x00000250F6AA1A90>,0,ARMA,1.672319960167481,1.1539849871754944,1.2931821063436815
datasets/synthetic_data/s2.csv,267,<timecave.validation_methods.CV.Block_CV object at 0x00000250F6AA1A90>,1,Tree,3.2040345259489675,1.451951275942416,1.7899817110654979
datasets/synthetic_data/s2.csv,267,<timecave.validation_methods.CV.Block_CV object at 0x00000250F6AA1A90>,1,ARMA,2.093072182836338,1.1447272552272911,1.446745375951255
datasets/synthetic_data/s2.csv,267,<timecave.validation_methods.CV.Block_CV object at 0x00000250F6AA1A90>,2,Tree,3.555385220216611,1.5610536714023076,1.885572915645696
datasets/synthetic_data/s2.csv,267,<timecave.validation_methods.CV.Block_CV object at 0x00000250F6AA1A90>,2,ARMA,1.2256983576470843,0.8778515329000249,1.1071126219346812
datasets/synthetic_data/s2.csv,267,<timecave.validation_methods.CV.Block_CV object at 0x00000250F6AA1A90>,3,Tree,1.6768140857405682,0.935655675922433,1.29491856336241
datasets/synthetic_data/s2.csv,267,<timecave.validation_methods.CV.Block_CV object at 0x00000250F6AA1A90>,3,ARMA,2.3363173985880312,1.231208427440453,1.5285016841953531
datasets/synthetic_data/s2.csv,267,<timecave.validation_methods.CV.Block_CV object at 0x00000250F6AA1A90>,4,Tree,2.323373918447391,1.210812669402497,1.5242617617874534
datasets/synthetic_data/s2.csv,267,<timecave.validation_methods.CV.Block_CV object at 0x00000250F6AA1A90>,4,ARMA,1.5232718360718323,0.9741343694855281,1.2342089920559776
datasets/synthetic_data/s2.csv,267,<timecave.validation_methods.CV.AdaptedhvBlockCV object at 0x00000250F6AA16A0>,0,Tree,1.7106014917127108,1.0697724961523092,1.3078996489458627
datasets/synthetic_data/s2.csv,267,<timecave.validation_methods.CV.AdaptedhvBlockCV object at 0x00000250F6AA16A0>,0,ARMA,1.6705669570938921,1.1525604739117137,1.2925041420026058
datasets/synthetic_data/s2.csv,267,<timecave.validation_methods.CV.AdaptedhvBlockCV object at 0x00000250F6AA16A0>,1,Tree,3.7083571650516904,1.5593283736478993,1.9257095225011716
datasets/synthetic_data/s2.csv,267,<timecave.validation_methods.CV.AdaptedhvBlockCV object at 0x00000250F6AA16A0>,1,ARMA,2.083710934718808,1.141453575695917,1.4435064720044757
datasets/synthetic_data/s2.csv,267,<timecave.validation_methods.CV.AdaptedhvBlockCV object at 0x00000250F6AA16A0>,2,Tree,2.6685430411950173,1.3012998999378627,1.6335675808472134
datasets/synthetic_data/s2.csv,267,<timecave.validation_methods.CV.AdaptedhvBlockCV object at 0x00000250F6AA16A0>,2,ARMA,1.2332488363763134,0.8776205135298594,1.1105173732888258
datasets/synthetic_data/s2.csv,267,<timecave.validation_methods.CV.AdaptedhvBlockCV object at 0x00000250F6AA16A0>,3,Tree,1.6887927786076138,1.1760331462713467,1.2995356011312709
datasets/synthetic_data/s2.csv,267,<timecave.validation_methods.CV.AdaptedhvBlockCV object at 0x00000250F6AA16A0>,3,ARMA,2.3641503586934136,1.2396679169507765,1.5375793828916327
datasets/synthetic_data/s2.csv,267,<timecave.validation_methods.CV.AdaptedhvBlockCV object at 0x00000250F6AA16A0>,4,Tree,2.5797254534909477,1.3172650637299352,1.60615237555188
datasets/synthetic_data/s2.csv,267,<timecave.validation_methods.CV.AdaptedhvBlockCV object at 0x00000250F6AA16A0>,4,ARMA,1.5487879407920127,0.975682443575862,1.2445030899085838
datasets/synthetic_data/s2.csv,267,<timecave.validation_methods.markov.MarkovCV object at 0x00000250F6AA1700>,0,Tree,2.1378000785555367,1.1792480901711602,1.462121772820423
datasets/synthetic_data/s2.csv,267,<timecave.validation_methods.markov.MarkovCV object at 0x00000250F6AA1700>,0,ARMA,2.095987415905591,1.0507153782174354,1.447752539595628
datasets/synthetic_data/s2.csv,267,<timecave.validation_methods.markov.MarkovCV object at 0x00000250F6AA1700>,1,Tree,2.1145538478938013,1.1241758159174182,1.4541505588809576
datasets/synthetic_data/s2.csv,267,<timecave.validation_methods.markov.MarkovCV object at 0x00000250F6AA1700>,1,ARMA,1.5938651792456204,1.0154057620567363,1.262483734249919
datasets/synthetic_data/s2.csv,267,<timecave.validation_methods.markov.MarkovCV object at 0x00000250F6AA1700>,2,Tree,3.523983973798702,1.4688819787769445,1.8772277362639573
datasets/synthetic_data/s2.csv,267,<timecave.validation_methods.markov.MarkovCV object at 0x00000250F6AA1700>,2,ARMA,1.281432730808721,0.7959470816121219,1.1320038563577073
datasets/synthetic_data/s2.csv,267,<timecave.validation_methods.markov.MarkovCV object at 0x00000250F6AA1700>,3,Tree,6.099361321999394,2.020119568289743,2.4696885070792622
datasets/synthetic_data/s2.csv,267,<timecave.validation_methods.markov.MarkovCV object at 0x00000250F6AA1700>,3,ARMA,1.7518154223931348,1.0932056491603483,1.3235616428384192
datasets/synthetic_data/s2.csv,267,<timecave.validation_methods.markov.MarkovCV object at 0x00000250F6AA1700>,4,Tree,5.484844345945875,1.7141549964630984,2.341974454588665
datasets/synthetic_data/s2.csv,267,<timecave.validation_methods.markov.MarkovCV object at 0x00000250F6AA1700>,4,ARMA,2.901611957507649,1.3312711252003797,1.7034118578628157
datasets/synthetic_data/s2.csv,267,<timecave.validation_methods.markov.MarkovCV object at 0x00000250F6AA1700>,5,Tree,6.087305830541023,2.1767400843317954,2.467246609186245
datasets/synthetic_data/s2.csv,267,<timecave.validation_methods.markov.MarkovCV object at 0x00000250F6AA1700>,5,ARMA,2.333257667750749,1.325491568102076,1.527500464075461
datasets/synthetic_data/s2.csv,267,<timecave.validation_methods.markov.MarkovCV object at 0x00000250F6AA1700>,6,Tree,1.8835919092190176,1.2678701668611272,1.3724401295572124
datasets/synthetic_data/s2.csv,267,<timecave.validation_methods.markov.MarkovCV object at 0x00000250F6AA1700>,6,ARMA,1.6540579682927943,1.1379150778446996,1.2861018498908996
datasets/synthetic_data/s2.csv,267,<timecave.validation_methods.markov.MarkovCV object at 0x00000250F6AA1700>,7,Tree,2.4162489412889605,1.2553551831260792,1.5544288151243724
datasets/synthetic_data/s2.csv,267,<timecave.validation_methods.markov.MarkovCV object at 0x00000250F6AA1700>,7,ARMA,1.7822716272645127,1.1177966911829156,1.335017463280729
datasets/synthetic_data/s2.csv,267,<timecave.validation_methods.markov.MarkovCV object at 0x00000250F6AA1700>,8,Tree,3.009583609761739,1.3635143647841441,1.734815151467654
datasets/synthetic_data/s2.csv,267,<timecave.validation_methods.markov.MarkovCV object at 0x00000250F6AA1700>,8,ARMA,1.7210445519332263,1.1807557127348223,1.311885876108599
datasets/synthetic_data/s2.csv,267,<timecave.validation_methods.markov.MarkovCV object at 0x00000250F6AA1700>,9,Tree,1.6399065776383166,0.9771857036564093,1.2805883716629307
datasets/synthetic_data/s2.csv,267,<timecave.validation_methods.markov.MarkovCV object at 0x00000250F6AA1700>,9,ARMA,1.8779444407107635,1.094567139948304,1.370381129726604
datasets/synthetic_data/s2.csv,268,<timecave.validation_methods.OOS.Holdout object at 0x00000250F6A376E0>,0,Tree,2.9385586330495967,1.4214689086941237,1.7142224572819005
datasets/synthetic_data/s2.csv,268,<timecave.validation_methods.OOS.Holdout object at 0x00000250F6A376E0>,0,ARMA,1.896028548628659,1.0774867771827614,1.3769635247996437
datasets/synthetic_data/s2.csv,268,<timecave.validation_methods.OOS.Repeated_Holdout object at 0x00000250F6AA26F0>,0,Tree,3.279753352296359,1.4533061699542928,1.8110089321415175
datasets/synthetic_data/s2.csv,268,<timecave.validation_methods.OOS.Repeated_Holdout object at 0x00000250F6AA26F0>,0,ARMA,2.1770317063387683,1.16087906092376,1.4754767725514246
datasets/synthetic_data/s2.csv,268,<timecave.validation_methods.OOS.Repeated_Holdout object at 0x00000250F6AA26F0>,1,Tree,2.798305177037767,1.4072713466361155,1.6728135511878683
datasets/synthetic_data/s2.csv,268,<timecave.validation_methods.OOS.Repeated_Holdout object at 0x00000250F6AA26F0>,1,ARMA,2.1099126458627677,1.1261107471214329,1.4525538357881156
datasets/synthetic_data/s2.csv,268,<timecave.validation_methods.OOS.Repeated_Holdout object at 0x00000250F6AA26F0>,2,Tree,2.784824025123277,1.3256321274068557,1.6687792020286198
datasets/synthetic_data/s2.csv,268,<timecave.validation_methods.OOS.Repeated_Holdout object at 0x00000250F6AA26F0>,2,ARMA,1.9326090368203002,1.0811230751366643,1.390183094711017
datasets/synthetic_data/s2.csv,268,<timecave.validation_methods.OOS.Repeated_Holdout object at 0x00000250F6AA26F0>,3,Tree,2.7568308849821106,1.4228195470441087,1.6603707070958915
datasets/synthetic_data/s2.csv,268,<timecave.validation_methods.OOS.Repeated_Holdout object at 0x00000250F6AA26F0>,3,ARMA,1.896028548628659,1.0774867771827614,1.3769635247996437
datasets/synthetic_data/s2.csv,268,<timecave.validation_methods.prequential.Growing_Window object at 0x00000250F6AA23C0>,0,Tree,2.703024787956094,1.3219894300177097,1.6440878285408276
datasets/synthetic_data/s2.csv,268,<timecave.validation_methods.prequential.Growing_Window object at 0x00000250F6AA23C0>,0,ARMA,2.0811122466120238,1.1535608571856908,1.4426060607844484
datasets/synthetic_data/s2.csv,268,<timecave.validation_methods.prequential.Growing_Window object at 0x00000250F6AA23C0>,1,Tree,3.344853871133052,1.5515567941993456,1.828894166192525
datasets/synthetic_data/s2.csv,268,<timecave.validation_methods.prequential.Growing_Window object at 0x00000250F6AA23C0>,1,ARMA,1.131455222689444,0.8777341829879355,1.0636988402219136
datasets/synthetic_data/s2.csv,268,<timecave.validation_methods.prequential.Growing_Window object at 0x00000250F6AA23C0>,2,Tree,2.9114492403340146,1.470424690834321,1.7062969379138013
datasets/synthetic_data/s2.csv,268,<timecave.validation_methods.prequential.Growing_Window object at 0x00000250F6AA23C0>,2,ARMA,1.2810613923892982,0.8976141492704971,1.1318398262957963
datasets/synthetic_data/s2.csv,268,<timecave.validation_methods.prequential.Growing_Window object at 0x00000250F6AA23C0>,3,Tree,2.9366165877888384,1.4499079507957977,1.7136559128917446
datasets/synthetic_data/s2.csv,268,<timecave.validation_methods.prequential.Growing_Window object at 0x00000250F6AA23C0>,3,ARMA,2.226196967108475,1.1542464520800646,1.492044559357553
datasets/synthetic_data/s2.csv,268,<timecave.validation_methods.prequential.Growing_Window object at 0x00000250F6AA0C50>,0,Tree,2.687460837209889,1.2922647146638393,1.639347686492981
datasets/synthetic_data/s2.csv,268,<timecave.validation_methods.prequential.Growing_Window object at 0x00000250F6AA0C50>,0,ARMA,1.5888449313223778,0.9765408543397844,1.2604939235563088
datasets/synthetic_data/s2.csv,268,<timecave.validation_methods.prequential.Growing_Window object at 0x00000250F6AA0C50>,1,Tree,2.403888374557718,1.3411210448362698,1.550447798075678
datasets/synthetic_data/s2.csv,268,<timecave.validation_methods.prequential.Growing_Window object at 0x00000250F6AA0C50>,1,ARMA,1.2079622197103816,0.870757254444336,1.099073345919362
datasets/synthetic_data/s2.csv,268,<timecave.validation_methods.prequential.Growing_Window object at 0x00000250F6AA0C50>,2,Tree,2.615314843038006,1.2343344252911719,1.617193508222812
datasets/synthetic_data/s2.csv,268,<timecave.validation_methods.prequential.Growing_Window object at 0x00000250F6AA0C50>,2,ARMA,2.1423695918114802,1.1255480347615943,1.4636835695639547
datasets/synthetic_data/s2.csv,268,<timecave.validation_methods.prequential.Rolling_Window object at 0x00000250F6AA1CD0>,0,Tree,3.025529518010009,1.407933602968352,1.7394049321563996
datasets/synthetic_data/s2.csv,268,<timecave.validation_methods.prequential.Rolling_Window object at 0x00000250F6AA1CD0>,0,ARMA,2.0811122466120238,1.1535608571856908,1.4426060607844484
datasets/synthetic_data/s2.csv,268,<timecave.validation_methods.prequential.Rolling_Window object at 0x00000250F6AA1CD0>,1,Tree,2.8732362777959732,1.414072104383202,1.6950623226878632
datasets/synthetic_data/s2.csv,268,<timecave.validation_methods.prequential.Rolling_Window object at 0x00000250F6AA1CD0>,1,ARMA,1.0624885843421699,0.8568454517975248,1.0307708689821273
datasets/synthetic_data/s2.csv,268,<timecave.validation_methods.prequential.Rolling_Window object at 0x00000250F6AA1CD0>,2,Tree,1.8076579859872555,1.0681866780366696,1.3444917203119011
datasets/synthetic_data/s2.csv,268,<timecave.validation_methods.prequential.Rolling_Window object at 0x00000250F6AA1CD0>,2,ARMA,1.1462053645818089,0.8676575700259115,1.0706098096794223
datasets/synthetic_data/s2.csv,268,<timecave.validation_methods.prequential.Rolling_Window object at 0x00000250F6AA1CD0>,3,Tree,3.29391368577559,1.4745562621117227,1.8149142364793962
datasets/synthetic_data/s2.csv,268,<timecave.validation_methods.prequential.Rolling_Window object at 0x00000250F6AA1CD0>,3,ARMA,2.237976095860409,1.1641160120650675,1.4959866629954992
datasets/synthetic_data/s2.csv,268,<timecave.validation_methods.prequential.Rolling_Window object at 0x00000250F6AA2BD0>,0,Tree,3.2548694820519404,1.4229790104595745,1.8041256835519914
datasets/synthetic_data/s2.csv,268,<timecave.validation_methods.prequential.Rolling_Window object at 0x00000250F6AA2BD0>,0,ARMA,1.5888449313223778,0.9765408543397844,1.2604939235563088
datasets/synthetic_data/s2.csv,268,<timecave.validation_methods.prequential.Rolling_Window object at 0x00000250F6AA2BD0>,1,Tree,3.5766711318040367,1.55157946149254,1.8912089074991258
datasets/synthetic_data/s2.csv,268,<timecave.validation_methods.prequential.Rolling_Window object at 0x00000250F6AA2BD0>,1,ARMA,1.2436840200361035,0.892969928106992,1.1152058195849337
datasets/synthetic_data/s2.csv,268,<timecave.validation_methods.prequential.Rolling_Window object at 0x00000250F6AA2BD0>,2,Tree,2.7246202165259295,1.3677388999865154,1.6506423648161734
datasets/synthetic_data/s2.csv,268,<timecave.validation_methods.prequential.Rolling_Window object at 0x00000250F6AA2BD0>,2,ARMA,2.5233273529361093,1.1750166892537734,1.588498458587892
datasets/synthetic_data/s2.csv,268,<timecave.validation_methods.CV.Block_CV object at 0x00000250F6AA1910>,0,Tree,3.486101584213236,1.4439344807180223,1.8671104906280283
datasets/synthetic_data/s2.csv,268,<timecave.validation_methods.CV.Block_CV object at 0x00000250F6AA1910>,0,ARMA,2.9952897963500855,1.3429177252325584,1.7306905547642206
datasets/synthetic_data/s2.csv,268,<timecave.validation_methods.CV.Block_CV object at 0x00000250F6AA1910>,1,Tree,2.0868832958484367,1.1352882663668766,1.4446048926431188
datasets/synthetic_data/s2.csv,268,<timecave.validation_methods.CV.Block_CV object at 0x00000250F6AA1910>,1,ARMA,1.8627412718053047,1.0950905260843684,1.3648227986831494
datasets/synthetic_data/s2.csv,268,<timecave.validation_methods.CV.Block_CV object at 0x00000250F6AA1910>,2,Tree,1.922832274834931,1.2485796137342302,1.3866622785793703
datasets/synthetic_data/s2.csv,268,<timecave.validation_methods.CV.Block_CV object at 0x00000250F6AA1910>,2,ARMA,1.0764988051350455,0.879738441869389,1.0375446039255591
datasets/synthetic_data/s2.csv,268,<timecave.validation_methods.CV.Block_CV object at 0x00000250F6AA1910>,3,Tree,3.0102050278396613,1.4293860425468583,1.7349942443246493
datasets/synthetic_data/s2.csv,268,<timecave.validation_methods.CV.Block_CV object at 0x00000250F6AA1910>,3,ARMA,1.2586489084624006,0.8965375208388997,1.1218952306086343
datasets/synthetic_data/s2.csv,268,<timecave.validation_methods.CV.Block_CV object at 0x00000250F6AA1910>,4,Tree,3.0070107533691943,1.4737707983897752,1.7340734567397065
datasets/synthetic_data/s2.csv,268,<timecave.validation_methods.CV.Block_CV object at 0x00000250F6AA1910>,4,ARMA,2.226196967108475,1.1542464520800646,1.492044559357553
datasets/synthetic_data/s2.csv,268,<timecave.validation_methods.CV.AdaptedhvBlockCV object at 0x00000250F6AA0350>,0,Tree,3.5543215350671886,1.4221938729825283,1.8852908356715652
datasets/synthetic_data/s2.csv,268,<timecave.validation_methods.CV.AdaptedhvBlockCV object at 0x00000250F6AA0350>,0,ARMA,2.9945514074717847,1.3428728163016252,1.730477219576087
datasets/synthetic_data/s2.csv,268,<timecave.validation_methods.CV.AdaptedhvBlockCV object at 0x00000250F6AA0350>,1,Tree,2.7985761893138736,1.3801008523170508,1.6728945541527336
datasets/synthetic_data/s2.csv,268,<timecave.validation_methods.CV.AdaptedhvBlockCV object at 0x00000250F6AA0350>,1,ARMA,1.8514159203881553,1.0908246237332035,1.3606674540048922
datasets/synthetic_data/s2.csv,268,<timecave.validation_methods.CV.AdaptedhvBlockCV object at 0x00000250F6AA0350>,2,Tree,2.5010864279401326,1.3588405857141879,1.581482351447569
datasets/synthetic_data/s2.csv,268,<timecave.validation_methods.CV.AdaptedhvBlockCV object at 0x00000250F6AA0350>,2,ARMA,1.077369089040758,0.8800131186370137,1.0379639150956828
datasets/synthetic_data/s2.csv,268,<timecave.validation_methods.CV.AdaptedhvBlockCV object at 0x00000250F6AA0350>,3,Tree,2.8186519266533954,1.3038189114779628,1.6788841313960279
datasets/synthetic_data/s2.csv,268,<timecave.validation_methods.CV.AdaptedhvBlockCV object at 0x00000250F6AA0350>,3,ARMA,1.2553268665317012,0.8952424831494333,1.1204137032952164
datasets/synthetic_data/s2.csv,268,<timecave.validation_methods.CV.AdaptedhvBlockCV object at 0x00000250F6AA0350>,4,Tree,3.0531107829535493,1.4807687685467832,1.7473153072509693
datasets/synthetic_data/s2.csv,268,<timecave.validation_methods.CV.AdaptedhvBlockCV object at 0x00000250F6AA0350>,4,ARMA,2.0424496153013845,1.1029535302403906,1.4291429653122127
datasets/synthetic_data/s2.csv,268,<timecave.validation_methods.markov.MarkovCV object at 0x00000250F6AA3CB0>,0,Tree,2.371719084575673,1.2916165511854973,1.5400386633379284
datasets/synthetic_data/s2.csv,268,<timecave.validation_methods.markov.MarkovCV object at 0x00000250F6AA3CB0>,0,ARMA,1.4425881891063703,1.017483695015024,1.2010779279906738
datasets/synthetic_data/s2.csv,268,<timecave.validation_methods.markov.MarkovCV object at 0x00000250F6AA3CB0>,1,Tree,2.5679978947708624,1.167010820345598,1.6024973930621111
datasets/synthetic_data/s2.csv,268,<timecave.validation_methods.markov.MarkovCV object at 0x00000250F6AA3CB0>,1,ARMA,1.3531032798089828,0.9902383818989443,1.163229676293114
datasets/synthetic_data/s2.csv,268,<timecave.validation_methods.markov.MarkovCV object at 0x00000250F6AA3CB0>,2,Tree,5.8938155156594725,2.0803461905385037,2.4277181705584097
datasets/synthetic_data/s2.csv,268,<timecave.validation_methods.markov.MarkovCV object at 0x00000250F6AA3CB0>,2,ARMA,2.2809439632431694,1.2597543524261745,1.5102794321724604
datasets/synthetic_data/s2.csv,268,<timecave.validation_methods.markov.MarkovCV object at 0x00000250F6AA3CB0>,3,Tree,6.864750853857748,2.2539711149478068,2.6200669559875274
datasets/synthetic_data/s2.csv,268,<timecave.validation_methods.markov.MarkovCV object at 0x00000250F6AA3CB0>,3,ARMA,2.385074848133877,1.3096190894337316,1.544368753936014
datasets/synthetic_data/s2.csv,268,<timecave.validation_methods.markov.MarkovCV object at 0x00000250F6AA3CB0>,4,Tree,6.206576205271048,2.096570194989876,2.4913001034140887
datasets/synthetic_data/s2.csv,268,<timecave.validation_methods.markov.MarkovCV object at 0x00000250F6AA3CB0>,4,ARMA,2.2625607756725348,1.1586948213708008,1.5041810980305979
datasets/synthetic_data/s2.csv,268,<timecave.validation_methods.markov.MarkovCV object at 0x00000250F6AA3CB0>,5,Tree,3.367809180542538,1.4764621850395907,1.8351591703562222
datasets/synthetic_data/s2.csv,268,<timecave.validation_methods.markov.MarkovCV object at 0x00000250F6AA3CB0>,5,ARMA,1.7998996830017115,1.1012792213414828,1.3416034000410522
datasets/synthetic_data/s2.csv,268,<timecave.validation_methods.markov.MarkovCV object at 0x00000250F6AA3CB0>,6,Tree,4.60044373227914,1.5076979484419524,2.144864502079127
datasets/synthetic_data/s2.csv,268,<timecave.validation_methods.markov.MarkovCV object at 0x00000250F6AA3CB0>,6,ARMA,3.7657372245692553,1.6472321182321972,1.9405507528970365
datasets/synthetic_data/s2.csv,268,<timecave.validation_methods.markov.MarkovCV object at 0x00000250F6AA3CB0>,7,Tree,4.393969345013873,1.5448162322317882,2.096179702462046
datasets/synthetic_data/s2.csv,268,<timecave.validation_methods.markov.MarkovCV object at 0x00000250F6AA3CB0>,7,ARMA,4.339786022457611,1.6721891386276972,2.0832153087133385
datasets/synthetic_data/s2.csv,268,<timecave.validation_methods.markov.MarkovCV object at 0x00000250F6AA3CB0>,8,Tree,4.962095876031783,2.037589378196127,2.227576233495003
datasets/synthetic_data/s2.csv,268,<timecave.validation_methods.markov.MarkovCV object at 0x00000250F6AA3CB0>,8,ARMA,1.7568463894119066,1.158075205256162,1.3254608215303485
datasets/synthetic_data/s2.csv,268,<timecave.validation_methods.markov.MarkovCV object at 0x00000250F6AA3CB0>,9,Tree,3.6797547626366254,1.6635199427089036,1.9182686888537344
datasets/synthetic_data/s2.csv,268,<timecave.validation_methods.markov.MarkovCV object at 0x00000250F6AA3CB0>,9,ARMA,1.4065603400846447,1.0099086028392983,1.1859849662135877
datasets/synthetic_data/s2.csv,269,<timecave.validation_methods.OOS.Holdout object at 0x00000250F6A34B90>,0,Tree,2.8452176263699736,1.4136536202859027,1.6867772900919593
datasets/synthetic_data/s2.csv,269,<timecave.validation_methods.OOS.Holdout object at 0x00000250F6A34B90>,0,ARMA,1.1681208969487604,0.8413078183872903,1.0807964179015215
datasets/synthetic_data/s2.csv,269,<timecave.validation_methods.OOS.Repeated_Holdout object at 0x00000250F6AA2180>,0,Tree,1.9916416311955476,1.1086169581072347,1.4112553387660036
datasets/synthetic_data/s2.csv,269,<timecave.validation_methods.OOS.Repeated_Holdout object at 0x00000250F6AA2180>,0,ARMA,0.9376248600962886,0.7709566689985935,0.9683103118816244
datasets/synthetic_data/s2.csv,269,<timecave.validation_methods.OOS.Repeated_Holdout object at 0x00000250F6AA2180>,1,Tree,1.882625455872639,1.0315723560429801,1.3720879913010824
datasets/synthetic_data/s2.csv,269,<timecave.validation_methods.OOS.Repeated_Holdout object at 0x00000250F6AA2180>,1,ARMA,0.7689468149464153,0.6995827355049404,0.8768961255168227
datasets/synthetic_data/s2.csv,269,<timecave.validation_methods.OOS.Repeated_Holdout object at 0x00000250F6AA2180>,2,Tree,1.999810638255476,1.1437499840156784,1.414146611301486
datasets/synthetic_data/s2.csv,269,<timecave.validation_methods.OOS.Repeated_Holdout object at 0x00000250F6AA2180>,2,ARMA,1.2096210344318294,0.8507993659439184,1.0998277294339462
datasets/synthetic_data/s2.csv,269,<timecave.validation_methods.OOS.Repeated_Holdout object at 0x00000250F6AA2180>,3,Tree,2.901055455215661,1.4346871866717816,1.7032485007231508
datasets/synthetic_data/s2.csv,269,<timecave.validation_methods.OOS.Repeated_Holdout object at 0x00000250F6AA2180>,3,ARMA,1.1681208969487604,0.8413078183872903,1.0807964179015215
datasets/synthetic_data/s2.csv,269,<timecave.validation_methods.prequential.Growing_Window object at 0x00000250F6AA2A80>,0,Tree,2.6791037487640414,1.3007022707182057,1.6367967951960443
datasets/synthetic_data/s2.csv,269,<timecave.validation_methods.prequential.Growing_Window object at 0x00000250F6AA2A80>,0,ARMA,1.630532318380792,1.032499301581448,1.2769229884299178
datasets/synthetic_data/s2.csv,269,<timecave.validation_methods.prequential.Growing_Window object at 0x00000250F6AA2A80>,1,Tree,3.737474930278535,1.4941373956660242,1.9332550091176628
datasets/synthetic_data/s2.csv,269,<timecave.validation_methods.prequential.Growing_Window object at 0x00000250F6AA2A80>,1,ARMA,1.5030987815760142,0.9764321581917088,1.2260092909827454
datasets/synthetic_data/s2.csv,269,<timecave.validation_methods.prequential.Growing_Window object at 0x00000250F6AA2A80>,2,Tree,3.3658208634993882,1.2727214989998412,1.8346173616041543
datasets/synthetic_data/s2.csv,269,<timecave.validation_methods.prequential.Growing_Window object at 0x00000250F6AA2A80>,2,ARMA,1.4912524258671946,0.9971673036773658,1.2211684674389502
datasets/synthetic_data/s2.csv,269,<timecave.validation_methods.prequential.Growing_Window object at 0x00000250F6AA2A80>,3,Tree,2.0379863120630075,1.0969897274141507,1.4275805798843746
datasets/synthetic_data/s2.csv,269,<timecave.validation_methods.prequential.Growing_Window object at 0x00000250F6AA2A80>,3,ARMA,0.8031351877544255,0.717998116892193,0.8961781004657643
datasets/synthetic_data/s2.csv,269,<timecave.validation_methods.prequential.Growing_Window object at 0x00000250F6AA3470>,0,Tree,4.749928372639677,1.8918433979764,2.179433039264955
datasets/synthetic_data/s2.csv,269,<timecave.validation_methods.prequential.Growing_Window object at 0x00000250F6AA3470>,0,ARMA,1.4106062885724138,0.925208997032958,1.1876894748091413
datasets/synthetic_data/s2.csv,269,<timecave.validation_methods.prequential.Growing_Window object at 0x00000250F6AA3470>,1,Tree,2.702356787313408,1.3351425005046638,1.6438846636286282
datasets/synthetic_data/s2.csv,269,<timecave.validation_methods.prequential.Growing_Window object at 0x00000250F6AA3470>,1,ARMA,1.6061436392533652,1.0211292657432336,1.267337223967388
datasets/synthetic_data/s2.csv,269,<timecave.validation_methods.prequential.Growing_Window object at 0x00000250F6AA3470>,2,Tree,1.4686218122230092,1.0088146285881445,1.211867076961417
datasets/synthetic_data/s2.csv,269,<timecave.validation_methods.prequential.Growing_Window object at 0x00000250F6AA3470>,2,ARMA,0.7439510777475677,0.6708055467932243,0.8625259867085557
datasets/synthetic_data/s2.csv,269,<timecave.validation_methods.prequential.Rolling_Window object at 0x00000250F6AA1640>,0,Tree,2.739643921165557,1.2323626432721884,1.6551869746845995
datasets/synthetic_data/s2.csv,269,<timecave.validation_methods.prequential.Rolling_Window object at 0x00000250F6AA1640>,0,ARMA,1.630532318380792,1.032499301581448,1.2769229884299178
datasets/synthetic_data/s2.csv,269,<timecave.validation_methods.prequential.Rolling_Window object at 0x00000250F6AA1640>,1,Tree,3.779079657830701,1.5663881922914957,1.9439855086472997
datasets/synthetic_data/s2.csv,269,<timecave.validation_methods.prequential.Rolling_Window object at 0x00000250F6AA1640>,1,ARMA,1.6473978836795078,1.0145933215632037,1.2835099858121508
datasets/synthetic_data/s2.csv,269,<timecave.validation_methods.prequential.Rolling_Window object at 0x00000250F6AA1640>,2,Tree,2.446366318439057,1.2570931495634468,1.564086416550907
datasets/synthetic_data/s2.csv,269,<timecave.validation_methods.prequential.Rolling_Window object at 0x00000250F6AA1640>,2,ARMA,1.5038589905049935,0.9783649283033627,1.226319285710289
datasets/synthetic_data/s2.csv,269,<timecave.validation_methods.prequential.Rolling_Window object at 0x00000250F6AA1640>,3,Tree,1.1078962118674744,0.8146023924915938,1.0525664880982457
datasets/synthetic_data/s2.csv,269,<timecave.validation_methods.prequential.Rolling_Window object at 0x00000250F6AA1640>,3,ARMA,1.0970628297764837,0.8610882571066265,1.0474076712419496
datasets/synthetic_data/s2.csv,269,<timecave.validation_methods.prequential.Rolling_Window object at 0x00000250F6AA33E0>,0,Tree,4.999138090296165,2.0162285569501375,2.2358752403245052
datasets/synthetic_data/s2.csv,269,<timecave.validation_methods.prequential.Rolling_Window object at 0x00000250F6AA33E0>,0,ARMA,1.4106062885724138,0.925208997032958,1.1876894748091413
datasets/synthetic_data/s2.csv,269,<timecave.validation_methods.prequential.Rolling_Window object at 0x00000250F6AA33E0>,1,Tree,2.0549161601282697,1.1480421768798177,1.4334978758715584
datasets/synthetic_data/s2.csv,269,<timecave.validation_methods.prequential.Rolling_Window object at 0x00000250F6AA33E0>,1,ARMA,1.7176075124659638,1.0265968476520988,1.3105752601304375
datasets/synthetic_data/s2.csv,269,<timecave.validation_methods.prequential.Rolling_Window object at 0x00000250F6AA33E0>,2,Tree,2.0903580308176752,1.1375441818200773,1.4458070517249788
datasets/synthetic_data/s2.csv,269,<timecave.validation_methods.prequential.Rolling_Window object at 0x00000250F6AA33E0>,2,ARMA,0.7631394197913192,0.6663025812726343,0.8735785138104755
datasets/synthetic_data/s2.csv,269,<timecave.validation_methods.CV.Block_CV object at 0x00000250F6AA3B30>,0,Tree,3.042695194121756,1.3771846037269209,1.7443323061050484
datasets/synthetic_data/s2.csv,269,<timecave.validation_methods.CV.Block_CV object at 0x00000250F6AA3B30>,0,ARMA,2.3983698331253622,1.305602288407625,1.5486671150138631
datasets/synthetic_data/s2.csv,269,<timecave.validation_methods.CV.Block_CV object at 0x00000250F6AA3B30>,1,Tree,1.7938172148271745,0.9439154077460777,1.3393346164522049
datasets/synthetic_data/s2.csv,269,<timecave.validation_methods.CV.Block_CV object at 0x00000250F6AA3B30>,1,ARMA,1.5560493478506767,1.022970620269445,1.2474170705304128
datasets/synthetic_data/s2.csv,269,<timecave.validation_methods.CV.Block_CV object at 0x00000250F6AA3B30>,2,Tree,2.1349089092114384,1.05024104600589,1.4611327486616124
datasets/synthetic_data/s2.csv,269,<timecave.validation_methods.CV.Block_CV object at 0x00000250F6AA3B30>,2,ARMA,1.4595911488975042,0.9663162072508191,1.2081354017234591
datasets/synthetic_data/s2.csv,269,<timecave.validation_methods.CV.Block_CV object at 0x00000250F6AA3B30>,3,Tree,2.4631435151847265,1.211036393689713,1.5694405102407438
datasets/synthetic_data/s2.csv,269,<timecave.validation_methods.CV.Block_CV object at 0x00000250F6AA3B30>,3,ARMA,1.5295757886025905,1.01289602319951,1.2367601985035703
datasets/synthetic_data/s2.csv,269,<timecave.validation_methods.CV.Block_CV object at 0x00000250F6AA3B30>,4,Tree,1.8488001738014974,1.0311210516052318,1.3597059144541137
datasets/synthetic_data/s2.csv,269,<timecave.validation_methods.CV.Block_CV object at 0x00000250F6AA3B30>,4,ARMA,0.8031351877544255,0.717998116892193,0.8961781004657643
datasets/synthetic_data/s2.csv,269,<timecave.validation_methods.CV.AdaptedhvBlockCV object at 0x00000250F6AA25A0>,0,Tree,3.263020194370597,1.4385889123968822,1.8063831803829986
datasets/synthetic_data/s2.csv,269,<timecave.validation_methods.CV.AdaptedhvBlockCV object at 0x00000250F6AA25A0>,0,ARMA,2.3985819147934957,1.3054883233422454,1.5487355858226721
datasets/synthetic_data/s2.csv,269,<timecave.validation_methods.CV.AdaptedhvBlockCV object at 0x00000250F6AA25A0>,1,Tree,2.1579468891574245,1.1010913146236823,1.4689951971185693
datasets/synthetic_data/s2.csv,269,<timecave.validation_methods.CV.AdaptedhvBlockCV object at 0x00000250F6AA25A0>,1,ARMA,1.5570421189649633,1.0229277633638685,1.2478149377872358
datasets/synthetic_data/s2.csv,269,<timecave.validation_methods.CV.AdaptedhvBlockCV object at 0x00000250F6AA25A0>,2,Tree,2.0798089938121196,1.155640313853086,1.442154289184108
datasets/synthetic_data/s2.csv,269,<timecave.validation_methods.CV.AdaptedhvBlockCV object at 0x00000250F6AA25A0>,2,ARMA,1.4620608516608584,0.9659256624762266,1.2091570831206582
datasets/synthetic_data/s2.csv,269,<timecave.validation_methods.CV.AdaptedhvBlockCV object at 0x00000250F6AA25A0>,3,Tree,2.5106585634584238,1.1655289417714454,1.584505778928693
datasets/synthetic_data/s2.csv,269,<timecave.validation_methods.CV.AdaptedhvBlockCV object at 0x00000250F6AA25A0>,3,ARMA,1.532412819307389,1.0144095073299686,1.237906627863099
datasets/synthetic_data/s2.csv,269,<timecave.validation_methods.CV.AdaptedhvBlockCV object at 0x00000250F6AA25A0>,4,Tree,2.2348247209823406,1.1589279148409497,1.494933015550309
datasets/synthetic_data/s2.csv,269,<timecave.validation_methods.CV.AdaptedhvBlockCV object at 0x00000250F6AA25A0>,4,ARMA,0.7581663626546037,0.6871119493738091,0.8707274904667957
datasets/synthetic_data/s2.csv,269,<timecave.validation_methods.markov.MarkovCV object at 0x00000250F6AA0FE0>,0,Tree,0.5432166157830787,0.6175225020835482,0.737032303079776
datasets/synthetic_data/s2.csv,269,<timecave.validation_methods.markov.MarkovCV object at 0x00000250F6AA0FE0>,0,ARMA,0.9913817337567462,0.8051491088218835,0.9956815423400929
datasets/synthetic_data/s2.csv,269,<timecave.validation_methods.markov.MarkovCV object at 0x00000250F6AA0FE0>,1,Tree,1.2740389106758023,0.8319818416982848,1.1287333213278512
datasets/synthetic_data/s2.csv,269,<timecave.validation_methods.markov.MarkovCV object at 0x00000250F6AA0FE0>,1,ARMA,0.92227248626581,0.7809544286677959,0.9603501893922914
datasets/synthetic_data/s2.csv,269,<timecave.validation_methods.markov.MarkovCV object at 0x00000250F6AA0FE0>,2,Tree,7.104929836023442,2.315784160989784,2.6655074256177644
datasets/synthetic_data/s2.csv,269,<timecave.validation_methods.markov.MarkovCV object at 0x00000250F6AA0FE0>,2,ARMA,1.8672307721479011,1.1698098892731388,1.3664665280012902
datasets/synthetic_data/s2.csv,269,<timecave.validation_methods.markov.MarkovCV object at 0x00000250F6AA0FE0>,3,Tree,7.428572775175731,2.433420433818773,2.725540822511329
datasets/synthetic_data/s2.csv,269,<timecave.validation_methods.markov.MarkovCV object at 0x00000250F6AA0FE0>,3,ARMA,2.2609099772441144,1.1224415064735804,1.5036322613073032
datasets/synthetic_data/s2.csv,269,<timecave.validation_methods.markov.MarkovCV object at 0x00000250F6AA0FE0>,4,Tree,2.177014155099084,1.3159371787166518,1.4754708248891553
datasets/synthetic_data/s2.csv,269,<timecave.validation_methods.markov.MarkovCV object at 0x00000250F6AA0FE0>,4,ARMA,1.5028217388018872,0.9232475713838629,1.2258963001828038
datasets/synthetic_data/s2.csv,269,<timecave.validation_methods.markov.MarkovCV object at 0x00000250F6AA0FE0>,5,Tree,1.2524309855070956,0.7991829416725725,1.1191206304537038
datasets/synthetic_data/s2.csv,269,<timecave.validation_methods.markov.MarkovCV object at 0x00000250F6AA0FE0>,5,ARMA,3.2073122091694697,1.1020720691069514,1.790897040359794
datasets/synthetic_data/s2.csv,269,<timecave.validation_methods.markov.MarkovCV object at 0x00000250F6AA0FE0>,6,Tree,3.609451993754299,1.5762785415804814,1.899855782356729
datasets/synthetic_data/s2.csv,269,<timecave.validation_methods.markov.MarkovCV object at 0x00000250F6AA0FE0>,6,ARMA,3.341226804901291,1.6211484413670714,1.8279022963225608
datasets/synthetic_data/s2.csv,269,<timecave.validation_methods.markov.MarkovCV object at 0x00000250F6AA0FE0>,7,Tree,3.8003368601070417,1.6257496901559767,1.9494452698414084
datasets/synthetic_data/s2.csv,269,<timecave.validation_methods.markov.MarkovCV object at 0x00000250F6AA0FE0>,7,ARMA,1.4435329146950295,0.9913571717615404,1.201471146010186
datasets/synthetic_data/s2.csv,269,<timecave.validation_methods.markov.MarkovCV object at 0x00000250F6AA0FE0>,8,Tree,1.3777080618859212,0.9400356308398267,1.173758093427228
datasets/synthetic_data/s2.csv,269,<timecave.validation_methods.markov.MarkovCV object at 0x00000250F6AA0FE0>,8,ARMA,1.4301524641408663,1.0122008521836185,1.1958898210708486
datasets/synthetic_data/s2.csv,269,<timecave.validation_methods.markov.MarkovCV object at 0x00000250F6AA0FE0>,9,Tree,2.635541086990799,1.2965880214323875,1.6234349654331088
datasets/synthetic_data/s2.csv,269,<timecave.validation_methods.markov.MarkovCV object at 0x00000250F6AA0FE0>,9,ARMA,2.054687543227676,1.1166807747376033,1.4334181327259943
datasets/synthetic_data/s2.csv,270,<timecave.validation_methods.OOS.Holdout object at 0x00000250F29B24B0>,0,Tree,2.6322465592862647,1.2563268338761018,1.6224199700713329
datasets/synthetic_data/s2.csv,270,<timecave.validation_methods.OOS.Holdout object at 0x00000250F29B24B0>,0,ARMA,1.770830979479917,1.0923488455098178,1.3307257341315366
datasets/synthetic_data/s2.csv,270,<timecave.validation_methods.OOS.Repeated_Holdout object at 0x00000250F6AA20C0>,0,Tree,1.784206619437226,1.0397442005670599,1.3357419733755564
datasets/synthetic_data/s2.csv,270,<timecave.validation_methods.OOS.Repeated_Holdout object at 0x00000250F6AA20C0>,0,ARMA,1.6036382206213857,1.0373654768861005,1.2663483804314615
datasets/synthetic_data/s2.csv,270,<timecave.validation_methods.OOS.Repeated_Holdout object at 0x00000250F6AA20C0>,1,Tree,1.944696240620612,1.0511768779137205,1.394523660832118
datasets/synthetic_data/s2.csv,270,<timecave.validation_methods.OOS.Repeated_Holdout object at 0x00000250F6AA20C0>,1,ARMA,1.7084210969224176,1.067030514381207,1.3070658349610464
datasets/synthetic_data/s2.csv,270,<timecave.validation_methods.OOS.Repeated_Holdout object at 0x00000250F6AA20C0>,2,Tree,1.7490398758225767,1.0515046781076547,1.3225127129152963
datasets/synthetic_data/s2.csv,270,<timecave.validation_methods.OOS.Repeated_Holdout object at 0x00000250F6AA20C0>,2,ARMA,1.839850238631454,1.1338581841178412,1.356410792728904
datasets/synthetic_data/s2.csv,270,<timecave.validation_methods.OOS.Repeated_Holdout object at 0x00000250F6AA20C0>,3,Tree,2.3241851127356723,1.2187465402652307,1.5245278327192562
datasets/synthetic_data/s2.csv,270,<timecave.validation_methods.OOS.Repeated_Holdout object at 0x00000250F6AA20C0>,3,ARMA,1.770830979479917,1.0923488455098178,1.3307257341315366
datasets/synthetic_data/s2.csv,270,<timecave.validation_methods.prequential.Growing_Window object at 0x00000250F6AA1550>,0,Tree,2.7909245661777113,1.2303017256548983,1.6706060475700761
datasets/synthetic_data/s2.csv,270,<timecave.validation_methods.prequential.Growing_Window object at 0x00000250F6AA1550>,0,ARMA,2.34419014727945,1.1643205619406407,1.5310748339906348
datasets/synthetic_data/s2.csv,270,<timecave.validation_methods.prequential.Growing_Window object at 0x00000250F6AA1550>,1,Tree,3.619479889246855,1.518162714564286,1.9024930720627748
datasets/synthetic_data/s2.csv,270,<timecave.validation_methods.prequential.Growing_Window object at 0x00000250F6AA1550>,1,ARMA,1.5642209126012618,0.9930537473961951,1.2506881756062387
datasets/synthetic_data/s2.csv,270,<timecave.validation_methods.prequential.Growing_Window object at 0x00000250F6AA1550>,2,Tree,2.5347843731926836,1.3848563824237334,1.5921006165417697
datasets/synthetic_data/s2.csv,270,<timecave.validation_methods.prequential.Growing_Window object at 0x00000250F6AA1550>,2,ARMA,2.4278701365509847,1.3109652218097771,1.5581624230326518
datasets/synthetic_data/s2.csv,270,<timecave.validation_methods.prequential.Growing_Window object at 0x00000250F6AA1550>,3,Tree,1.0250103257204177,0.7988059338656636,1.0124279360628181
datasets/synthetic_data/s2.csv,270,<timecave.validation_methods.prequential.Growing_Window object at 0x00000250F6AA1550>,3,ARMA,1.431989931015242,0.9624639481320398,1.1966578170117146
datasets/synthetic_data/s2.csv,270,<timecave.validation_methods.prequential.Growing_Window object at 0x00000250F6AA3A70>,0,Tree,2.491940564876469,1.2777569924873189,1.5785881555606798
datasets/synthetic_data/s2.csv,270,<timecave.validation_methods.prequential.Growing_Window object at 0x00000250F6AA3A70>,0,ARMA,1.4774627195522063,0.9903377224114138,1.2155092428904877
datasets/synthetic_data/s2.csv,270,<timecave.validation_methods.prequential.Growing_Window object at 0x00000250F6AA3A70>,1,Tree,2.7515420487665727,1.4353609184783513,1.6587772752140575
datasets/synthetic_data/s2.csv,270,<timecave.validation_methods.prequential.Growing_Window object at 0x00000250F6AA3A70>,1,ARMA,2.0787679505217476,1.227754518945368,1.4417933106106948
datasets/synthetic_data/s2.csv,270,<timecave.validation_methods.prequential.Growing_Window object at 0x00000250F6AA3A70>,2,Tree,2.3685682918395,1.17311918023585,1.5390153643935787
datasets/synthetic_data/s2.csv,270,<timecave.validation_methods.prequential.Growing_Window object at 0x00000250F6AA3A70>,2,ARMA,1.7060624699907954,1.073509439798323,1.3061632631454596
datasets/synthetic_data/s2.csv,270,<timecave.validation_methods.prequential.Rolling_Window object at 0x00000250F6AA1E80>,0,Tree,2.5184125997910733,1.219270468730146,1.5869507238068463
datasets/synthetic_data/s2.csv,270,<timecave.validation_methods.prequential.Rolling_Window object at 0x00000250F6AA1E80>,0,ARMA,2.34419014727945,1.1643205619406407,1.5310748339906348
datasets/synthetic_data/s2.csv,270,<timecave.validation_methods.prequential.Rolling_Window object at 0x00000250F6AA1E80>,1,Tree,5.489483310339472,1.8100111044556455,2.342964641290916
datasets/synthetic_data/s2.csv,270,<timecave.validation_methods.prequential.Rolling_Window object at 0x00000250F6AA1E80>,1,ARMA,1.7640220281702266,1.0471936340007195,1.328164910005616
datasets/synthetic_data/s2.csv,270,<timecave.validation_methods.prequential.Rolling_Window object at 0x00000250F6AA1E80>,2,Tree,1.1822876261302333,0.9800493243515861,1.087330504552426
datasets/synthetic_data/s2.csv,270,<timecave.validation_methods.prequential.Rolling_Window object at 0x00000250F6AA1E80>,2,ARMA,2.870705833304946,1.438293330081105,1.6943157419161714
datasets/synthetic_data/s2.csv,270,<timecave.validation_methods.prequential.Rolling_Window object at 0x00000250F6AA1E80>,3,Tree,3.359519987145798,1.485480353989569,1.8328993390652413
datasets/synthetic_data/s2.csv,270,<timecave.validation_methods.prequential.Rolling_Window object at 0x00000250F6AA1E80>,3,ARMA,1.6840799825361958,1.0393186746920586,1.2977210727025263
datasets/synthetic_data/s2.csv,270,<timecave.validation_methods.prequential.Rolling_Window object at 0x00000250F6AA1DC0>,0,Tree,2.3551674292748226,1.2395973457647524,1.5346554757582636
datasets/synthetic_data/s2.csv,270,<timecave.validation_methods.prequential.Rolling_Window object at 0x00000250F6AA1DC0>,0,ARMA,1.4774627195522063,0.9903377224114138,1.2155092428904877
datasets/synthetic_data/s2.csv,270,<timecave.validation_methods.prequential.Rolling_Window object at 0x00000250F6AA1DC0>,1,Tree,3.8261443311679804,1.7113237622741246,1.9560532536636062
datasets/synthetic_data/s2.csv,270,<timecave.validation_methods.prequential.Rolling_Window object at 0x00000250F6AA1DC0>,1,ARMA,2.03161610843055,1.191298782694749,1.4253477149210119
datasets/synthetic_data/s2.csv,270,<timecave.validation_methods.prequential.Rolling_Window object at 0x00000250F6AA1DC0>,2,Tree,2.022778728846246,1.0613086663661409,1.4222442578004124
datasets/synthetic_data/s2.csv,270,<timecave.validation_methods.prequential.Rolling_Window object at 0x00000250F6AA1DC0>,2,ARMA,2.052149509118524,1.178416537756541,1.4325325508059228
datasets/synthetic_data/s2.csv,270,<timecave.validation_methods.CV.Block_CV object at 0x00000250F6AA2600>,0,Tree,1.7332897207973679,1.0813567033565414,1.3165446140550527
datasets/synthetic_data/s2.csv,270,<timecave.validation_methods.CV.Block_CV object at 0x00000250F6AA2600>,0,ARMA,2.043158368633578,1.1145957153689685,1.4293909082660272
datasets/synthetic_data/s2.csv,270,<timecave.validation_methods.CV.Block_CV object at 0x00000250F6AA2600>,1,Tree,3.1163917109887787,1.4426775475897107,1.765330482087923
datasets/synthetic_data/s2.csv,270,<timecave.validation_methods.CV.Block_CV object at 0x00000250F6AA2600>,1,ARMA,2.4304556581649965,1.24615849922318,1.5589918723858045
datasets/synthetic_data/s2.csv,270,<timecave.validation_methods.CV.Block_CV object at 0x00000250F6AA2600>,2,Tree,2.301290884866565,1.2296011047097994,1.5170006212479168
datasets/synthetic_data/s2.csv,270,<timecave.validation_methods.CV.Block_CV object at 0x00000250F6AA2600>,2,ARMA,1.8607149876874534,1.083716969316417,1.364080271716974
datasets/synthetic_data/s2.csv,270,<timecave.validation_methods.CV.Block_CV object at 0x00000250F6AA2600>,3,Tree,2.5132414474773417,1.23676212500367,1.585320613465094
datasets/synthetic_data/s2.csv,270,<timecave.validation_methods.CV.Block_CV object at 0x00000250F6AA2600>,3,ARMA,2.352842395471468,1.28866683773429,1.5338977786904406
datasets/synthetic_data/s2.csv,270,<timecave.validation_methods.CV.Block_CV object at 0x00000250F6AA2600>,4,Tree,1.0142218977134339,0.8029341887463867,1.0070858442622623
datasets/synthetic_data/s2.csv,270,<timecave.validation_methods.CV.Block_CV object at 0x00000250F6AA2600>,4,ARMA,1.431989931015242,0.9624639481320398,1.1966578170117146
datasets/synthetic_data/s2.csv,270,<timecave.validation_methods.CV.AdaptedhvBlockCV object at 0x00000250F6AA36E0>,0,Tree,2.02492823134008,1.084311788179388,1.4229997299156736
datasets/synthetic_data/s2.csv,270,<timecave.validation_methods.CV.AdaptedhvBlockCV object at 0x00000250F6AA36E0>,0,ARMA,2.0293637178281667,1.1097497996857708,1.4245573761095642
datasets/synthetic_data/s2.csv,270,<timecave.validation_methods.CV.AdaptedhvBlockCV object at 0x00000250F6AA36E0>,1,Tree,3.509718587659964,1.5156705581572467,1.873424294616669
datasets/synthetic_data/s2.csv,270,<timecave.validation_methods.CV.AdaptedhvBlockCV object at 0x00000250F6AA36E0>,1,ARMA,2.4504424984794175,1.249687703870801,1.5653889288222966
datasets/synthetic_data/s2.csv,270,<timecave.validation_methods.CV.AdaptedhvBlockCV object at 0x00000250F6AA36E0>,2,Tree,2.4952436671067435,1.263717995194631,1.5796340294849132
datasets/synthetic_data/s2.csv,270,<timecave.validation_methods.CV.AdaptedhvBlockCV object at 0x00000250F6AA36E0>,2,ARMA,1.8817873533032852,1.0894159124612395,1.3717825459245665
datasets/synthetic_data/s2.csv,270,<timecave.validation_methods.CV.AdaptedhvBlockCV object at 0x00000250F6AA36E0>,3,Tree,2.4218507974894354,1.3223660798858978,1.5562296737594472
datasets/synthetic_data/s2.csv,270,<timecave.validation_methods.CV.AdaptedhvBlockCV object at 0x00000250F6AA36E0>,3,ARMA,2.3344899848298923,1.2828142152038948,1.5279037878184256
datasets/synthetic_data/s2.csv,270,<timecave.validation_methods.CV.AdaptedhvBlockCV object at 0x00000250F6AA36E0>,4,Tree,1.251927730740723,0.9067373949627837,1.1188957640194743
datasets/synthetic_data/s2.csv,270,<timecave.validation_methods.CV.AdaptedhvBlockCV object at 0x00000250F6AA36E0>,4,ARMA,1.6211801879490473,1.034505773291053,1.2732557433402951
datasets/synthetic_data/s2.csv,270,<timecave.validation_methods.markov.MarkovCV object at 0x00000250F6AA3DA0>,0,Tree,4.077401981196975,1.6826346840288084,2.019257779778742
datasets/synthetic_data/s2.csv,270,<timecave.validation_methods.markov.MarkovCV object at 0x00000250F6AA3DA0>,0,ARMA,1.5172893317040241,0.9797704907772942,1.2317829888840095
datasets/synthetic_data/s2.csv,270,<timecave.validation_methods.markov.MarkovCV object at 0x00000250F6AA3DA0>,1,Tree,3.541403645156277,1.7263098892048696,1.8818617497457875
datasets/synthetic_data/s2.csv,270,<timecave.validation_methods.markov.MarkovCV object at 0x00000250F6AA3DA0>,1,ARMA,0.9148407927994044,0.6904895633149929,0.9564731009283034
datasets/synthetic_data/s2.csv,270,<timecave.validation_methods.markov.MarkovCV object at 0x00000250F6AA3DA0>,2,Tree,2.3966318341826183,1.1738726122887149,1.548105885972474
datasets/synthetic_data/s2.csv,270,<timecave.validation_methods.markov.MarkovCV object at 0x00000250F6AA3DA0>,2,ARMA,1.7536922126739882,1.0888829349399956,1.3242704454430705
datasets/synthetic_data/s2.csv,270,<timecave.validation_methods.markov.MarkovCV object at 0x00000250F6AA3DA0>,3,Tree,2.4106530909645065,1.2463636356421426,1.552627801813592
datasets/synthetic_data/s2.csv,270,<timecave.validation_methods.markov.MarkovCV object at 0x00000250F6AA3DA0>,3,ARMA,1.5154707245600103,1.0496844454944652,1.2310445664394163
datasets/synthetic_data/s2.csv,270,<timecave.validation_methods.markov.MarkovCV object at 0x00000250F6AA3DA0>,4,Tree,9.71793642818835,2.6753155575319,3.1173604905734513
datasets/synthetic_data/s2.csv,270,<timecave.validation_methods.markov.MarkovCV object at 0x00000250F6AA3DA0>,4,ARMA,3.5350646311868235,1.6012797787641495,1.880176755304358
datasets/synthetic_data/s2.csv,270,<timecave.validation_methods.markov.MarkovCV object at 0x00000250F6AA3DA0>,5,Tree,9.151628057506455,2.424395065188502,3.025165790085967
datasets/synthetic_data/s2.csv,270,<timecave.validation_methods.markov.MarkovCV object at 0x00000250F6AA3DA0>,5,ARMA,3.085926314455667,1.4659279407311763,1.7566804816060508
datasets/synthetic_data/s2.csv,270,<timecave.validation_methods.markov.MarkovCV object at 0x00000250F6AA3DA0>,6,Tree,4.324497241347378,1.864198992130474,2.079542555791388
datasets/synthetic_data/s2.csv,270,<timecave.validation_methods.markov.MarkovCV object at 0x00000250F6AA3DA0>,6,ARMA,2.4432664654820315,1.2505405143694541,1.5630951556069872
datasets/synthetic_data/s2.csv,270,<timecave.validation_methods.markov.MarkovCV object at 0x00000250F6AA3DA0>,7,Tree,2.048370745318714,1.1118544180054146,1.431213032821709
datasets/synthetic_data/s2.csv,270,<timecave.validation_methods.markov.MarkovCV object at 0x00000250F6AA3DA0>,7,ARMA,1.0581037310519583,0.8241701934492587,1.0286416922582704
datasets/synthetic_data/s2.csv,270,<timecave.validation_methods.markov.MarkovCV object at 0x00000250F6AA3DA0>,8,Tree,2.261431972892103,1.1407636006566018,1.5038058295179277
datasets/synthetic_data/s2.csv,270,<timecave.validation_methods.markov.MarkovCV object at 0x00000250F6AA3DA0>,8,ARMA,3.003733354722119,1.4190315981554367,1.7331281991595773
datasets/synthetic_data/s2.csv,270,<timecave.validation_methods.markov.MarkovCV object at 0x00000250F6AA3DA0>,9,Tree,1.951936709608807,1.0301319343144153,1.3971172855593788
datasets/synthetic_data/s2.csv,270,<timecave.validation_methods.markov.MarkovCV object at 0x00000250F6AA3DA0>,9,ARMA,3.312200741848496,1.3034578603978626,1.8199452579263191
datasets/synthetic_data/s2.csv,271,<timecave.validation_methods.OOS.Holdout object at 0x00000250F2640980>,0,Tree,3.2230934067021093,1.4563273145511197,1.7952975816566203
datasets/synthetic_data/s2.csv,271,<timecave.validation_methods.OOS.Holdout object at 0x00000250F2640980>,0,ARMA,1.980043646868855,1.1199523981971444,1.4071402371010697
datasets/synthetic_data/s2.csv,271,<timecave.validation_methods.OOS.Repeated_Holdout object at 0x00000250F6AA1C70>,0,Tree,3.919177222316523,1.6570270232441107,1.9796911936755497
datasets/synthetic_data/s2.csv,271,<timecave.validation_methods.OOS.Repeated_Holdout object at 0x00000250F6AA1C70>,0,ARMA,2.2591034895886892,1.1722698452909048,1.5030314333335446
datasets/synthetic_data/s2.csv,271,<timecave.validation_methods.OOS.Repeated_Holdout object at 0x00000250F6AA1C70>,1,Tree,4.464780613628536,1.8075239560641998,2.1130027481355853
datasets/synthetic_data/s2.csv,271,<timecave.validation_methods.OOS.Repeated_Holdout object at 0x00000250F6AA1C70>,1,ARMA,2.4745955778847635,1.2707720929267348,1.5730847332183868
datasets/synthetic_data/s2.csv,271,<timecave.validation_methods.OOS.Repeated_Holdout object at 0x00000250F6AA1C70>,2,Tree,3.559783855191153,1.5311333237252882,1.8867389472820963
datasets/synthetic_data/s2.csv,271,<timecave.validation_methods.OOS.Repeated_Holdout object at 0x00000250F6AA1C70>,2,ARMA,2.040455743788011,1.1166209578441955,1.4284452190364216
datasets/synthetic_data/s2.csv,271,<timecave.validation_methods.OOS.Repeated_Holdout object at 0x00000250F6AA1C70>,3,Tree,3.194268119352725,1.424003230901673,1.7872515545811465
datasets/synthetic_data/s2.csv,271,<timecave.validation_methods.OOS.Repeated_Holdout object at 0x00000250F6AA1C70>,3,ARMA,1.980043646868855,1.1199523981971444,1.4071402371010697
datasets/synthetic_data/s2.csv,271,<timecave.validation_methods.prequential.Growing_Window object at 0x00000250F6AA1010>,0,Tree,1.560540369470011,1.0036330789309,1.2492159018640496
datasets/synthetic_data/s2.csv,271,<timecave.validation_methods.prequential.Growing_Window object at 0x00000250F6AA1010>,0,ARMA,1.040905050114175,0.8095444116117851,1.020247543547239
datasets/synthetic_data/s2.csv,271,<timecave.validation_methods.prequential.Growing_Window object at 0x00000250F6AA1010>,1,Tree,1.2504965638869134,0.8864866526612073,1.1182560368211358
datasets/synthetic_data/s2.csv,271,<timecave.validation_methods.prequential.Growing_Window object at 0x00000250F6AA1010>,1,ARMA,0.7138603874121834,0.7284285520221645,0.8449025904873196
datasets/synthetic_data/s2.csv,271,<timecave.validation_methods.prequential.Growing_Window object at 0x00000250F6AA1010>,2,Tree,0.9963237508062339,0.7884677445874511,0.9981601829397093
datasets/synthetic_data/s2.csv,271,<timecave.validation_methods.prequential.Growing_Window object at 0x00000250F6AA1010>,2,ARMA,0.8338046380857493,0.7115414481228832,0.9131290369305695
datasets/synthetic_data/s2.csv,271,<timecave.validation_methods.prequential.Growing_Window object at 0x00000250F6AA1010>,3,Tree,4.268534914592864,1.7534034460689645,2.0660432993025255
datasets/synthetic_data/s2.csv,271,<timecave.validation_methods.prequential.Growing_Window object at 0x00000250F6AA1010>,3,ARMA,2.524742614871761,1.2911081375603821,1.5889438677535972
datasets/synthetic_data/s2.csv,271,<timecave.validation_methods.prequential.Growing_Window object at 0x00000250F6AA13A0>,0,Tree,1.1511003625584049,0.8676077679861037,1.0728934534977854
datasets/synthetic_data/s2.csv,271,<timecave.validation_methods.prequential.Growing_Window object at 0x00000250F6AA13A0>,0,ARMA,0.8731411996838306,0.8085049735179941,0.934420247899108
datasets/synthetic_data/s2.csv,271,<timecave.validation_methods.prequential.Growing_Window object at 0x00000250F6AA13A0>,1,Tree,1.0303826245496563,0.8121086823044872,1.0150776445916128
datasets/synthetic_data/s2.csv,271,<timecave.validation_methods.prequential.Growing_Window object at 0x00000250F6AA13A0>,1,ARMA,0.9405331769539551,0.7301314182498512,0.9698108975227877
datasets/synthetic_data/s2.csv,271,<timecave.validation_methods.prequential.Growing_Window object at 0x00000250F6AA13A0>,2,Tree,3.853746821776141,1.6542502668776153,1.9630962334475968
datasets/synthetic_data/s2.csv,271,<timecave.validation_methods.prequential.Growing_Window object at 0x00000250F6AA13A0>,2,ARMA,2.431243467525018,1.2645700119080856,1.559244518196238
datasets/synthetic_data/s2.csv,271,<timecave.validation_methods.prequential.Rolling_Window object at 0x00000250F6AA1AC0>,0,Tree,1.506329460367328,0.9739723863427251,1.227326142623601
datasets/synthetic_data/s2.csv,271,<timecave.validation_methods.prequential.Rolling_Window object at 0x00000250F6AA1AC0>,0,ARMA,1.040905050114175,0.8095444116117851,1.020247543547239
datasets/synthetic_data/s2.csv,271,<timecave.validation_methods.prequential.Rolling_Window object at 0x00000250F6AA1AC0>,1,Tree,1.3782463552292947,0.993760223143603,1.1739873743909237
datasets/synthetic_data/s2.csv,271,<timecave.validation_methods.prequential.Rolling_Window object at 0x00000250F6AA1AC0>,1,ARMA,0.6893631818656296,0.67271177616462,0.8302789783353723
datasets/synthetic_data/s2.csv,271,<timecave.validation_methods.prequential.Rolling_Window object at 0x00000250F6AA1AC0>,2,Tree,1.0239649142183698,0.7892871884958187,1.011911515014218
datasets/synthetic_data/s2.csv,271,<timecave.validation_methods.prequential.Rolling_Window object at 0x00000250F6AA1AC0>,2,ARMA,0.8951282894202814,0.7353570305033699,0.9461121970571362
datasets/synthetic_data/s2.csv,271,<timecave.validation_methods.prequential.Rolling_Window object at 0x00000250F6AA1AC0>,3,Tree,2.9622880535054312,1.3426096287279823,1.7211298770009866
datasets/synthetic_data/s2.csv,271,<timecave.validation_methods.prequential.Rolling_Window object at 0x00000250F6AA1AC0>,3,ARMA,2.563203022003723,1.2739858437911455,1.601000631481363
datasets/synthetic_data/s2.csv,271,<timecave.validation_methods.prequential.Rolling_Window object at 0x00000250F6AA25D0>,0,Tree,1.166061879186569,0.8606913914928641,1.079843451240303
datasets/synthetic_data/s2.csv,271,<timecave.validation_methods.prequential.Rolling_Window object at 0x00000250F6AA25D0>,0,ARMA,0.8731411996838306,0.8085049735179941,0.934420247899108
datasets/synthetic_data/s2.csv,271,<timecave.validation_methods.prequential.Rolling_Window object at 0x00000250F6AA25D0>,1,Tree,0.7906381169909005,0.705602123402914,0.8891783381250921
datasets/synthetic_data/s2.csv,271,<timecave.validation_methods.prequential.Rolling_Window object at 0x00000250F6AA25D0>,1,ARMA,1.062923858316538,0.7566995246448325,1.0309819873870434
datasets/synthetic_data/s2.csv,271,<timecave.validation_methods.prequential.Rolling_Window object at 0x00000250F6AA25D0>,2,Tree,2.7335692555829216,1.3835604445475562,1.6533509172534795
datasets/synthetic_data/s2.csv,271,<timecave.validation_methods.prequential.Rolling_Window object at 0x00000250F6AA25D0>,2,ARMA,2.3847466866032763,1.2807086226488957,1.5442625057299282
datasets/synthetic_data/s2.csv,271,<timecave.validation_methods.CV.Block_CV object at 0x00000250F6AA35C0>,0,Tree,2.726612229434493,1.378771084909938,1.6512456599290406
datasets/synthetic_data/s2.csv,271,<timecave.validation_methods.CV.Block_CV object at 0x00000250F6AA35C0>,0,ARMA,1.815893382076944,1.1537492975142905,1.347550882926854
datasets/synthetic_data/s2.csv,271,<timecave.validation_methods.CV.Block_CV object at 0x00000250F6AA35C0>,1,Tree,2.0270441137226918,1.225888568460323,1.4237429942664133
datasets/synthetic_data/s2.csv,271,<timecave.validation_methods.CV.Block_CV object at 0x00000250F6AA35C0>,1,ARMA,0.926104483280601,0.7657913382031194,0.9623432252998932
datasets/synthetic_data/s2.csv,271,<timecave.validation_methods.CV.Block_CV object at 0x00000250F6AA35C0>,2,Tree,1.0284901641287154,0.7754640350304447,1.0141450409723036
datasets/synthetic_data/s2.csv,271,<timecave.validation_methods.CV.Block_CV object at 0x00000250F6AA35C0>,2,ARMA,0.8044208862772374,0.7646702946813937,0.8968951367229268
datasets/synthetic_data/s2.csv,271,<timecave.validation_methods.CV.Block_CV object at 0x00000250F6AA35C0>,3,Tree,1.1040591898495766,0.8296789412571568,1.0507422090358685
datasets/synthetic_data/s2.csv,271,<timecave.validation_methods.CV.Block_CV object at 0x00000250F6AA35C0>,3,ARMA,1.0290386307143116,0.7486584036225936,1.0144154132870378
datasets/synthetic_data/s2.csv,271,<timecave.validation_methods.CV.Block_CV object at 0x00000250F6AA35C0>,4,Tree,4.39346582008272,1.8398054427916959,2.0960595936381963
datasets/synthetic_data/s2.csv,271,<timecave.validation_methods.CV.Block_CV object at 0x00000250F6AA35C0>,4,ARMA,2.524742614871761,1.2911081375603821,1.5889438677535972
datasets/synthetic_data/s2.csv,271,<timecave.validation_methods.CV.AdaptedhvBlockCV object at 0x00000250F6AA2F00>,0,Tree,2.5547949731618216,1.2761878879711421,1.598372601479962
datasets/synthetic_data/s2.csv,271,<timecave.validation_methods.CV.AdaptedhvBlockCV object at 0x00000250F6AA2F00>,0,ARMA,1.799611215170967,1.146032901949893,1.3414958871241338
datasets/synthetic_data/s2.csv,271,<timecave.validation_methods.CV.AdaptedhvBlockCV object at 0x00000250F6AA2F00>,1,Tree,2.1567537014617506,1.1946808513422713,1.468589017207248
datasets/synthetic_data/s2.csv,271,<timecave.validation_methods.CV.AdaptedhvBlockCV object at 0x00000250F6AA2F00>,1,ARMA,0.9259844247094272,0.7667157230665145,0.9622808450288446
datasets/synthetic_data/s2.csv,271,<timecave.validation_methods.CV.AdaptedhvBlockCV object at 0x00000250F6AA2F00>,2,Tree,1.4309903313267678,0.9780216161958464,1.1962400809732
datasets/synthetic_data/s2.csv,271,<timecave.validation_methods.CV.AdaptedhvBlockCV object at 0x00000250F6AA2F00>,2,ARMA,0.8029781952216228,0.7609402640036806,0.8960905061552783
datasets/synthetic_data/s2.csv,271,<timecave.validation_methods.CV.AdaptedhvBlockCV object at 0x00000250F6AA2F00>,3,Tree,1.384954716473436,0.9658402321836213,1.1768409903098362
datasets/synthetic_data/s2.csv,271,<timecave.validation_methods.CV.AdaptedhvBlockCV object at 0x00000250F6AA2F00>,3,ARMA,0.9813868576847546,0.7355981473710548,0.9906497149269032
datasets/synthetic_data/s2.csv,271,<timecave.validation_methods.CV.AdaptedhvBlockCV object at 0x00000250F6AA2F00>,4,Tree,4.19784458276715,1.7340248999071817,2.0488642177477625
datasets/synthetic_data/s2.csv,271,<timecave.validation_methods.CV.AdaptedhvBlockCV object at 0x00000250F6AA2F00>,4,ARMA,2.5002724948216697,1.2797879239498449,1.5812249981649258
datasets/synthetic_data/s2.csv,271,<timecave.validation_methods.markov.MarkovCV object at 0x00000250F6AA1220>,0,Tree,1.9116318297899617,0.8842524643497605,1.3826177453620223
datasets/synthetic_data/s2.csv,271,<timecave.validation_methods.markov.MarkovCV object at 0x00000250F6AA1220>,0,ARMA,1.9594380803671803,1.150220303035,1.3997993000309652
datasets/synthetic_data/s2.csv,271,<timecave.validation_methods.markov.MarkovCV object at 0x00000250F6AA1220>,1,Tree,3.592561034913115,1.6941047236103581,1.8954052429264605
datasets/synthetic_data/s2.csv,271,<timecave.validation_methods.markov.MarkovCV object at 0x00000250F6AA1220>,1,ARMA,0.8668250309265652,0.6872841407438125,0.931034387617646
datasets/synthetic_data/s2.csv,271,<timecave.validation_methods.markov.MarkovCV object at 0x00000250F6AA1220>,2,Tree,3.9109053524262154,1.6645606071541306,1.9776009082790733
datasets/synthetic_data/s2.csv,271,<timecave.validation_methods.markov.MarkovCV object at 0x00000250F6AA1220>,2,ARMA,3.529751450438173,1.4593766153470489,1.878763276849474
datasets/synthetic_data/s2.csv,271,<timecave.validation_methods.markov.MarkovCV object at 0x00000250F6AA1220>,3,Tree,4.23120203456026,1.4960398206952086,2.0569885839644955
datasets/synthetic_data/s2.csv,271,<timecave.validation_methods.markov.MarkovCV object at 0x00000250F6AA1220>,3,ARMA,2.775455425893836,1.4483956392666064,1.6659698154209865
datasets/synthetic_data/s2.csv,271,<timecave.validation_methods.markov.MarkovCV object at 0x00000250F6AA1220>,4,Tree,2.992969151114408,1.4400357932362415,1.7300199857557739
datasets/synthetic_data/s2.csv,271,<timecave.validation_methods.markov.MarkovCV object at 0x00000250F6AA1220>,4,ARMA,1.5446463542912436,0.9493386916471644,1.242838024157309
datasets/synthetic_data/s2.csv,271,<timecave.validation_methods.markov.MarkovCV object at 0x00000250F6AA1220>,5,Tree,3.567350969397783,1.3463114454395553,1.8887432248449716
datasets/synthetic_data/s2.csv,271,<timecave.validation_methods.markov.MarkovCV object at 0x00000250F6AA1220>,5,ARMA,1.5494976930419586,1.0912889983511,1.2447882121236362
datasets/synthetic_data/s2.csv,271,<timecave.validation_methods.markov.MarkovCV object at 0x00000250F6AA1220>,6,Tree,2.2759101009707083,1.2265338533541412,1.5086119782670122
datasets/synthetic_data/s2.csv,271,<timecave.validation_methods.markov.MarkovCV object at 0x00000250F6AA1220>,6,ARMA,0.8756685914029507,0.7043174889854042,0.9357716555885579
datasets/synthetic_data/s2.csv,271,<timecave.validation_methods.markov.MarkovCV object at 0x00000250F6AA1220>,7,Tree,1.3164728840784965,0.9686937340560056,1.1473765223667847
datasets/synthetic_data/s2.csv,271,<timecave.validation_methods.markov.MarkovCV object at 0x00000250F6AA1220>,7,ARMA,2.347218341867181,1.288993727402616,1.5320634261893928
datasets/synthetic_data/s2.csv,271,<timecave.validation_methods.markov.MarkovCV object at 0x00000250F6AA1220>,8,Tree,1.3930616337179385,0.8917293945854051,1.1802803199740044
datasets/synthetic_data/s2.csv,271,<timecave.validation_methods.markov.MarkovCV object at 0x00000250F6AA1220>,8,ARMA,0.7058005684119102,0.7262474660328085,0.840119377476743
datasets/synthetic_data/s2.csv,271,<timecave.validation_methods.markov.MarkovCV object at 0x00000250F6AA1220>,9,Tree,1.7152875794849471,1.0955429926754783,1.3096898791259506
datasets/synthetic_data/s2.csv,271,<timecave.validation_methods.markov.MarkovCV object at 0x00000250F6AA1220>,9,ARMA,1.7077843650836197,1.0079288010423713,1.3068222392826117
datasets/synthetic_data/s2.csv,272,<timecave.validation_methods.OOS.Holdout object at 0x00000250F29B0E60>,0,Tree,2.911153724328428,1.4383390588137168,1.7062103400016153
datasets/synthetic_data/s2.csv,272,<timecave.validation_methods.OOS.Holdout object at 0x00000250F29B0E60>,0,ARMA,2.350557873948441,1.292647873689175,1.5331529192968458
datasets/synthetic_data/s2.csv,272,<timecave.validation_methods.OOS.Repeated_Holdout object at 0x00000250F6AA0CE0>,0,Tree,3.776267668988937,1.556469055410094,1.9432621205048322
datasets/synthetic_data/s2.csv,272,<timecave.validation_methods.OOS.Repeated_Holdout object at 0x00000250F6AA0CE0>,0,ARMA,2.364022189671865,1.2858831395810613,1.5375377034960362
datasets/synthetic_data/s2.csv,272,<timecave.validation_methods.OOS.Repeated_Holdout object at 0x00000250F6AA0CE0>,1,Tree,2.901085667571638,1.4119406590218282,1.7032573697394173
datasets/synthetic_data/s2.csv,272,<timecave.validation_methods.OOS.Repeated_Holdout object at 0x00000250F6AA0CE0>,1,ARMA,2.3411563991678555,1.277064181165084,1.5300837882834573
datasets/synthetic_data/s2.csv,272,<timecave.validation_methods.OOS.Repeated_Holdout object at 0x00000250F6AA0CE0>,2,Tree,2.214150031610454,1.228804168366091,1.4880020267494443
datasets/synthetic_data/s2.csv,272,<timecave.validation_methods.OOS.Repeated_Holdout object at 0x00000250F6AA0CE0>,2,ARMA,2.4646630502771028,1.336862638900684,1.569924536491198
datasets/synthetic_data/s2.csv,272,<timecave.validation_methods.OOS.Repeated_Holdout object at 0x00000250F6AA0CE0>,3,Tree,2.936524755570214,1.398259922850746,1.7136291184413894
datasets/synthetic_data/s2.csv,272,<timecave.validation_methods.OOS.Repeated_Holdout object at 0x00000250F6AA0CE0>,3,ARMA,2.350557873948441,1.292647873689175,1.5331529192968458
datasets/synthetic_data/s2.csv,272,<timecave.validation_methods.prequential.Growing_Window object at 0x00000250F6AA1670>,0,Tree,3.1078919298240657,1.3131275690537454,1.7629214190723492
datasets/synthetic_data/s2.csv,272,<timecave.validation_methods.prequential.Growing_Window object at 0x00000250F6AA1670>,0,ARMA,2.86827209285915,1.3364515813067988,1.6935973821599837
datasets/synthetic_data/s2.csv,272,<timecave.validation_methods.prequential.Growing_Window object at 0x00000250F6AA1670>,1,Tree,3.0975496224075596,1.4171688782312615,1.7599856881257756
datasets/synthetic_data/s2.csv,272,<timecave.validation_methods.prequential.Growing_Window object at 0x00000250F6AA1670>,1,ARMA,1.6060544970480164,1.0596233204145369,1.2673020543848323
datasets/synthetic_data/s2.csv,272,<timecave.validation_methods.prequential.Growing_Window object at 0x00000250F6AA1670>,2,Tree,3.7547040296053975,1.580881402090805,1.9377058676706838
datasets/synthetic_data/s2.csv,272,<timecave.validation_methods.prequential.Growing_Window object at 0x00000250F6AA1670>,2,ARMA,2.1044591634807523,1.2416882736730699,1.4506754163081252
datasets/synthetic_data/s2.csv,272,<timecave.validation_methods.prequential.Growing_Window object at 0x00000250F6AA1670>,3,Tree,4.005988447460773,1.5708136371571857,2.00149655194826
datasets/synthetic_data/s2.csv,272,<timecave.validation_methods.prequential.Growing_Window object at 0x00000250F6AA1670>,3,ARMA,2.279384180233682,1.27286067043027,1.5097629549812388
datasets/synthetic_data/s2.csv,272,<timecave.validation_methods.prequential.Growing_Window object at 0x00000250F6AA31D0>,0,Tree,2.1033628948882694,1.0613242434637267,1.4502975194380874
datasets/synthetic_data/s2.csv,272,<timecave.validation_methods.prequential.Growing_Window object at 0x00000250F6AA31D0>,0,ARMA,1.5341949256766276,1.0141920144222238,1.2386262251690894
datasets/synthetic_data/s2.csv,272,<timecave.validation_methods.prequential.Growing_Window object at 0x00000250F6AA31D0>,1,Tree,3.8047511824933506,1.6259829408655042,1.9505771408722472
datasets/synthetic_data/s2.csv,272,<timecave.validation_methods.prequential.Growing_Window object at 0x00000250F6AA31D0>,1,ARMA,2.27499012934901,1.2778546974185678,1.5083070408073451
datasets/synthetic_data/s2.csv,272,<timecave.validation_methods.prequential.Growing_Window object at 0x00000250F6AA31D0>,2,Tree,2.6837564508330582,1.3570302016887217,1.6382174613991447
datasets/synthetic_data/s2.csv,272,<timecave.validation_methods.prequential.Growing_Window object at 0x00000250F6AA31D0>,2,ARMA,2.492009678735903,1.3315360904988989,1.5786100464446255
datasets/synthetic_data/s2.csv,272,<timecave.validation_methods.prequential.Rolling_Window object at 0x00000250F6AA1D60>,0,Tree,3.449636901598563,1.4126024145513338,1.857319816724778
datasets/synthetic_data/s2.csv,272,<timecave.validation_methods.prequential.Rolling_Window object at 0x00000250F6AA1D60>,0,ARMA,2.86827209285915,1.3364515813067988,1.6935973821599837
datasets/synthetic_data/s2.csv,272,<timecave.validation_methods.prequential.Rolling_Window object at 0x00000250F6AA1D60>,1,Tree,3.8305334086691083,1.6730620176936253,1.957174853882276
datasets/synthetic_data/s2.csv,272,<timecave.validation_methods.prequential.Rolling_Window object at 0x00000250F6AA1D60>,1,ARMA,1.9271059084524178,1.1695300278636043,1.3882024018321024
datasets/synthetic_data/s2.csv,272,<timecave.validation_methods.prequential.Rolling_Window object at 0x00000250F6AA1D60>,2,Tree,4.067473653753677,1.5448052060968953,2.0167978713182135
datasets/synthetic_data/s2.csv,272,<timecave.validation_methods.prequential.Rolling_Window object at 0x00000250F6AA1D60>,2,ARMA,2.142173147686857,1.2334477887281623,1.4636164619485725
datasets/synthetic_data/s2.csv,272,<timecave.validation_methods.prequential.Rolling_Window object at 0x00000250F6AA1D60>,3,Tree,4.339287730061303,1.762865814806295,2.0830957083296253
datasets/synthetic_data/s2.csv,272,<timecave.validation_methods.prequential.Rolling_Window object at 0x00000250F6AA1D60>,3,ARMA,2.2774468313179934,1.280952199462975,1.509121211605613
datasets/synthetic_data/s2.csv,272,<timecave.validation_methods.prequential.Rolling_Window object at 0x00000250F6AA1BB0>,0,Tree,2.5377466324274773,1.2043915541851602,1.593030643907228
datasets/synthetic_data/s2.csv,272,<timecave.validation_methods.prequential.Rolling_Window object at 0x00000250F6AA1BB0>,0,ARMA,1.5341949256766276,1.0141920144222238,1.2386262251690894
datasets/synthetic_data/s2.csv,272,<timecave.validation_methods.prequential.Rolling_Window object at 0x00000250F6AA1BB0>,1,Tree,4.089798344412937,1.527367342720869,2.0223249848659184
datasets/synthetic_data/s2.csv,272,<timecave.validation_methods.prequential.Rolling_Window object at 0x00000250F6AA1BB0>,1,ARMA,2.5640755744840193,1.3523739176467844,1.601273110523005
datasets/synthetic_data/s2.csv,272,<timecave.validation_methods.prequential.Rolling_Window object at 0x00000250F6AA1BB0>,2,Tree,3.181966890582668,1.4933847408209902,1.783806853496944
datasets/synthetic_data/s2.csv,272,<timecave.validation_methods.prequential.Rolling_Window object at 0x00000250F6AA1BB0>,2,ARMA,2.242446228758568,1.2712400644024489,1.4974799593846215
datasets/synthetic_data/s2.csv,272,<timecave.validation_methods.CV.Block_CV object at 0x00000250F6AA06B0>,0,Tree,1.6137383799268297,1.0070847181297387,1.2703300279560543
datasets/synthetic_data/s2.csv,272,<timecave.validation_methods.CV.Block_CV object at 0x00000250F6AA06B0>,0,ARMA,1.2228938572511328,0.9722684438458438,1.1058453134372515
datasets/synthetic_data/s2.csv,272,<timecave.validation_methods.CV.Block_CV object at 0x00000250F6AA06B0>,1,Tree,4.692854731701216,1.7320813459471807,2.1662997788166845
datasets/synthetic_data/s2.csv,272,<timecave.validation_methods.CV.Block_CV object at 0x00000250F6AA06B0>,1,ARMA,3.1377110501515273,1.4324190998410111,1.7713585323563175
datasets/synthetic_data/s2.csv,272,<timecave.validation_methods.CV.Block_CV object at 0x00000250F6AA06B0>,2,Tree,2.6467358075986973,1.3382321278576699,1.6268791619535536
datasets/synthetic_data/s2.csv,272,<timecave.validation_methods.CV.Block_CV object at 0x00000250F6AA06B0>,2,ARMA,1.5572491783641804,0.9958865163858327,1.2478979038223361
datasets/synthetic_data/s2.csv,272,<timecave.validation_methods.CV.Block_CV object at 0x00000250F6AA06B0>,3,Tree,3.712063871499019,1.490469155982719,1.9266717082832299
datasets/synthetic_data/s2.csv,272,<timecave.validation_methods.CV.Block_CV object at 0x00000250F6AA06B0>,3,ARMA,1.9252502963171696,1.1388114518045498,1.3875338901508567
datasets/synthetic_data/s2.csv,272,<timecave.validation_methods.CV.Block_CV object at 0x00000250F6AA06B0>,4,Tree,3.48234175072206,1.4736842659273406,1.8661033601389982
datasets/synthetic_data/s2.csv,272,<timecave.validation_methods.CV.Block_CV object at 0x00000250F6AA06B0>,4,ARMA,2.279384180233682,1.27286067043027,1.5097629549812388
datasets/synthetic_data/s2.csv,272,<timecave.validation_methods.CV.AdaptedhvBlockCV object at 0x00000250F6AA0CB0>,0,Tree,2.336197467076526,1.259446096409879,1.528462451968162
datasets/synthetic_data/s2.csv,272,<timecave.validation_methods.CV.AdaptedhvBlockCV object at 0x00000250F6AA0CB0>,0,ARMA,1.2262655834185952,0.974375309895964,1.1073687657770537
datasets/synthetic_data/s2.csv,272,<timecave.validation_methods.CV.AdaptedhvBlockCV object at 0x00000250F6AA0CB0>,1,Tree,4.385498028246191,1.8138242762301306,2.0941580714564485
datasets/synthetic_data/s2.csv,272,<timecave.validation_methods.CV.AdaptedhvBlockCV object at 0x00000250F6AA0CB0>,1,ARMA,3.1254305662353437,1.4323688887156525,1.767888731293727
datasets/synthetic_data/s2.csv,272,<timecave.validation_methods.CV.AdaptedhvBlockCV object at 0x00000250F6AA0CB0>,2,Tree,2.1849559563319425,1.1748970542502082,1.4781596518414182
datasets/synthetic_data/s2.csv,272,<timecave.validation_methods.CV.AdaptedhvBlockCV object at 0x00000250F6AA0CB0>,2,ARMA,1.549549356099511,0.99578417829153,1.2448089636966433
datasets/synthetic_data/s2.csv,272,<timecave.validation_methods.CV.AdaptedhvBlockCV object at 0x00000250F6AA0CB0>,3,Tree,3.858378640935363,1.6206254622468548,1.9642756020821934
datasets/synthetic_data/s2.csv,272,<timecave.validation_methods.CV.AdaptedhvBlockCV object at 0x00000250F6AA0CB0>,3,ARMA,1.9660739552912172,1.153696080802109,1.4021675917276142
datasets/synthetic_data/s2.csv,272,<timecave.validation_methods.CV.AdaptedhvBlockCV object at 0x00000250F6AA0CB0>,4,Tree,3.1152371949118565,1.5001918059570496,1.7650034546458702
datasets/synthetic_data/s2.csv,272,<timecave.validation_methods.CV.AdaptedhvBlockCV object at 0x00000250F6AA0CB0>,4,ARMA,2.439921422523551,1.307828201125929,1.5620247829415355
datasets/synthetic_data/s2.csv,272,<timecave.validation_methods.markov.MarkovCV object at 0x00000250F6AC8BC0>,0,Tree,4.796308973108044,1.7713373545767053,2.1900477102355658
datasets/synthetic_data/s2.csv,272,<timecave.validation_methods.markov.MarkovCV object at 0x00000250F6AC8BC0>,0,ARMA,1.8452603532982665,0.953140232992886,1.3584036047133659
datasets/synthetic_data/s2.csv,272,<timecave.validation_methods.markov.MarkovCV object at 0x00000250F6AC8BC0>,1,Tree,5.68158213097311,2.1910619236913047,2.3836069581567156
datasets/synthetic_data/s2.csv,272,<timecave.validation_methods.markov.MarkovCV object at 0x00000250F6AC8BC0>,1,ARMA,2.0420209351100103,1.1331454026890675,1.4289929793774392
datasets/synthetic_data/s2.csv,272,<timecave.validation_methods.markov.MarkovCV object at 0x00000250F6AC8BC0>,2,Tree,2.599850141479958,1.304502813727082,1.6124050798356961
datasets/synthetic_data/s2.csv,272,<timecave.validation_methods.markov.MarkovCV object at 0x00000250F6AC8BC0>,2,ARMA,1.5329436223576547,1.025920705378697,1.2381210047316276
datasets/synthetic_data/s2.csv,272,<timecave.validation_methods.markov.MarkovCV object at 0x00000250F6AC8BC0>,3,Tree,2.5387512956868177,1.1957336896111808,1.5933459435059347
datasets/synthetic_data/s2.csv,272,<timecave.validation_methods.markov.MarkovCV object at 0x00000250F6AC8BC0>,3,ARMA,1.8649199296611552,1.1414843963231633,1.3656207122261859
datasets/synthetic_data/s2.csv,272,<timecave.validation_methods.markov.MarkovCV object at 0x00000250F6AC8BC0>,4,Tree,8.154621827854847,2.154070068141763,2.8556298478365236
datasets/synthetic_data/s2.csv,272,<timecave.validation_methods.markov.MarkovCV object at 0x00000250F6AC8BC0>,4,ARMA,2.7363624751994955,1.3937904835197732,1.6541954162672243
datasets/synthetic_data/s2.csv,272,<timecave.validation_methods.markov.MarkovCV object at 0x00000250F6AC8BC0>,5,Tree,5.196078777947746,1.6599058574675334,2.279490903238648
datasets/synthetic_data/s2.csv,272,<timecave.validation_methods.markov.MarkovCV object at 0x00000250F6AC8BC0>,5,ARMA,2.9897616760697594,1.4832915822258483,1.729092732062037
datasets/synthetic_data/s2.csv,272,<timecave.validation_methods.markov.MarkovCV object at 0x00000250F6AC8BC0>,6,Tree,4.7936094529575,1.7033842582813796,2.1894313081157626
datasets/synthetic_data/s2.csv,272,<timecave.validation_methods.markov.MarkovCV object at 0x00000250F6AC8BC0>,6,ARMA,2.243102229777734,1.1947382466152732,1.4976989783590473
datasets/synthetic_data/s2.csv,272,<timecave.validation_methods.markov.MarkovCV object at 0x00000250F6AC8BC0>,7,Tree,3.768849877633003,1.5382218350813952,1.9413525897252675
datasets/synthetic_data/s2.csv,272,<timecave.validation_methods.markov.MarkovCV object at 0x00000250F6AC8BC0>,7,ARMA,2.1255646502157743,1.1738992971450521,1.4579316342736288
datasets/synthetic_data/s2.csv,272,<timecave.validation_methods.markov.MarkovCV object at 0x00000250F6AC8BC0>,8,Tree,1.656524814992968,1.0910745626039904,1.2870605327617533
datasets/synthetic_data/s2.csv,272,<timecave.validation_methods.markov.MarkovCV object at 0x00000250F6AC8BC0>,8,ARMA,2.2815683991542253,1.2429429248954027,1.510486146627709
datasets/synthetic_data/s2.csv,272,<timecave.validation_methods.markov.MarkovCV object at 0x00000250F6AC8BC0>,9,Tree,3.450395054951453,1.5900300004419519,1.857523904274573
datasets/synthetic_data/s2.csv,272,<timecave.validation_methods.markov.MarkovCV object at 0x00000250F6AC8BC0>,9,ARMA,2.290250738493409,1.1288599161903945,1.513357439104658
datasets/synthetic_data/s2.csv,273,<timecave.validation_methods.OOS.Holdout object at 0x00000250F6AA0E30>,0,Tree,3.2877609893046253,1.4832863762039203,1.8132184063991368
datasets/synthetic_data/s2.csv,273,<timecave.validation_methods.OOS.Holdout object at 0x00000250F6AA0E30>,0,ARMA,1.7795083301217562,1.0723625935254217,1.3339821326096375
datasets/synthetic_data/s2.csv,273,<timecave.validation_methods.OOS.Repeated_Holdout object at 0x00000250F6AA0A10>,0,Tree,3.3266828498684795,1.4505852822438172,1.8239196390928192
datasets/synthetic_data/s2.csv,273,<timecave.validation_methods.OOS.Repeated_Holdout object at 0x00000250F6AA0A10>,0,ARMA,1.2469489626546333,0.8873831618434942,1.116668689744023
datasets/synthetic_data/s2.csv,273,<timecave.validation_methods.OOS.Repeated_Holdout object at 0x00000250F6AA0A10>,1,Tree,3.114372132338421,1.4464497807948553,1.7647583778915519
datasets/synthetic_data/s2.csv,273,<timecave.validation_methods.OOS.Repeated_Holdout object at 0x00000250F6AA0A10>,1,ARMA,1.1549452674597365,0.8521136374958985,1.0746837988263043
datasets/synthetic_data/s2.csv,273,<timecave.validation_methods.OOS.Repeated_Holdout object at 0x00000250F6AA0A10>,2,Tree,3.1697023665846618,1.4658505534575845,1.7803657957241994
datasets/synthetic_data/s2.csv,273,<timecave.validation_methods.OOS.Repeated_Holdout object at 0x00000250F6AA0A10>,2,ARMA,1.439647813671745,0.9731882182475506,1.1998532467230085
datasets/synthetic_data/s2.csv,273,<timecave.validation_methods.OOS.Repeated_Holdout object at 0x00000250F6AA0A10>,3,Tree,3.0844928254419917,1.4465537451644512,1.7562724234702292
datasets/synthetic_data/s2.csv,273,<timecave.validation_methods.OOS.Repeated_Holdout object at 0x00000250F6AA0A10>,3,ARMA,1.7795083301217562,1.0723625935254217,1.3339821326096375
datasets/synthetic_data/s2.csv,273,<timecave.validation_methods.prequential.Growing_Window object at 0x00000250F6AA3F80>,0,Tree,1.8948129851904616,1.0206022165712387,1.3765220612799716
datasets/synthetic_data/s2.csv,273,<timecave.validation_methods.prequential.Growing_Window object at 0x00000250F6AA3F80>,0,ARMA,1.8629040168459037,1.1382293704387045,1.3648824186888422
datasets/synthetic_data/s2.csv,273,<timecave.validation_methods.prequential.Growing_Window object at 0x00000250F6AA3F80>,1,Tree,3.919162533322595,1.5898248745427235,1.979687483751563
datasets/synthetic_data/s2.csv,273,<timecave.validation_methods.prequential.Growing_Window object at 0x00000250F6AA3F80>,1,ARMA,2.095995510431636,1.0390838677525522,1.447755335141831
datasets/synthetic_data/s2.csv,273,<timecave.validation_methods.prequential.Growing_Window object at 0x00000250F6AA3F80>,2,Tree,2.637820949505822,1.2906232993538878,1.624136986065468
datasets/synthetic_data/s2.csv,273,<timecave.validation_methods.prequential.Growing_Window object at 0x00000250F6AA3F80>,2,ARMA,2.1916245798459846,1.1869675353078089,1.4804136516007897
datasets/synthetic_data/s2.csv,273,<timecave.validation_methods.prequential.Growing_Window object at 0x00000250F6AA3F80>,3,Tree,3.1707162670923004,1.465561104101718,1.7806505179546885
datasets/synthetic_data/s2.csv,273,<timecave.validation_methods.prequential.Growing_Window object at 0x00000250F6AA3F80>,3,ARMA,1.2027291850468147,0.876465199895082,1.0966901043808204
datasets/synthetic_data/s2.csv,273,<timecave.validation_methods.prequential.Growing_Window object at 0x00000250F6AA3EC0>,0,Tree,3.248948844601301,1.3996567318178141,1.8024840761020056
datasets/synthetic_data/s2.csv,273,<timecave.validation_methods.prequential.Growing_Window object at 0x00000250F6AA3EC0>,0,ARMA,1.618101509456217,0.9284428918002843,1.272046189985339
datasets/synthetic_data/s2.csv,273,<timecave.validation_methods.prequential.Growing_Window object at 0x00000250F6AA3EC0>,1,Tree,2.001854529219655,1.0896837299438682,1.4148690855410104
datasets/synthetic_data/s2.csv,273,<timecave.validation_methods.prequential.Growing_Window object at 0x00000250F6AA3EC0>,1,ARMA,2.917078689435381,1.4437149179295568,1.7079457513151233
datasets/synthetic_data/s2.csv,273,<timecave.validation_methods.prequential.Growing_Window object at 0x00000250F6AA3EC0>,2,Tree,2.569609314916735,1.3123904198287404,1.6030000982273005
datasets/synthetic_data/s2.csv,273,<timecave.validation_methods.prequential.Growing_Window object at 0x00000250F6AA3EC0>,2,ARMA,1.1409976888931266,0.8652694757167385,1.0681749336569955
datasets/synthetic_data/s2.csv,273,<timecave.validation_methods.prequential.Rolling_Window object at 0x00000250F6AA3080>,0,Tree,2.105046134323388,1.1089587659855529,1.4508777117053622
datasets/synthetic_data/s2.csv,273,<timecave.validation_methods.prequential.Rolling_Window object at 0x00000250F6AA3080>,0,ARMA,1.8629040168459037,1.1382293704387045,1.3648824186888422
datasets/synthetic_data/s2.csv,273,<timecave.validation_methods.prequential.Rolling_Window object at 0x00000250F6AA3080>,1,Tree,4.040217740575522,1.583184533252141,2.0100292884869915
datasets/synthetic_data/s2.csv,273,<timecave.validation_methods.prequential.Rolling_Window object at 0x00000250F6AA3080>,1,ARMA,2.8404635251617094,1.314189808336783,1.6853674748142344
datasets/synthetic_data/s2.csv,273,<timecave.validation_methods.prequential.Rolling_Window object at 0x00000250F6AA3080>,2,Tree,5.876133532060812,1.9142226587436215,2.4240737472405436
datasets/synthetic_data/s2.csv,273,<timecave.validation_methods.prequential.Rolling_Window object at 0x00000250F6AA3080>,2,ARMA,2.1562019790679425,1.1700721910325784,1.4684011642149915
datasets/synthetic_data/s2.csv,273,<timecave.validation_methods.prequential.Rolling_Window object at 0x00000250F6AA3080>,3,Tree,3.491343163252326,1.5557160822466045,1.8685136240478222
datasets/synthetic_data/s2.csv,273,<timecave.validation_methods.prequential.Rolling_Window object at 0x00000250F6AA3080>,3,ARMA,1.2482488576623894,0.8850741820225839,1.1172505796205205
datasets/synthetic_data/s2.csv,273,<timecave.validation_methods.prequential.Rolling_Window object at 0x00000250F6AA1880>,0,Tree,3.2138268464305035,1.3497245243177272,1.792714937303336
datasets/synthetic_data/s2.csv,273,<timecave.validation_methods.prequential.Rolling_Window object at 0x00000250F6AA1880>,0,ARMA,1.618101509456217,0.9284428918002843,1.272046189985339
datasets/synthetic_data/s2.csv,273,<timecave.validation_methods.prequential.Rolling_Window object at 0x00000250F6AA1880>,1,Tree,3.6032129710427454,1.4668018693077487,1.89821309948139
datasets/synthetic_data/s2.csv,273,<timecave.validation_methods.prequential.Rolling_Window object at 0x00000250F6AA1880>,1,ARMA,4.315247213336355,1.8293766993353042,2.077317311663376
datasets/synthetic_data/s2.csv,273,<timecave.validation_methods.prequential.Rolling_Window object at 0x00000250F6AA1880>,2,Tree,2.0185085584195708,1.0484657104838195,1.4207422561533005
datasets/synthetic_data/s2.csv,273,<timecave.validation_methods.prequential.Rolling_Window object at 0x00000250F6AA1880>,2,ARMA,1.1832639954587831,0.8710152241379664,1.0877793873110406
datasets/synthetic_data/s2.csv,273,<timecave.validation_methods.CV.Block_CV object at 0x00000250E98F3770>,0,Tree,2.4975730000710445,1.2823373633143516,1.5803711589595162
datasets/synthetic_data/s2.csv,273,<timecave.validation_methods.CV.Block_CV object at 0x00000250E98F3770>,0,ARMA,1.3331079181295773,0.9703348029305009,1.1546029266070554
datasets/synthetic_data/s2.csv,273,<timecave.validation_methods.CV.Block_CV object at 0x00000250E98F3770>,1,Tree,2.592318229781181,1.3152684102160015,1.6100677717975667
datasets/synthetic_data/s2.csv,273,<timecave.validation_methods.CV.Block_CV object at 0x00000250E98F3770>,1,ARMA,1.7570164630640868,1.1070406777116957,1.3255249764014583
datasets/synthetic_data/s2.csv,273,<timecave.validation_methods.CV.Block_CV object at 0x00000250E98F3770>,2,Tree,2.7210862689279516,1.3536598634069885,1.649571541015409
datasets/synthetic_data/s2.csv,273,<timecave.validation_methods.CV.Block_CV object at 0x00000250E98F3770>,2,ARMA,1.6189775829436908,0.9486895315255253,1.2723904993922623
datasets/synthetic_data/s2.csv,273,<timecave.validation_methods.CV.Block_CV object at 0x00000250E98F3770>,3,Tree,1.5617037924748192,1.0763459808937277,1.2496814764070159
datasets/synthetic_data/s2.csv,273,<timecave.validation_methods.CV.Block_CV object at 0x00000250E98F3770>,3,ARMA,2.1757448022610575,1.174603683767899,1.4750406103768998
datasets/synthetic_data/s2.csv,273,<timecave.validation_methods.CV.Block_CV object at 0x00000250E98F3770>,4,Tree,2.9504220522507185,1.4249158637909913,1.7176792634979088
datasets/synthetic_data/s2.csv,273,<timecave.validation_methods.CV.Block_CV object at 0x00000250E98F3770>,4,ARMA,1.2027291850468147,0.876465199895082,1.0966901043808204
datasets/synthetic_data/s2.csv,273,<timecave.validation_methods.CV.AdaptedhvBlockCV object at 0x00000250F6ACAE40>,0,Tree,2.5567428787074564,1.2735862930546262,1.5989818256338801
datasets/synthetic_data/s2.csv,273,<timecave.validation_methods.CV.AdaptedhvBlockCV object at 0x00000250F6ACAE40>,0,ARMA,1.3335720840608145,0.9704383558857088,1.1548039158492729
datasets/synthetic_data/s2.csv,273,<timecave.validation_methods.CV.AdaptedhvBlockCV object at 0x00000250F6ACAE40>,1,Tree,2.9399577722716805,1.4040979796352435,1.7146305060483673
datasets/synthetic_data/s2.csv,273,<timecave.validation_methods.CV.AdaptedhvBlockCV object at 0x00000250F6ACAE40>,1,ARMA,1.7600969882686854,1.1146301505933955,1.3266864694677056
datasets/synthetic_data/s2.csv,273,<timecave.validation_methods.CV.AdaptedhvBlockCV object at 0x00000250F6ACAE40>,2,Tree,4.631574632870861,1.6973634885498643,2.152109345008023
datasets/synthetic_data/s2.csv,273,<timecave.validation_methods.CV.AdaptedhvBlockCV object at 0x00000250F6ACAE40>,2,ARMA,1.6362107454239232,0.949821481013494,1.2791445365649354
datasets/synthetic_data/s2.csv,273,<timecave.validation_methods.CV.AdaptedhvBlockCV object at 0x00000250F6ACAE40>,3,Tree,1.7457063412418732,1.087239806399872,1.3212518084157436
datasets/synthetic_data/s2.csv,273,<timecave.validation_methods.CV.AdaptedhvBlockCV object at 0x00000250F6ACAE40>,3,ARMA,2.1746324908330203,1.1723344555325224,1.4746635178348382
datasets/synthetic_data/s2.csv,273,<timecave.validation_methods.CV.AdaptedhvBlockCV object at 0x00000250F6ACAE40>,4,Tree,3.417113767431402,1.5344811485208596,1.8485436882669022
datasets/synthetic_data/s2.csv,273,<timecave.validation_methods.CV.AdaptedhvBlockCV object at 0x00000250F6ACAE40>,4,ARMA,1.1363623364123057,0.857401063399835,1.0660029720466568
datasets/synthetic_data/s2.csv,273,<timecave.validation_methods.markov.MarkovCV object at 0x00000250F6ACB230>,0,Tree,3.861071335921993,1.5719209931237372,1.9649608993366745
datasets/synthetic_data/s2.csv,273,<timecave.validation_methods.markov.MarkovCV object at 0x00000250F6ACB230>,0,ARMA,2.7787176867835557,1.5113906737649097,1.6669486155198534
datasets/synthetic_data/s2.csv,273,<timecave.validation_methods.markov.MarkovCV object at 0x00000250F6ACB230>,1,Tree,2.808524341085536,1.2625625923431594,1.6758652514702774
datasets/synthetic_data/s2.csv,273,<timecave.validation_methods.markov.MarkovCV object at 0x00000250F6ACB230>,1,ARMA,1.559723322555651,0.9467711973934078,1.2488888351473284
datasets/synthetic_data/s2.csv,273,<timecave.validation_methods.markov.MarkovCV object at 0x00000250F6ACB230>,2,Tree,4.196540651283346,1.7091308137855699,2.048545984664085
datasets/synthetic_data/s2.csv,273,<timecave.validation_methods.markov.MarkovCV object at 0x00000250F6ACB230>,2,ARMA,3.3399610945357416,1.6560969054700527,1.8275560441572625
datasets/synthetic_data/s2.csv,273,<timecave.validation_methods.markov.MarkovCV object at 0x00000250F6ACB230>,3,Tree,4.426247636289756,1.7462601574062557,2.1038649282427224
datasets/synthetic_data/s2.csv,273,<timecave.validation_methods.markov.MarkovCV object at 0x00000250F6ACB230>,3,ARMA,2.867023819849649,1.3553724096334523,1.6932288149714583
datasets/synthetic_data/s2.csv,273,<timecave.validation_methods.markov.MarkovCV object at 0x00000250F6ACB230>,4,Tree,4.139254982145718,1.6233218169985308,2.03451590855066
datasets/synthetic_data/s2.csv,273,<timecave.validation_methods.markov.MarkovCV object at 0x00000250F6ACB230>,4,ARMA,1.8757004363402454,1.083912576142811,1.369562133070364
datasets/synthetic_data/s2.csv,273,<timecave.validation_methods.markov.MarkovCV object at 0x00000250F6ACB230>,5,Tree,3.7439880109581165,1.584010498055216,1.9349387615524467
datasets/synthetic_data/s2.csv,273,<timecave.validation_methods.markov.MarkovCV object at 0x00000250F6ACB230>,5,ARMA,2.4946558127719896,1.3263127941064183,1.5794479455721198
datasets/synthetic_data/s2.csv,273,<timecave.validation_methods.markov.MarkovCV object at 0x00000250F6ACB230>,6,Tree,7.552569562780948,2.314988292925224,2.7481938728519406
datasets/synthetic_data/s2.csv,273,<timecave.validation_methods.markov.MarkovCV object at 0x00000250F6ACB230>,6,ARMA,0.9563358100745198,0.8037676827389019,0.9779242353447019
datasets/synthetic_data/s2.csv,273,<timecave.validation_methods.markov.MarkovCV object at 0x00000250F6ACB230>,7,Tree,3.2588496012033277,1.5645662043534623,1.8052284069345153
datasets/synthetic_data/s2.csv,273,<timecave.validation_methods.markov.MarkovCV object at 0x00000250F6ACB230>,7,ARMA,2.2636817341630624,1.168400041356237,1.5045536660960495
datasets/synthetic_data/s2.csv,273,<timecave.validation_methods.markov.MarkovCV object at 0x00000250F6ACB230>,8,Tree,2.2625568887949847,1.3283167808125944,1.5041798060055802
datasets/synthetic_data/s2.csv,273,<timecave.validation_methods.markov.MarkovCV object at 0x00000250F6ACB230>,8,ARMA,2.2312106772361364,1.2324111837304215,1.4937237620243364
datasets/synthetic_data/s2.csv,273,<timecave.validation_methods.markov.MarkovCV object at 0x00000250F6ACB230>,9,Tree,2.086903528791612,1.175358706655584,1.4446118955593616
datasets/synthetic_data/s2.csv,273,<timecave.validation_methods.markov.MarkovCV object at 0x00000250F6ACB230>,9,ARMA,1.3640125673031567,1.0185496241614027,1.16790948592053
datasets/synthetic_data/s2.csv,274,<timecave.validation_methods.OOS.Holdout object at 0x00000250F2A0FC50>,0,Tree,2.986180137939192,1.3670371000321722,1.728056751943984
datasets/synthetic_data/s2.csv,274,<timecave.validation_methods.OOS.Holdout object at 0x00000250F2A0FC50>,0,ARMA,2.2783495211702736,1.2550720275715435,1.5094202599575353
datasets/synthetic_data/s2.csv,274,<timecave.validation_methods.OOS.Repeated_Holdout object at 0x00000250F6ACB7A0>,0,Tree,2.696969133348421,1.3578645586217262,1.642245150197869
datasets/synthetic_data/s2.csv,274,<timecave.validation_methods.OOS.Repeated_Holdout object at 0x00000250F6ACB7A0>,0,ARMA,2.502802366667276,1.3539773066561243,1.582024768032181
datasets/synthetic_data/s2.csv,274,<timecave.validation_methods.OOS.Repeated_Holdout object at 0x00000250F6ACB7A0>,1,Tree,2.504071617389482,1.3326134048465814,1.5824258647372653
datasets/synthetic_data/s2.csv,274,<timecave.validation_methods.OOS.Repeated_Holdout object at 0x00000250F6ACB7A0>,1,ARMA,2.691236294915702,1.4208902527610703,1.640498794548689
datasets/synthetic_data/s2.csv,274,<timecave.validation_methods.OOS.Repeated_Holdout object at 0x00000250F6ACB7A0>,2,Tree,3.140893479782904,1.4765589670829922,1.7722566066410654
datasets/synthetic_data/s2.csv,274,<timecave.validation_methods.OOS.Repeated_Holdout object at 0x00000250F6ACB7A0>,2,ARMA,2.5057702191434283,1.3563741892234507,1.5829624819127674
datasets/synthetic_data/s2.csv,274,<timecave.validation_methods.OOS.Repeated_Holdout object at 0x00000250F6ACB7A0>,3,Tree,3.0208470046815004,1.3848586896100146,1.7380584008259043
datasets/synthetic_data/s2.csv,274,<timecave.validation_methods.OOS.Repeated_Holdout object at 0x00000250F6ACB7A0>,3,ARMA,2.2783495211702736,1.2550720275715435,1.5094202599575353
datasets/synthetic_data/s2.csv,274,<timecave.validation_methods.prequential.Growing_Window object at 0x00000250F6AC9310>,0,Tree,3.540237812993839,1.5445059401728503,1.8815519692514047
datasets/synthetic_data/s2.csv,274,<timecave.validation_methods.prequential.Growing_Window object at 0x00000250F6AC9310>,0,ARMA,2.6394627327673614,1.2237028994675723,1.624642339952816
datasets/synthetic_data/s2.csv,274,<timecave.validation_methods.prequential.Growing_Window object at 0x00000250F6AC9310>,1,Tree,2.757313424951179,1.214294319625819,1.6605160116515525
datasets/synthetic_data/s2.csv,274,<timecave.validation_methods.prequential.Growing_Window object at 0x00000250F6AC9310>,1,ARMA,1.716413672025236,1.0484703192125542,1.3101197166767762
datasets/synthetic_data/s2.csv,274,<timecave.validation_methods.prequential.Growing_Window object at 0x00000250F6AC9310>,2,Tree,2.221091615302492,1.2049631300691899,1.4903327196644687
datasets/synthetic_data/s2.csv,274,<timecave.validation_methods.prequential.Growing_Window object at 0x00000250F6AC9310>,2,ARMA,1.3692676000467738,0.9198576287674077,1.1701570834921156
datasets/synthetic_data/s2.csv,274,<timecave.validation_methods.prequential.Growing_Window object at 0x00000250F6AC9310>,3,Tree,2.1788198837533077,1.2498461982133624,1.4760826141355732
datasets/synthetic_data/s2.csv,274,<timecave.validation_methods.prequential.Growing_Window object at 0x00000250F6AC9310>,3,ARMA,2.7427048280209276,1.442465050074339,1.6561113573733282
datasets/synthetic_data/s2.csv,274,<timecave.validation_methods.prequential.Growing_Window object at 0x00000250F6ACA6F0>,0,Tree,2.542219148577899,1.3734422650427607,1.5944338018801216
datasets/synthetic_data/s2.csv,274,<timecave.validation_methods.prequential.Growing_Window object at 0x00000250F6ACA6F0>,0,ARMA,1.664736063779255,1.0269045351222483,1.2902465127948437
datasets/synthetic_data/s2.csv,274,<timecave.validation_methods.prequential.Growing_Window object at 0x00000250F6ACA6F0>,1,Tree,2.087358711690102,1.1718185302223472,1.4447694320167845
datasets/synthetic_data/s2.csv,274,<timecave.validation_methods.prequential.Growing_Window object at 0x00000250F6ACA6F0>,1,ARMA,1.4251426576678594,0.9508120007885854,1.193793389857667
datasets/synthetic_data/s2.csv,274,<timecave.validation_methods.prequential.Growing_Window object at 0x00000250F6ACA6F0>,2,Tree,4.2321552344914455,1.7456282081328354,2.057220268831572
datasets/synthetic_data/s2.csv,274,<timecave.validation_methods.prequential.Growing_Window object at 0x00000250F6ACA6F0>,2,ARMA,2.769484359650642,1.4559705447520088,1.6641767813698887
datasets/synthetic_data/s2.csv,274,<timecave.validation_methods.prequential.Rolling_Window object at 0x00000250F6ACA540>,0,Tree,3.185263196071037,1.3648037545609766,1.7847305668002207
datasets/synthetic_data/s2.csv,274,<timecave.validation_methods.prequential.Rolling_Window object at 0x00000250F6ACA540>,0,ARMA,2.6394627327673614,1.2237028994675723,1.624642339952816
datasets/synthetic_data/s2.csv,274,<timecave.validation_methods.prequential.Rolling_Window object at 0x00000250F6ACA540>,1,Tree,5.467209479111148,1.7846102960143777,2.338206466313689
datasets/synthetic_data/s2.csv,274,<timecave.validation_methods.prequential.Rolling_Window object at 0x00000250F6ACA540>,1,ARMA,1.6944979821115194,1.0389985590908117,1.3017288435428938
datasets/synthetic_data/s2.csv,274,<timecave.validation_methods.prequential.Rolling_Window object at 0x00000250F6ACA540>,2,Tree,4.442186826307971,1.5658493248690013,2.1076495976105636
datasets/synthetic_data/s2.csv,274,<timecave.validation_methods.prequential.Rolling_Window object at 0x00000250F6ACA540>,2,ARMA,1.3151650071880792,0.8748377192130486,1.14680643841412
datasets/synthetic_data/s2.csv,274,<timecave.validation_methods.prequential.Rolling_Window object at 0x00000250F6ACA540>,3,Tree,3.1950435439376377,1.5110095777460637,1.7874684735506912
datasets/synthetic_data/s2.csv,274,<timecave.validation_methods.prequential.Rolling_Window object at 0x00000250F6ACA540>,3,ARMA,2.6847954821338567,1.41275542624264,1.6385345532315931
datasets/synthetic_data/s2.csv,274,<timecave.validation_methods.prequential.Rolling_Window object at 0x00000250F6ACA480>,0,Tree,2.4192145654874926,1.3991766759088595,1.555382449909826
datasets/synthetic_data/s2.csv,274,<timecave.validation_methods.prequential.Rolling_Window object at 0x00000250F6ACA480>,0,ARMA,1.664736063779255,1.0269045351222483,1.2902465127948437
datasets/synthetic_data/s2.csv,274,<timecave.validation_methods.prequential.Rolling_Window object at 0x00000250F6ACA480>,1,Tree,4.324771452828768,1.6464420193946083,2.0796084854675816
datasets/synthetic_data/s2.csv,274,<timecave.validation_methods.prequential.Rolling_Window object at 0x00000250F6ACA480>,1,ARMA,1.4288258240842449,0.9564103141199254,1.1953350258752753
datasets/synthetic_data/s2.csv,274,<timecave.validation_methods.prequential.Rolling_Window object at 0x00000250F6ACA480>,2,Tree,3.5606542059855366,1.4886272076389901,1.8869695826868902
datasets/synthetic_data/s2.csv,274,<timecave.validation_methods.prequential.Rolling_Window object at 0x00000250F6ACA480>,2,ARMA,2.837825442767384,1.4762922178063151,1.6845846499263206
datasets/synthetic_data/s2.csv,274,<timecave.validation_methods.CV.Block_CV object at 0x00000250F6ACAF60>,0,Tree,2.9068242779349984,1.4370584319749287,1.7049411362082265
datasets/synthetic_data/s2.csv,274,<timecave.validation_methods.CV.Block_CV object at 0x00000250F6ACAF60>,0,ARMA,1.349944530334466,0.9234643829187751,1.161871133273594
datasets/synthetic_data/s2.csv,274,<timecave.validation_methods.CV.Block_CV object at 0x00000250F6ACAF60>,1,Tree,3.5711600830770682,1.4702413127070713,1.8897513283702352
datasets/synthetic_data/s2.csv,274,<timecave.validation_methods.CV.Block_CV object at 0x00000250F6ACAF60>,1,ARMA,2.570687271817875,1.1908128393454365,1.6033362940499647
datasets/synthetic_data/s2.csv,274,<timecave.validation_methods.CV.Block_CV object at 0x00000250F6ACAF60>,2,Tree,3.489107938588429,1.5528053797770909,1.867915399205336
datasets/synthetic_data/s2.csv,274,<timecave.validation_methods.CV.Block_CV object at 0x00000250F6ACAF60>,2,ARMA,1.7492448475502793,1.0674985970104864,1.322590203937062
datasets/synthetic_data/s2.csv,274,<timecave.validation_methods.CV.Block_CV object at 0x00000250F6ACAF60>,3,Tree,1.1661760513883332,0.8810060446634544,1.0798963151100818
datasets/synthetic_data/s2.csv,274,<timecave.validation_methods.CV.Block_CV object at 0x00000250F6ACAF60>,3,ARMA,1.4565794183506988,0.9595581303623791,1.20688832057929
datasets/synthetic_data/s2.csv,274,<timecave.validation_methods.CV.Block_CV object at 0x00000250F6ACAF60>,4,Tree,2.106208193909217,1.2130630371182691,1.4512781242440118
datasets/synthetic_data/s2.csv,274,<timecave.validation_methods.CV.Block_CV object at 0x00000250F6ACAF60>,4,ARMA,2.7427048280209276,1.442465050074339,1.6561113573733282
datasets/synthetic_data/s2.csv,274,<timecave.validation_methods.CV.AdaptedhvBlockCV object at 0x00000250F6ACA7E0>,0,Tree,2.7641285195014027,1.4058526032656178,1.6625668466264454
datasets/synthetic_data/s2.csv,274,<timecave.validation_methods.CV.AdaptedhvBlockCV object at 0x00000250F6ACA7E0>,0,ARMA,1.3514789806126513,0.9240933245836772,1.1625312815630602
datasets/synthetic_data/s2.csv,274,<timecave.validation_methods.CV.AdaptedhvBlockCV object at 0x00000250F6ACA7E0>,1,Tree,3.218022446482347,1.2158975441940783,1.7938847361194494
datasets/synthetic_data/s2.csv,274,<timecave.validation_methods.CV.AdaptedhvBlockCV object at 0x00000250F6ACA7E0>,1,ARMA,2.5886417366369234,1.1995354641885614,1.6089256467086737
datasets/synthetic_data/s2.csv,274,<timecave.validation_methods.CV.AdaptedhvBlockCV object at 0x00000250F6ACA7E0>,2,Tree,2.458108681622903,1.3060680527701105,1.5678356679266177
datasets/synthetic_data/s2.csv,274,<timecave.validation_methods.CV.AdaptedhvBlockCV object at 0x00000250F6ACA7E0>,2,ARMA,1.7501319458725386,1.068950633725898,1.3229255254444743
datasets/synthetic_data/s2.csv,274,<timecave.validation_methods.CV.AdaptedhvBlockCV object at 0x00000250F6ACA7E0>,3,Tree,1.5442685317843725,1.022872523220674,1.2426860149628998
datasets/synthetic_data/s2.csv,274,<timecave.validation_methods.CV.AdaptedhvBlockCV object at 0x00000250F6ACA7E0>,3,ARMA,1.4521156749658908,0.9574200691380321,1.2050376238798068
datasets/synthetic_data/s2.csv,274,<timecave.validation_methods.CV.AdaptedhvBlockCV object at 0x00000250F6ACA7E0>,4,Tree,2.2624170752244956,1.2386551948783402,1.5041333302684625
datasets/synthetic_data/s2.csv,274,<timecave.validation_methods.CV.AdaptedhvBlockCV object at 0x00000250F6ACA7E0>,4,ARMA,2.7065655805473385,1.4325747301871607,1.6451643019915483
datasets/synthetic_data/s2.csv,274,<timecave.validation_methods.markov.MarkovCV object at 0x00000250F6AC8920>,0,Tree,7.159443696934597,2.3366566080471145,2.6757136799244043
datasets/synthetic_data/s2.csv,274,<timecave.validation_methods.markov.MarkovCV object at 0x00000250F6AC8920>,0,ARMA,1.8288979839523274,1.1245810107101095,1.352367547655713
datasets/synthetic_data/s2.csv,274,<timecave.validation_methods.markov.MarkovCV object at 0x00000250F6AC8920>,1,Tree,5.070827167131751,1.82330272942079,2.251849721258448
datasets/synthetic_data/s2.csv,274,<timecave.validation_methods.markov.MarkovCV object at 0x00000250F6AC8920>,1,ARMA,2.9519760508428314,1.353363005270199,1.7181315580719747
datasets/synthetic_data/s2.csv,274,<timecave.validation_methods.markov.MarkovCV object at 0x00000250F6AC8920>,2,Tree,3.6102739754533317,1.5419465340003313,1.9000720974356031
datasets/synthetic_data/s2.csv,274,<timecave.validation_methods.markov.MarkovCV object at 0x00000250F6AC8920>,2,ARMA,2.2655986388508422,1.0848584370713816,1.50519056562644
datasets/synthetic_data/s2.csv,274,<timecave.validation_methods.markov.MarkovCV object at 0x00000250F6AC8920>,3,Tree,4.967390319496776,1.9260718124236766,2.22876430326241
datasets/synthetic_data/s2.csv,274,<timecave.validation_methods.markov.MarkovCV object at 0x00000250F6AC8920>,3,ARMA,0.6792346301536214,0.6368196505189796,0.8241569208309917
datasets/synthetic_data/s2.csv,274,<timecave.validation_methods.markov.MarkovCV object at 0x00000250F6AC8920>,4,Tree,7.429989244686328,2.3112568834385603,2.7258006612161365
datasets/synthetic_data/s2.csv,274,<timecave.validation_methods.markov.MarkovCV object at 0x00000250F6AC8920>,4,ARMA,2.831607469214926,1.4273920804317448,1.682738086932998
datasets/synthetic_data/s2.csv,274,<timecave.validation_methods.markov.MarkovCV object at 0x00000250F6AC8920>,5,Tree,4.049137117632895,1.688996038414854,2.012246783481811
datasets/synthetic_data/s2.csv,274,<timecave.validation_methods.markov.MarkovCV object at 0x00000250F6AC8920>,5,ARMA,4.770912251383137,1.5677242037049997,2.184241802407219
datasets/synthetic_data/s2.csv,274,<timecave.validation_methods.markov.MarkovCV object at 0x00000250F6AC8920>,6,Tree,6.338532311707502,2.0617544029193975,2.517644198791303
datasets/synthetic_data/s2.csv,274,<timecave.validation_methods.markov.MarkovCV object at 0x00000250F6AC8920>,6,ARMA,3.0026405319242007,1.4938439811475357,1.732812895821185
datasets/synthetic_data/s2.csv,274,<timecave.validation_methods.markov.MarkovCV object at 0x00000250F6AC8920>,7,Tree,5.51749507221247,1.980841732469054,2.348934880368647
datasets/synthetic_data/s2.csv,274,<timecave.validation_methods.markov.MarkovCV object at 0x00000250F6AC8920>,7,ARMA,3.4083483836371227,1.4660565475077902,1.8461712768963563
datasets/synthetic_data/s2.csv,274,<timecave.validation_methods.markov.MarkovCV object at 0x00000250F6AC8920>,8,Tree,2.206942902541231,1.2197109265293977,1.4855783057588148
datasets/synthetic_data/s2.csv,274,<timecave.validation_methods.markov.MarkovCV object at 0x00000250F6AC8920>,8,ARMA,1.7047053356907407,1.1183918482973283,1.3056436480490152
datasets/synthetic_data/s2.csv,274,<timecave.validation_methods.markov.MarkovCV object at 0x00000250F6AC8920>,9,Tree,1.7930083404167783,1.183307895214634,1.339032613649413
datasets/synthetic_data/s2.csv,274,<timecave.validation_methods.markov.MarkovCV object at 0x00000250F6AC8920>,9,ARMA,1.176085261070562,0.8903159153106971,1.0844746475001443
datasets/synthetic_data/s2.csv,275,<timecave.validation_methods.OOS.Holdout object at 0x00000250F6AA1190>,0,Tree,2.7691719330816373,1.258838325073066,1.6640829105190755
datasets/synthetic_data/s2.csv,275,<timecave.validation_methods.OOS.Holdout object at 0x00000250F6AA1190>,0,ARMA,2.210342330417509,1.2215467996147007,1.4867220084526593
datasets/synthetic_data/s2.csv,275,<timecave.validation_methods.OOS.Repeated_Holdout object at 0x00000250F6AC8C50>,0,Tree,1.9327205085798553,1.1207523504557864,1.390223186607048
datasets/synthetic_data/s2.csv,275,<timecave.validation_methods.OOS.Repeated_Holdout object at 0x00000250F6AC8C50>,0,ARMA,1.8768907992689856,1.1565868982893903,1.3699966420648577
datasets/synthetic_data/s2.csv,275,<timecave.validation_methods.OOS.Repeated_Holdout object at 0x00000250F6AC8C50>,1,Tree,2.2709021190413297,1.1933854439249068,1.50695126631266
datasets/synthetic_data/s2.csv,275,<timecave.validation_methods.OOS.Repeated_Holdout object at 0x00000250F6AC8C50>,1,ARMA,1.8443980502815407,1.1419749185994663,1.3580861718909962
datasets/synthetic_data/s2.csv,275,<timecave.validation_methods.OOS.Repeated_Holdout object at 0x00000250F6AC8C50>,2,Tree,2.117966546266525,1.129500447484391,1.4553235194507526
datasets/synthetic_data/s2.csv,275,<timecave.validation_methods.OOS.Repeated_Holdout object at 0x00000250F6AC8C50>,2,ARMA,2.113592035053565,1.204858746311844,1.4538198083165483
datasets/synthetic_data/s2.csv,275,<timecave.validation_methods.OOS.Repeated_Holdout object at 0x00000250F6AC8C50>,3,Tree,2.6797073854480074,1.2215109298884115,1.6369811805417946
datasets/synthetic_data/s2.csv,275,<timecave.validation_methods.OOS.Repeated_Holdout object at 0x00000250F6AC8C50>,3,ARMA,2.210342330417509,1.2215467996147007,1.4867220084526593
datasets/synthetic_data/s2.csv,275,<timecave.validation_methods.prequential.Growing_Window object at 0x00000250F6AC8860>,0,Tree,1.0930371762164672,0.8732170894736951,1.0454841826715826
datasets/synthetic_data/s2.csv,275,<timecave.validation_methods.prequential.Growing_Window object at 0x00000250F6AC8860>,0,ARMA,1.3123862609039518,0.9884368424888422,1.1455942828523333
datasets/synthetic_data/s2.csv,275,<timecave.validation_methods.prequential.Growing_Window object at 0x00000250F6AC8860>,1,Tree,2.080649956128732,1.2066166846860251,1.442445824330582
datasets/synthetic_data/s2.csv,275,<timecave.validation_methods.prequential.Growing_Window object at 0x00000250F6AC8860>,1,ARMA,1.3296180905458355,0.9176725520443985,1.153090668831309
datasets/synthetic_data/s2.csv,275,<timecave.validation_methods.prequential.Growing_Window object at 0x00000250F6AC8860>,2,Tree,3.8910102190465157,1.4996135051361241,1.9725643764010632
datasets/synthetic_data/s2.csv,275,<timecave.validation_methods.prequential.Growing_Window object at 0x00000250F6AC8860>,2,ARMA,2.101548464029624,1.1298999747989646,1.449671847015601
datasets/synthetic_data/s2.csv,275,<timecave.validation_methods.prequential.Growing_Window object at 0x00000250F6AC8860>,3,Tree,2.158768779268603,1.1515410723299964,1.4692749161639571
datasets/synthetic_data/s2.csv,275,<timecave.validation_methods.prequential.Growing_Window object at 0x00000250F6AC8860>,3,ARMA,1.8936973586731463,1.1554860131269322,1.3761167678191943
datasets/synthetic_data/s2.csv,275,<timecave.validation_methods.prequential.Growing_Window object at 0x00000250F6ACA960>,0,Tree,1.1890325407631503,0.8964088709057371,1.0904276870857372
datasets/synthetic_data/s2.csv,275,<timecave.validation_methods.prequential.Growing_Window object at 0x00000250F6ACA960>,0,ARMA,1.1355080749553692,0.8582538691703974,1.0656022123453803
datasets/synthetic_data/s2.csv,275,<timecave.validation_methods.prequential.Growing_Window object at 0x00000250F6ACA960>,1,Tree,3.403604839846626,1.5959438938510704,1.844886131945987
datasets/synthetic_data/s2.csv,275,<timecave.validation_methods.prequential.Growing_Window object at 0x00000250F6ACA960>,1,ARMA,2.1792715164005867,1.1826229720141428,1.4762355897351163
datasets/synthetic_data/s2.csv,275,<timecave.validation_methods.prequential.Growing_Window object at 0x00000250F6ACA960>,2,Tree,1.7664232186144986,0.9320845320036353,1.3290685530154187
datasets/synthetic_data/s2.csv,275,<timecave.validation_methods.prequential.Growing_Window object at 0x00000250F6ACA960>,2,ARMA,1.846877641128242,1.1449889358177814,1.3589987642114476
datasets/synthetic_data/s2.csv,275,<timecave.validation_methods.prequential.Rolling_Window object at 0x00000250F6ACA600>,0,Tree,1.261881086974486,0.8765862349188934,1.123334806268588
datasets/synthetic_data/s2.csv,275,<timecave.validation_methods.prequential.Rolling_Window object at 0x00000250F6ACA600>,0,ARMA,1.3123862609039518,0.9884368424888422,1.1455942828523333
datasets/synthetic_data/s2.csv,275,<timecave.validation_methods.prequential.Rolling_Window object at 0x00000250F6ACA600>,1,Tree,1.5489831354617611,0.9971491054686416,1.2445815101718976
datasets/synthetic_data/s2.csv,275,<timecave.validation_methods.prequential.Rolling_Window object at 0x00000250F6ACA600>,1,ARMA,1.3106841266238443,0.9077744823241186,1.1448511373204135
datasets/synthetic_data/s2.csv,275,<timecave.validation_methods.prequential.Rolling_Window object at 0x00000250F6ACA600>,2,Tree,2.565539406191331,1.3591841374536064,1.6017301290140393
datasets/synthetic_data/s2.csv,275,<timecave.validation_methods.prequential.Rolling_Window object at 0x00000250F6ACA600>,2,ARMA,1.9989839026465328,1.0940342412047472,1.4138542720685654
datasets/synthetic_data/s2.csv,275,<timecave.validation_methods.prequential.Rolling_Window object at 0x00000250F6ACA600>,3,Tree,4.331026360884763,1.7898483994087317,2.0811118088379494
datasets/synthetic_data/s2.csv,275,<timecave.validation_methods.prequential.Rolling_Window object at 0x00000250F6ACA600>,3,ARMA,2.0049731312872003,1.2297110657409955,1.4159707381465199
datasets/synthetic_data/s2.csv,275,<timecave.validation_methods.prequential.Rolling_Window object at 0x00000250F6AC9D30>,0,Tree,1.4422951920591773,0.9644144123902842,1.2009559492584136
datasets/synthetic_data/s2.csv,275,<timecave.validation_methods.prequential.Rolling_Window object at 0x00000250F6AC9D30>,0,ARMA,1.1355080749553692,0.8582538691703974,1.0656022123453803
datasets/synthetic_data/s2.csv,275,<timecave.validation_methods.prequential.Rolling_Window object at 0x00000250F6AC9D30>,1,Tree,3.1019886636553733,1.3680396798851922,1.7612463381524384
datasets/synthetic_data/s2.csv,275,<timecave.validation_methods.prequential.Rolling_Window object at 0x00000250F6AC9D30>,1,ARMA,2.1756674506492253,1.1875241899774254,1.4750143899803911
datasets/synthetic_data/s2.csv,275,<timecave.validation_methods.prequential.Rolling_Window object at 0x00000250F6AC9D30>,2,Tree,1.8020737634932027,1.048952185709472,1.3424134100541467
datasets/synthetic_data/s2.csv,275,<timecave.validation_methods.prequential.Rolling_Window object at 0x00000250F6AC9D30>,2,ARMA,1.9220159943445683,1.1704413682076835,1.386367914496209
datasets/synthetic_data/s2.csv,275,<timecave.validation_methods.CV.Block_CV object at 0x00000250F6AC9070>,0,Tree,1.876207520155931,1.135519082557955,1.3697472468145102
datasets/synthetic_data/s2.csv,275,<timecave.validation_methods.CV.Block_CV object at 0x00000250F6AC9070>,0,ARMA,0.7978397959249577,0.7581571014177179,0.8932187839073682
datasets/synthetic_data/s2.csv,275,<timecave.validation_methods.CV.Block_CV object at 0x00000250F6AC9070>,1,Tree,2.0350824814374358,1.169950334836077,1.426563171204639
datasets/synthetic_data/s2.csv,275,<timecave.validation_methods.CV.Block_CV object at 0x00000250F6AC9070>,1,ARMA,1.2276793277367402,0.9582486589932268,1.1080069168271198
datasets/synthetic_data/s2.csv,275,<timecave.validation_methods.CV.Block_CV object at 0x00000250F6AC9070>,2,Tree,2.3565637189228505,1.2795052987092945,1.5351103279317908
datasets/synthetic_data/s2.csv,275,<timecave.validation_methods.CV.Block_CV object at 0x00000250F6AC9070>,2,ARMA,1.2599371591044655,0.9044666745408683,1.1224692241235237
datasets/synthetic_data/s2.csv,275,<timecave.validation_methods.CV.Block_CV object at 0x00000250F6AC9070>,3,Tree,2.8718509230024205,1.411067628159148,1.6946536292123002
datasets/synthetic_data/s2.csv,275,<timecave.validation_methods.CV.Block_CV object at 0x00000250F6AC9070>,3,ARMA,2.1061059796939743,1.1293901597521319,1.451242908576636
datasets/synthetic_data/s2.csv,275,<timecave.validation_methods.CV.Block_CV object at 0x00000250F6AC9070>,4,Tree,2.4187578994463212,1.2452496660264318,1.5552356411316972
datasets/synthetic_data/s2.csv,275,<timecave.validation_methods.CV.Block_CV object at 0x00000250F6AC9070>,4,ARMA,1.8936973586731463,1.1554860131269322,1.3761167678191943
datasets/synthetic_data/s2.csv,275,<timecave.validation_methods.CV.AdaptedhvBlockCV object at 0x00000250F6ACA2D0>,0,Tree,1.813580795190258,1.1202253331912129,1.3466925392197946
datasets/synthetic_data/s2.csv,275,<timecave.validation_methods.CV.AdaptedhvBlockCV object at 0x00000250F6ACA2D0>,0,ARMA,0.7970823171879222,0.757832867050775,0.8927946668679884
datasets/synthetic_data/s2.csv,275,<timecave.validation_methods.CV.AdaptedhvBlockCV object at 0x00000250F6ACA2D0>,1,Tree,2.0604311278623304,1.168707847089458,1.4354201920909189
datasets/synthetic_data/s2.csv,275,<timecave.validation_methods.CV.AdaptedhvBlockCV object at 0x00000250F6ACA2D0>,1,ARMA,1.223618199062921,0.9569954670513734,1.1061727708920162
datasets/synthetic_data/s2.csv,275,<timecave.validation_methods.CV.AdaptedhvBlockCV object at 0x00000250F6ACA2D0>,2,Tree,2.4881034133520568,1.3129047278158095,1.5773723128519965
datasets/synthetic_data/s2.csv,275,<timecave.validation_methods.CV.AdaptedhvBlockCV object at 0x00000250F6ACA2D0>,2,ARMA,1.2538434948829642,0.902243995590429,1.119751532654885
datasets/synthetic_data/s2.csv,275,<timecave.validation_methods.CV.AdaptedhvBlockCV object at 0x00000250F6ACA2D0>,3,Tree,2.8872608899686356,1.3593944584963595,1.6991941884224522
datasets/synthetic_data/s2.csv,275,<timecave.validation_methods.CV.AdaptedhvBlockCV object at 0x00000250F6ACA2D0>,3,ARMA,2.1256323434399924,1.1326619861597522,1.4579548495889687
datasets/synthetic_data/s2.csv,275,<timecave.validation_methods.CV.AdaptedhvBlockCV object at 0x00000250F6ACA2D0>,4,Tree,2.118615291817198,1.1189653308264487,1.4555463894418474
datasets/synthetic_data/s2.csv,275,<timecave.validation_methods.CV.AdaptedhvBlockCV object at 0x00000250F6ACA2D0>,4,ARMA,1.9215633816945883,1.178584278279318,1.3862046680395317
datasets/synthetic_data/s2.csv,275,<timecave.validation_methods.markov.MarkovCV object at 0x00000250F6ACB9E0>,0,Tree,1.969144947484527,1.2388133130462713,1.4032622518561977
datasets/synthetic_data/s2.csv,275,<timecave.validation_methods.markov.MarkovCV object at 0x00000250F6ACB9E0>,0,ARMA,1.114316195340535,0.8877829825549569,1.0556117635478182
datasets/synthetic_data/s2.csv,275,<timecave.validation_methods.markov.MarkovCV object at 0x00000250F6ACB9E0>,1,Tree,5.854696374240093,2.09612966636188,2.419647985604537
datasets/synthetic_data/s2.csv,275,<timecave.validation_methods.markov.MarkovCV object at 0x00000250F6ACB9E0>,1,ARMA,2.280088491055693,1.3069608988078658,1.5099961890864801
datasets/synthetic_data/s2.csv,275,<timecave.validation_methods.markov.MarkovCV object at 0x00000250F6ACB9E0>,2,Tree,2.7840542171702047,1.3521297852813425,1.6685485360546768
datasets/synthetic_data/s2.csv,275,<timecave.validation_methods.markov.MarkovCV object at 0x00000250F6ACB9E0>,2,ARMA,1.7678238301597669,1.1351098254039862,1.3295953633191442
datasets/synthetic_data/s2.csv,275,<timecave.validation_methods.markov.MarkovCV object at 0x00000250F6ACB9E0>,3,Tree,2.6490154565453397,1.4145545729450226,1.6275796313991335
datasets/synthetic_data/s2.csv,275,<timecave.validation_methods.markov.MarkovCV object at 0x00000250F6ACB9E0>,3,ARMA,0.8610424162661707,0.7934425406806404,0.9279237125249956
datasets/synthetic_data/s2.csv,275,<timecave.validation_methods.markov.MarkovCV object at 0x00000250F6ACB9E0>,4,Tree,3.825076079541765,1.5213959293995436,1.9557801715790466
datasets/synthetic_data/s2.csv,275,<timecave.validation_methods.markov.MarkovCV object at 0x00000250F6ACB9E0>,4,ARMA,3.1139823106894036,1.4371889878740733,1.7646479282535097
datasets/synthetic_data/s2.csv,275,<timecave.validation_methods.markov.MarkovCV object at 0x00000250F6ACB9E0>,5,Tree,3.166041976339088,1.2692800940586462,1.7793375105187572
datasets/synthetic_data/s2.csv,275,<timecave.validation_methods.markov.MarkovCV object at 0x00000250F6ACB9E0>,5,ARMA,2.5416803015013123,1.2729708646915308,1.5942648153620251
datasets/synthetic_data/s2.csv,275,<timecave.validation_methods.markov.MarkovCV object at 0x00000250F6ACB9E0>,6,Tree,2.6483033673467333,1.3342074357414213,1.6273608595965228
datasets/synthetic_data/s2.csv,275,<timecave.validation_methods.markov.MarkovCV object at 0x00000250F6ACB9E0>,6,ARMA,1.631122151261418,1.0836118453611863,1.2771539262208835
datasets/synthetic_data/s2.csv,275,<timecave.validation_methods.markov.MarkovCV object at 0x00000250F6ACB9E0>,7,Tree,2.4670344668335504,1.2646801230018403,1.5706796194111485
datasets/synthetic_data/s2.csv,275,<timecave.validation_methods.markov.MarkovCV object at 0x00000250F6ACB9E0>,7,ARMA,1.5651444397321204,1.0189500888487015,1.2510573287152433
datasets/synthetic_data/s2.csv,275,<timecave.validation_methods.markov.MarkovCV object at 0x00000250F6ACB9E0>,8,Tree,3.479133183098696,1.6156811655021999,1.8652434648320566
datasets/synthetic_data/s2.csv,275,<timecave.validation_methods.markov.MarkovCV object at 0x00000250F6ACB9E0>,8,ARMA,1.3419298887639053,0.9063125652693754,1.1584169753434663
datasets/synthetic_data/s2.csv,275,<timecave.validation_methods.markov.MarkovCV object at 0x00000250F6ACB9E0>,9,Tree,4.07905789446038,1.7149106857858156,2.019667768337253
datasets/synthetic_data/s2.csv,275,<timecave.validation_methods.markov.MarkovCV object at 0x00000250F6ACB9E0>,9,ARMA,1.644755090681713,1.0045348346706136,1.282480054691578
datasets/synthetic_data/s2.csv,276,<timecave.validation_methods.OOS.Holdout object at 0x00000250F6AA0AD0>,0,Tree,2.2077610561450625,1.154077777332323,1.4858536456007578
datasets/synthetic_data/s2.csv,276,<timecave.validation_methods.OOS.Holdout object at 0x00000250F6AA0AD0>,0,ARMA,1.3547757042559576,0.9353647976665743,1.1639483254234089
datasets/synthetic_data/s2.csv,276,<timecave.validation_methods.OOS.Repeated_Holdout object at 0x00000250F6AC8BF0>,0,Tree,1.5256440133385174,1.0754666323092903,1.235169629378296
datasets/synthetic_data/s2.csv,276,<timecave.validation_methods.OOS.Repeated_Holdout object at 0x00000250F6AC8BF0>,0,ARMA,1.4969858500022968,0.9600607746769916,1.223513731023194
datasets/synthetic_data/s2.csv,276,<timecave.validation_methods.OOS.Repeated_Holdout object at 0x00000250F6AC8BF0>,1,Tree,1.405855483325661,0.9536109981848998,1.1856877680593914
datasets/synthetic_data/s2.csv,276,<timecave.validation_methods.OOS.Repeated_Holdout object at 0x00000250F6AC8BF0>,1,ARMA,0.9641490214828068,0.8349098147602644,0.9819109030267495
datasets/synthetic_data/s2.csv,276,<timecave.validation_methods.OOS.Repeated_Holdout object at 0x00000250F6AC8BF0>,2,Tree,2.068481223456284,1.1479038849475356,1.438221548808209
datasets/synthetic_data/s2.csv,276,<timecave.validation_methods.OOS.Repeated_Holdout object at 0x00000250F6AC8BF0>,2,ARMA,1.3692473787131014,0.9607059827255497,1.170148443024688
datasets/synthetic_data/s2.csv,276,<timecave.validation_methods.OOS.Repeated_Holdout object at 0x00000250F6AC8BF0>,3,Tree,2.203409927753685,1.1721782794601323,1.4843887387587138
datasets/synthetic_data/s2.csv,276,<timecave.validation_methods.OOS.Repeated_Holdout object at 0x00000250F6AC8BF0>,3,ARMA,1.3547757042559576,0.9353647976665743,1.1639483254234089
datasets/synthetic_data/s2.csv,276,<timecave.validation_methods.prequential.Growing_Window object at 0x00000250F6AC81A0>,0,Tree,1.849884739258959,1.0743730268013574,1.360104679522484
datasets/synthetic_data/s2.csv,276,<timecave.validation_methods.prequential.Growing_Window object at 0x00000250F6AC81A0>,0,ARMA,1.359764890587001,0.9370765072190083,1.166089572282936
datasets/synthetic_data/s2.csv,276,<timecave.validation_methods.prequential.Growing_Window object at 0x00000250F6AC81A0>,1,Tree,2.374690887359795,1.2132821424871452,1.5410032080952314
datasets/synthetic_data/s2.csv,276,<timecave.validation_methods.prequential.Growing_Window object at 0x00000250F6AC81A0>,1,ARMA,2.0966389019622653,1.256325214276854,1.4479775212213293
datasets/synthetic_data/s2.csv,276,<timecave.validation_methods.prequential.Growing_Window object at 0x00000250F6AC81A0>,2,Tree,2.083604109925291,1.117989870834307,1.443469469689363
datasets/synthetic_data/s2.csv,276,<timecave.validation_methods.prequential.Growing_Window object at 0x00000250F6AC81A0>,2,ARMA,2.4488310731188396,1.3321188938692865,1.5648741397054395
datasets/synthetic_data/s2.csv,276,<timecave.validation_methods.prequential.Growing_Window object at 0x00000250F6AC81A0>,3,Tree,1.0323243500384718,0.7730573746971631,1.016033636273166
datasets/synthetic_data/s2.csv,276,<timecave.validation_methods.prequential.Growing_Window object at 0x00000250F6AC81A0>,3,ARMA,1.0321946462288103,0.8591385114202863,1.0159698057662985
datasets/synthetic_data/s2.csv,276,<timecave.validation_methods.prequential.Growing_Window object at 0x00000250F6ACBDD0>,0,Tree,1.5030775472322826,0.935799059936732,1.2260006310081095
datasets/synthetic_data/s2.csv,276,<timecave.validation_methods.prequential.Growing_Window object at 0x00000250F6ACBDD0>,0,ARMA,1.9660548572536625,1.205153648726729,1.4021607815274475
datasets/synthetic_data/s2.csv,276,<timecave.validation_methods.prequential.Growing_Window object at 0x00000250F6ACBDD0>,1,Tree,2.0849549320172533,1.1654880736226831,1.4439373019689095
datasets/synthetic_data/s2.csv,276,<timecave.validation_methods.prequential.Growing_Window object at 0x00000250F6ACBDD0>,1,ARMA,2.3029693533497833,1.3017366898769303,1.5175537398556214
datasets/synthetic_data/s2.csv,276,<timecave.validation_methods.prequential.Growing_Window object at 0x00000250F6ACBDD0>,2,Tree,1.7945137381449285,1.0366601476171367,1.3395946170931445
datasets/synthetic_data/s2.csv,276,<timecave.validation_methods.prequential.Growing_Window object at 0x00000250F6ACBDD0>,2,ARMA,0.9730555423152939,0.8403647528333493,0.9864357770860168
datasets/synthetic_data/s2.csv,276,<timecave.validation_methods.prequential.Rolling_Window object at 0x00000250F6ACBCB0>,0,Tree,1.8392048419897375,1.0856777512090379,1.3561728658212189
datasets/synthetic_data/s2.csv,276,<timecave.validation_methods.prequential.Rolling_Window object at 0x00000250F6ACBCB0>,0,ARMA,1.359764890587001,0.9370765072190083,1.166089572282936
datasets/synthetic_data/s2.csv,276,<timecave.validation_methods.prequential.Rolling_Window object at 0x00000250F6ACBCB0>,1,Tree,2.5974211878264617,1.1790732271914866,1.611651695567768
datasets/synthetic_data/s2.csv,276,<timecave.validation_methods.prequential.Rolling_Window object at 0x00000250F6ACBCB0>,1,ARMA,2.1275296107058126,1.2756520038158703,1.458605364965388
datasets/synthetic_data/s2.csv,276,<timecave.validation_methods.prequential.Rolling_Window object at 0x00000250F6ACBCB0>,2,Tree,3.152241982938964,1.383680160872187,1.7754554297247127
datasets/synthetic_data/s2.csv,276,<timecave.validation_methods.prequential.Rolling_Window object at 0x00000250F6ACBCB0>,2,ARMA,2.47199743630586,1.338352996135808,1.5722587052727233
datasets/synthetic_data/s2.csv,276,<timecave.validation_methods.prequential.Rolling_Window object at 0x00000250F6ACBCB0>,3,Tree,1.6555778589199992,1.0516214291124761,1.2866926046729261
datasets/synthetic_data/s2.csv,276,<timecave.validation_methods.prequential.Rolling_Window object at 0x00000250F6ACBCB0>,3,ARMA,1.082907509559616,0.8662059274162895,1.0406284205035032
datasets/synthetic_data/s2.csv,276,<timecave.validation_methods.prequential.Rolling_Window object at 0x00000250F6ACA720>,0,Tree,1.6622972545319696,0.9371926636267964,1.2893010721053364
datasets/synthetic_data/s2.csv,276,<timecave.validation_methods.prequential.Rolling_Window object at 0x00000250F6ACA720>,0,ARMA,1.9660548572536625,1.205153648726729,1.4021607815274475
datasets/synthetic_data/s2.csv,276,<timecave.validation_methods.prequential.Rolling_Window object at 0x00000250F6ACA720>,1,Tree,2.66256729756542,1.3227799740169675,1.6317375087817954
datasets/synthetic_data/s2.csv,276,<timecave.validation_methods.prequential.Rolling_Window object at 0x00000250F6ACA720>,1,ARMA,2.3546877104338355,1.3175830013688,1.5344991725099872
datasets/synthetic_data/s2.csv,276,<timecave.validation_methods.prequential.Rolling_Window object at 0x00000250F6ACA720>,2,Tree,3.2807291382237245,1.4175680032368956,1.8112783160585024
datasets/synthetic_data/s2.csv,276,<timecave.validation_methods.prequential.Rolling_Window object at 0x00000250F6ACA720>,2,ARMA,0.9696031877628628,0.8297068648771072,0.9846843086811442
datasets/synthetic_data/s2.csv,276,<timecave.validation_methods.CV.Block_CV object at 0x00000250F6AC8680>,0,Tree,1.3136369914692325,1.0186463624946211,1.1461400400776653
datasets/synthetic_data/s2.csv,276,<timecave.validation_methods.CV.Block_CV object at 0x00000250F6AC8680>,0,ARMA,0.9915643921652899,0.7433555541563199,0.9957732634316357
datasets/synthetic_data/s2.csv,276,<timecave.validation_methods.CV.Block_CV object at 0x00000250F6AC8680>,1,Tree,1.3372266270840887,0.9432475143364779,1.1563851551641817
datasets/synthetic_data/s2.csv,276,<timecave.validation_methods.CV.Block_CV object at 0x00000250F6AC8680>,1,ARMA,1.3787787388576793,0.95587662148809,1.174214094131764
datasets/synthetic_data/s2.csv,276,<timecave.validation_methods.CV.Block_CV object at 0x00000250F6AC8680>,2,Tree,2.824720469804154,1.2623307748029828,1.6806904741219169
datasets/synthetic_data/s2.csv,276,<timecave.validation_methods.CV.Block_CV object at 0x00000250F6AC8680>,2,ARMA,2.0147569259696567,1.2161589745724677,1.4194213349001263
datasets/synthetic_data/s2.csv,276,<timecave.validation_methods.CV.Block_CV object at 0x00000250F6AC8680>,3,Tree,1.9268855373753189,1.0492763229678117,1.388123026743422
datasets/synthetic_data/s2.csv,276,<timecave.validation_methods.CV.Block_CV object at 0x00000250F6AC8680>,3,ARMA,2.622432367810939,1.3636324119420822,1.6193925922428258
datasets/synthetic_data/s2.csv,276,<timecave.validation_methods.CV.Block_CV object at 0x00000250F6AC8680>,4,Tree,0.8216956461026356,0.7001119208892144,0.906474294231577
datasets/synthetic_data/s2.csv,276,<timecave.validation_methods.CV.Block_CV object at 0x00000250F6AC8680>,4,ARMA,1.0321946462288103,0.8591385114202863,1.0159698057662985
datasets/synthetic_data/s2.csv,276,<timecave.validation_methods.CV.AdaptedhvBlockCV object at 0x00000250F6ACB350>,0,Tree,1.5157810218686638,0.9822233070711202,1.2311705900762346
datasets/synthetic_data/s2.csv,276,<timecave.validation_methods.CV.AdaptedhvBlockCV object at 0x00000250F6ACB350>,0,ARMA,0.9925912296833191,0.7439232913901399,0.9962887280719978
datasets/synthetic_data/s2.csv,276,<timecave.validation_methods.CV.AdaptedhvBlockCV object at 0x00000250F6ACB350>,1,Tree,2.422707183717019,1.1699625155483266,1.5565047972033426
datasets/synthetic_data/s2.csv,276,<timecave.validation_methods.CV.AdaptedhvBlockCV object at 0x00000250F6ACB350>,1,ARMA,1.3798724868975347,0.9593447378916834,1.1746797380126783
datasets/synthetic_data/s2.csv,276,<timecave.validation_methods.CV.AdaptedhvBlockCV object at 0x00000250F6ACB350>,2,Tree,2.9725188575695194,1.277708008625878,1.7240994337826108
datasets/synthetic_data/s2.csv,276,<timecave.validation_methods.CV.AdaptedhvBlockCV object at 0x00000250F6ACB350>,2,ARMA,1.9847628767188294,1.2130670648363242,1.408816125943634
datasets/synthetic_data/s2.csv,276,<timecave.validation_methods.CV.AdaptedhvBlockCV object at 0x00000250F6ACB350>,3,Tree,2.183938247830346,1.1559611660968991,1.4778153632407351
datasets/synthetic_data/s2.csv,276,<timecave.validation_methods.CV.AdaptedhvBlockCV object at 0x00000250F6ACB350>,3,ARMA,2.631139289032565,1.362635364092983,1.6220786938470542
datasets/synthetic_data/s2.csv,276,<timecave.validation_methods.CV.AdaptedhvBlockCV object at 0x00000250F6ACB350>,4,Tree,1.3927502703645442,0.8934783193725369,1.180148410313103
datasets/synthetic_data/s2.csv,276,<timecave.validation_methods.CV.AdaptedhvBlockCV object at 0x00000250F6ACB350>,4,ARMA,0.9910174313530891,0.834215655055832,0.9954985843049146
datasets/synthetic_data/s2.csv,276,<timecave.validation_methods.markov.MarkovCV object at 0x00000250F6ACA4E0>,0,Tree,5.001629893523036,1.809929875351277,2.236432403074825
datasets/synthetic_data/s2.csv,276,<timecave.validation_methods.markov.MarkovCV object at 0x00000250F6ACA4E0>,0,ARMA,2.5691185146314655,1.282798741398524,1.6028470028769013
datasets/synthetic_data/s2.csv,276,<timecave.validation_methods.markov.MarkovCV object at 0x00000250F6ACA4E0>,1,Tree,4.80648532616524,1.8887860204938935,2.1923697968557314
datasets/synthetic_data/s2.csv,276,<timecave.validation_methods.markov.MarkovCV object at 0x00000250F6ACA4E0>,1,ARMA,2.9776850122971275,1.403406667778301,1.725597001706113
datasets/synthetic_data/s2.csv,276,<timecave.validation_methods.markov.MarkovCV object at 0x00000250F6ACA4E0>,2,Tree,3.1777922123432774,1.4927825779579724,1.7826363096109306
datasets/synthetic_data/s2.csv,276,<timecave.validation_methods.markov.MarkovCV object at 0x00000250F6ACA4E0>,2,ARMA,1.3387149236345341,0.8986715631597841,1.1570284886875233
datasets/synthetic_data/s2.csv,276,<timecave.validation_methods.markov.MarkovCV object at 0x00000250F6ACA4E0>,3,Tree,2.4981615303885945,1.1877417913105948,1.580557348022714
datasets/synthetic_data/s2.csv,276,<timecave.validation_methods.markov.MarkovCV object at 0x00000250F6ACA4E0>,3,ARMA,0.850332253364029,0.7843666468586648,0.9221346178102354
datasets/synthetic_data/s2.csv,276,<timecave.validation_methods.markov.MarkovCV object at 0x00000250F6ACA4E0>,4,Tree,2.382657602606597,1.3094516417154949,1.543585955691032
datasets/synthetic_data/s2.csv,276,<timecave.validation_methods.markov.MarkovCV object at 0x00000250F6ACA4E0>,4,ARMA,2.1628265145020693,1.1827889735664445,1.4706551310562477
datasets/synthetic_data/s2.csv,276,<timecave.validation_methods.markov.MarkovCV object at 0x00000250F6ACA4E0>,5,Tree,5.334333839243784,1.7999310956605212,2.309617682484221
datasets/synthetic_data/s2.csv,276,<timecave.validation_methods.markov.MarkovCV object at 0x00000250F6ACA4E0>,5,ARMA,4.891039998541804,1.9106113271492968,2.211569578046733
datasets/synthetic_data/s2.csv,276,<timecave.validation_methods.markov.MarkovCV object at 0x00000250F6ACA4E0>,6,Tree,3.313049048474193,1.5301256290203953,1.8201783012864956
datasets/synthetic_data/s2.csv,276,<timecave.validation_methods.markov.MarkovCV object at 0x00000250F6ACA4E0>,6,ARMA,2.147123643250693,1.16850561852769,1.46530667208291
datasets/synthetic_data/s2.csv,276,<timecave.validation_methods.markov.MarkovCV object at 0x00000250F6ACA4E0>,7,Tree,4.395618236267788,1.6742132002351828,2.096572974229084
datasets/synthetic_data/s2.csv,276,<timecave.validation_methods.markov.MarkovCV object at 0x00000250F6ACA4E0>,7,ARMA,1.8007408220457382,1.095889704017489,1.341916846174061
datasets/synthetic_data/s2.csv,276,<timecave.validation_methods.markov.MarkovCV object at 0x00000250F6ACA4E0>,8,Tree,1.5243354834516147,1.0564682731176567,1.2346398193204424
datasets/synthetic_data/s2.csv,276,<timecave.validation_methods.markov.MarkovCV object at 0x00000250F6ACA4E0>,8,ARMA,0.6004506975898771,0.5575437192399113,0.774887538672469
datasets/synthetic_data/s2.csv,276,<timecave.validation_methods.markov.MarkovCV object at 0x00000250F6ACA4E0>,9,Tree,2.5161196803647186,1.1439810935113222,1.5862281299878396
datasets/synthetic_data/s2.csv,276,<timecave.validation_methods.markov.MarkovCV object at 0x00000250F6ACA4E0>,9,ARMA,1.9390978753333665,1.172878244598245,1.3925149461795254
datasets/synthetic_data/s2.csv,277,<timecave.validation_methods.OOS.Holdout object at 0x00000250F249BF80>,0,Tree,1.6673107322738765,0.9631549874058547,1.291243870178626
datasets/synthetic_data/s2.csv,277,<timecave.validation_methods.OOS.Holdout object at 0x00000250F249BF80>,0,ARMA,1.4151969625544865,0.9324351549070157,1.1896205119929997
datasets/synthetic_data/s2.csv,277,<timecave.validation_methods.OOS.Repeated_Holdout object at 0x00000250F6AC96A0>,0,Tree,2.0245986904255178,1.1465566675148102,1.422883934277676
datasets/synthetic_data/s2.csv,277,<timecave.validation_methods.OOS.Repeated_Holdout object at 0x00000250F6AC96A0>,0,ARMA,1.4032053444847474,0.9253299520664731,1.1845696874750542
datasets/synthetic_data/s2.csv,277,<timecave.validation_methods.OOS.Repeated_Holdout object at 0x00000250F6AC96A0>,1,Tree,1.6131913861850362,1.0345227629417024,1.2701147137896782
datasets/synthetic_data/s2.csv,277,<timecave.validation_methods.OOS.Repeated_Holdout object at 0x00000250F6AC96A0>,1,ARMA,1.4745417421434852,0.9547899105189398,1.214307103719436
datasets/synthetic_data/s2.csv,277,<timecave.validation_methods.OOS.Repeated_Holdout object at 0x00000250F6AC96A0>,2,Tree,2.26584592294211,1.2673792498946284,1.5052727071670802
datasets/synthetic_data/s2.csv,277,<timecave.validation_methods.OOS.Repeated_Holdout object at 0x00000250F6AC96A0>,2,ARMA,1.26954068793628,0.8764319685701373,1.126738961754798
datasets/synthetic_data/s2.csv,277,<timecave.validation_methods.OOS.Repeated_Holdout object at 0x00000250F6AC96A0>,3,Tree,2.154375037669909,1.1401134229131757,1.4677789471408522
datasets/synthetic_data/s2.csv,277,<timecave.validation_methods.OOS.Repeated_Holdout object at 0x00000250F6AC96A0>,3,ARMA,1.4151969625544865,0.9324351549070157,1.1896205119929997
datasets/synthetic_data/s2.csv,277,<timecave.validation_methods.prequential.Growing_Window object at 0x00000250F6AC9040>,0,Tree,3.209793614848783,1.3706380401368377,1.7915896893119203
datasets/synthetic_data/s2.csv,277,<timecave.validation_methods.prequential.Growing_Window object at 0x00000250F6AC9040>,0,ARMA,2.0330378386736596,1.1422285859357753,1.425846358719501
datasets/synthetic_data/s2.csv,277,<timecave.validation_methods.prequential.Growing_Window object at 0x00000250F6AC9040>,1,Tree,4.345075297257381,1.6358154995696712,2.08448442000831
datasets/synthetic_data/s2.csv,277,<timecave.validation_methods.prequential.Growing_Window object at 0x00000250F6AC9040>,1,ARMA,1.4605087000017778,0.9835242628681857,1.2085150805851692
datasets/synthetic_data/s2.csv,277,<timecave.validation_methods.prequential.Growing_Window object at 0x00000250F6AC9040>,2,Tree,2.3516753569707967,1.1630630788043614,1.5335173155105868
datasets/synthetic_data/s2.csv,277,<timecave.validation_methods.prequential.Growing_Window object at 0x00000250F6AC9040>,2,ARMA,1.3211721353338453,0.9414094729245087,1.1494225225450583
datasets/synthetic_data/s2.csv,277,<timecave.validation_methods.prequential.Growing_Window object at 0x00000250F6AC9040>,3,Tree,1.7707727151731854,1.135357901477212,1.3307038420224033
datasets/synthetic_data/s2.csv,277,<timecave.validation_methods.prequential.Growing_Window object at 0x00000250F6AC9040>,3,ARMA,1.5605452167147256,0.9827515310844186,1.2492178419774214
datasets/synthetic_data/s2.csv,277,<timecave.validation_methods.prequential.Growing_Window object at 0x00000250F6ACAFC0>,0,Tree,2.5045357366791023,1.270758412927637,1.5825725059785105
datasets/synthetic_data/s2.csv,277,<timecave.validation_methods.prequential.Growing_Window object at 0x00000250F6ACAFC0>,0,ARMA,1.5786766235622667,1.0351906791496623,1.2564539878412846
datasets/synthetic_data/s2.csv,277,<timecave.validation_methods.prequential.Growing_Window object at 0x00000250F6ACAFC0>,1,Tree,2.7204627950630433,1.4066220880342049,1.649382549641848
datasets/synthetic_data/s2.csv,277,<timecave.validation_methods.prequential.Growing_Window object at 0x00000250F6ACAFC0>,1,ARMA,1.3955351435345693,0.9847157582270435,1.1813277037023087
datasets/synthetic_data/s2.csv,277,<timecave.validation_methods.prequential.Growing_Window object at 0x00000250F6ACAFC0>,2,Tree,1.8358714232364786,1.149972795488977,1.3549433284224395
datasets/synthetic_data/s2.csv,277,<timecave.validation_methods.prequential.Growing_Window object at 0x00000250F6ACAFC0>,2,ARMA,1.4774184791114284,0.9462146199014677,1.2154910444390072
datasets/synthetic_data/s2.csv,277,<timecave.validation_methods.prequential.Rolling_Window object at 0x00000250F6AC8230>,0,Tree,3.6159553829120314,1.4670225503230503,1.9015665602108256
datasets/synthetic_data/s2.csv,277,<timecave.validation_methods.prequential.Rolling_Window object at 0x00000250F6AC8230>,0,ARMA,2.0330378386736596,1.1422285859357753,1.425846358719501
datasets/synthetic_data/s2.csv,277,<timecave.validation_methods.prequential.Rolling_Window object at 0x00000250F6AC8230>,1,Tree,3.0966909644112155,1.4272553802123198,1.7597417323036968
datasets/synthetic_data/s2.csv,277,<timecave.validation_methods.prequential.Rolling_Window object at 0x00000250F6AC8230>,1,ARMA,1.4326315508226215,0.9597408008379174,1.1969258752414962
datasets/synthetic_data/s2.csv,277,<timecave.validation_methods.prequential.Rolling_Window object at 0x00000250F6AC8230>,2,Tree,3.0488551166323643,1.362335134356428,1.7460971097371316
datasets/synthetic_data/s2.csv,277,<timecave.validation_methods.prequential.Rolling_Window object at 0x00000250F6AC8230>,2,ARMA,1.280172502609911,0.9382939613419943,1.1314470834333838
datasets/synthetic_data/s2.csv,277,<timecave.validation_methods.prequential.Rolling_Window object at 0x00000250F6AC8230>,3,Tree,1.1360866517323611,0.8823108944221867,1.0658736565523894
datasets/synthetic_data/s2.csv,277,<timecave.validation_methods.prequential.Rolling_Window object at 0x00000250F6AC8230>,3,ARMA,1.4814529775723275,0.9448365921596928,1.2171495296685315
datasets/synthetic_data/s2.csv,277,<timecave.validation_methods.prequential.Rolling_Window object at 0x00000250F6AC9790>,0,Tree,2.685506442423044,1.3326103652076529,1.6387514889155843
datasets/synthetic_data/s2.csv,277,<timecave.validation_methods.prequential.Rolling_Window object at 0x00000250F6AC9790>,0,ARMA,1.5786766235622667,1.0351906791496623,1.2564539878412846
datasets/synthetic_data/s2.csv,277,<timecave.validation_methods.prequential.Rolling_Window object at 0x00000250F6AC9790>,1,Tree,1.0730999796081175,0.822448009024031,1.0359053912438712
datasets/synthetic_data/s2.csv,277,<timecave.validation_methods.prequential.Rolling_Window object at 0x00000250F6AC9790>,1,ARMA,1.4711266743079257,1.0037133516908339,1.2129001089570095
datasets/synthetic_data/s2.csv,277,<timecave.validation_methods.prequential.Rolling_Window object at 0x00000250F6AC9790>,2,Tree,2.4317638232329095,1.1710624846606863,1.5594113707527304
datasets/synthetic_data/s2.csv,277,<timecave.validation_methods.prequential.Rolling_Window object at 0x00000250F6AC9790>,2,ARMA,1.485318995494682,0.9594313571317807,1.218736639104069
datasets/synthetic_data/s2.csv,277,<timecave.validation_methods.CV.Block_CV object at 0x00000250F6AC9850>,0,Tree,4.857236732124425,1.8474998427088125,2.2039139575138647
datasets/synthetic_data/s2.csv,277,<timecave.validation_methods.CV.Block_CV object at 0x00000250F6AC9850>,0,ARMA,1.292599902674925,0.9327577086561111,1.1369256363874134
datasets/synthetic_data/s2.csv,277,<timecave.validation_methods.CV.Block_CV object at 0x00000250F6AC9850>,1,Tree,2.2854294848211363,1.2505448454007475,1.511763700060673
datasets/synthetic_data/s2.csv,277,<timecave.validation_methods.CV.Block_CV object at 0x00000250F6AC9850>,1,ARMA,2.001221393371379,1.113385081661167,1.4146453242319712
datasets/synthetic_data/s2.csv,277,<timecave.validation_methods.CV.Block_CV object at 0x00000250F6AC9850>,2,Tree,2.857213412346401,1.3539430108721016,1.6903293798388528
datasets/synthetic_data/s2.csv,277,<timecave.validation_methods.CV.Block_CV object at 0x00000250F6AC9850>,2,ARMA,1.5177952302489337,1.0217935819140118,1.2319883239093354
datasets/synthetic_data/s2.csv,277,<timecave.validation_methods.CV.Block_CV object at 0x00000250F6AC9850>,3,Tree,1.790805763045761,1.0486716675455197,1.3382099099340734
datasets/synthetic_data/s2.csv,277,<timecave.validation_methods.CV.Block_CV object at 0x00000250F6AC9850>,3,ARMA,1.2763349160162403,0.9317005531667516,1.1297499351698324
datasets/synthetic_data/s2.csv,277,<timecave.validation_methods.CV.Block_CV object at 0x00000250F6AC9850>,4,Tree,1.652289146401519,1.0752639998018212,1.285413998057248
datasets/synthetic_data/s2.csv,277,<timecave.validation_methods.CV.Block_CV object at 0x00000250F6AC9850>,4,ARMA,1.5605452167147256,0.9827515310844186,1.2492178419774214
datasets/synthetic_data/s2.csv,277,<timecave.validation_methods.CV.AdaptedhvBlockCV object at 0x00000250F6ACAF90>,0,Tree,4.563072494068863,1.7134793816632423,2.1361349428509575
datasets/synthetic_data/s2.csv,277,<timecave.validation_methods.CV.AdaptedhvBlockCV object at 0x00000250F6ACAF90>,0,ARMA,1.2925258076242145,0.9327439382490814,1.1368930502137018
datasets/synthetic_data/s2.csv,277,<timecave.validation_methods.CV.AdaptedhvBlockCV object at 0x00000250F6ACAF90>,1,Tree,2.7359789763963427,1.2448012358207334,1.6540794951864746
datasets/synthetic_data/s2.csv,277,<timecave.validation_methods.CV.AdaptedhvBlockCV object at 0x00000250F6ACAF90>,1,ARMA,2.0033995341566655,1.1110131767936613,1.4154149688895712
datasets/synthetic_data/s2.csv,277,<timecave.validation_methods.CV.AdaptedhvBlockCV object at 0x00000250F6ACAF90>,2,Tree,3.0208789155850546,1.3950297234411517,1.738067580845191
datasets/synthetic_data/s2.csv,277,<timecave.validation_methods.CV.AdaptedhvBlockCV object at 0x00000250F6ACAF90>,2,ARMA,1.5620818164488939,1.041002876631534,1.2498327153859008
datasets/synthetic_data/s2.csv,277,<timecave.validation_methods.CV.AdaptedhvBlockCV object at 0x00000250F6ACAF90>,3,Tree,1.5547290949833,1.001317151985817,1.246887763587124
datasets/synthetic_data/s2.csv,277,<timecave.validation_methods.CV.AdaptedhvBlockCV object at 0x00000250F6ACAF90>,3,ARMA,1.3021555706541768,0.9311987569032925,1.1411203138381933
datasets/synthetic_data/s2.csv,277,<timecave.validation_methods.CV.AdaptedhvBlockCV object at 0x00000250F6ACAF90>,4,Tree,1.7461603628409563,1.1158242084342487,1.3214236121853418
datasets/synthetic_data/s2.csv,277,<timecave.validation_methods.CV.AdaptedhvBlockCV object at 0x00000250F6ACAF90>,4,ARMA,1.50075525907909,0.9511432966364288,1.2250531658173411
datasets/synthetic_data/s2.csv,277,<timecave.validation_methods.markov.MarkovCV object at 0x00000250F6ACB2F0>,0,Tree,2.5196854390584953,1.3461158670722315,1.5873517061629712
datasets/synthetic_data/s2.csv,277,<timecave.validation_methods.markov.MarkovCV object at 0x00000250F6ACB2F0>,0,ARMA,1.4397179610682362,0.9047146023730372,1.1998824780236756
datasets/synthetic_data/s2.csv,277,<timecave.validation_methods.markov.MarkovCV object at 0x00000250F6ACB2F0>,1,Tree,3.0209198091369482,1.589672580604265,1.7380793448910634
datasets/synthetic_data/s2.csv,277,<timecave.validation_methods.markov.MarkovCV object at 0x00000250F6ACB2F0>,1,ARMA,1.4376242329904778,0.9486484052875376,1.1990096884472943
datasets/synthetic_data/s2.csv,277,<timecave.validation_methods.markov.MarkovCV object at 0x00000250F6ACB2F0>,2,Tree,3.9762840610594643,1.546427800394217,1.994062200900329
datasets/synthetic_data/s2.csv,277,<timecave.validation_methods.markov.MarkovCV object at 0x00000250F6ACB2F0>,2,ARMA,1.3720695664184421,0.9757447475742003,1.1713537324047087
datasets/synthetic_data/s2.csv,277,<timecave.validation_methods.markov.MarkovCV object at 0x00000250F6ACB2F0>,3,Tree,2.4179767933453253,1.3136613652354563,1.5549844993906934
datasets/synthetic_data/s2.csv,277,<timecave.validation_methods.markov.MarkovCV object at 0x00000250F6ACB2F0>,3,ARMA,2.2342594335529387,1.2130691467192527,1.49474393578062
datasets/synthetic_data/s2.csv,277,<timecave.validation_methods.markov.MarkovCV object at 0x00000250F6ACB2F0>,4,Tree,8.373815046796253,2.49783425656028,2.8937544897237313
datasets/synthetic_data/s2.csv,277,<timecave.validation_methods.markov.MarkovCV object at 0x00000250F6ACB2F0>,4,ARMA,2.297887465077407,1.3195700399171484,1.5158784466695894
datasets/synthetic_data/s2.csv,277,<timecave.validation_methods.markov.MarkovCV object at 0x00000250F6ACB2F0>,5,Tree,4.836101483829834,1.8067862758395279,2.199113795106982
datasets/synthetic_data/s2.csv,277,<timecave.validation_methods.markov.MarkovCV object at 0x00000250F6ACB2F0>,5,ARMA,3.2609482724928336,1.522618001882989,1.8058095892127812
datasets/synthetic_data/s2.csv,277,<timecave.validation_methods.markov.MarkovCV object at 0x00000250F6ACB2F0>,6,Tree,3.387351533710193,1.3463425218009273,1.840475898703972
datasets/synthetic_data/s2.csv,277,<timecave.validation_methods.markov.MarkovCV object at 0x00000250F6ACB2F0>,6,ARMA,1.05211368728524,0.834607982072384,1.0257259318576477
datasets/synthetic_data/s2.csv,277,<timecave.validation_methods.markov.MarkovCV object at 0x00000250F6ACB2F0>,7,Tree,3.0781004857970498,1.3121032741081176,1.7544516196797932
datasets/synthetic_data/s2.csv,277,<timecave.validation_methods.markov.MarkovCV object at 0x00000250F6ACB2F0>,7,ARMA,2.1123341342908093,1.2262803733005692,1.4533871247161954
datasets/synthetic_data/s2.csv,277,<timecave.validation_methods.markov.MarkovCV object at 0x00000250F6ACB2F0>,8,Tree,1.2950163439008031,0.8819027963536648,1.1379878487491872
datasets/synthetic_data/s2.csv,277,<timecave.validation_methods.markov.MarkovCV object at 0x00000250F6ACB2F0>,8,ARMA,1.2384652450937859,0.9221367197987042,1.1128635339042185
datasets/synthetic_data/s2.csv,277,<timecave.validation_methods.markov.MarkovCV object at 0x00000250F6ACB2F0>,9,Tree,1.4957313586693004,0.9599644623873901,1.223000964296145
datasets/synthetic_data/s2.csv,277,<timecave.validation_methods.markov.MarkovCV object at 0x00000250F6ACB2F0>,9,ARMA,1.2970141176796686,0.9910916783993485,1.138865276351715
datasets/synthetic_data/s2.csv,278,<timecave.validation_methods.OOS.Holdout object at 0x00000250F6AA36B0>,0,Tree,2.5418336877863923,1.386882819815488,1.5943129202845947
datasets/synthetic_data/s2.csv,278,<timecave.validation_methods.OOS.Holdout object at 0x00000250F6AA36B0>,0,ARMA,1.216310624888204,0.9409202556520779,1.1028647355356884
datasets/synthetic_data/s2.csv,278,<timecave.validation_methods.OOS.Repeated_Holdout object at 0x00000250F6AC9160>,0,Tree,3.2297361178954516,1.5221815150357854,1.7971466600963462
datasets/synthetic_data/s2.csv,278,<timecave.validation_methods.OOS.Repeated_Holdout object at 0x00000250F6AC9160>,0,ARMA,1.5005998830682499,1.0752279921486307,1.2249897481482241
datasets/synthetic_data/s2.csv,278,<timecave.validation_methods.OOS.Repeated_Holdout object at 0x00000250F6AC9160>,1,Tree,2.442426468890083,1.3068664727058803,1.56282643594549
datasets/synthetic_data/s2.csv,278,<timecave.validation_methods.OOS.Repeated_Holdout object at 0x00000250F6AC9160>,1,ARMA,1.5720158199892398,1.0993790394048917,1.2538005503225942
datasets/synthetic_data/s2.csv,278,<timecave.validation_methods.OOS.Repeated_Holdout object at 0x00000250F6AC9160>,2,Tree,2.4031482344320323,1.3364103664065643,1.5502090937780078
datasets/synthetic_data/s2.csv,278,<timecave.validation_methods.OOS.Repeated_Holdout object at 0x00000250F6AC9160>,2,ARMA,1.3235689709809477,0.9961126837092178,1.1504646761117647
datasets/synthetic_data/s2.csv,278,<timecave.validation_methods.OOS.Repeated_Holdout object at 0x00000250F6AC9160>,3,Tree,2.2306703229848073,1.2663565343732988,1.4935428761789222
datasets/synthetic_data/s2.csv,278,<timecave.validation_methods.OOS.Repeated_Holdout object at 0x00000250F6AC9160>,3,ARMA,1.216310624888204,0.9409202556520779,1.1028647355356884
datasets/synthetic_data/s2.csv,278,<timecave.validation_methods.prequential.Growing_Window object at 0x00000250F6ACBF50>,0,Tree,2.507457557323295,1.3254854539441847,1.5834953606889082
datasets/synthetic_data/s2.csv,278,<timecave.validation_methods.prequential.Growing_Window object at 0x00000250F6ACBF50>,0,ARMA,2.0221590902591267,1.135484855776721,1.4220264027995846
datasets/synthetic_data/s2.csv,278,<timecave.validation_methods.prequential.Growing_Window object at 0x00000250F6ACBF50>,1,Tree,2.564011594710201,1.261480247355412,1.6012531326152655
datasets/synthetic_data/s2.csv,278,<timecave.validation_methods.prequential.Growing_Window object at 0x00000250F6ACBF50>,1,ARMA,2.9679157617080723,1.4893697391862695,1.722763988974715
datasets/synthetic_data/s2.csv,278,<timecave.validation_methods.prequential.Growing_Window object at 0x00000250F6ACBF50>,2,Tree,1.5303082414387603,0.9968197044775271,1.2370562806270216
datasets/synthetic_data/s2.csv,278,<timecave.validation_methods.prequential.Growing_Window object at 0x00000250F6ACBF50>,2,ARMA,1.086524281806879,0.8205764890566303,1.0423647546837331
datasets/synthetic_data/s2.csv,278,<timecave.validation_methods.prequential.Growing_Window object at 0x00000250F6ACBF50>,3,Tree,2.418816216069581,1.2854342751307561,1.555254389503396
datasets/synthetic_data/s2.csv,278,<timecave.validation_methods.prequential.Growing_Window object at 0x00000250F6ACBF50>,3,ARMA,1.4537064888830187,1.0361598746980123,1.2056975113530835
datasets/synthetic_data/s2.csv,278,<timecave.validation_methods.prequential.Growing_Window object at 0x00000250F6ACAA20>,0,Tree,2.932386572421823,1.4137543707481128,1.7124212602107645
datasets/synthetic_data/s2.csv,278,<timecave.validation_methods.prequential.Growing_Window object at 0x00000250F6ACAA20>,0,ARMA,2.79964596053198,1.4544040781830647,1.6732142601986095
datasets/synthetic_data/s2.csv,278,<timecave.validation_methods.prequential.Growing_Window object at 0x00000250F6ACAA20>,1,Tree,1.7640961868031926,1.0373067189578065,1.3281928274174621
datasets/synthetic_data/s2.csv,278,<timecave.validation_methods.prequential.Growing_Window object at 0x00000250F6ACAA20>,1,ARMA,1.1373177110935315,0.8490344523006144,1.0664509886035698
datasets/synthetic_data/s2.csv,278,<timecave.validation_methods.prequential.Growing_Window object at 0x00000250F6ACAA20>,2,Tree,2.5903737901909123,1.3553870963898331,1.6094638207151202
datasets/synthetic_data/s2.csv,278,<timecave.validation_methods.prequential.Growing_Window object at 0x00000250F6ACAA20>,2,ARMA,1.4742800502927604,1.059268113549766,1.2141993453682802
datasets/synthetic_data/s2.csv,278,<timecave.validation_methods.prequential.Rolling_Window object at 0x00000250F6AC9D00>,0,Tree,2.600290464830207,1.3180985416851285,1.612541616464582
datasets/synthetic_data/s2.csv,278,<timecave.validation_methods.prequential.Rolling_Window object at 0x00000250F6AC9D00>,0,ARMA,2.0221590902591267,1.135484855776721,1.4220264027995846
datasets/synthetic_data/s2.csv,278,<timecave.validation_methods.prequential.Rolling_Window object at 0x00000250F6AC9D00>,1,Tree,2.139333603326335,1.1983953965316536,1.4626460964041625
datasets/synthetic_data/s2.csv,278,<timecave.validation_methods.prequential.Rolling_Window object at 0x00000250F6AC9D00>,1,ARMA,2.8528626946740956,1.4810702393964914,1.6890419458006647
datasets/synthetic_data/s2.csv,278,<timecave.validation_methods.prequential.Rolling_Window object at 0x00000250F6AC9D00>,2,Tree,4.749217947334902,1.8377727892070201,2.179270049198791
datasets/synthetic_data/s2.csv,278,<timecave.validation_methods.prequential.Rolling_Window object at 0x00000250F6AC9D00>,2,ARMA,1.18823132745475,0.8457943967507979,1.0900602402870907
datasets/synthetic_data/s2.csv,278,<timecave.validation_methods.prequential.Rolling_Window object at 0x00000250F6AC9D00>,3,Tree,1.6779287431210907,1.098831141422519,1.2953488885706008
datasets/synthetic_data/s2.csv,278,<timecave.validation_methods.prequential.Rolling_Window object at 0x00000250F6AC9D00>,3,ARMA,1.7445718514345936,1.1232450519180668,1.3208224147986714
datasets/synthetic_data/s2.csv,278,<timecave.validation_methods.prequential.Rolling_Window object at 0x00000250F6ACBC20>,0,Tree,3.009533771229734,1.4534092294009477,1.7348007871884696
datasets/synthetic_data/s2.csv,278,<timecave.validation_methods.prequential.Rolling_Window object at 0x00000250F6ACBC20>,0,ARMA,2.79964596053198,1.4544040781830647,1.6732142601986095
datasets/synthetic_data/s2.csv,278,<timecave.validation_methods.prequential.Rolling_Window object at 0x00000250F6ACBC20>,1,Tree,1.0782145142781099,0.8389133927924924,1.038371086981003
datasets/synthetic_data/s2.csv,278,<timecave.validation_methods.prequential.Rolling_Window object at 0x00000250F6ACBC20>,1,ARMA,1.150337877973492,0.8454203885133295,1.0725380543241774
datasets/synthetic_data/s2.csv,278,<timecave.validation_methods.prequential.Rolling_Window object at 0x00000250F6ACBC20>,2,Tree,2.195327953527204,1.2164418700299195,1.4816639138236458
datasets/synthetic_data/s2.csv,278,<timecave.validation_methods.prequential.Rolling_Window object at 0x00000250F6ACBC20>,2,ARMA,1.4746685019460253,1.0693437804854895,1.2143592968911736
datasets/synthetic_data/s2.csv,278,<timecave.validation_methods.CV.Block_CV object at 0x00000250F6AC8E00>,0,Tree,1.6857679763210753,1.013524670098917,1.2983712783025798
datasets/synthetic_data/s2.csv,278,<timecave.validation_methods.CV.Block_CV object at 0x00000250F6AC8E00>,0,ARMA,1.8860877712675594,1.0320446577609348,1.3733491075715452
datasets/synthetic_data/s2.csv,278,<timecave.validation_methods.CV.Block_CV object at 0x00000250F6AC8E00>,1,Tree,2.0029395405800123,1.1433172589018714,1.415252465314939
datasets/synthetic_data/s2.csv,278,<timecave.validation_methods.CV.Block_CV object at 0x00000250F6AC8E00>,1,ARMA,2.0640726958539,1.1576253232724487,1.4366880997119382
datasets/synthetic_data/s2.csv,278,<timecave.validation_methods.CV.Block_CV object at 0x00000250F6AC8E00>,2,Tree,2.6445358402971215,1.1892242272663733,1.6262028902621966
datasets/synthetic_data/s2.csv,278,<timecave.validation_methods.CV.Block_CV object at 0x00000250F6AC8E00>,2,ARMA,2.874909405318805,1.4762122351893323,1.6955557806568338
datasets/synthetic_data/s2.csv,278,<timecave.validation_methods.CV.Block_CV object at 0x00000250F6AC8E00>,3,Tree,1.9590279142102693,1.0857240070674807,1.3996527834467622
datasets/synthetic_data/s2.csv,278,<timecave.validation_methods.CV.Block_CV object at 0x00000250F6AC8E00>,3,ARMA,1.1396117581513765,0.8445005699899215,1.0675259988175354
datasets/synthetic_data/s2.csv,278,<timecave.validation_methods.CV.Block_CV object at 0x00000250F6AC8E00>,4,Tree,3.0732347053829066,1.4985277811382185,1.753064375709833
datasets/synthetic_data/s2.csv,278,<timecave.validation_methods.CV.Block_CV object at 0x00000250F6AC8E00>,4,ARMA,1.4537064888830187,1.0361598746980123,1.2056975113530835
datasets/synthetic_data/s2.csv,278,<timecave.validation_methods.CV.AdaptedhvBlockCV object at 0x00000250F6ACAAB0>,0,Tree,1.424227071030712,0.9942506878894796,1.193409850399565
datasets/synthetic_data/s2.csv,278,<timecave.validation_methods.CV.AdaptedhvBlockCV object at 0x00000250F6ACAAB0>,0,ARMA,1.8824530927718386,1.0305695955265004,1.3720251793505245
datasets/synthetic_data/s2.csv,278,<timecave.validation_methods.CV.AdaptedhvBlockCV object at 0x00000250F6ACAAB0>,1,Tree,1.7476437267355331,1.0902721983729597,1.3219847679665349
datasets/synthetic_data/s2.csv,278,<timecave.validation_methods.CV.AdaptedhvBlockCV object at 0x00000250F6ACAAB0>,1,ARMA,2.0467032124337123,1.1593079001592494,1.4306303549253079
datasets/synthetic_data/s2.csv,278,<timecave.validation_methods.CV.AdaptedhvBlockCV object at 0x00000250F6ACAAB0>,2,Tree,1.2705648528372302,0.910300812171704,1.1271933520196213
datasets/synthetic_data/s2.csv,278,<timecave.validation_methods.CV.AdaptedhvBlockCV object at 0x00000250F6ACAAB0>,2,ARMA,2.8763712850502112,1.477080030428291,1.6959868174753634
datasets/synthetic_data/s2.csv,278,<timecave.validation_methods.CV.AdaptedhvBlockCV object at 0x00000250F6ACAAB0>,3,Tree,1.8556648740677575,1.0802341138943397,1.3622279082693018
datasets/synthetic_data/s2.csv,278,<timecave.validation_methods.CV.AdaptedhvBlockCV object at 0x00000250F6ACAAB0>,3,ARMA,1.1583787105526924,0.8473729084782036,1.0762800335194798
datasets/synthetic_data/s2.csv,278,<timecave.validation_methods.CV.AdaptedhvBlockCV object at 0x00000250F6ACAAB0>,4,Tree,2.7420000116760304,1.4066312660204612,1.6558985511425603
datasets/synthetic_data/s2.csv,278,<timecave.validation_methods.CV.AdaptedhvBlockCV object at 0x00000250F6ACAAB0>,4,ARMA,1.5771481481799696,1.0913405126643299,1.2558455908988053
datasets/synthetic_data/s2.csv,278,<timecave.validation_methods.markov.MarkovCV object at 0x00000250F6ACB1A0>,0,Tree,6.348229143167829,2.2427936078408512,2.5195692376213494
datasets/synthetic_data/s2.csv,278,<timecave.validation_methods.markov.MarkovCV object at 0x00000250F6ACB1A0>,0,ARMA,2.299354598383936,1.1821483753720146,1.5163622912694499
datasets/synthetic_data/s2.csv,278,<timecave.validation_methods.markov.MarkovCV object at 0x00000250F6ACB1A0>,1,Tree,9.275571552412059,2.666323489705936,3.0455823010406498
datasets/synthetic_data/s2.csv,278,<timecave.validation_methods.markov.MarkovCV object at 0x00000250F6ACB1A0>,1,ARMA,4.304188681884878,1.8418261938121065,2.0746538703805215
datasets/synthetic_data/s2.csv,278,<timecave.validation_methods.markov.MarkovCV object at 0x00000250F6ACB1A0>,2,Tree,1.0511063698487404,0.8596583245501447,1.0252347876699954
datasets/synthetic_data/s2.csv,278,<timecave.validation_methods.markov.MarkovCV object at 0x00000250F6ACB1A0>,2,ARMA,1.5253390182539757,1.0675003802907206,1.2350461603737635
datasets/synthetic_data/s2.csv,278,<timecave.validation_methods.markov.MarkovCV object at 0x00000250F6ACB1A0>,3,Tree,2.302096871997702,1.255066196961359,1.517266249541491
datasets/synthetic_data/s2.csv,278,<timecave.validation_methods.markov.MarkovCV object at 0x00000250F6ACB1A0>,3,ARMA,1.3871424441875095,0.9903094074328469,1.1777701151699806
datasets/synthetic_data/s2.csv,278,<timecave.validation_methods.markov.MarkovCV object at 0x00000250F6ACB1A0>,4,Tree,5.780859090276256,2.0698332483568165,2.404341716619386
datasets/synthetic_data/s2.csv,278,<timecave.validation_methods.markov.MarkovCV object at 0x00000250F6ACB1A0>,4,ARMA,1.5689951574476906,1.006297187323838,1.2525953686038005
datasets/synthetic_data/s2.csv,278,<timecave.validation_methods.markov.MarkovCV object at 0x00000250F6ACB1A0>,5,Tree,2.3988069360619524,1.2203523183408105,1.548808230886559
datasets/synthetic_data/s2.csv,278,<timecave.validation_methods.markov.MarkovCV object at 0x00000250F6ACB1A0>,5,ARMA,2.1489619747531696,1.0235946096794306,1.4659338234562873
datasets/synthetic_data/s2.csv,278,<timecave.validation_methods.markov.MarkovCV object at 0x00000250F6ACB1A0>,6,Tree,3.9083293579404743,1.4840007026064832,1.9769495081919706
datasets/synthetic_data/s2.csv,278,<timecave.validation_methods.markov.MarkovCV object at 0x00000250F6ACB1A0>,6,ARMA,1.399500041356795,0.888895589491027,1.1830046666673784
datasets/synthetic_data/s2.csv,278,<timecave.validation_methods.markov.MarkovCV object at 0x00000250F6ACB1A0>,7,Tree,2.701695362809409,1.2889611442904871,1.6436834740330661
datasets/synthetic_data/s2.csv,278,<timecave.validation_methods.markov.MarkovCV object at 0x00000250F6ACB1A0>,7,ARMA,1.9104897561665508,1.1639383591499617,1.3822046723139634
datasets/synthetic_data/s2.csv,278,<timecave.validation_methods.markov.MarkovCV object at 0x00000250F6ACB1A0>,8,Tree,5.621144905184573,2.0503152447097617,2.3708953804806683
datasets/synthetic_data/s2.csv,278,<timecave.validation_methods.markov.MarkovCV object at 0x00000250F6ACB1A0>,8,ARMA,2.0908009889037276,1.14808151406968,1.4459602307476258
datasets/synthetic_data/s2.csv,278,<timecave.validation_methods.markov.MarkovCV object at 0x00000250F6ACB1A0>,9,Tree,3.263180992775271,1.6092278658146753,1.8064276882220531
datasets/synthetic_data/s2.csv,278,<timecave.validation_methods.markov.MarkovCV object at 0x00000250F6ACB1A0>,9,ARMA,1.7416305635950318,1.1232186183348758,1.319708514633073
datasets/synthetic_data/s2.csv,279,<timecave.validation_methods.OOS.Holdout object at 0x00000250F6A34F50>,0,Tree,2.0615409473248354,1.154677066466176,1.4358067235268246
datasets/synthetic_data/s2.csv,279,<timecave.validation_methods.OOS.Holdout object at 0x00000250F6A34F50>,0,ARMA,1.9170549130359194,1.1643153441784169,1.384577521497413
datasets/synthetic_data/s2.csv,279,<timecave.validation_methods.OOS.Repeated_Holdout object at 0x00000250F6AC8110>,0,Tree,2.9910187828824815,1.4328989299654578,1.7294562101662134
datasets/synthetic_data/s2.csv,279,<timecave.validation_methods.OOS.Repeated_Holdout object at 0x00000250F6AC8110>,0,ARMA,1.7958741585363427,1.12595878988897,1.3401022940568166
datasets/synthetic_data/s2.csv,279,<timecave.validation_methods.OOS.Repeated_Holdout object at 0x00000250F6AC8110>,1,Tree,3.476567069811023,1.5431631820801954,1.8645554617149427
datasets/synthetic_data/s2.csv,279,<timecave.validation_methods.OOS.Repeated_Holdout object at 0x00000250F6AC8110>,1,ARMA,1.827467442016994,1.116294862769813,1.35183854140093
datasets/synthetic_data/s2.csv,279,<timecave.validation_methods.OOS.Repeated_Holdout object at 0x00000250F6AC8110>,2,Tree,2.898193965486844,1.4398880163584071,1.7024082840161592
datasets/synthetic_data/s2.csv,279,<timecave.validation_methods.OOS.Repeated_Holdout object at 0x00000250F6AC8110>,2,ARMA,1.6398055432203897,1.062503462959736,1.280548922618886
datasets/synthetic_data/s2.csv,279,<timecave.validation_methods.OOS.Repeated_Holdout object at 0x00000250F6AC8110>,3,Tree,1.9071143409265883,1.0760610936167667,1.3809831066767573
datasets/synthetic_data/s2.csv,279,<timecave.validation_methods.OOS.Repeated_Holdout object at 0x00000250F6AC8110>,3,ARMA,1.9170549130359194,1.1643153441784169,1.384577521497413
datasets/synthetic_data/s2.csv,279,<timecave.validation_methods.prequential.Growing_Window object at 0x00000250F6AC98E0>,0,Tree,2.12197401995023,1.137601803624615,1.4566997013627174
datasets/synthetic_data/s2.csv,279,<timecave.validation_methods.prequential.Growing_Window object at 0x00000250F6AC98E0>,0,ARMA,2.2658518839359574,1.1560998361922552,1.5052746872036205
datasets/synthetic_data/s2.csv,279,<timecave.validation_methods.prequential.Growing_Window object at 0x00000250F6AC98E0>,1,Tree,1.781576812008366,1.1803606507515148,1.3347572108845736
datasets/synthetic_data/s2.csv,279,<timecave.validation_methods.prequential.Growing_Window object at 0x00000250F6AC98E0>,1,ARMA,1.054064419541905,0.7920551550273457,1.026676394752458
datasets/synthetic_data/s2.csv,279,<timecave.validation_methods.prequential.Growing_Window object at 0x00000250F6AC98E0>,2,Tree,1.7425769285723458,1.0809711214932427,1.3200670166973894
datasets/synthetic_data/s2.csv,279,<timecave.validation_methods.prequential.Growing_Window object at 0x00000250F6AC98E0>,2,ARMA,1.7095649145182235,1.0948649699562454,1.3075033133870917
datasets/synthetic_data/s2.csv,279,<timecave.validation_methods.prequential.Growing_Window object at 0x00000250F6AC98E0>,3,Tree,2.4952312914726957,1.323304897577091,1.5796301122328276
datasets/synthetic_data/s2.csv,279,<timecave.validation_methods.prequential.Growing_Window object at 0x00000250F6AC98E0>,3,ARMA,1.8552969285347976,1.1086655049321794,1.3620928487202322
datasets/synthetic_data/s2.csv,279,<timecave.validation_methods.prequential.Growing_Window object at 0x00000250F6ACA1E0>,0,Tree,2.1341957299795733,1.2157044574599392,1.4608886781611983
datasets/synthetic_data/s2.csv,279,<timecave.validation_methods.prequential.Growing_Window object at 0x00000250F6ACA1E0>,0,ARMA,1.3076746501330863,0.9126078471011174,1.1435360292238659
datasets/synthetic_data/s2.csv,279,<timecave.validation_methods.prequential.Growing_Window object at 0x00000250F6ACA1E0>,1,Tree,1.7136077005052595,1.095249026440972,1.3090483950203138
datasets/synthetic_data/s2.csv,279,<timecave.validation_methods.prequential.Growing_Window object at 0x00000250F6ACA1E0>,1,ARMA,1.6966711031108366,1.0725222325582622,1.3025632818066217
datasets/synthetic_data/s2.csv,279,<timecave.validation_methods.prequential.Growing_Window object at 0x00000250F6ACA1E0>,2,Tree,2.336662724363896,1.2538609651982382,1.528614642205123
datasets/synthetic_data/s2.csv,279,<timecave.validation_methods.prequential.Growing_Window object at 0x00000250F6ACA1E0>,2,ARMA,1.8895375425241263,1.1345035332630105,1.374604504038935
datasets/synthetic_data/s2.csv,279,<timecave.validation_methods.prequential.Rolling_Window object at 0x00000250F6ACB650>,0,Tree,2.2515738342346725,1.1797833675126899,1.500524519704584
datasets/synthetic_data/s2.csv,279,<timecave.validation_methods.prequential.Rolling_Window object at 0x00000250F6ACB650>,0,ARMA,2.2658518839359574,1.1560998361922552,1.5052746872036205
datasets/synthetic_data/s2.csv,279,<timecave.validation_methods.prequential.Rolling_Window object at 0x00000250F6ACB650>,1,Tree,2.9098210849053356,1.4240022123683034,1.7058197691741457
datasets/synthetic_data/s2.csv,279,<timecave.validation_methods.prequential.Rolling_Window object at 0x00000250F6ACB650>,1,ARMA,1.0826092206293363,0.8231334621225683,1.0404850890951471
datasets/synthetic_data/s2.csv,279,<timecave.validation_methods.prequential.Rolling_Window object at 0x00000250F6ACB650>,2,Tree,1.965804614132496,1.1663338855617176,1.4020715438708882
datasets/synthetic_data/s2.csv,279,<timecave.validation_methods.prequential.Rolling_Window object at 0x00000250F6ACB650>,2,ARMA,1.6925122136783386,1.0900678769281,1.300965877215209
datasets/synthetic_data/s2.csv,279,<timecave.validation_methods.prequential.Rolling_Window object at 0x00000250F6ACB650>,3,Tree,3.1723733156578224,1.46095910133065,1.781115750213282
datasets/synthetic_data/s2.csv,279,<timecave.validation_methods.prequential.Rolling_Window object at 0x00000250F6ACB650>,3,ARMA,1.8417354250809805,1.082804442334675,1.357105532035361
datasets/synthetic_data/s2.csv,279,<timecave.validation_methods.prequential.Rolling_Window object at 0x00000250F6AC8770>,0,Tree,2.097315562408873,1.166803413663369,1.4482111594684226
datasets/synthetic_data/s2.csv,279,<timecave.validation_methods.prequential.Rolling_Window object at 0x00000250F6AC8770>,0,ARMA,1.3076746501330863,0.9126078471011174,1.1435360292238659
datasets/synthetic_data/s2.csv,279,<timecave.validation_methods.prequential.Rolling_Window object at 0x00000250F6AC8770>,1,Tree,2.612227583081809,1.2471221725085897,1.616238714757758
datasets/synthetic_data/s2.csv,279,<timecave.validation_methods.prequential.Rolling_Window object at 0x00000250F6AC8770>,1,ARMA,1.633870192875864,1.055158782698664,1.2782293193616958
datasets/synthetic_data/s2.csv,279,<timecave.validation_methods.prequential.Rolling_Window object at 0x00000250F6AC8770>,2,Tree,2.4281712423134203,1.2651512741888467,1.558259042108667
datasets/synthetic_data/s2.csv,279,<timecave.validation_methods.prequential.Rolling_Window object at 0x00000250F6AC8770>,2,ARMA,1.8125745244807963,1.0923209293068776,1.346318879196454
datasets/synthetic_data/s2.csv,279,<timecave.validation_methods.CV.Block_CV object at 0x00000250F6ACA000>,0,Tree,2.4007036223730296,1.152314748724657,1.5494204149852389
datasets/synthetic_data/s2.csv,279,<timecave.validation_methods.CV.Block_CV object at 0x00000250F6ACA000>,0,ARMA,1.7220599677430863,1.0782715627824917,1.312272825194169
datasets/synthetic_data/s2.csv,279,<timecave.validation_methods.CV.Block_CV object at 0x00000250F6ACA000>,1,Tree,2.1426236474690685,1.141187900091999,1.463770353391907
datasets/synthetic_data/s2.csv,279,<timecave.validation_methods.CV.Block_CV object at 0x00000250F6ACA000>,1,ARMA,1.9429653968903309,1.072958860329519,1.3939029366818663
datasets/synthetic_data/s2.csv,279,<timecave.validation_methods.CV.Block_CV object at 0x00000250F6ACA000>,2,Tree,1.9009252279712738,1.1209614273476607,1.3787404498205142
datasets/synthetic_data/s2.csv,279,<timecave.validation_methods.CV.Block_CV object at 0x00000250F6ACA000>,2,ARMA,1.0553825460810682,0.8006080348069861,1.0273181328493468
datasets/synthetic_data/s2.csv,279,<timecave.validation_methods.CV.Block_CV object at 0x00000250F6ACA000>,3,Tree,1.8963459726521021,1.2117670509963714,1.3770787822968236
datasets/synthetic_data/s2.csv,279,<timecave.validation_methods.CV.Block_CV object at 0x00000250F6ACA000>,3,ARMA,1.6523058657271263,1.068150493101645,1.285420501519688
datasets/synthetic_data/s2.csv,279,<timecave.validation_methods.CV.Block_CV object at 0x00000250F6ACA000>,4,Tree,2.745281620471447,1.3693552041807637,1.6568891394633036
datasets/synthetic_data/s2.csv,279,<timecave.validation_methods.CV.Block_CV object at 0x00000250F6ACA000>,4,ARMA,1.8552969285347976,1.1086655049321794,1.3620928487202322
datasets/synthetic_data/s2.csv,279,<timecave.validation_methods.CV.AdaptedhvBlockCV object at 0x00000250F6ACA750>,0,Tree,1.9786840134904238,0.960177964164832,1.4066570347779959
datasets/synthetic_data/s2.csv,279,<timecave.validation_methods.CV.AdaptedhvBlockCV object at 0x00000250F6ACA750>,0,ARMA,1.7240694900964537,1.0790333574813977,1.3130382668058285
datasets/synthetic_data/s2.csv,279,<timecave.validation_methods.CV.AdaptedhvBlockCV object at 0x00000250F6ACA750>,1,Tree,2.0338331469996107,1.1483878656874538,1.4261252213601758
datasets/synthetic_data/s2.csv,279,<timecave.validation_methods.CV.AdaptedhvBlockCV object at 0x00000250F6ACA750>,1,ARMA,1.935173561708462,1.070900646693115,1.391105158393305
datasets/synthetic_data/s2.csv,279,<timecave.validation_methods.CV.AdaptedhvBlockCV object at 0x00000250F6ACA750>,2,Tree,1.8521535034215875,1.1076637165633012,1.360938464230322
datasets/synthetic_data/s2.csv,279,<timecave.validation_methods.CV.AdaptedhvBlockCV object at 0x00000250F6ACA750>,2,ARMA,1.0567340019521803,0.8008095375266797,1.0279756815957177
datasets/synthetic_data/s2.csv,279,<timecave.validation_methods.CV.AdaptedhvBlockCV object at 0x00000250F6ACA750>,3,Tree,1.7702363526736276,1.0672612737885931,1.3305022933740578
datasets/synthetic_data/s2.csv,279,<timecave.validation_methods.CV.AdaptedhvBlockCV object at 0x00000250F6ACA750>,3,ARMA,1.6457551293137924,1.0682934762341048,1.2828698801179301
datasets/synthetic_data/s2.csv,279,<timecave.validation_methods.CV.AdaptedhvBlockCV object at 0x00000250F6ACA750>,4,Tree,2.4902049524574386,1.3252614569725294,1.5780383241409057
datasets/synthetic_data/s2.csv,279,<timecave.validation_methods.CV.AdaptedhvBlockCV object at 0x00000250F6ACA750>,4,ARMA,1.9913838294333983,1.1689998008737077,1.411163998064505
datasets/synthetic_data/s2.csv,279,<timecave.validation_methods.markov.MarkovCV object at 0x00000250F6ACBFE0>,0,Tree,6.155098898790966,2.1064973986254265,2.480947177751063
datasets/synthetic_data/s2.csv,279,<timecave.validation_methods.markov.MarkovCV object at 0x00000250F6ACBFE0>,0,ARMA,2.227620566110046,1.13546313926819,1.4925215462800012
datasets/synthetic_data/s2.csv,279,<timecave.validation_methods.markov.MarkovCV object at 0x00000250F6ACBFE0>,1,Tree,2.1518520671742998,1.3359323417830666,1.466919243576244
datasets/synthetic_data/s2.csv,279,<timecave.validation_methods.markov.MarkovCV object at 0x00000250F6ACBFE0>,1,ARMA,2.6015972688409152,1.2889333215783734,1.6129467656562368
datasets/synthetic_data/s2.csv,279,<timecave.validation_methods.markov.MarkovCV object at 0x00000250F6ACBFE0>,2,Tree,2.721742677066588,1.418695642198753,1.6497704922402352
datasets/synthetic_data/s2.csv,279,<timecave.validation_methods.markov.MarkovCV object at 0x00000250F6ACBFE0>,2,ARMA,2.467742412925661,1.3045281439927532,1.5709049662298675
datasets/synthetic_data/s2.csv,279,<timecave.validation_methods.markov.MarkovCV object at 0x00000250F6ACBFE0>,3,Tree,1.1537951069322485,0.8667100925968224,1.0741485497510335
datasets/synthetic_data/s2.csv,279,<timecave.validation_methods.markov.MarkovCV object at 0x00000250F6ACBFE0>,3,ARMA,1.1439693267063675,0.9132126138378887,1.069565017521781
datasets/synthetic_data/s2.csv,279,<timecave.validation_methods.markov.MarkovCV object at 0x00000250F6ACBFE0>,4,Tree,2.9522960604592274,1.5168226187690808,1.7182246827639356
datasets/synthetic_data/s2.csv,279,<timecave.validation_methods.markov.MarkovCV object at 0x00000250F6ACBFE0>,4,ARMA,1.7047482516326093,1.0902580781381235,1.305660082729272
datasets/synthetic_data/s2.csv,279,<timecave.validation_methods.markov.MarkovCV object at 0x00000250F6ACBFE0>,5,Tree,4.276143527847633,1.798425681981964,2.0678838284216146
datasets/synthetic_data/s2.csv,279,<timecave.validation_methods.markov.MarkovCV object at 0x00000250F6ACBFE0>,5,ARMA,2.4410128687608204,1.269516914370116,1.5623741129322453
datasets/synthetic_data/s2.csv,279,<timecave.validation_methods.markov.MarkovCV object at 0x00000250F6ACBFE0>,6,Tree,2.7652854030306657,1.3937082780539085,1.6629147311364663
datasets/synthetic_data/s2.csv,279,<timecave.validation_methods.markov.MarkovCV object at 0x00000250F6ACBFE0>,6,ARMA,2.3044368173002785,1.2545664071263967,1.518037159393761
datasets/synthetic_data/s2.csv,279,<timecave.validation_methods.markov.MarkovCV object at 0x00000250F6ACBFE0>,7,Tree,2.3535284999819135,1.2079935754647229,1.5341214097919087
datasets/synthetic_data/s2.csv,279,<timecave.validation_methods.markov.MarkovCV object at 0x00000250F6ACBFE0>,7,ARMA,1.7340571138686283,1.1230237693909026,1.316836023910581
datasets/synthetic_data/s2.csv,279,<timecave.validation_methods.markov.MarkovCV object at 0x00000250F6ACBFE0>,8,Tree,1.6301542456368858,1.1148510888310588,1.276774939304843
datasets/synthetic_data/s2.csv,279,<timecave.validation_methods.markov.MarkovCV object at 0x00000250F6ACBFE0>,8,ARMA,1.030161451677729,0.8166274040590022,1.0149686949249859
datasets/synthetic_data/s2.csv,279,<timecave.validation_methods.markov.MarkovCV object at 0x00000250F6ACBFE0>,9,Tree,2.148526119416184,1.2854480434071252,1.465785154589916
datasets/synthetic_data/s2.csv,279,<timecave.validation_methods.markov.MarkovCV object at 0x00000250F6ACBFE0>,9,ARMA,2.7794977130681024,1.5398233898481815,1.6671825674076917
datasets/synthetic_data/s2.csv,280,<timecave.validation_methods.OOS.Holdout object at 0x00000250F29B0A70>,0,Tree,2.6567335971967836,1.3227972594029027,1.6299489553960835
datasets/synthetic_data/s2.csv,280,<timecave.validation_methods.OOS.Holdout object at 0x00000250F29B0A70>,0,ARMA,1.6479889074163665,1.0205737494359506,1.2837402024616844
datasets/synthetic_data/s2.csv,280,<timecave.validation_methods.OOS.Repeated_Holdout object at 0x00000250F6ACA1B0>,0,Tree,3.3270235969274697,1.4904243150642198,1.8240130473566984
datasets/synthetic_data/s2.csv,280,<timecave.validation_methods.OOS.Repeated_Holdout object at 0x00000250F6ACA1B0>,0,ARMA,1.8417942141275208,1.083945934429002,1.3571271915806273
datasets/synthetic_data/s2.csv,280,<timecave.validation_methods.OOS.Repeated_Holdout object at 0x00000250F6ACA1B0>,1,Tree,3.031049511827329,1.4087048920767624,1.7409909568482338
datasets/synthetic_data/s2.csv,280,<timecave.validation_methods.OOS.Repeated_Holdout object at 0x00000250F6ACA1B0>,1,ARMA,1.8988841292479337,1.119991845806694,1.3780000468969273
datasets/synthetic_data/s2.csv,280,<timecave.validation_methods.OOS.Repeated_Holdout object at 0x00000250F6ACA1B0>,2,Tree,2.945482710841387,1.4065190927984004,1.7162408662077089
datasets/synthetic_data/s2.csv,280,<timecave.validation_methods.OOS.Repeated_Holdout object at 0x00000250F6ACA1B0>,2,ARMA,1.5942403647184937,0.9986841295628371,1.2626323157271453
datasets/synthetic_data/s2.csv,280,<timecave.validation_methods.OOS.Repeated_Holdout object at 0x00000250F6ACA1B0>,3,Tree,2.7924964870633975,1.3643613172381477,1.671076445607261
datasets/synthetic_data/s2.csv,280,<timecave.validation_methods.OOS.Repeated_Holdout object at 0x00000250F6ACA1B0>,3,ARMA,1.6479889074163665,1.0205737494359506,1.2837402024616844
datasets/synthetic_data/s2.csv,280,<timecave.validation_methods.prequential.Growing_Window object at 0x00000250F6AC97C0>,0,Tree,3.306521923035462,1.5454164437290898,1.8183844266368598
datasets/synthetic_data/s2.csv,280,<timecave.validation_methods.prequential.Growing_Window object at 0x00000250F6AC97C0>,0,ARMA,2.7514052021145243,1.3609646581507078,1.6587360254466423
datasets/synthetic_data/s2.csv,280,<timecave.validation_methods.prequential.Growing_Window object at 0x00000250F6AC97C0>,1,Tree,2.571078473238288,1.3542881812928036,1.6034582854687203
datasets/synthetic_data/s2.csv,280,<timecave.validation_methods.prequential.Growing_Window object at 0x00000250F6AC97C0>,1,ARMA,1.3988484434413562,0.9355187051743861,1.1827292350497456
datasets/synthetic_data/s2.csv,280,<timecave.validation_methods.prequential.Growing_Window object at 0x00000250F6AC97C0>,2,Tree,1.472895196989458,1.0486670741418709,1.2136289371094684
datasets/synthetic_data/s2.csv,280,<timecave.validation_methods.prequential.Growing_Window object at 0x00000250F6AC97C0>,2,ARMA,1.4191188888305468,0.9549283910253024,1.1912677653787778
datasets/synthetic_data/s2.csv,280,<timecave.validation_methods.prequential.Growing_Window object at 0x00000250F6AC97C0>,3,Tree,3.3086085046132094,1.4833646764247648,1.8189580821484617
datasets/synthetic_data/s2.csv,280,<timecave.validation_methods.prequential.Growing_Window object at 0x00000250F6AC97C0>,3,ARMA,1.6494524969796922,1.045432857023472,1.2843101249229845
datasets/synthetic_data/s2.csv,280,<timecave.validation_methods.prequential.Growing_Window object at 0x00000250F6AC91C0>,0,Tree,1.768661216156217,1.0461720749528818,1.329910228608013
datasets/synthetic_data/s2.csv,280,<timecave.validation_methods.prequential.Growing_Window object at 0x00000250F6AC91C0>,0,ARMA,1.4194830800537726,0.9211925495430393,1.1914206142474506
datasets/synthetic_data/s2.csv,280,<timecave.validation_methods.prequential.Growing_Window object at 0x00000250F6AC91C0>,1,Tree,2.103448166257443,1.1887497401693845,1.4503269170285171
datasets/synthetic_data/s2.csv,280,<timecave.validation_methods.prequential.Growing_Window object at 0x00000250F6AC91C0>,1,ARMA,1.4183312071922267,0.9439981620365276,1.1909371130299982
datasets/synthetic_data/s2.csv,280,<timecave.validation_methods.prequential.Growing_Window object at 0x00000250F6AC91C0>,2,Tree,3.3802407585992507,1.5099267211183016,1.8385431076260492
datasets/synthetic_data/s2.csv,280,<timecave.validation_methods.prequential.Growing_Window object at 0x00000250F6AC91C0>,2,ARMA,1.6255974057913565,1.0295091930708913,1.2749891786957865
datasets/synthetic_data/s2.csv,280,<timecave.validation_methods.prequential.Rolling_Window object at 0x00000250F6ACB5F0>,0,Tree,3.24642909949236,1.5328185890955086,1.801784975931468
datasets/synthetic_data/s2.csv,280,<timecave.validation_methods.prequential.Rolling_Window object at 0x00000250F6ACB5F0>,0,ARMA,2.7514052021145243,1.3609646581507078,1.6587360254466423
datasets/synthetic_data/s2.csv,280,<timecave.validation_methods.prequential.Rolling_Window object at 0x00000250F6ACB5F0>,1,Tree,2.7564417896394082,1.3045450333255455,1.6602535317352614
datasets/synthetic_data/s2.csv,280,<timecave.validation_methods.prequential.Rolling_Window object at 0x00000250F6ACB5F0>,1,ARMA,1.4096402255869147,0.9420893302278461,1.187282706682328
datasets/synthetic_data/s2.csv,280,<timecave.validation_methods.prequential.Rolling_Window object at 0x00000250F6ACB5F0>,2,Tree,2.465714999184839,1.2548075854346583,1.5702595324292221
datasets/synthetic_data/s2.csv,280,<timecave.validation_methods.prequential.Rolling_Window object at 0x00000250F6ACB5F0>,2,ARMA,1.292233355939843,0.9408017600679318,1.1367644241177866
datasets/synthetic_data/s2.csv,280,<timecave.validation_methods.prequential.Rolling_Window object at 0x00000250F6ACB5F0>,3,Tree,2.3513597852842505,1.2274116315474655,1.5334144205935494
datasets/synthetic_data/s2.csv,280,<timecave.validation_methods.prequential.Rolling_Window object at 0x00000250F6ACB5F0>,3,ARMA,1.481516301572398,0.9650067608159345,1.2171755426282596
datasets/synthetic_data/s2.csv,280,<timecave.validation_methods.prequential.Rolling_Window object at 0x00000250F6AC9460>,0,Tree,1.4593588411647416,0.9220325883255909,1.208039254811176
datasets/synthetic_data/s2.csv,280,<timecave.validation_methods.prequential.Rolling_Window object at 0x00000250F6AC9460>,0,ARMA,1.4194830800537726,0.9211925495430393,1.1914206142474506
datasets/synthetic_data/s2.csv,280,<timecave.validation_methods.prequential.Rolling_Window object at 0x00000250F6AC9460>,1,Tree,2.979566862088055,1.3908485416000522,1.726142190576447
datasets/synthetic_data/s2.csv,280,<timecave.validation_methods.prequential.Rolling_Window object at 0x00000250F6AC9460>,1,ARMA,1.4150991427829476,0.9437991169586402,1.1895793974270685
datasets/synthetic_data/s2.csv,280,<timecave.validation_methods.prequential.Rolling_Window object at 0x00000250F6AC9460>,2,Tree,2.887961631173646,1.2967767811705413,1.6994003740065629
datasets/synthetic_data/s2.csv,280,<timecave.validation_methods.prequential.Rolling_Window object at 0x00000250F6AC9460>,2,ARMA,2.211139946456111,1.2351251566236767,1.4869902307870455
datasets/synthetic_data/s2.csv,280,<timecave.validation_methods.CV.Block_CV object at 0x00000250F6AC8E30>,0,Tree,2.2464438142206924,1.2374578512437153,1.498814135982408
datasets/synthetic_data/s2.csv,280,<timecave.validation_methods.CV.Block_CV object at 0x00000250F6AC8E30>,0,ARMA,1.2011735156575267,0.9379637349372629,1.0959806182855274
datasets/synthetic_data/s2.csv,280,<timecave.validation_methods.CV.Block_CV object at 0x00000250F6AC8E30>,1,Tree,3.0492317704252065,1.455613262549724,1.7462049623183433
datasets/synthetic_data/s2.csv,280,<timecave.validation_methods.CV.Block_CV object at 0x00000250F6AC8E30>,1,ARMA,2.7143933865998995,1.3604925443628955,1.6475416190797425
datasets/synthetic_data/s2.csv,280,<timecave.validation_methods.CV.Block_CV object at 0x00000250F6AC8E30>,2,Tree,2.376054861468793,1.2521804381819135,1.5414457050018964
datasets/synthetic_data/s2.csv,280,<timecave.validation_methods.CV.Block_CV object at 0x00000250F6AC8E30>,2,ARMA,1.3932159100264392,0.9140498147074805,1.1803456739559133
datasets/synthetic_data/s2.csv,280,<timecave.validation_methods.CV.Block_CV object at 0x00000250F6AC8E30>,3,Tree,1.2768328264387132,0.971659716479081,1.1299702767943558
datasets/synthetic_data/s2.csv,280,<timecave.validation_methods.CV.Block_CV object at 0x00000250F6AC8E30>,3,ARMA,1.215833868965665,0.8654056110050795,1.1026485700193263
datasets/synthetic_data/s2.csv,280,<timecave.validation_methods.CV.Block_CV object at 0x00000250F6AC8E30>,4,Tree,3.199549383096076,1.431015170160288,1.7887284263118524
datasets/synthetic_data/s2.csv,280,<timecave.validation_methods.CV.Block_CV object at 0x00000250F6AC8E30>,4,ARMA,1.6494524969796922,1.045432857023472,1.2843101249229845
datasets/synthetic_data/s2.csv,280,<timecave.validation_methods.CV.AdaptedhvBlockCV object at 0x00000250F6ACAE70>,0,Tree,2.1570760489575194,1.191250194358058,1.4686987604534565
datasets/synthetic_data/s2.csv,280,<timecave.validation_methods.CV.AdaptedhvBlockCV object at 0x00000250F6ACAE70>,0,ARMA,1.2053070166392406,0.9397638330835134,1.0978647533458938
datasets/synthetic_data/s2.csv,280,<timecave.validation_methods.CV.AdaptedhvBlockCV object at 0x00000250F6ACAE70>,1,Tree,3.1703310841577843,1.5347205656629788,1.7805423567435243
datasets/synthetic_data/s2.csv,280,<timecave.validation_methods.CV.AdaptedhvBlockCV object at 0x00000250F6ACAE70>,1,ARMA,2.7109639626907027,1.3633061630794905,1.6465005201003438
datasets/synthetic_data/s2.csv,280,<timecave.validation_methods.CV.AdaptedhvBlockCV object at 0x00000250F6ACAE70>,2,Tree,1.8264503249796182,1.0979753678631867,1.3514622913642904
datasets/synthetic_data/s2.csv,280,<timecave.validation_methods.CV.AdaptedhvBlockCV object at 0x00000250F6ACAE70>,2,ARMA,1.4170782442703165,0.9177604117156284,1.190410956044305
datasets/synthetic_data/s2.csv,280,<timecave.validation_methods.CV.AdaptedhvBlockCV object at 0x00000250F6ACAE70>,3,Tree,2.1795748662851415,1.1968531818474704,1.4763383305615083
datasets/synthetic_data/s2.csv,280,<timecave.validation_methods.CV.AdaptedhvBlockCV object at 0x00000250F6ACAE70>,3,ARMA,1.2015566904703723,0.8648544953361399,1.096155413465797
datasets/synthetic_data/s2.csv,280,<timecave.validation_methods.CV.AdaptedhvBlockCV object at 0x00000250F6ACAE70>,4,Tree,3.1671248277168274,1.460852397371129,1.7796417694909352
datasets/synthetic_data/s2.csv,280,<timecave.validation_methods.CV.AdaptedhvBlockCV object at 0x00000250F6ACAE70>,4,ARMA,1.6003079120050496,1.0347549050712075,1.2650327711190132
datasets/synthetic_data/s2.csv,280,<timecave.validation_methods.markov.MarkovCV object at 0x00000250F6ACAB10>,0,Tree,1.2491009319781632,0.7132407071740934,1.1176318409826034
datasets/synthetic_data/s2.csv,280,<timecave.validation_methods.markov.MarkovCV object at 0x00000250F6ACAB10>,0,ARMA,1.2346089795240078,0.9055116453113432,1.1111295961875949
datasets/synthetic_data/s2.csv,280,<timecave.validation_methods.markov.MarkovCV object at 0x00000250F6ACAB10>,1,Tree,2.2633202173390043,1.3163397519000655,1.5044335204119206
datasets/synthetic_data/s2.csv,280,<timecave.validation_methods.markov.MarkovCV object at 0x00000250F6ACAB10>,1,ARMA,1.541736907599066,0.9144938884157613,1.24166698740003
datasets/synthetic_data/s2.csv,280,<timecave.validation_methods.markov.MarkovCV object at 0x00000250F6ACAB10>,2,Tree,5.685482715939901,1.952756144178635,2.3844250283747446
datasets/synthetic_data/s2.csv,280,<timecave.validation_methods.markov.MarkovCV object at 0x00000250F6ACAB10>,2,ARMA,3.2171127385631015,1.423810944237565,1.7936311601226997
datasets/synthetic_data/s2.csv,280,<timecave.validation_methods.markov.MarkovCV object at 0x00000250F6ACAB10>,3,Tree,4.4650129750283,1.545257835168161,2.113057731115811
datasets/synthetic_data/s2.csv,280,<timecave.validation_methods.markov.MarkovCV object at 0x00000250F6ACAB10>,3,ARMA,4.194834989534955,1.7358911050755177,2.048129632014281
datasets/synthetic_data/s2.csv,280,<timecave.validation_methods.markov.MarkovCV object at 0x00000250F6ACAB10>,4,Tree,2.573103675234275,1.2808884646184213,1.6040896718183415
datasets/synthetic_data/s2.csv,280,<timecave.validation_methods.markov.MarkovCV object at 0x00000250F6ACAB10>,4,ARMA,1.7918421536681017,1.0653714695055696,1.3385970841399968
datasets/synthetic_data/s2.csv,280,<timecave.validation_methods.markov.MarkovCV object at 0x00000250F6ACAB10>,5,Tree,2.694440958325504,1.369264366982875,1.641475238413758
datasets/synthetic_data/s2.csv,280,<timecave.validation_methods.markov.MarkovCV object at 0x00000250F6ACAB10>,5,ARMA,1.2536247534147962,0.944335441545064,1.1196538542847947
datasets/synthetic_data/s2.csv,280,<timecave.validation_methods.markov.MarkovCV object at 0x00000250F6ACAB10>,6,Tree,1.9928988234240377,1.1720631075446595,1.4117006847855667
datasets/synthetic_data/s2.csv,280,<timecave.validation_methods.markov.MarkovCV object at 0x00000250F6ACAB10>,6,ARMA,0.964690046921013,0.8264997153756037,0.982186360585919
datasets/synthetic_data/s2.csv,280,<timecave.validation_methods.markov.MarkovCV object at 0x00000250F6ACAB10>,7,Tree,1.489551069244834,1.0117237986374874,1.2204716585176543
datasets/synthetic_data/s2.csv,280,<timecave.validation_methods.markov.MarkovCV object at 0x00000250F6ACAB10>,7,ARMA,2.000842570053555,1.1088735122354962,1.4145114245044312
datasets/synthetic_data/s2.csv,280,<timecave.validation_methods.markov.MarkovCV object at 0x00000250F6ACAB10>,8,Tree,4.6175444627053,1.7984316622725196,2.1488472404303898
datasets/synthetic_data/s2.csv,280,<timecave.validation_methods.markov.MarkovCV object at 0x00000250F6ACAB10>,8,ARMA,3.4722182249956726,1.5721112842201994,1.8633889086810818
datasets/synthetic_data/s2.csv,280,<timecave.validation_methods.markov.MarkovCV object at 0x00000250F6ACAB10>,9,Tree,1.9851602683520881,1.1179101102006774,1.4089571563223944
datasets/synthetic_data/s2.csv,280,<timecave.validation_methods.markov.MarkovCV object at 0x00000250F6ACAB10>,9,ARMA,1.735060962455944,1.1382380091520319,1.3172171280604972
datasets/synthetic_data/s2.csv,281,<timecave.validation_methods.OOS.Holdout object at 0x00000250F29B1AF0>,0,Tree,2.5637306394032704,1.278028497412791,1.601165400389126
datasets/synthetic_data/s2.csv,281,<timecave.validation_methods.OOS.Holdout object at 0x00000250F29B1AF0>,0,ARMA,1.342574412481751,0.978987188118413,1.1586951335367517
datasets/synthetic_data/s2.csv,281,<timecave.validation_methods.OOS.Repeated_Holdout object at 0x00000250F6ACA510>,0,Tree,2.5699016926954656,1.296212340520462,1.603091292689055
datasets/synthetic_data/s2.csv,281,<timecave.validation_methods.OOS.Repeated_Holdout object at 0x00000250F6ACA510>,0,ARMA,1.4583964267871108,1.0236457210010876,1.2076408517382602
datasets/synthetic_data/s2.csv,281,<timecave.validation_methods.OOS.Repeated_Holdout object at 0x00000250F6ACA510>,1,Tree,2.7885234359576545,1.3240721495547108,1.6698872524687571
datasets/synthetic_data/s2.csv,281,<timecave.validation_methods.OOS.Repeated_Holdout object at 0x00000250F6ACA510>,1,ARMA,1.4375373500783748,1.0349569569424586,1.198973456786419
datasets/synthetic_data/s2.csv,281,<timecave.validation_methods.OOS.Repeated_Holdout object at 0x00000250F6ACA510>,2,Tree,2.4263631976289086,1.2484713018683107,1.5576787851251326
datasets/synthetic_data/s2.csv,281,<timecave.validation_methods.OOS.Repeated_Holdout object at 0x00000250F6ACA510>,2,ARMA,1.3997101091573112,1.0080621511200198,1.1830934490382876
datasets/synthetic_data/s2.csv,281,<timecave.validation_methods.OOS.Repeated_Holdout object at 0x00000250F6ACA510>,3,Tree,2.5993579688864443,1.304628093908108,1.6122524519709822
datasets/synthetic_data/s2.csv,281,<timecave.validation_methods.OOS.Repeated_Holdout object at 0x00000250F6ACA510>,3,ARMA,1.342574412481751,0.978987188118413,1.1586951335367517
datasets/synthetic_data/s2.csv,281,<timecave.validation_methods.prequential.Growing_Window object at 0x00000250F6AC8080>,0,Tree,2.90086011089904,1.2582501412610214,1.7031911551258831
datasets/synthetic_data/s2.csv,281,<timecave.validation_methods.prequential.Growing_Window object at 0x00000250F6AC8080>,0,ARMA,2.1124396438684916,1.205235409583683,1.4534234220861075
datasets/synthetic_data/s2.csv,281,<timecave.validation_methods.prequential.Growing_Window object at 0x00000250F6AC8080>,1,Tree,3.018329814145129,1.4769980628678008,1.7373341112592964
datasets/synthetic_data/s2.csv,281,<timecave.validation_methods.prequential.Growing_Window object at 0x00000250F6AC8080>,1,ARMA,1.9593376085980043,1.1274521582153048,1.3997634116514135
datasets/synthetic_data/s2.csv,281,<timecave.validation_methods.prequential.Growing_Window object at 0x00000250F6AC8080>,2,Tree,2.7619624770645412,1.3664675532335582,1.6619153038180199
datasets/synthetic_data/s2.csv,281,<timecave.validation_methods.prequential.Growing_Window object at 0x00000250F6AC8080>,2,ARMA,1.433025915217776,0.9207135349048408,1.1970906044313339
datasets/synthetic_data/s2.csv,281,<timecave.validation_methods.prequential.Growing_Window object at 0x00000250F6AC8080>,3,Tree,2.519098453203696,1.217440044643016,1.587166800687217
datasets/synthetic_data/s2.csv,281,<timecave.validation_methods.prequential.Growing_Window object at 0x00000250F6AC8080>,3,ARMA,1.3411148433016213,0.9887846043690329,1.158065129127728
datasets/synthetic_data/s2.csv,281,<timecave.validation_methods.prequential.Growing_Window object at 0x00000250F6ACA300>,0,Tree,3.623686916017115,1.5241102968011508,1.9035984124854473
datasets/synthetic_data/s2.csv,281,<timecave.validation_methods.prequential.Growing_Window object at 0x00000250F6ACA300>,0,ARMA,2.569025649006221,1.3550348491875108,1.6028180336539208
datasets/synthetic_data/s2.csv,281,<timecave.validation_methods.prequential.Growing_Window object at 0x00000250F6ACA300>,1,Tree,4.3735831608742455,1.6466029559446793,2.0913113495781173
datasets/synthetic_data/s2.csv,281,<timecave.validation_methods.prequential.Growing_Window object at 0x00000250F6ACA300>,1,ARMA,1.830131361407246,1.0405613685416064,1.3528234775488064
datasets/synthetic_data/s2.csv,281,<timecave.validation_methods.prequential.Growing_Window object at 0x00000250F6ACA300>,2,Tree,2.007504242408425,1.1659393816476107,1.4168642286431063
datasets/synthetic_data/s2.csv,281,<timecave.validation_methods.prequential.Growing_Window object at 0x00000250F6ACA300>,2,ARMA,1.3453980624219775,0.9922628263461934,1.1599129546746072
datasets/synthetic_data/s2.csv,281,<timecave.validation_methods.prequential.Rolling_Window object at 0x00000250F6ACA780>,0,Tree,3.015691469385357,1.3045269319527941,1.736574636859976
datasets/synthetic_data/s2.csv,281,<timecave.validation_methods.prequential.Rolling_Window object at 0x00000250F6ACA780>,0,ARMA,2.1124396438684916,1.205235409583683,1.4534234220861075
datasets/synthetic_data/s2.csv,281,<timecave.validation_methods.prequential.Rolling_Window object at 0x00000250F6ACA780>,1,Tree,1.9887651259291543,1.0645188356262676,1.4102358405348923
datasets/synthetic_data/s2.csv,281,<timecave.validation_methods.prequential.Rolling_Window object at 0x00000250F6ACA780>,1,ARMA,1.6750026080964613,1.0412012669507615,1.2942189181496542
datasets/synthetic_data/s2.csv,281,<timecave.validation_methods.prequential.Rolling_Window object at 0x00000250F6ACA780>,2,Tree,2.4975198113082375,1.2685143419657918,1.5803543309360206
datasets/synthetic_data/s2.csv,281,<timecave.validation_methods.prequential.Rolling_Window object at 0x00000250F6ACA780>,2,ARMA,1.7019304115329927,1.036538599299115,1.3045805500362915
datasets/synthetic_data/s2.csv,281,<timecave.validation_methods.prequential.Rolling_Window object at 0x00000250F6ACA780>,3,Tree,3.1036329886618432,1.4861443018718024,1.7617130835246253
datasets/synthetic_data/s2.csv,281,<timecave.validation_methods.prequential.Rolling_Window object at 0x00000250F6ACA780>,3,ARMA,1.2266652512886762,0.9230128366665775,1.1075492094208168
datasets/synthetic_data/s2.csv,281,<timecave.validation_methods.prequential.Rolling_Window object at 0x00000250F6AC9F10>,0,Tree,3.623190796664224,1.538930910962446,1.903468097096514
datasets/synthetic_data/s2.csv,281,<timecave.validation_methods.prequential.Rolling_Window object at 0x00000250F6AC9F10>,0,ARMA,2.569025649006221,1.3550348491875108,1.6028180336539208
datasets/synthetic_data/s2.csv,281,<timecave.validation_methods.prequential.Rolling_Window object at 0x00000250F6AC9F10>,1,Tree,3.566723035440014,1.4901320037824708,1.8885769868978108
datasets/synthetic_data/s2.csv,281,<timecave.validation_methods.prequential.Rolling_Window object at 0x00000250F6AC9F10>,1,ARMA,1.9664491652657166,1.0875072788562918,1.4023013817527659
datasets/synthetic_data/s2.csv,281,<timecave.validation_methods.prequential.Rolling_Window object at 0x00000250F6AC9F10>,2,Tree,2.7206925277978087,1.3602160421354486,1.6494521902128016
datasets/synthetic_data/s2.csv,281,<timecave.validation_methods.prequential.Rolling_Window object at 0x00000250F6AC9F10>,2,ARMA,1.4636419835729282,0.9204913403481343,1.2098107222094405
datasets/synthetic_data/s2.csv,281,<timecave.validation_methods.CV.Block_CV object at 0x00000250F6AC82F0>,0,Tree,2.5375997694963295,1.1966404773037727,1.5929845477895663
datasets/synthetic_data/s2.csv,281,<timecave.validation_methods.CV.Block_CV object at 0x00000250F6AC82F0>,0,ARMA,2.6709075987395607,1.2967443701309853,1.6342911609439612
datasets/synthetic_data/s2.csv,281,<timecave.validation_methods.CV.Block_CV object at 0x00000250F6AC82F0>,1,Tree,1.958665397108811,1.1666112824006871,1.3995232749435826
datasets/synthetic_data/s2.csv,281,<timecave.validation_methods.CV.Block_CV object at 0x00000250F6AC82F0>,1,ARMA,2.2007684484461896,1.2371122284529303,1.4834987187207778
datasets/synthetic_data/s2.csv,281,<timecave.validation_methods.CV.Block_CV object at 0x00000250F6AC82F0>,2,Tree,1.2819413056520266,0.9806394485852408,1.132228468840113
datasets/synthetic_data/s2.csv,281,<timecave.validation_methods.CV.Block_CV object at 0x00000250F6AC82F0>,2,ARMA,1.6833299425357793,1.0203083735667853,1.297432057001745
datasets/synthetic_data/s2.csv,281,<timecave.validation_methods.CV.Block_CV object at 0x00000250F6AC82F0>,3,Tree,3.398488526847739,1.398249527514209,1.843498990194391
datasets/synthetic_data/s2.csv,281,<timecave.validation_methods.CV.Block_CV object at 0x00000250F6AC82F0>,3,ARMA,1.520141509361491,0.9545828315736788,1.2329401888824498
datasets/synthetic_data/s2.csv,281,<timecave.validation_methods.CV.Block_CV object at 0x00000250F6AC82F0>,4,Tree,2.316727657874186,1.1513316317374591,1.5220800431889863
datasets/synthetic_data/s2.csv,281,<timecave.validation_methods.CV.Block_CV object at 0x00000250F6AC82F0>,4,ARMA,1.3411148433016213,0.9887846043690329,1.158065129127728
datasets/synthetic_data/s2.csv,281,<timecave.validation_methods.CV.AdaptedhvBlockCV object at 0x00000250F6AC9CA0>,0,Tree,2.6967706494399986,1.2205576063220278,1.6421847184284717
datasets/synthetic_data/s2.csv,281,<timecave.validation_methods.CV.AdaptedhvBlockCV object at 0x00000250F6AC9CA0>,0,ARMA,2.7300359117757824,1.299617866566689,1.6522820315478173
datasets/synthetic_data/s2.csv,281,<timecave.validation_methods.CV.AdaptedhvBlockCV object at 0x00000250F6AC9CA0>,1,Tree,2.836815850641809,1.345556557120922,1.6842849671720665
datasets/synthetic_data/s2.csv,281,<timecave.validation_methods.CV.AdaptedhvBlockCV object at 0x00000250F6AC9CA0>,1,ARMA,2.1516876963083056,1.2204277570842692,1.4668632166321118
datasets/synthetic_data/s2.csv,281,<timecave.validation_methods.CV.AdaptedhvBlockCV object at 0x00000250F6AC9CA0>,2,Tree,1.4587548868239006,1.061877249489777,1.2077892559647567
datasets/synthetic_data/s2.csv,281,<timecave.validation_methods.CV.AdaptedhvBlockCV object at 0x00000250F6AC9CA0>,2,ARMA,1.6271502415192007,1.0085393344085827,1.2755979936951927
datasets/synthetic_data/s2.csv,281,<timecave.validation_methods.CV.AdaptedhvBlockCV object at 0x00000250F6AC9CA0>,3,Tree,3.232777908870069,1.3695478346824417,1.797992744387493
datasets/synthetic_data/s2.csv,281,<timecave.validation_methods.CV.AdaptedhvBlockCV object at 0x00000250F6AC9CA0>,3,ARMA,1.5497893424868496,0.9648589244787575,1.2449053548309805
datasets/synthetic_data/s2.csv,281,<timecave.validation_methods.CV.AdaptedhvBlockCV object at 0x00000250F6AC9CA0>,4,Tree,2.508685918412811,1.2272035870379252,1.5838831770092172
datasets/synthetic_data/s2.csv,281,<timecave.validation_methods.CV.AdaptedhvBlockCV object at 0x00000250F6AC9CA0>,4,ARMA,1.438012815113008,1.02592968438182,1.1991717204441605
datasets/synthetic_data/s2.csv,281,<timecave.validation_methods.markov.MarkovCV object at 0x00000250F6AC9EB0>,0,Tree,1.7029807588245849,1.1055310279807433,1.3049830492479912
datasets/synthetic_data/s2.csv,281,<timecave.validation_methods.markov.MarkovCV object at 0x00000250F6AC9EB0>,0,ARMA,1.920898945272305,1.08890356161873,1.3859649870297248
datasets/synthetic_data/s2.csv,281,<timecave.validation_methods.markov.MarkovCV object at 0x00000250F6AC9EB0>,1,Tree,2.5234082977871237,1.416498614928504,1.5885239368001742
datasets/synthetic_data/s2.csv,281,<timecave.validation_methods.markov.MarkovCV object at 0x00000250F6AC9EB0>,1,ARMA,2.3899632322937623,1.215191040764674,1.5459505918022614
datasets/synthetic_data/s2.csv,281,<timecave.validation_methods.markov.MarkovCV object at 0x00000250F6AC9EB0>,2,Tree,4.848921363205833,1.6778183403891893,2.202026649068043
datasets/synthetic_data/s2.csv,281,<timecave.validation_methods.markov.MarkovCV object at 0x00000250F6AC9EB0>,2,ARMA,1.6777322446362526,1.0156373525971494,1.2952730386433018
datasets/synthetic_data/s2.csv,281,<timecave.validation_methods.markov.MarkovCV object at 0x00000250F6AC9EB0>,3,Tree,1.4979017448022744,0.99195425798322,1.223887962520375
datasets/synthetic_data/s2.csv,281,<timecave.validation_methods.markov.MarkovCV object at 0x00000250F6AC9EB0>,3,ARMA,1.3900382596465601,0.9455803461083948,1.178998837847841
datasets/synthetic_data/s2.csv,281,<timecave.validation_methods.markov.MarkovCV object at 0x00000250F6AC9EB0>,4,Tree,6.297796371717187,2.2900372259553405,2.50954106794792
datasets/synthetic_data/s2.csv,281,<timecave.validation_methods.markov.MarkovCV object at 0x00000250F6AC9EB0>,4,ARMA,2.09959276995936,1.2258183775272142,1.4489971600936147
datasets/synthetic_data/s2.csv,281,<timecave.validation_methods.markov.MarkovCV object at 0x00000250F6AC9EB0>,5,Tree,1.978308469549188,1.271045705785882,1.4065235403466192
datasets/synthetic_data/s2.csv,281,<timecave.validation_methods.markov.MarkovCV object at 0x00000250F6AC9EB0>,5,ARMA,2.160386404840363,1.1694606093196218,1.4698252973875374
datasets/synthetic_data/s2.csv,281,<timecave.validation_methods.markov.MarkovCV object at 0x00000250F6AC9EB0>,6,Tree,3.66944689547115,1.529897761103337,1.9155800415203614
datasets/synthetic_data/s2.csv,281,<timecave.validation_methods.markov.MarkovCV object at 0x00000250F6AC9EB0>,6,ARMA,1.6842815617728975,1.0552413535686906,1.2977987370054331
datasets/synthetic_data/s2.csv,281,<timecave.validation_methods.markov.MarkovCV object at 0x00000250F6AC9EB0>,7,Tree,2.8208864590813487,1.355059983851461,1.6795494809862996
datasets/synthetic_data/s2.csv,281,<timecave.validation_methods.markov.MarkovCV object at 0x00000250F6AC9EB0>,7,ARMA,4.045566356803178,1.626559435319506,2.011359330602858
datasets/synthetic_data/s2.csv,281,<timecave.validation_methods.markov.MarkovCV object at 0x00000250F6AC9EB0>,8,Tree,1.1228479940975846,0.8923082939078402,1.0596452208629001
datasets/synthetic_data/s2.csv,281,<timecave.validation_methods.markov.MarkovCV object at 0x00000250F6AC9EB0>,8,ARMA,1.0152821265527643,0.8800989702939754,1.0076120913093314
datasets/synthetic_data/s2.csv,281,<timecave.validation_methods.markov.MarkovCV object at 0x00000250F6AC9EB0>,9,Tree,2.4256852109678024,1.1492861860945551,1.5574611426831175
datasets/synthetic_data/s2.csv,281,<timecave.validation_methods.markov.MarkovCV object at 0x00000250F6AC9EB0>,9,ARMA,1.766548892810068,0.910470372422705,1.3291158312239262
datasets/synthetic_data/s2.csv,282,<timecave.validation_methods.OOS.Holdout object at 0x00000250F6AA0B30>,0,Tree,2.655645548953879,1.3102622620915818,1.6296151536340961
datasets/synthetic_data/s2.csv,282,<timecave.validation_methods.OOS.Holdout object at 0x00000250F6AA0B30>,0,ARMA,2.1077785388341987,1.1692974746153577,1.45181904479663
datasets/synthetic_data/s2.csv,282,<timecave.validation_methods.OOS.Repeated_Holdout object at 0x00000250F6ACB290>,0,Tree,3.398519565622513,1.4405231136808954,1.8435074086161176
datasets/synthetic_data/s2.csv,282,<timecave.validation_methods.OOS.Repeated_Holdout object at 0x00000250F6ACB290>,0,ARMA,1.837730161995706,1.0623368808197937,1.3556290650453413
datasets/synthetic_data/s2.csv,282,<timecave.validation_methods.OOS.Repeated_Holdout object at 0x00000250F6ACB290>,1,Tree,3.078879441426307,1.3023221976011499,1.7546735996835159
datasets/synthetic_data/s2.csv,282,<timecave.validation_methods.OOS.Repeated_Holdout object at 0x00000250F6ACB290>,1,ARMA,1.7548157412403669,1.043140408493315,1.3246945841364215
datasets/synthetic_data/s2.csv,282,<timecave.validation_methods.OOS.Repeated_Holdout object at 0x00000250F6ACB290>,2,Tree,3.2920218031120014,1.427814957490935,1.8143929571931219
datasets/synthetic_data/s2.csv,282,<timecave.validation_methods.OOS.Repeated_Holdout object at 0x00000250F6ACB290>,2,ARMA,2.0985709658087757,1.1687385728375368,1.4486445270696244
datasets/synthetic_data/s2.csv,282,<timecave.validation_methods.OOS.Repeated_Holdout object at 0x00000250F6ACB290>,3,Tree,2.516287192489284,1.2491296698004617,1.586280931137131
datasets/synthetic_data/s2.csv,282,<timecave.validation_methods.OOS.Repeated_Holdout object at 0x00000250F6ACB290>,3,ARMA,2.1077785388341987,1.1692974746153577,1.45181904479663
datasets/synthetic_data/s2.csv,282,<timecave.validation_methods.prequential.Growing_Window object at 0x00000250F6AC9340>,0,Tree,2.6317375817615973,1.1265258340491477,1.6222631049745282
datasets/synthetic_data/s2.csv,282,<timecave.validation_methods.prequential.Growing_Window object at 0x00000250F6AC9340>,0,ARMA,3.0807339773116356,1.3831715354188288,1.755201976215739
datasets/synthetic_data/s2.csv,282,<timecave.validation_methods.prequential.Growing_Window object at 0x00000250F6AC9340>,1,Tree,2.583039989321449,1.3784212204055815,1.6071838691703726
datasets/synthetic_data/s2.csv,282,<timecave.validation_methods.prequential.Growing_Window object at 0x00000250F6AC9340>,1,ARMA,0.9425035325453661,0.7855567672576682,0.9708262112991007
datasets/synthetic_data/s2.csv,282,<timecave.validation_methods.prequential.Growing_Window object at 0x00000250F6AC9340>,2,Tree,1.805859067637301,1.1720681248050038,1.3438225580921392
datasets/synthetic_data/s2.csv,282,<timecave.validation_methods.prequential.Growing_Window object at 0x00000250F6AC9340>,2,ARMA,1.9628837341382404,1.104302325507089,1.4010295265047916
datasets/synthetic_data/s2.csv,282,<timecave.validation_methods.prequential.Growing_Window object at 0x00000250F6AC9340>,3,Tree,2.7846611750684667,1.2508019728387798,1.6687304081452063
datasets/synthetic_data/s2.csv,282,<timecave.validation_methods.prequential.Growing_Window object at 0x00000250F6AC9340>,3,ARMA,1.8070034965725623,1.064873188033884,1.344248301681115
datasets/synthetic_data/s2.csv,282,<timecave.validation_methods.prequential.Growing_Window object at 0x00000250F6AC8D70>,0,Tree,2.003414653677555,1.1423936035716862,1.4154203099000504
datasets/synthetic_data/s2.csv,282,<timecave.validation_methods.prequential.Growing_Window object at 0x00000250F6AC8D70>,0,ARMA,1.2797526769787604,0.9957964456824249,1.131261542252171
datasets/synthetic_data/s2.csv,282,<timecave.validation_methods.prequential.Growing_Window object at 0x00000250F6AC8D70>,1,Tree,2.23025185094461,1.182674161509323,1.4934027758594162
datasets/synthetic_data/s2.csv,282,<timecave.validation_methods.prequential.Growing_Window object at 0x00000250F6AC8D70>,1,ARMA,1.9463450348421703,1.1230552180604718,1.3951147031130344
datasets/synthetic_data/s2.csv,282,<timecave.validation_methods.prequential.Growing_Window object at 0x00000250F6AC8D70>,2,Tree,2.86394525466409,1.2909804215981575,1.6923194895362075
datasets/synthetic_data/s2.csv,282,<timecave.validation_methods.prequential.Growing_Window object at 0x00000250F6AC8D70>,2,ARMA,1.832549388904941,1.0921282401366423,1.3537168791534442
datasets/synthetic_data/s2.csv,282,<timecave.validation_methods.prequential.Rolling_Window object at 0x00000250F6AC9640>,0,Tree,2.8350721850142837,1.2374462786478748,1.6837672597524527
datasets/synthetic_data/s2.csv,282,<timecave.validation_methods.prequential.Rolling_Window object at 0x00000250F6AC9640>,0,ARMA,3.0807339773116356,1.3831715354188288,1.755201976215739
datasets/synthetic_data/s2.csv,282,<timecave.validation_methods.prequential.Rolling_Window object at 0x00000250F6AC9640>,1,Tree,2.5730440702949835,1.343524667944362,1.6040710926561152
datasets/synthetic_data/s2.csv,282,<timecave.validation_methods.prequential.Rolling_Window object at 0x00000250F6AC9640>,1,ARMA,1.007406480824404,0.8242255278843695,1.0036964086935871
datasets/synthetic_data/s2.csv,282,<timecave.validation_methods.prequential.Rolling_Window object at 0x00000250F6AC9640>,2,Tree,2.0675835951091077,1.2059761018438147,1.4379094530286347
datasets/synthetic_data/s2.csv,282,<timecave.validation_methods.prequential.Rolling_Window object at 0x00000250F6AC9640>,2,ARMA,2.0081701829067704,1.1385710034684577,1.4170992142072376
datasets/synthetic_data/s2.csv,282,<timecave.validation_methods.prequential.Rolling_Window object at 0x00000250F6AC9640>,3,Tree,4.564258409768688,1.7902320075061355,2.136412509270784
datasets/synthetic_data/s2.csv,282,<timecave.validation_methods.prequential.Rolling_Window object at 0x00000250F6AC9640>,3,ARMA,1.814997125460346,1.0595711471196458,1.3472182916885986
datasets/synthetic_data/s2.csv,282,<timecave.validation_methods.prequential.Rolling_Window object at 0x00000250F6AC8980>,0,Tree,1.6643396812273832,1.0555451890638656,1.2900928963556784
datasets/synthetic_data/s2.csv,282,<timecave.validation_methods.prequential.Rolling_Window object at 0x00000250F6AC8980>,0,ARMA,1.2797526769787604,0.9957964456824249,1.131261542252171
datasets/synthetic_data/s2.csv,282,<timecave.validation_methods.prequential.Rolling_Window object at 0x00000250F6AC8980>,1,Tree,3.2934940692674157,1.5919971028744533,1.8147986305007549
datasets/synthetic_data/s2.csv,282,<timecave.validation_methods.prequential.Rolling_Window object at 0x00000250F6AC8980>,1,ARMA,1.985896848494329,1.1211608218610385,1.4092185240388833
datasets/synthetic_data/s2.csv,282,<timecave.validation_methods.prequential.Rolling_Window object at 0x00000250F6AC8980>,2,Tree,2.4513223794275083,1.2214334750520446,1.5656699458786032
datasets/synthetic_data/s2.csv,282,<timecave.validation_methods.prequential.Rolling_Window object at 0x00000250F6AC8980>,2,ARMA,1.8724641673117397,1.1433441513169973,1.3683801252984273
datasets/synthetic_data/s2.csv,282,<timecave.validation_methods.CV.Block_CV object at 0x00000250F6ACAC60>,0,Tree,1.877098713828162,1.1471343575108857,1.370072521375479
datasets/synthetic_data/s2.csv,282,<timecave.validation_methods.CV.Block_CV object at 0x00000250F6ACAC60>,0,ARMA,1.5486260118761068,1.032626116347564,1.2444380305487721
datasets/synthetic_data/s2.csv,282,<timecave.validation_methods.CV.Block_CV object at 0x00000250F6ACAC60>,1,Tree,3.0104047400045513,1.4742464060845033,1.7350517974990116
datasets/synthetic_data/s2.csv,282,<timecave.validation_methods.CV.Block_CV object at 0x00000250F6ACAC60>,1,ARMA,2.5186338659139453,1.225915048764442,1.5870204365142704
datasets/synthetic_data/s2.csv,282,<timecave.validation_methods.CV.Block_CV object at 0x00000250F6ACAC60>,2,Tree,2.3601224747623406,1.1533801875178793,1.5362690111963921
datasets/synthetic_data/s2.csv,282,<timecave.validation_methods.CV.Block_CV object at 0x00000250F6ACAC60>,2,ARMA,0.9135252460485107,0.7778078718092221,0.9557851463841185
datasets/synthetic_data/s2.csv,282,<timecave.validation_methods.CV.Block_CV object at 0x00000250F6ACAC60>,3,Tree,2.3482040375662487,1.16019386847794,1.5323850813572444
datasets/synthetic_data/s2.csv,282,<timecave.validation_methods.CV.Block_CV object at 0x00000250F6ACAC60>,3,ARMA,1.9329655901131593,1.0981039686198457,1.3903113284847963
datasets/synthetic_data/s2.csv,282,<timecave.validation_methods.CV.Block_CV object at 0x00000250F6ACAC60>,4,Tree,2.365396671584573,1.1923450121982868,1.5379846135721167
datasets/synthetic_data/s2.csv,282,<timecave.validation_methods.CV.Block_CV object at 0x00000250F6ACAC60>,4,ARMA,1.8070034965725623,1.064873188033884,1.344248301681115
datasets/synthetic_data/s2.csv,282,<timecave.validation_methods.CV.AdaptedhvBlockCV object at 0x00000250F6ACB6B0>,0,Tree,2.943878118345256,1.4288895430403252,1.715773329535477
datasets/synthetic_data/s2.csv,282,<timecave.validation_methods.CV.AdaptedhvBlockCV object at 0x00000250F6ACB6B0>,0,ARMA,1.5488941450715865,1.0308153624460732,1.2445457585286235
datasets/synthetic_data/s2.csv,282,<timecave.validation_methods.CV.AdaptedhvBlockCV object at 0x00000250F6ACB6B0>,1,Tree,3.026061842193098,1.456978071006643,1.739557944477015
datasets/synthetic_data/s2.csv,282,<timecave.validation_methods.CV.AdaptedhvBlockCV object at 0x00000250F6ACB6B0>,1,ARMA,2.531695918275329,1.2286782582271516,1.591130390092317
datasets/synthetic_data/s2.csv,282,<timecave.validation_methods.CV.AdaptedhvBlockCV object at 0x00000250F6ACB6B0>,2,Tree,1.716867823966073,1.0562988884076132,1.3102930298090092
datasets/synthetic_data/s2.csv,282,<timecave.validation_methods.CV.AdaptedhvBlockCV object at 0x00000250F6ACB6B0>,2,ARMA,0.916915899933532,0.7791078997572471,0.9575572567390067
datasets/synthetic_data/s2.csv,282,<timecave.validation_methods.CV.AdaptedhvBlockCV object at 0x00000250F6ACB6B0>,3,Tree,2.364678886868675,1.2488616580222978,1.537751243494433
datasets/synthetic_data/s2.csv,282,<timecave.validation_methods.CV.AdaptedhvBlockCV object at 0x00000250F6ACB6B0>,3,ARMA,1.936125036807483,1.0971096698209928,1.3914471016921495
datasets/synthetic_data/s2.csv,282,<timecave.validation_methods.CV.AdaptedhvBlockCV object at 0x00000250F6ACB6B0>,4,Tree,2.8655922040601896,1.385482545458991,1.6928060148936703
datasets/synthetic_data/s2.csv,282,<timecave.validation_methods.CV.AdaptedhvBlockCV object at 0x00000250F6ACB6B0>,4,ARMA,1.8177999305953811,1.078624978428727,1.3482581097829085
datasets/synthetic_data/s2.csv,282,<timecave.validation_methods.markov.MarkovCV object at 0x00000250F6ACA870>,0,Tree,2.688282340808011,1.1522685576757712,1.6395982254223171
datasets/synthetic_data/s2.csv,282,<timecave.validation_methods.markov.MarkovCV object at 0x00000250F6ACA870>,0,ARMA,2.8252596585964715,1.3672865617362997,1.6808508733961116
datasets/synthetic_data/s2.csv,282,<timecave.validation_methods.markov.MarkovCV object at 0x00000250F6ACA870>,1,Tree,2.0587107740357213,1.171850863782336,1.434820816003072
datasets/synthetic_data/s2.csv,282,<timecave.validation_methods.markov.MarkovCV object at 0x00000250F6ACA870>,1,ARMA,2.690118617553598,1.2529227512348555,1.6401581074864697
datasets/synthetic_data/s2.csv,282,<timecave.validation_methods.markov.MarkovCV object at 0x00000250F6ACA870>,2,Tree,2.453086214572496,1.3313242423148484,1.566233129062368
datasets/synthetic_data/s2.csv,282,<timecave.validation_methods.markov.MarkovCV object at 0x00000250F6ACA870>,2,ARMA,1.8645157606628135,1.1384402957298323,1.365472724247106
datasets/synthetic_data/s2.csv,282,<timecave.validation_methods.markov.MarkovCV object at 0x00000250F6ACA870>,3,Tree,2.0473880361270487,1.1902919524845106,1.430869678247131
datasets/synthetic_data/s2.csv,282,<timecave.validation_methods.markov.MarkovCV object at 0x00000250F6ACA870>,3,ARMA,1.08007988050393,0.8326825989194918,1.0392689163560749
datasets/synthetic_data/s2.csv,282,<timecave.validation_methods.markov.MarkovCV object at 0x00000250F6ACA870>,4,Tree,4.000896303892616,1.6773316466439412,2.0002240634220496
datasets/synthetic_data/s2.csv,282,<timecave.validation_methods.markov.MarkovCV object at 0x00000250F6ACA870>,4,ARMA,1.6447803806100891,0.9843697218513154,1.2824899144282145
datasets/synthetic_data/s2.csv,282,<timecave.validation_methods.markov.MarkovCV object at 0x00000250F6ACA870>,5,Tree,1.7392143626680294,0.9791735434584209,1.318792767142749
datasets/synthetic_data/s2.csv,282,<timecave.validation_methods.markov.MarkovCV object at 0x00000250F6ACA870>,5,ARMA,0.9989484661368315,0.8001548509361324,0.9994740947802657
datasets/synthetic_data/s2.csv,282,<timecave.validation_methods.markov.MarkovCV object at 0x00000250F6ACA870>,6,Tree,4.538311501321794,1.777576716511804,2.1303313125713084
datasets/synthetic_data/s2.csv,282,<timecave.validation_methods.markov.MarkovCV object at 0x00000250F6ACA870>,6,ARMA,2.2889931668716765,1.1707933231859673,1.5129418914392174
datasets/synthetic_data/s2.csv,282,<timecave.validation_methods.markov.MarkovCV object at 0x00000250F6ACA870>,7,Tree,2.436995126961739,1.1550725806293658,1.561087802451143
datasets/synthetic_data/s2.csv,282,<timecave.validation_methods.markov.MarkovCV object at 0x00000250F6ACA870>,7,ARMA,1.3501023125089557,0.9062761949005999,1.1619390313217626
datasets/synthetic_data/s2.csv,282,<timecave.validation_methods.markov.MarkovCV object at 0x00000250F6ACA870>,8,Tree,2.550918076040488,1.2303070460401508,1.597159377156985
datasets/synthetic_data/s2.csv,282,<timecave.validation_methods.markov.MarkovCV object at 0x00000250F6ACA870>,8,ARMA,2.397145673291699,1.2745068644793023,1.5482718344307949
datasets/synthetic_data/s2.csv,282,<timecave.validation_methods.markov.MarkovCV object at 0x00000250F6ACA870>,9,Tree,2.166127961538299,1.186897505747742,1.471777143978768
datasets/synthetic_data/s2.csv,282,<timecave.validation_methods.markov.MarkovCV object at 0x00000250F6ACA870>,9,ARMA,2.717145978072427,1.2966249975744577,1.6483767706663508
datasets/synthetic_data/s2.csv,283,<timecave.validation_methods.OOS.Holdout object at 0x00000250F6AA11F0>,0,Tree,3.8957517201815732,1.6010697207295765,1.973765872686417
datasets/synthetic_data/s2.csv,283,<timecave.validation_methods.OOS.Holdout object at 0x00000250F6AA11F0>,0,ARMA,1.8267285574534118,1.1016938132712226,1.3515652250089196
datasets/synthetic_data/s2.csv,283,<timecave.validation_methods.OOS.Repeated_Holdout object at 0x00000250F6ACB830>,0,Tree,3.8890304482297235,1.664759365755979,1.972062485883681
datasets/synthetic_data/s2.csv,283,<timecave.validation_methods.OOS.Repeated_Holdout object at 0x00000250F6ACB830>,0,ARMA,2.216627749494123,1.2492398510561704,1.488834359320782
datasets/synthetic_data/s2.csv,283,<timecave.validation_methods.OOS.Repeated_Holdout object at 0x00000250F6ACB830>,1,Tree,3.683182524110923,1.576179022733838,1.9191619327484908
datasets/synthetic_data/s2.csv,283,<timecave.validation_methods.OOS.Repeated_Holdout object at 0x00000250F6ACB830>,1,ARMA,2.4331767798664963,1.3448812235930299,1.5598643466232878
datasets/synthetic_data/s2.csv,283,<timecave.validation_methods.OOS.Repeated_Holdout object at 0x00000250F6ACB830>,2,Tree,4.0946626617201405,1.644351784089266,2.02352728217836
datasets/synthetic_data/s2.csv,283,<timecave.validation_methods.OOS.Repeated_Holdout object at 0x00000250F6ACB830>,2,ARMA,1.9275972822945275,1.1466296597904169,1.3883793726120133
datasets/synthetic_data/s2.csv,283,<timecave.validation_methods.OOS.Repeated_Holdout object at 0x00000250F6ACB830>,3,Tree,3.805430895815304,1.5451739308700314,1.9507513669905
datasets/synthetic_data/s2.csv,283,<timecave.validation_methods.OOS.Repeated_Holdout object at 0x00000250F6ACB830>,3,ARMA,1.8267285574534118,1.1016938132712226,1.3515652250089196
datasets/synthetic_data/s2.csv,283,<timecave.validation_methods.prequential.Growing_Window object at 0x00000250F6AC8950>,0,Tree,3.713021912028822,1.6108459116223728,1.9269203180279204
datasets/synthetic_data/s2.csv,283,<timecave.validation_methods.prequential.Growing_Window object at 0x00000250F6AC8950>,0,ARMA,2.418951157005547,1.2367721144386061,1.5552977711697356
datasets/synthetic_data/s2.csv,283,<timecave.validation_methods.prequential.Growing_Window object at 0x00000250F6AC8950>,1,Tree,1.9549535220900753,1.1240577345016343,1.3981965248455153
datasets/synthetic_data/s2.csv,283,<timecave.validation_methods.prequential.Growing_Window object at 0x00000250F6AC8950>,1,ARMA,1.628891835944959,0.9882229376693227,1.2762804691543936
datasets/synthetic_data/s2.csv,283,<timecave.validation_methods.prequential.Growing_Window object at 0x00000250F6AC8950>,2,Tree,2.2965879103329647,1.291736999392258,1.5154497386363444
datasets/synthetic_data/s2.csv,283,<timecave.validation_methods.prequential.Growing_Window object at 0x00000250F6AC8950>,2,ARMA,0.8089738418244548,0.7694785244933761,0.8994297314545783
datasets/synthetic_data/s2.csv,283,<timecave.validation_methods.prequential.Growing_Window object at 0x00000250F6AC8950>,3,Tree,3.9162223241555782,1.6292661897238807,1.9789447501523578
datasets/synthetic_data/s2.csv,283,<timecave.validation_methods.prequential.Growing_Window object at 0x00000250F6AC8950>,3,ARMA,2.5348147819222238,1.3701927811023666,1.5921101663899466
datasets/synthetic_data/s2.csv,283,<timecave.validation_methods.prequential.Growing_Window object at 0x00000250F6ACBAA0>,0,Tree,3.0258601002773,1.3774271310131359,1.7394999569638685
datasets/synthetic_data/s2.csv,283,<timecave.validation_methods.prequential.Growing_Window object at 0x00000250F6ACBAA0>,0,ARMA,1.5270841634692507,0.963235472650956,1.2357524685264645
datasets/synthetic_data/s2.csv,283,<timecave.validation_methods.prequential.Growing_Window object at 0x00000250F6ACBAA0>,1,Tree,1.9476759054650403,1.1380100802138595,1.3955915969455535
datasets/synthetic_data/s2.csv,283,<timecave.validation_methods.prequential.Growing_Window object at 0x00000250F6ACBAA0>,1,ARMA,0.870459963713363,0.7772617502940469,0.9329844391592836
datasets/synthetic_data/s2.csv,283,<timecave.validation_methods.prequential.Growing_Window object at 0x00000250F6ACBAA0>,2,Tree,4.927769196801396,1.8396757799632624,2.219857922661132
datasets/synthetic_data/s2.csv,283,<timecave.validation_methods.prequential.Growing_Window object at 0x00000250F6ACBAA0>,2,ARMA,2.45888931332599,1.3482647377126642,1.5680846001813773
datasets/synthetic_data/s2.csv,283,<timecave.validation_methods.prequential.Rolling_Window object at 0x00000250F6ACB470>,0,Tree,4.782334699198636,1.8450907563792498,2.1868549790049263
datasets/synthetic_data/s2.csv,283,<timecave.validation_methods.prequential.Rolling_Window object at 0x00000250F6ACB470>,0,ARMA,2.418951157005547,1.2367721144386061,1.5552977711697356
datasets/synthetic_data/s2.csv,283,<timecave.validation_methods.prequential.Rolling_Window object at 0x00000250F6ACB470>,1,Tree,3.156424523956435,1.4344810165734987,1.776632917615914
datasets/synthetic_data/s2.csv,283,<timecave.validation_methods.prequential.Rolling_Window object at 0x00000250F6ACB470>,1,ARMA,1.8718651727096882,1.0579568254636484,1.3681612378333514
datasets/synthetic_data/s2.csv,283,<timecave.validation_methods.prequential.Rolling_Window object at 0x00000250F6ACB470>,2,Tree,3.2253467378385325,1.4732990320426818,1.7959250368093131
datasets/synthetic_data/s2.csv,283,<timecave.validation_methods.prequential.Rolling_Window object at 0x00000250F6ACB470>,2,ARMA,0.9213166498104082,0.8203639115230608,0.959852410431108
datasets/synthetic_data/s2.csv,283,<timecave.validation_methods.prequential.Rolling_Window object at 0x00000250F6ACB470>,3,Tree,2.662135408336788,1.242280722648187,1.631605163125193
datasets/synthetic_data/s2.csv,283,<timecave.validation_methods.prequential.Rolling_Window object at 0x00000250F6ACB470>,3,ARMA,2.439150936253392,1.3560326907255804,1.5617781328515878
datasets/synthetic_data/s2.csv,283,<timecave.validation_methods.prequential.Rolling_Window object at 0x00000250F6ACB770>,0,Tree,3.185432547544443,1.4699277287915555,1.784778010718544
datasets/synthetic_data/s2.csv,283,<timecave.validation_methods.prequential.Rolling_Window object at 0x00000250F6ACB770>,0,ARMA,1.5270841634692507,0.963235472650956,1.2357524685264645
datasets/synthetic_data/s2.csv,283,<timecave.validation_methods.prequential.Rolling_Window object at 0x00000250F6ACB770>,1,Tree,2.406322850496118,1.373919003251353,1.5512326874122133
datasets/synthetic_data/s2.csv,283,<timecave.validation_methods.prequential.Rolling_Window object at 0x00000250F6ACB770>,1,ARMA,1.0102799791658552,0.8243992194667882,1.0051268473013022
datasets/synthetic_data/s2.csv,283,<timecave.validation_methods.prequential.Rolling_Window object at 0x00000250F6ACB770>,2,Tree,4.178605229897337,1.6052772831493411,2.0441636993884167
datasets/synthetic_data/s2.csv,283,<timecave.validation_methods.prequential.Rolling_Window object at 0x00000250F6ACB770>,2,ARMA,2.803499926902649,1.427133298688238,1.6743655296567261
datasets/synthetic_data/s2.csv,283,<timecave.validation_methods.CV.Block_CV object at 0x00000250F6AC8E90>,0,Tree,3.5193780531862973,1.5820909855540721,1.876000547224413
datasets/synthetic_data/s2.csv,283,<timecave.validation_methods.CV.Block_CV object at 0x00000250F6AC8E90>,0,ARMA,1.3609330388617693,0.8787022236974008,1.166590347492113
datasets/synthetic_data/s2.csv,283,<timecave.validation_methods.CV.Block_CV object at 0x00000250F6AC8E90>,1,Tree,3.7414802330745722,1.4507702408874468,1.9342906278722884
datasets/synthetic_data/s2.csv,283,<timecave.validation_methods.CV.Block_CV object at 0x00000250F6AC8E90>,1,ARMA,2.3396620375696733,1.1735471629292415,1.5295953836128275
datasets/synthetic_data/s2.csv,283,<timecave.validation_methods.CV.Block_CV object at 0x00000250F6AC8E90>,2,Tree,3.198469499375006,1.406909501892326,1.788426542907202
datasets/synthetic_data/s2.csv,283,<timecave.validation_methods.CV.Block_CV object at 0x00000250F6AC8E90>,2,ARMA,1.7192062020183223,1.0118932955832562,1.3111850372919613
datasets/synthetic_data/s2.csv,283,<timecave.validation_methods.CV.Block_CV object at 0x00000250F6AC8E90>,3,Tree,3.079800504080804,1.4285247013892404,1.7549360398831644
datasets/synthetic_data/s2.csv,283,<timecave.validation_methods.CV.Block_CV object at 0x00000250F6AC8E90>,3,ARMA,0.7990638224491521,0.7532940718790004,0.8939036986438483
datasets/synthetic_data/s2.csv,283,<timecave.validation_methods.CV.Block_CV object at 0x00000250F6AC8E90>,4,Tree,4.238338926748619,1.6922352836576275,2.0587226444445155
datasets/synthetic_data/s2.csv,283,<timecave.validation_methods.CV.Block_CV object at 0x00000250F6AC8E90>,4,ARMA,2.5348147819222238,1.3701927811023666,1.5921101663899466
datasets/synthetic_data/s2.csv,283,<timecave.validation_methods.CV.AdaptedhvBlockCV object at 0x00000250F6AC8140>,0,Tree,3.334090421889434,1.4868519594068705,1.8259491838190443
datasets/synthetic_data/s2.csv,283,<timecave.validation_methods.CV.AdaptedhvBlockCV object at 0x00000250F6AC8140>,0,ARMA,1.3618144316513723,0.8792274634202435,1.1669680508271734
datasets/synthetic_data/s2.csv,283,<timecave.validation_methods.CV.AdaptedhvBlockCV object at 0x00000250F6AC8140>,1,Tree,4.1836186062320655,1.6756610727980328,2.0453895976639918
datasets/synthetic_data/s2.csv,283,<timecave.validation_methods.CV.AdaptedhvBlockCV object at 0x00000250F6AC8140>,1,ARMA,2.3342305619495467,1.1720490148083897,1.527818890428295
datasets/synthetic_data/s2.csv,283,<timecave.validation_methods.CV.AdaptedhvBlockCV object at 0x00000250F6AC8140>,2,Tree,2.937266324589363,1.3986397090641225,1.7138454786209179
datasets/synthetic_data/s2.csv,283,<timecave.validation_methods.CV.AdaptedhvBlockCV object at 0x00000250F6AC8140>,2,ARMA,1.7147342853559464,1.008715246599002,1.309478631118487
datasets/synthetic_data/s2.csv,283,<timecave.validation_methods.CV.AdaptedhvBlockCV object at 0x00000250F6AC8140>,3,Tree,2.919041075973222,1.2678554555855703,1.7085201421034584
datasets/synthetic_data/s2.csv,283,<timecave.validation_methods.CV.AdaptedhvBlockCV object at 0x00000250F6AC8140>,3,ARMA,0.7924105881350247,0.7467997937081685,0.890174470615185
datasets/synthetic_data/s2.csv,283,<timecave.validation_methods.CV.AdaptedhvBlockCV object at 0x00000250F6AC8140>,4,Tree,4.7657560371390835,1.7875097025760875,2.183061162024345
datasets/synthetic_data/s2.csv,283,<timecave.validation_methods.CV.AdaptedhvBlockCV object at 0x00000250F6AC8140>,4,ARMA,2.4364076675832758,1.346125491524444,1.5608996340518746
datasets/synthetic_data/s2.csv,283,<timecave.validation_methods.markov.MarkovCV object at 0x00000250F6AC9BB0>,0,Tree,3.77097179291266,1.5498307988485551,1.9418990171769128
datasets/synthetic_data/s2.csv,283,<timecave.validation_methods.markov.MarkovCV object at 0x00000250F6AC9BB0>,0,ARMA,1.9728524268102055,1.1195657720725904,1.404582652181852
datasets/synthetic_data/s2.csv,283,<timecave.validation_methods.markov.MarkovCV object at 0x00000250F6AC9BB0>,1,Tree,2.512428469388415,1.2076586447528386,1.5850641846273654
datasets/synthetic_data/s2.csv,283,<timecave.validation_methods.markov.MarkovCV object at 0x00000250F6AC9BB0>,1,ARMA,2.171924107183421,1.1948888135419198,1.473744926092511
datasets/synthetic_data/s2.csv,283,<timecave.validation_methods.markov.MarkovCV object at 0x00000250F6AC9BB0>,2,Tree,4.268979616824812,1.5652414700879358,2.066150918211158
datasets/synthetic_data/s2.csv,283,<timecave.validation_methods.markov.MarkovCV object at 0x00000250F6AC9BB0>,2,ARMA,2.160336140690091,1.1763874179555318,1.4698081986062301
datasets/synthetic_data/s2.csv,283,<timecave.validation_methods.markov.MarkovCV object at 0x00000250F6AC9BB0>,3,Tree,4.82900671358305,1.6859382169746653,2.197500105479645
datasets/synthetic_data/s2.csv,283,<timecave.validation_methods.markov.MarkovCV object at 0x00000250F6AC9BB0>,3,ARMA,2.5838810871113553,1.263541092123281,1.6074455160630967
datasets/synthetic_data/s2.csv,283,<timecave.validation_methods.markov.MarkovCV object at 0x00000250F6AC9BB0>,4,Tree,2.454360919037244,1.3871283607376441,1.566640009395025
datasets/synthetic_data/s2.csv,283,<timecave.validation_methods.markov.MarkovCV object at 0x00000250F6AC9BB0>,4,ARMA,2.030742977536363,1.2093050650393082,1.4250413950255492
datasets/synthetic_data/s2.csv,283,<timecave.validation_methods.markov.MarkovCV object at 0x00000250F6AC9BB0>,5,Tree,2.3329186506170188,1.1887996995869565,1.5273894888393789
datasets/synthetic_data/s2.csv,283,<timecave.validation_methods.markov.MarkovCV object at 0x00000250F6AC9BB0>,5,ARMA,1.0585348213188754,0.7980298076963976,1.0288512143740103
datasets/synthetic_data/s2.csv,283,<timecave.validation_methods.markov.MarkovCV object at 0x00000250F6AC9BB0>,6,Tree,2.5562397971024016,1.4502839776322667,1.5988245047854381
datasets/synthetic_data/s2.csv,283,<timecave.validation_methods.markov.MarkovCV object at 0x00000250F6AC9BB0>,6,ARMA,1.1285684351559528,0.8655809376168921,1.0623410164141986
datasets/synthetic_data/s2.csv,283,<timecave.validation_methods.markov.MarkovCV object at 0x00000250F6AC9BB0>,7,Tree,4.029741952399418,1.8257758232008112,2.0074217176267215
datasets/synthetic_data/s2.csv,283,<timecave.validation_methods.markov.MarkovCV object at 0x00000250F6AC9BB0>,7,ARMA,1.8452993258969959,1.0308652068217279,1.3584179496373698
datasets/synthetic_data/s2.csv,283,<timecave.validation_methods.markov.MarkovCV object at 0x00000250F6AC9BB0>,8,Tree,6.947948768976397,2.502018723050253,2.635896198444923
datasets/synthetic_data/s2.csv,283,<timecave.validation_methods.markov.MarkovCV object at 0x00000250F6AC9BB0>,8,ARMA,2.4229020910573857,1.2709983621330738,1.5565674065254564
datasets/synthetic_data/s2.csv,283,<timecave.validation_methods.markov.MarkovCV object at 0x00000250F6AC9BB0>,9,Tree,2.7762184283627693,1.2744714977601155,1.666198796171324
datasets/synthetic_data/s2.csv,283,<timecave.validation_methods.markov.MarkovCV object at 0x00000250F6AC9BB0>,9,ARMA,2.792275150661277,1.4135484130583407,1.6710102185987006
datasets/synthetic_data/s2.csv,284,<timecave.validation_methods.OOS.Holdout object at 0x00000250F252A7E0>,0,Tree,2.3141560192978217,1.2314865646988888,1.5212350309198843
datasets/synthetic_data/s2.csv,284,<timecave.validation_methods.OOS.Holdout object at 0x00000250F252A7E0>,0,ARMA,1.8899188754407088,1.0161306914902883,1.374743203453179
datasets/synthetic_data/s2.csv,284,<timecave.validation_methods.OOS.Repeated_Holdout object at 0x00000250F6ACA3F0>,0,Tree,2.7514084947197075,1.301068216463203,1.6587370179506176
datasets/synthetic_data/s2.csv,284,<timecave.validation_methods.OOS.Repeated_Holdout object at 0x00000250F6ACA3F0>,0,ARMA,2.1844927704377675,1.0944227125923378,1.4780029669922072
datasets/synthetic_data/s2.csv,284,<timecave.validation_methods.OOS.Repeated_Holdout object at 0x00000250F6ACA3F0>,1,Tree,2.759815187452326,1.280893716665306,1.6612691496119243
datasets/synthetic_data/s2.csv,284,<timecave.validation_methods.OOS.Repeated_Holdout object at 0x00000250F6ACA3F0>,1,ARMA,2.3353596438184097,1.1359673207607717,1.528188353514844
datasets/synthetic_data/s2.csv,284,<timecave.validation_methods.OOS.Repeated_Holdout object at 0x00000250F6ACA3F0>,2,Tree,2.9984742141735126,1.4010267515040074,1.7316102951222925
datasets/synthetic_data/s2.csv,284,<timecave.validation_methods.OOS.Repeated_Holdout object at 0x00000250F6ACA3F0>,2,ARMA,1.9588101437082341,1.0320745913217324,1.399574986811437
datasets/synthetic_data/s2.csv,284,<timecave.validation_methods.OOS.Repeated_Holdout object at 0x00000250F6ACA3F0>,3,Tree,2.2469941797962445,1.2321189724750647,1.49899772508041
datasets/synthetic_data/s2.csv,284,<timecave.validation_methods.OOS.Repeated_Holdout object at 0x00000250F6ACA3F0>,3,ARMA,1.8899188754407088,1.0161306914902883,1.374743203453179
datasets/synthetic_data/s2.csv,284,<timecave.validation_methods.prequential.Growing_Window object at 0x00000250F6ACBB00>,0,Tree,3.1556162234468133,1.5008575863995883,1.7764054220382275
datasets/synthetic_data/s2.csv,284,<timecave.validation_methods.prequential.Growing_Window object at 0x00000250F6ACBB00>,0,ARMA,1.3465866334732493,0.9639000008843838,1.160425195121706
datasets/synthetic_data/s2.csv,284,<timecave.validation_methods.prequential.Growing_Window object at 0x00000250F6ACBB00>,1,Tree,2.105965009778563,1.2046271066069278,1.4511943390802498
datasets/synthetic_data/s2.csv,284,<timecave.validation_methods.prequential.Growing_Window object at 0x00000250F6ACBB00>,1,ARMA,1.9394236590988745,1.1170591229758633,1.3926319180238813
datasets/synthetic_data/s2.csv,284,<timecave.validation_methods.prequential.Growing_Window object at 0x00000250F6ACBB00>,2,Tree,2.4735622443353944,1.3344429563639437,1.5727562571280378
datasets/synthetic_data/s2.csv,284,<timecave.validation_methods.prequential.Growing_Window object at 0x00000250F6ACBB00>,2,ARMA,2.583999906982898,1.2132119701868957,1.6074824748602698
datasets/synthetic_data/s2.csv,284,<timecave.validation_methods.prequential.Growing_Window object at 0x00000250F6ACBB00>,3,Tree,2.6214606735062143,1.1735512518351792,1.619092546306793
datasets/synthetic_data/s2.csv,284,<timecave.validation_methods.prequential.Growing_Window object at 0x00000250F6ACBB00>,3,ARMA,2.4577973446138577,1.1549771122408532,1.5677363759936993
datasets/synthetic_data/s2.csv,284,<timecave.validation_methods.prequential.Growing_Window object at 0x00000250F6ACBA40>,0,Tree,3.8389873132459136,1.7225642301505788,1.9593333849158783
datasets/synthetic_data/s2.csv,284,<timecave.validation_methods.prequential.Growing_Window object at 0x00000250F6ACBA40>,0,ARMA,2.105309166506535,1.1655624201992651,1.4509683547571033
datasets/synthetic_data/s2.csv,284,<timecave.validation_methods.prequential.Growing_Window object at 0x00000250F6ACBA40>,1,Tree,2.077423505862104,1.2614691784529053,1.4413269947732554
datasets/synthetic_data/s2.csv,284,<timecave.validation_methods.prequential.Growing_Window object at 0x00000250F6ACBA40>,1,ARMA,2.6020483682183357,1.2127727749311963,1.6130865966272039
datasets/synthetic_data/s2.csv,284,<timecave.validation_methods.prequential.Growing_Window object at 0x00000250F6ACBA40>,2,Tree,2.0082625907693332,1.1703643701946083,1.4171318184168096
datasets/synthetic_data/s2.csv,284,<timecave.validation_methods.prequential.Growing_Window object at 0x00000250F6ACBA40>,2,ARMA,2.4604519133749583,1.1531463704144174,1.5685827722421786
datasets/synthetic_data/s2.csv,284,<timecave.validation_methods.prequential.Rolling_Window object at 0x00000250F6ACB4D0>,0,Tree,3.2809348345975398,1.5382069832996066,1.8113350972687356
datasets/synthetic_data/s2.csv,284,<timecave.validation_methods.prequential.Rolling_Window object at 0x00000250F6ACB4D0>,0,ARMA,1.3465866334732493,0.9639000008843838,1.160425195121706
datasets/synthetic_data/s2.csv,284,<timecave.validation_methods.prequential.Rolling_Window object at 0x00000250F6ACB4D0>,1,Tree,1.9646360156537241,1.1716522961473803,1.4016547419581344
datasets/synthetic_data/s2.csv,284,<timecave.validation_methods.prequential.Rolling_Window object at 0x00000250F6ACB4D0>,1,ARMA,1.909073777396692,1.088132991767432,1.3816923598966204
datasets/synthetic_data/s2.csv,284,<timecave.validation_methods.prequential.Rolling_Window object at 0x00000250F6ACB4D0>,2,Tree,2.382211594886154,1.3305007361414634,1.5434414776356615
datasets/synthetic_data/s2.csv,284,<timecave.validation_methods.prequential.Rolling_Window object at 0x00000250F6ACB4D0>,2,ARMA,2.831401503082079,1.2384359641152354,1.682676886119875
datasets/synthetic_data/s2.csv,284,<timecave.validation_methods.prequential.Rolling_Window object at 0x00000250F6ACB4D0>,3,Tree,2.841502386983428,1.311189518616583,1.685675647028048
datasets/synthetic_data/s2.csv,284,<timecave.validation_methods.prequential.Rolling_Window object at 0x00000250F6ACB4D0>,3,ARMA,2.7448549783020364,1.219019607592355,1.6567603865079694
datasets/synthetic_data/s2.csv,284,<timecave.validation_methods.prequential.Rolling_Window object at 0x00000250F6ACB710>,0,Tree,3.5936228767016054,1.5567687144314204,1.8956853316681028
datasets/synthetic_data/s2.csv,284,<timecave.validation_methods.prequential.Rolling_Window object at 0x00000250F6ACB710>,0,ARMA,2.105309166506535,1.1655624201992651,1.4509683547571033
datasets/synthetic_data/s2.csv,284,<timecave.validation_methods.prequential.Rolling_Window object at 0x00000250F6ACB710>,1,Tree,1.8207248538402665,1.087824747168261,1.3493423782866476
datasets/synthetic_data/s2.csv,284,<timecave.validation_methods.prequential.Rolling_Window object at 0x00000250F6ACB710>,1,ARMA,2.598505651259428,1.2021991728866466,1.6119881051854656
datasets/synthetic_data/s2.csv,284,<timecave.validation_methods.prequential.Rolling_Window object at 0x00000250F6ACB710>,2,Tree,4.48738044198278,1.6921814149353638,2.118343796927869
datasets/synthetic_data/s2.csv,284,<timecave.validation_methods.prequential.Rolling_Window object at 0x00000250F6ACB710>,2,ARMA,2.5856293306202387,1.1468749303631685,1.6079892196840868
datasets/synthetic_data/s2.csv,284,<timecave.validation_methods.CV.Block_CV object at 0x00000250F6ACA120>,0,Tree,4.443213969507757,1.6066577167616831,2.1078932538218713
datasets/synthetic_data/s2.csv,284,<timecave.validation_methods.CV.Block_CV object at 0x00000250F6ACA120>,0,ARMA,0.8532365419679196,0.7289285040885705,0.9237080393543837
datasets/synthetic_data/s2.csv,284,<timecave.validation_methods.CV.Block_CV object at 0x00000250F6ACA120>,1,Tree,1.9780209817582686,1.2709462516821775,1.4064213386315882
datasets/synthetic_data/s2.csv,284,<timecave.validation_methods.CV.Block_CV object at 0x00000250F6ACA120>,1,ARMA,1.2787451750998013,0.9352955416463056,1.1308161544211337
datasets/synthetic_data/s2.csv,284,<timecave.validation_methods.CV.Block_CV object at 0x00000250F6ACA120>,2,Tree,3.7050311591733673,1.4039764436919553,1.9248457494493858
datasets/synthetic_data/s2.csv,284,<timecave.validation_methods.CV.Block_CV object at 0x00000250F6ACA120>,2,ARMA,2.002604742160222,1.139051014780992,1.4151341781471543
datasets/synthetic_data/s2.csv,284,<timecave.validation_methods.CV.Block_CV object at 0x00000250F6ACA120>,3,Tree,2.0625013041350693,1.195073514462867,1.4361411156759871
datasets/synthetic_data/s2.csv,284,<timecave.validation_methods.CV.Block_CV object at 0x00000250F6ACA120>,3,ARMA,2.503641176466841,1.1897462527428577,1.5822898522289908
datasets/synthetic_data/s2.csv,284,<timecave.validation_methods.CV.Block_CV object at 0x00000250F6ACA120>,4,Tree,2.591618896112916,1.143866023334516,1.6098505819214763
datasets/synthetic_data/s2.csv,284,<timecave.validation_methods.CV.Block_CV object at 0x00000250F6ACA120>,4,ARMA,2.4577973446138577,1.1549771122408532,1.5677363759936993
datasets/synthetic_data/s2.csv,284,<timecave.validation_methods.CV.AdaptedhvBlockCV object at 0x00000250F6ACA5D0>,0,Tree,4.3013482240997085,1.5790344975470574,2.073969195552265
datasets/synthetic_data/s2.csv,284,<timecave.validation_methods.CV.AdaptedhvBlockCV object at 0x00000250F6ACA5D0>,0,ARMA,0.8525163412199637,0.7284176217880372,0.9233181148553101
datasets/synthetic_data/s2.csv,284,<timecave.validation_methods.CV.AdaptedhvBlockCV object at 0x00000250F6ACA5D0>,1,Tree,2.1947366988984864,1.2032822114861321,1.4814643765202342
datasets/synthetic_data/s2.csv,284,<timecave.validation_methods.CV.AdaptedhvBlockCV object at 0x00000250F6ACA5D0>,1,ARMA,1.2717094873702315,0.9321014906052538,1.1277009742703212
datasets/synthetic_data/s2.csv,284,<timecave.validation_methods.CV.AdaptedhvBlockCV object at 0x00000250F6ACA5D0>,2,Tree,2.2694252729169784,1.2145579925467802,1.506461175376577
datasets/synthetic_data/s2.csv,284,<timecave.validation_methods.CV.AdaptedhvBlockCV object at 0x00000250F6ACA5D0>,2,ARMA,2.017993926957727,1.1410726164700715,1.420561131017503
datasets/synthetic_data/s2.csv,284,<timecave.validation_methods.CV.AdaptedhvBlockCV object at 0x00000250F6ACA5D0>,3,Tree,2.442636181687485,1.2945543065677942,1.5628935285832766
datasets/synthetic_data/s2.csv,284,<timecave.validation_methods.CV.AdaptedhvBlockCV object at 0x00000250F6ACA5D0>,3,ARMA,2.500576360876808,1.1900964803951828,1.581321080893064
datasets/synthetic_data/s2.csv,284,<timecave.validation_methods.CV.AdaptedhvBlockCV object at 0x00000250F6ACA5D0>,4,Tree,2.428685077632915,1.1102498512619952,1.558423908194723
datasets/synthetic_data/s2.csv,284,<timecave.validation_methods.CV.AdaptedhvBlockCV object at 0x00000250F6ACA5D0>,4,ARMA,2.3454613911788256,1.1339267408521114,1.531489925261941
datasets/synthetic_data/s2.csv,284,<timecave.validation_methods.markov.MarkovCV object at 0x00000250F6ACBF20>,0,Tree,3.4874176056993926,1.5851911970187644,1.8674628793363988
datasets/synthetic_data/s2.csv,284,<timecave.validation_methods.markov.MarkovCV object at 0x00000250F6ACBF20>,0,ARMA,2.102788937916253,1.2165419019980155,1.4500996303413958
datasets/synthetic_data/s2.csv,284,<timecave.validation_methods.markov.MarkovCV object at 0x00000250F6ACBF20>,1,Tree,4.965241928623292,1.8037980862260596,2.228282282078124
datasets/synthetic_data/s2.csv,284,<timecave.validation_methods.markov.MarkovCV object at 0x00000250F6ACBF20>,1,ARMA,3.246087032822161,1.3387946754727855,1.8016900490434422
datasets/synthetic_data/s2.csv,284,<timecave.validation_methods.markov.MarkovCV object at 0x00000250F6ACBF20>,2,Tree,6.417758309415369,2.1431733804475814,2.53332949089047
datasets/synthetic_data/s2.csv,284,<timecave.validation_methods.markov.MarkovCV object at 0x00000250F6ACBF20>,2,ARMA,2.398692910902678,1.0463572739882447,1.5487714198366
datasets/synthetic_data/s2.csv,284,<timecave.validation_methods.markov.MarkovCV object at 0x00000250F6ACBF20>,3,Tree,11.59736079067611,2.8595715510623343,3.4054898018752175
datasets/synthetic_data/s2.csv,284,<timecave.validation_methods.markov.MarkovCV object at 0x00000250F6ACBF20>,3,ARMA,2.6140413623661893,1.3430525953525025,1.6167997285892244
datasets/synthetic_data/s2.csv,284,<timecave.validation_methods.markov.MarkovCV object at 0x00000250F6ACBF20>,4,Tree,9.533661199383896,2.2898684747296705,3.0876627405505115
datasets/synthetic_data/s2.csv,284,<timecave.validation_methods.markov.MarkovCV object at 0x00000250F6ACBF20>,4,ARMA,3.2527741303609243,1.4043688196880213,1.8035448789428348
datasets/synthetic_data/s2.csv,284,<timecave.validation_methods.markov.MarkovCV object at 0x00000250F6ACBF20>,5,Tree,3.48913889312564,1.285079825624182,1.8679236850379193
datasets/synthetic_data/s2.csv,284,<timecave.validation_methods.markov.MarkovCV object at 0x00000250F6ACBF20>,5,ARMA,2.3931116654348408,1.0529599247175974,1.5469685405446487
datasets/synthetic_data/s2.csv,284,<timecave.validation_methods.markov.MarkovCV object at 0x00000250F6ACBF20>,6,Tree,2.1326402866669194,1.168489748975824,1.4603562191009833
datasets/synthetic_data/s2.csv,284,<timecave.validation_methods.markov.MarkovCV object at 0x00000250F6ACBF20>,6,ARMA,1.0327261942821893,0.8826228457782912,1.0162313684797322
datasets/synthetic_data/s2.csv,284,<timecave.validation_methods.markov.MarkovCV object at 0x00000250F6ACBF20>,7,Tree,1.8936197729822373,1.0046770943803218,1.3760885774477736
datasets/synthetic_data/s2.csv,284,<timecave.validation_methods.markov.MarkovCV object at 0x00000250F6ACBF20>,7,ARMA,1.5162299564683044,1.137472823465762,1.231352896804285
datasets/synthetic_data/s2.csv,284,<timecave.validation_methods.markov.MarkovCV object at 0x00000250F6ACBF20>,8,Tree,4.521939459971543,1.7550140878178626,2.126485236245844
datasets/synthetic_data/s2.csv,284,<timecave.validation_methods.markov.MarkovCV object at 0x00000250F6ACBF20>,8,ARMA,2.8835487874159598,1.2392028349481508,1.6981015244725386
datasets/synthetic_data/s2.csv,284,<timecave.validation_methods.markov.MarkovCV object at 0x00000250F6ACBF20>,9,Tree,2.0781758285822587,1.045764201675384,1.4415879538142162
datasets/synthetic_data/s2.csv,284,<timecave.validation_methods.markov.MarkovCV object at 0x00000250F6ACBF20>,9,ARMA,1.5254662786621456,1.0237505722860452,1.2350976798059923
datasets/synthetic_data/s2.csv,285,<timecave.validation_methods.OOS.Holdout object at 0x00000250F6A374D0>,0,Tree,2.37633306593203,1.2359089338284115,1.5415359437690805
datasets/synthetic_data/s2.csv,285,<timecave.validation_methods.OOS.Holdout object at 0x00000250F6A374D0>,0,ARMA,2.303669687737557,1.2011554997422922,1.51778446682576
datasets/synthetic_data/s2.csv,285,<timecave.validation_methods.OOS.Repeated_Holdout object at 0x00000250F6AC8DD0>,0,Tree,2.3846340865372606,1.202168233412827,1.5442260477460095
datasets/synthetic_data/s2.csv,285,<timecave.validation_methods.OOS.Repeated_Holdout object at 0x00000250F6AC8DD0>,0,ARMA,1.9064981112651624,1.1207136324830542,1.3807599759788673
datasets/synthetic_data/s2.csv,285,<timecave.validation_methods.OOS.Repeated_Holdout object at 0x00000250F6AC8DD0>,1,Tree,2.4173886281617887,1.194420972900691,1.5547953653654196
datasets/synthetic_data/s2.csv,285,<timecave.validation_methods.OOS.Repeated_Holdout object at 0x00000250F6AC8DD0>,1,ARMA,2.083543805295646,1.1740573778825971,1.4434485807591644
datasets/synthetic_data/s2.csv,285,<timecave.validation_methods.OOS.Repeated_Holdout object at 0x00000250F6AC8DD0>,2,Tree,2.769113473620161,1.2827086496159499,1.6640653453576157
datasets/synthetic_data/s2.csv,285,<timecave.validation_methods.OOS.Repeated_Holdout object at 0x00000250F6AC8DD0>,2,ARMA,2.519031590290476,1.2779504083675042,1.5871457369411532
datasets/synthetic_data/s2.csv,285,<timecave.validation_methods.OOS.Repeated_Holdout object at 0x00000250F6AC8DD0>,3,Tree,3.0624095428042923,1.36814637014596,1.7499741548960923
datasets/synthetic_data/s2.csv,285,<timecave.validation_methods.OOS.Repeated_Holdout object at 0x00000250F6AC8DD0>,3,ARMA,2.303669687737557,1.2011554997422922,1.51778446682576
datasets/synthetic_data/s2.csv,285,<timecave.validation_methods.prequential.Growing_Window object at 0x00000250F6AC8440>,0,Tree,4.592741402028385,1.7026166994947063,2.143068221505882
datasets/synthetic_data/s2.csv,285,<timecave.validation_methods.prequential.Growing_Window object at 0x00000250F6AC8440>,0,ARMA,3.2222076880288593,1.5435130888629678,1.7950508873090087
datasets/synthetic_data/s2.csv,285,<timecave.validation_methods.prequential.Growing_Window object at 0x00000250F6AC8440>,1,Tree,3.549977101871712,1.4783626699524783,1.884138291599561
datasets/synthetic_data/s2.csv,285,<timecave.validation_methods.prequential.Growing_Window object at 0x00000250F6AC8440>,1,ARMA,1.4391842775680856,1.0036205719576967,1.199660067505827
datasets/synthetic_data/s2.csv,285,<timecave.validation_methods.prequential.Growing_Window object at 0x00000250F6AC8440>,2,Tree,3.260192627525536,1.457085387677741,1.8056003509983973
datasets/synthetic_data/s2.csv,285,<timecave.validation_methods.prequential.Growing_Window object at 0x00000250F6AC8440>,2,ARMA,2.804446109462938,1.2748938349684318,1.6746480554023695
datasets/synthetic_data/s2.csv,285,<timecave.validation_methods.prequential.Growing_Window object at 0x00000250F6AC8440>,3,Tree,2.407262692797905,1.1533293890544585,1.5515355918566307
datasets/synthetic_data/s2.csv,285,<timecave.validation_methods.prequential.Growing_Window object at 0x00000250F6AC8440>,3,ARMA,1.979483877959065,1.151819996724586,1.4069413200126952
datasets/synthetic_data/s2.csv,285,<timecave.validation_methods.prequential.Growing_Window object at 0x00000250F6ACA390>,0,Tree,3.40884977075606,1.4409780757273785,1.8463070629654375
datasets/synthetic_data/s2.csv,285,<timecave.validation_methods.prequential.Growing_Window object at 0x00000250F6ACA390>,0,ARMA,2.8291198614948447,1.2847143623528257,1.6819987697661507
datasets/synthetic_data/s2.csv,285,<timecave.validation_methods.prequential.Growing_Window object at 0x00000250F6ACA390>,1,Tree,2.080587622914485,1.1397118993084494,1.4424242173904613
datasets/synthetic_data/s2.csv,285,<timecave.validation_methods.prequential.Growing_Window object at 0x00000250F6ACA390>,1,ARMA,2.7802992904594563,1.2590350349361823,1.6674229488823333
datasets/synthetic_data/s2.csv,285,<timecave.validation_methods.prequential.Growing_Window object at 0x00000250F6ACA390>,2,Tree,1.762314357394805,1.0948649837357474,1.327521885843998
datasets/synthetic_data/s2.csv,285,<timecave.validation_methods.prequential.Growing_Window object at 0x00000250F6ACA390>,2,ARMA,1.9806456303977003,1.1581206276723162,1.407354124020568
datasets/synthetic_data/s2.csv,285,<timecave.validation_methods.prequential.Rolling_Window object at 0x00000250F6ACBFB0>,0,Tree,5.5029642843185975,1.837695340048474,2.345839782320736
datasets/synthetic_data/s2.csv,285,<timecave.validation_methods.prequential.Rolling_Window object at 0x00000250F6ACBFB0>,0,ARMA,3.2222076880288593,1.5435130888629678,1.7950508873090087
datasets/synthetic_data/s2.csv,285,<timecave.validation_methods.prequential.Rolling_Window object at 0x00000250F6ACBFB0>,1,Tree,5.334298307129103,1.8136786945516694,2.309609990264396
datasets/synthetic_data/s2.csv,285,<timecave.validation_methods.prequential.Rolling_Window object at 0x00000250F6ACBFB0>,1,ARMA,1.4516205614511641,0.9988145693312314,1.20483217148745
datasets/synthetic_data/s2.csv,285,<timecave.validation_methods.prequential.Rolling_Window object at 0x00000250F6ACBFB0>,2,Tree,6.586784250322204,2.1915552109928367,2.566473115059303
datasets/synthetic_data/s2.csv,285,<timecave.validation_methods.prequential.Rolling_Window object at 0x00000250F6ACBFB0>,2,ARMA,2.7808164284847137,1.2709787937863517,1.6675780127132624
datasets/synthetic_data/s2.csv,285,<timecave.validation_methods.prequential.Rolling_Window object at 0x00000250F6ACBFB0>,3,Tree,3.8449871159900133,1.5778090411775405,1.9608638698262593
datasets/synthetic_data/s2.csv,285,<timecave.validation_methods.prequential.Rolling_Window object at 0x00000250F6ACBFB0>,3,ARMA,2.062734247211645,1.1729581606900559,1.4362222137300498
datasets/synthetic_data/s2.csv,285,<timecave.validation_methods.prequential.Rolling_Window object at 0x00000250F6ACABD0>,0,Tree,3.391689342817341,1.4411238638022974,1.8416539693485694
datasets/synthetic_data/s2.csv,285,<timecave.validation_methods.prequential.Rolling_Window object at 0x00000250F6ACABD0>,0,ARMA,2.8291198614948447,1.2847143623528257,1.6819987697661507
datasets/synthetic_data/s2.csv,285,<timecave.validation_methods.prequential.Rolling_Window object at 0x00000250F6ACABD0>,1,Tree,3.237908171428245,1.3959601015809642,1.7994188426901183
datasets/synthetic_data/s2.csv,285,<timecave.validation_methods.prequential.Rolling_Window object at 0x00000250F6ACABD0>,1,ARMA,2.8348633306814617,1.2918210279237528,1.6837052386571296
datasets/synthetic_data/s2.csv,285,<timecave.validation_methods.prequential.Rolling_Window object at 0x00000250F6ACABD0>,2,Tree,4.480761460371199,1.6886105390928263,2.1167809193138525
datasets/synthetic_data/s2.csv,285,<timecave.validation_methods.prequential.Rolling_Window object at 0x00000250F6ACABD0>,2,ARMA,1.9968239106129941,1.166930065959007,1.4130901990364926
datasets/synthetic_data/s2.csv,285,<timecave.validation_methods.CV.Block_CV object at 0x00000250F6AC9280>,0,Tree,3.5873841838645775,1.3867766872636897,1.8940391188844483
datasets/synthetic_data/s2.csv,285,<timecave.validation_methods.CV.Block_CV object at 0x00000250F6AC9280>,0,ARMA,3.1356599045752014,1.5314921779961534,1.7707794624331967
datasets/synthetic_data/s2.csv,285,<timecave.validation_methods.CV.Block_CV object at 0x00000250F6AC9280>,1,Tree,4.836242905695266,1.6918357596839175,2.1991459491573693
datasets/synthetic_data/s2.csv,285,<timecave.validation_methods.CV.Block_CV object at 0x00000250F6AC9280>,1,ARMA,3.0100934222393088,1.460843836712784,1.7349620809226087
datasets/synthetic_data/s2.csv,285,<timecave.validation_methods.CV.Block_CV object at 0x00000250F6AC9280>,2,Tree,4.215904909259208,1.6646022094713548,2.0532668870020787
datasets/synthetic_data/s2.csv,285,<timecave.validation_methods.CV.Block_CV object at 0x00000250F6AC9280>,2,ARMA,1.7680478729400995,1.0999780995463473,1.3296796128918047
datasets/synthetic_data/s2.csv,285,<timecave.validation_methods.CV.Block_CV object at 0x00000250F6AC9280>,3,Tree,3.793493528125169,1.5289450512292035,1.9476892791523932
datasets/synthetic_data/s2.csv,285,<timecave.validation_methods.CV.Block_CV object at 0x00000250F6AC9280>,3,ARMA,3.0277249210669743,1.3616452259140917,1.7400358964880507
datasets/synthetic_data/s2.csv,285,<timecave.validation_methods.CV.Block_CV object at 0x00000250F6AC9280>,4,Tree,2.46496466138692,1.2194128176624701,1.570020592663332
datasets/synthetic_data/s2.csv,285,<timecave.validation_methods.CV.Block_CV object at 0x00000250F6AC9280>,4,ARMA,1.979483877959065,1.151819996724586,1.4069413200126952
datasets/synthetic_data/s2.csv,285,<timecave.validation_methods.CV.AdaptedhvBlockCV object at 0x00000250F6AC8890>,0,Tree,3.6949772711577245,1.4956128913594033,1.9222323665877974
datasets/synthetic_data/s2.csv,285,<timecave.validation_methods.CV.AdaptedhvBlockCV object at 0x00000250F6AC8890>,0,ARMA,3.143560535479465,1.5351187206973882,1.7730088932319163
datasets/synthetic_data/s2.csv,285,<timecave.validation_methods.CV.AdaptedhvBlockCV object at 0x00000250F6AC8890>,1,Tree,3.235622806002886,1.4459875860166531,1.7987837018393529
datasets/synthetic_data/s2.csv,285,<timecave.validation_methods.CV.AdaptedhvBlockCV object at 0x00000250F6AC8890>,1,ARMA,3.0340438657774897,1.4696984803151425,1.741850701345408
datasets/synthetic_data/s2.csv,285,<timecave.validation_methods.CV.AdaptedhvBlockCV object at 0x00000250F6AC8890>,2,Tree,3.9249155838519587,1.616244516761862,1.9811399707875157
datasets/synthetic_data/s2.csv,285,<timecave.validation_methods.CV.AdaptedhvBlockCV object at 0x00000250F6AC8890>,2,ARMA,1.7435702561083846,1.0919802266429648,1.3204432044235694
datasets/synthetic_data/s2.csv,285,<timecave.validation_methods.CV.AdaptedhvBlockCV object at 0x00000250F6AC8890>,3,Tree,3.712111627320448,1.4407105483005591,1.9266841015902032
datasets/synthetic_data/s2.csv,285,<timecave.validation_methods.CV.AdaptedhvBlockCV object at 0x00000250F6AC8890>,3,ARMA,3.0181500766124048,1.3561678225862526,1.737282382519435
datasets/synthetic_data/s2.csv,285,<timecave.validation_methods.CV.AdaptedhvBlockCV object at 0x00000250F6AC8890>,4,Tree,2.437796666054532,1.2126063282258175,1.5613445058841218
datasets/synthetic_data/s2.csv,285,<timecave.validation_methods.CV.AdaptedhvBlockCV object at 0x00000250F6AC8890>,4,ARMA,1.8286028462525685,1.0965159348963653,1.3522584243599922
datasets/synthetic_data/s2.csv,285,<timecave.validation_methods.markov.MarkovCV object at 0x00000250F6ACA9C0>,0,Tree,5.8259020113685125,1.7226220298572272,2.413690537614239
datasets/synthetic_data/s2.csv,285,<timecave.validation_methods.markov.MarkovCV object at 0x00000250F6ACA9C0>,0,ARMA,5.145661926257045,1.840339076175049,2.2684051503770317
datasets/synthetic_data/s2.csv,285,<timecave.validation_methods.markov.MarkovCV object at 0x00000250F6ACA9C0>,1,Tree,6.307734868121257,1.8501277393349853,2.5115204295647797
datasets/synthetic_data/s2.csv,285,<timecave.validation_methods.markov.MarkovCV object at 0x00000250F6ACA9C0>,1,ARMA,3.2755137826159233,1.5422772739946469,1.8098380542512424
datasets/synthetic_data/s2.csv,285,<timecave.validation_methods.markov.MarkovCV object at 0x00000250F6ACA9C0>,2,Tree,1.1760775035679834,0.9265932890900057,1.0844710708764818
datasets/synthetic_data/s2.csv,285,<timecave.validation_methods.markov.MarkovCV object at 0x00000250F6ACA9C0>,2,ARMA,1.0162780342511908,0.8499062500434226,1.008106162192847
datasets/synthetic_data/s2.csv,285,<timecave.validation_methods.markov.MarkovCV object at 0x00000250F6ACA9C0>,3,Tree,1.5039047178187772,1.0805510717515492,1.2263379296991417
datasets/synthetic_data/s2.csv,285,<timecave.validation_methods.markov.MarkovCV object at 0x00000250F6ACA9C0>,3,ARMA,2.4921758376338388,1.306448409173552,1.5786626737950824
datasets/synthetic_data/s2.csv,285,<timecave.validation_methods.markov.MarkovCV object at 0x00000250F6ACA9C0>,4,Tree,3.644495069484625,1.5224862645597144,1.9090560676639712
datasets/synthetic_data/s2.csv,285,<timecave.validation_methods.markov.MarkovCV object at 0x00000250F6ACA9C0>,4,ARMA,2.3001362505471863,1.2387037455466134,1.5166200086202168
datasets/synthetic_data/s2.csv,285,<timecave.validation_methods.markov.MarkovCV object at 0x00000250F6ACA9C0>,5,Tree,3.477802773689072,1.628234164547822,1.8648867991621025
datasets/synthetic_data/s2.csv,285,<timecave.validation_methods.markov.MarkovCV object at 0x00000250F6ACA9C0>,5,ARMA,2.147022329266804,1.288209334069414,1.4652721007604028
datasets/synthetic_data/s2.csv,285,<timecave.validation_methods.markov.MarkovCV object at 0x00000250F6ACA9C0>,6,Tree,7.6576166835152755,2.210789661174613,2.7672399034986603
datasets/synthetic_data/s2.csv,285,<timecave.validation_methods.markov.MarkovCV object at 0x00000250F6ACA9C0>,6,ARMA,3.8481222092303664,1.5964983695810901,1.9616631232783999
datasets/synthetic_data/s2.csv,285,<timecave.validation_methods.markov.MarkovCV object at 0x00000250F6ACA9C0>,7,Tree,4.080125337767746,1.649350298643392,2.0199320131548353
datasets/synthetic_data/s2.csv,285,<timecave.validation_methods.markov.MarkovCV object at 0x00000250F6ACA9C0>,7,ARMA,2.790099860116233,1.4754908887468572,1.6703592009254276
datasets/synthetic_data/s2.csv,285,<timecave.validation_methods.markov.MarkovCV object at 0x00000250F6ACA9C0>,8,Tree,5.302459991131609,1.9767658358659808,2.302707100595212
datasets/synthetic_data/s2.csv,285,<timecave.validation_methods.markov.MarkovCV object at 0x00000250F6ACA9C0>,8,ARMA,3.556476235622437,1.513554265538473,1.8858621995316722
datasets/synthetic_data/s2.csv,285,<timecave.validation_methods.markov.MarkovCV object at 0x00000250F6ACA9C0>,9,Tree,6.492966739805286,2.2085541475297394,2.5481300476634403
datasets/synthetic_data/s2.csv,285,<timecave.validation_methods.markov.MarkovCV object at 0x00000250F6ACA9C0>,9,ARMA,4.225692316162327,1.5470486708877362,2.055648879590658
datasets/synthetic_data/s2.csv,286,<timecave.validation_methods.OOS.Holdout object at 0x00000250F26218B0>,0,Tree,2.3591773797503124,1.221826650491099,1.5359613861521104
datasets/synthetic_data/s2.csv,286,<timecave.validation_methods.OOS.Holdout object at 0x00000250F26218B0>,0,ARMA,2.042505021920617,1.15868718431073,1.4291623497421897
datasets/synthetic_data/s2.csv,286,<timecave.validation_methods.OOS.Repeated_Holdout object at 0x00000250F6AC8FE0>,0,Tree,1.7662187609739382,1.0585690774463208,1.328991633146702
datasets/synthetic_data/s2.csv,286,<timecave.validation_methods.OOS.Repeated_Holdout object at 0x00000250F6AC8FE0>,0,ARMA,1.9022033573398132,1.1312041904173062,1.3792038853410373
datasets/synthetic_data/s2.csv,286,<timecave.validation_methods.OOS.Repeated_Holdout object at 0x00000250F6AC8FE0>,1,Tree,1.3228873140986852,0.8937861807728735,1.1501683851065831
datasets/synthetic_data/s2.csv,286,<timecave.validation_methods.OOS.Repeated_Holdout object at 0x00000250F6AC8FE0>,1,ARMA,1.9740140346075474,1.1567436069125239,1.4049960977196867
datasets/synthetic_data/s2.csv,286,<timecave.validation_methods.OOS.Repeated_Holdout object at 0x00000250F6AC8FE0>,2,Tree,2.0976508824939617,1.1325008077693068,1.448326925281016
datasets/synthetic_data/s2.csv,286,<timecave.validation_methods.OOS.Repeated_Holdout object at 0x00000250F6AC8FE0>,2,ARMA,1.7676218388241915,1.0846422601154608,1.3295194014470761
datasets/synthetic_data/s2.csv,286,<timecave.validation_methods.OOS.Repeated_Holdout object at 0x00000250F6AC8FE0>,3,Tree,2.8446080010923938,1.2584453325659692,1.6865965733074384
datasets/synthetic_data/s2.csv,286,<timecave.validation_methods.OOS.Repeated_Holdout object at 0x00000250F6AC8FE0>,3,ARMA,2.042505021920617,1.15868718431073,1.4291623497421897
datasets/synthetic_data/s2.csv,286,<timecave.validation_methods.prequential.Growing_Window object at 0x00000250F6ACB9B0>,0,Tree,1.6228118018878315,1.0510831807735366,1.2738963073530873
datasets/synthetic_data/s2.csv,286,<timecave.validation_methods.prequential.Growing_Window object at 0x00000250F6ACB9B0>,0,ARMA,0.9390122447372272,0.784250589635981,0.9690264417121068
datasets/synthetic_data/s2.csv,286,<timecave.validation_methods.prequential.Growing_Window object at 0x00000250F6ACB9B0>,1,Tree,2.635009843379397,1.2997193086588108,1.6232713400351149
datasets/synthetic_data/s2.csv,286,<timecave.validation_methods.prequential.Growing_Window object at 0x00000250F6ACB9B0>,1,ARMA,2.090744806680971,1.1126491137448917,1.4459408033114534
datasets/synthetic_data/s2.csv,286,<timecave.validation_methods.prequential.Growing_Window object at 0x00000250F6ACB9B0>,2,Tree,2.381539083089379,1.2880769440884763,1.5432236011315337
datasets/synthetic_data/s2.csv,286,<timecave.validation_methods.prequential.Growing_Window object at 0x00000250F6ACB9B0>,2,ARMA,2.786988450599531,1.2842624779128842,1.6694275817176172
datasets/synthetic_data/s2.csv,286,<timecave.validation_methods.prequential.Growing_Window object at 0x00000250F6ACB9B0>,3,Tree,2.1279478841097106,1.187094022790128,1.4587487391972993
datasets/synthetic_data/s2.csv,286,<timecave.validation_methods.prequential.Growing_Window object at 0x00000250F6ACB9B0>,3,ARMA,1.9561151853004617,1.1256935316810797,1.3986118780063543
datasets/synthetic_data/s2.csv,286,<timecave.validation_methods.prequential.Growing_Window object at 0x00000250F6AC9670>,0,Tree,2.8883649021953577,1.2359611278001612,1.6995190208395308
datasets/synthetic_data/s2.csv,286,<timecave.validation_methods.prequential.Growing_Window object at 0x00000250F6AC9670>,0,ARMA,2.1893836100785817,1.13254910402812,1.4796565851840695
datasets/synthetic_data/s2.csv,286,<timecave.validation_methods.prequential.Growing_Window object at 0x00000250F6AC9670>,1,Tree,2.6547090360916346,1.3869615013464456,1.6293277865707791
datasets/synthetic_data/s2.csv,286,<timecave.validation_methods.prequential.Growing_Window object at 0x00000250F6AC9670>,1,ARMA,3.05753644753455,1.3531855378411957,1.7485812670661178
datasets/synthetic_data/s2.csv,286,<timecave.validation_methods.prequential.Growing_Window object at 0x00000250F6AC9670>,2,Tree,1.9417345903649417,1.116320137943985,1.393461370244953
datasets/synthetic_data/s2.csv,286,<timecave.validation_methods.prequential.Growing_Window object at 0x00000250F6AC9670>,2,ARMA,1.8208910249860635,1.0918647559281898,1.3494039517453857
datasets/synthetic_data/s2.csv,286,<timecave.validation_methods.prequential.Rolling_Window object at 0x00000250F6ACB6E0>,0,Tree,1.802363717534321,1.1075005917684797,1.3425214030079078
datasets/synthetic_data/s2.csv,286,<timecave.validation_methods.prequential.Rolling_Window object at 0x00000250F6ACB6E0>,0,ARMA,0.9390122447372272,0.784250589635981,0.9690264417121068
datasets/synthetic_data/s2.csv,286,<timecave.validation_methods.prequential.Rolling_Window object at 0x00000250F6ACB6E0>,1,Tree,2.8325780886715384,1.4242807476178416,1.6830264670145678
datasets/synthetic_data/s2.csv,286,<timecave.validation_methods.prequential.Rolling_Window object at 0x00000250F6ACB6E0>,1,ARMA,2.0443343411550914,1.0857051333878958,1.4298022035075661
datasets/synthetic_data/s2.csv,286,<timecave.validation_methods.prequential.Rolling_Window object at 0x00000250F6ACB6E0>,2,Tree,2.7518377000111425,1.3058377067724476,1.65886639004205
datasets/synthetic_data/s2.csv,286,<timecave.validation_methods.prequential.Rolling_Window object at 0x00000250F6ACB6E0>,2,ARMA,2.7942338441375374,1.2985404799580318,1.6715961964952952
datasets/synthetic_data/s2.csv,286,<timecave.validation_methods.prequential.Rolling_Window object at 0x00000250F6ACB6E0>,3,Tree,2.823889807696477,1.2830106000150547,1.680443336651515
datasets/synthetic_data/s2.csv,286,<timecave.validation_methods.prequential.Rolling_Window object at 0x00000250F6ACB6E0>,3,ARMA,2.5568335052522766,1.2871243376233137,1.599010164211684
datasets/synthetic_data/s2.csv,286,<timecave.validation_methods.prequential.Rolling_Window object at 0x00000250F6ACACF0>,0,Tree,3.0961433631298036,1.3372913897004208,1.7595861340468115
datasets/synthetic_data/s2.csv,286,<timecave.validation_methods.prequential.Rolling_Window object at 0x00000250F6ACACF0>,0,ARMA,2.1893836100785817,1.13254910402812,1.4796565851840695
datasets/synthetic_data/s2.csv,286,<timecave.validation_methods.prequential.Rolling_Window object at 0x00000250F6ACACF0>,1,Tree,2.8551465412756794,1.4424440655584556,1.6897178880735326
datasets/synthetic_data/s2.csv,286,<timecave.validation_methods.prequential.Rolling_Window object at 0x00000250F6ACACF0>,1,ARMA,3.035444486215431,1.3564605972726569,1.7422527044649496
datasets/synthetic_data/s2.csv,286,<timecave.validation_methods.prequential.Rolling_Window object at 0x00000250F6ACACF0>,2,Tree,3.3881964863001137,1.2778047472433967,1.840705431702779
datasets/synthetic_data/s2.csv,286,<timecave.validation_methods.prequential.Rolling_Window object at 0x00000250F6ACACF0>,2,ARMA,1.875017817441245,1.084393287765808,1.3693128997571173
datasets/synthetic_data/s2.csv,286,<timecave.validation_methods.CV.Block_CV object at 0x00000250F6ACACC0>,0,Tree,1.187790335023008,0.8763459754524979,1.0898579425883943
datasets/synthetic_data/s2.csv,286,<timecave.validation_methods.CV.Block_CV object at 0x00000250F6ACACC0>,0,ARMA,0.8813644876991443,0.8048378246275458,0.9388101446507405
datasets/synthetic_data/s2.csv,286,<timecave.validation_methods.CV.Block_CV object at 0x00000250F6ACACC0>,1,Tree,1.6749528704144976,1.1168016879081761,1.294199702679033
datasets/synthetic_data/s2.csv,286,<timecave.validation_methods.CV.Block_CV object at 0x00000250F6ACACC0>,1,ARMA,0.9716895784401901,0.784032516758619,0.9857431604835968
datasets/synthetic_data/s2.csv,286,<timecave.validation_methods.CV.Block_CV object at 0x00000250F6ACACC0>,2,Tree,2.615399630685767,1.253280388895673,1.6172197224513951
datasets/synthetic_data/s2.csv,286,<timecave.validation_methods.CV.Block_CV object at 0x00000250F6ACACC0>,2,ARMA,2.231354753810278,1.1619431173030885,1.4937719885612657
datasets/synthetic_data/s2.csv,286,<timecave.validation_methods.CV.Block_CV object at 0x00000250F6ACACC0>,3,Tree,5.7270633075123465,1.973185140874499,2.393128351658629
datasets/synthetic_data/s2.csv,286,<timecave.validation_methods.CV.Block_CV object at 0x00000250F6ACACC0>,3,ARMA,2.807860609076608,1.2942351216376746,1.6756672131054566
datasets/synthetic_data/s2.csv,286,<timecave.validation_methods.CV.Block_CV object at 0x00000250F6ACACC0>,4,Tree,1.3688038127085604,0.9495551475339916,1.169958893597788
datasets/synthetic_data/s2.csv,286,<timecave.validation_methods.CV.Block_CV object at 0x00000250F6ACACC0>,4,ARMA,1.9561151853004617,1.1256935316810797,1.3986118780063543
datasets/synthetic_data/s2.csv,286,<timecave.validation_methods.CV.AdaptedhvBlockCV object at 0x00000250F6ACBC50>,0,Tree,2.1736901185146977,1.2775784726366481,1.4743439620776075
datasets/synthetic_data/s2.csv,286,<timecave.validation_methods.CV.AdaptedhvBlockCV object at 0x00000250F6ACBC50>,0,ARMA,0.8813401110639518,0.8037495343306683,0.9387971618320711
datasets/synthetic_data/s2.csv,286,<timecave.validation_methods.CV.AdaptedhvBlockCV object at 0x00000250F6ACBC50>,1,Tree,1.294296645140777,0.9820442554606688,1.1376715893177507
datasets/synthetic_data/s2.csv,286,<timecave.validation_methods.CV.AdaptedhvBlockCV object at 0x00000250F6ACBC50>,1,ARMA,1.0178462064992306,0.7994534636695075,1.0088836436870363
datasets/synthetic_data/s2.csv,286,<timecave.validation_methods.CV.AdaptedhvBlockCV object at 0x00000250F6ACBC50>,2,Tree,4.313807768129168,1.6204423849165235,2.0769708154254762
datasets/synthetic_data/s2.csv,286,<timecave.validation_methods.CV.AdaptedhvBlockCV object at 0x00000250F6ACBC50>,2,ARMA,2.269414336399347,1.1664557955187125,1.506457545501813
datasets/synthetic_data/s2.csv,286,<timecave.validation_methods.CV.AdaptedhvBlockCV object at 0x00000250F6ACBC50>,3,Tree,5.986876284607189,2.112045969356721,2.4468094091300183
datasets/synthetic_data/s2.csv,286,<timecave.validation_methods.CV.AdaptedhvBlockCV object at 0x00000250F6ACBC50>,3,ARMA,2.8134094668958065,1.2942841799887974,1.6773221118484685
datasets/synthetic_data/s2.csv,286,<timecave.validation_methods.CV.AdaptedhvBlockCV object at 0x00000250F6ACBC50>,4,Tree,1.8529075914076008,1.0975028553308217,1.3612154830913439
datasets/synthetic_data/s2.csv,286,<timecave.validation_methods.CV.AdaptedhvBlockCV object at 0x00000250F6ACBC50>,4,ARMA,1.9856149969495287,1.1411831314105816,1.4091185177086876
datasets/synthetic_data/s2.csv,286,<timecave.validation_methods.markov.MarkovCV object at 0x00000250F6AC9E50>,0,Tree,16.833854330406453,3.852675564221527,4.102908033383938
datasets/synthetic_data/s2.csv,286,<timecave.validation_methods.markov.MarkovCV object at 0x00000250F6AC9E50>,0,ARMA,1.962135814531867,1.026739186257512,1.4007625832138246
datasets/synthetic_data/s2.csv,286,<timecave.validation_methods.markov.MarkovCV object at 0x00000250F6AC9E50>,1,Tree,6.9327287028532,2.2999955713691698,2.6330075394599994
datasets/synthetic_data/s2.csv,286,<timecave.validation_methods.markov.MarkovCV object at 0x00000250F6AC9E50>,1,ARMA,3.661562374731734,1.4429809017852682,1.913520936580453
datasets/synthetic_data/s2.csv,286,<timecave.validation_methods.markov.MarkovCV object at 0x00000250F6AC9E50>,2,Tree,2.5882229640769565,1.0469121780798403,1.6087955010121568
datasets/synthetic_data/s2.csv,286,<timecave.validation_methods.markov.MarkovCV object at 0x00000250F6AC9E50>,2,ARMA,2.020124907631952,1.084293468218996,1.4213109820274914
datasets/synthetic_data/s2.csv,286,<timecave.validation_methods.markov.MarkovCV object at 0x00000250F6AC9E50>,3,Tree,3.032998002960785,1.431790061905007,1.7415504594931452
datasets/synthetic_data/s2.csv,286,<timecave.validation_methods.markov.MarkovCV object at 0x00000250F6AC9E50>,3,ARMA,2.333463718759044,1.1673919536366468,1.5275679097045225
datasets/synthetic_data/s2.csv,286,<timecave.validation_methods.markov.MarkovCV object at 0x00000250F6AC9E50>,4,Tree,3.4494906354865758,1.4305610434938345,1.8572804407214802
datasets/synthetic_data/s2.csv,286,<timecave.validation_methods.markov.MarkovCV object at 0x00000250F6AC9E50>,4,ARMA,1.1824388870556137,0.9270145757078483,1.0874000584217447
datasets/synthetic_data/s2.csv,286,<timecave.validation_methods.markov.MarkovCV object at 0x00000250F6AC9E50>,5,Tree,4.713354601903759,1.7762169817928055,2.1710261633392993
datasets/synthetic_data/s2.csv,286,<timecave.validation_methods.markov.MarkovCV object at 0x00000250F6AC9E50>,5,ARMA,1.506820330017449,1.0268719632701573,1.2275261015625896
datasets/synthetic_data/s2.csv,286,<timecave.validation_methods.markov.MarkovCV object at 0x00000250F6AC9E50>,6,Tree,7.277118703005015,2.3041062031021897,2.6976135199477733
datasets/synthetic_data/s2.csv,286,<timecave.validation_methods.markov.MarkovCV object at 0x00000250F6AC9E50>,6,ARMA,1.237591317075621,0.8672576369191508,1.1124708162804187
datasets/synthetic_data/s2.csv,286,<timecave.validation_methods.markov.MarkovCV object at 0x00000250F6AC9E50>,7,Tree,2.3669292203631778,1.258478126637309,1.5384827657023583
datasets/synthetic_data/s2.csv,286,<timecave.validation_methods.markov.MarkovCV object at 0x00000250F6AC9E50>,7,ARMA,2.0428089002196144,1.1370809194999498,1.4292686592168788
datasets/synthetic_data/s2.csv,286,<timecave.validation_methods.markov.MarkovCV object at 0x00000250F6AC9E50>,8,Tree,4.516851415416951,1.8800369082528414,2.125288548742723
datasets/synthetic_data/s2.csv,286,<timecave.validation_methods.markov.MarkovCV object at 0x00000250F6AC9E50>,8,ARMA,1.6866299920947538,1.1229989152747906,1.2987031963057432
datasets/synthetic_data/s2.csv,286,<timecave.validation_methods.markov.MarkovCV object at 0x00000250F6AC9E50>,9,Tree,5.800375359580047,1.7446095830089865,2.4083968442887578
datasets/synthetic_data/s2.csv,286,<timecave.validation_methods.markov.MarkovCV object at 0x00000250F6AC9E50>,9,ARMA,1.8015710995622063,1.1342658360305993,1.3422261730283038
datasets/synthetic_data/s2.csv,287,<timecave.validation_methods.OOS.Holdout object at 0x00000250F2381BE0>,0,Tree,1.1547144887841185,0.859345823813733,1.0745764229612143
datasets/synthetic_data/s2.csv,287,<timecave.validation_methods.OOS.Holdout object at 0x00000250F2381BE0>,0,ARMA,0.9988020522741623,0.7959804016096651,0.9994008466447095
datasets/synthetic_data/s2.csv,287,<timecave.validation_methods.OOS.Repeated_Holdout object at 0x00000250F6ACA8A0>,0,Tree,1.5079728949548994,0.9537272659057431,1.2279954783935074
datasets/synthetic_data/s2.csv,287,<timecave.validation_methods.OOS.Repeated_Holdout object at 0x00000250F6ACA8A0>,0,ARMA,1.162119836820781,0.8907916575982338,1.0780166217738858
datasets/synthetic_data/s2.csv,287,<timecave.validation_methods.OOS.Repeated_Holdout object at 0x00000250F6ACA8A0>,1,Tree,1.8869497136717044,1.0696353418822657,1.373662882104523
datasets/synthetic_data/s2.csv,287,<timecave.validation_methods.OOS.Repeated_Holdout object at 0x00000250F6ACA8A0>,1,ARMA,1.1740859909744585,0.9007863420926281,1.0835524864880606
datasets/synthetic_data/s2.csv,287,<timecave.validation_methods.OOS.Repeated_Holdout object at 0x00000250F6ACA8A0>,2,Tree,1.6319634091863515,0.9722818159565495,1.2774832324482195
datasets/synthetic_data/s2.csv,287,<timecave.validation_methods.OOS.Repeated_Holdout object at 0x00000250F6ACA8A0>,2,ARMA,1.0354948049288877,0.8168935679874023,1.0175926517663576
datasets/synthetic_data/s2.csv,287,<timecave.validation_methods.OOS.Repeated_Holdout object at 0x00000250F6ACA8A0>,3,Tree,1.0408706262388658,0.7844861519514196,1.0202306730533375
datasets/synthetic_data/s2.csv,287,<timecave.validation_methods.OOS.Repeated_Holdout object at 0x00000250F6ACA8A0>,3,ARMA,0.9988020522741623,0.7959804016096651,0.9994008466447095
datasets/synthetic_data/s2.csv,287,<timecave.validation_methods.prequential.Growing_Window object at 0x00000250F6ACBE30>,0,Tree,1.2407966395159375,0.872068750197984,1.113910516835144
datasets/synthetic_data/s2.csv,287,<timecave.validation_methods.prequential.Growing_Window object at 0x00000250F6ACBE30>,0,ARMA,1.2191324947636182,0.8753084938986476,1.1041433307155453
datasets/synthetic_data/s2.csv,287,<timecave.validation_methods.prequential.Growing_Window object at 0x00000250F6ACBE30>,1,Tree,2.087454665054128,1.1084982071982485,1.444802638789855
datasets/synthetic_data/s2.csv,287,<timecave.validation_methods.prequential.Growing_Window object at 0x00000250F6ACBE30>,1,ARMA,2.104116549808613,1.225086870056797,1.4505573238616298
datasets/synthetic_data/s2.csv,287,<timecave.validation_methods.prequential.Growing_Window object at 0x00000250F6ACBE30>,2,Tree,2.139866249973744,1.0888752711064615,1.462828168300619
datasets/synthetic_data/s2.csv,287,<timecave.validation_methods.prequential.Growing_Window object at 0x00000250F6ACBE30>,2,ARMA,1.687858763344019,0.9082070183714605,1.299176186413536
datasets/synthetic_data/s2.csv,287,<timecave.validation_methods.prequential.Growing_Window object at 0x00000250F6ACBE30>,3,Tree,1.4893286931662137,0.9463585670734739,1.2203805526007918
datasets/synthetic_data/s2.csv,287,<timecave.validation_methods.prequential.Growing_Window object at 0x00000250F6ACBE30>,3,ARMA,1.2137671929514324,0.9286469153892235,1.1017110296949162
datasets/synthetic_data/s2.csv,287,<timecave.validation_methods.prequential.Growing_Window object at 0x00000250F6ACA2A0>,0,Tree,2.3502982652979645,1.1047935632838837,1.533068252002488
datasets/synthetic_data/s2.csv,287,<timecave.validation_methods.prequential.Growing_Window object at 0x00000250F6ACA2A0>,0,ARMA,2.096116267315292,1.212957845109676,1.447797039406868
datasets/synthetic_data/s2.csv,287,<timecave.validation_methods.prequential.Growing_Window object at 0x00000250F6ACA2A0>,1,Tree,2.0967899468572746,1.1006251272422625,1.4480296774780808
datasets/synthetic_data/s2.csv,287,<timecave.validation_methods.prequential.Growing_Window object at 0x00000250F6ACA2A0>,1,ARMA,1.7267605895730158,0.9176193740284639,1.3140626277209986
datasets/synthetic_data/s2.csv,287,<timecave.validation_methods.prequential.Growing_Window object at 0x00000250F6ACA2A0>,2,Tree,1.5194754478640602,0.9496123977034403,1.2326700482546253
datasets/synthetic_data/s2.csv,287,<timecave.validation_methods.prequential.Growing_Window object at 0x00000250F6ACA2A0>,2,ARMA,1.2439482273519302,0.9471903187822985,1.1153242700452324
datasets/synthetic_data/s2.csv,287,<timecave.validation_methods.prequential.Rolling_Window object at 0x00000250F6AC8FB0>,0,Tree,1.311520461529582,0.8912020583434808,1.1452163383088725
datasets/synthetic_data/s2.csv,287,<timecave.validation_methods.prequential.Rolling_Window object at 0x00000250F6AC8FB0>,0,ARMA,1.2191324947636182,0.8753084938986476,1.1041433307155453
datasets/synthetic_data/s2.csv,287,<timecave.validation_methods.prequential.Rolling_Window object at 0x00000250F6AC8FB0>,1,Tree,3.906779474019059,1.5983196566856828,1.976557480575523
datasets/synthetic_data/s2.csv,287,<timecave.validation_methods.prequential.Rolling_Window object at 0x00000250F6AC8FB0>,1,ARMA,2.1073315863992854,1.2278137420549433,1.4516651082116996
datasets/synthetic_data/s2.csv,287,<timecave.validation_methods.prequential.Rolling_Window object at 0x00000250F6AC8FB0>,2,Tree,2.6155888141871846,1.2440783159051987,1.617278211745643
datasets/synthetic_data/s2.csv,287,<timecave.validation_methods.prequential.Rolling_Window object at 0x00000250F6AC8FB0>,2,ARMA,1.7450758949249041,0.9198765866103669,1.3210132077026724
datasets/synthetic_data/s2.csv,287,<timecave.validation_methods.prequential.Rolling_Window object at 0x00000250F6AC8FB0>,3,Tree,2.520843013937284,1.2824961429578396,1.5877162888681604
datasets/synthetic_data/s2.csv,287,<timecave.validation_methods.prequential.Rolling_Window object at 0x00000250F6AC8FB0>,3,ARMA,1.223570453886128,0.9344472157847028,1.1061511894339435
datasets/synthetic_data/s2.csv,287,<timecave.validation_methods.prequential.Rolling_Window object at 0x00000250F6AC9100>,0,Tree,2.1719190690981716,1.1027310821344396,1.4737432168115894
datasets/synthetic_data/s2.csv,287,<timecave.validation_methods.prequential.Rolling_Window object at 0x00000250F6AC9100>,0,ARMA,2.096116267315292,1.212957845109676,1.447797039406868
datasets/synthetic_data/s2.csv,287,<timecave.validation_methods.prequential.Rolling_Window object at 0x00000250F6AC9100>,1,Tree,2.954240525757312,1.2947083302133768,1.7187904251994517
datasets/synthetic_data/s2.csv,287,<timecave.validation_methods.prequential.Rolling_Window object at 0x00000250F6AC9100>,1,ARMA,1.7560925187786114,0.922775871637852,1.3251764104369694
datasets/synthetic_data/s2.csv,287,<timecave.validation_methods.prequential.Rolling_Window object at 0x00000250F6AC9100>,2,Tree,2.027844198671701,1.117412470658345,1.424023945961479
datasets/synthetic_data/s2.csv,287,<timecave.validation_methods.prequential.Rolling_Window object at 0x00000250F6AC9100>,2,ARMA,1.254752120975465,0.9373400054967227,1.1201571858339636
datasets/synthetic_data/s2.csv,287,<timecave.validation_methods.CV.Block_CV object at 0x00000250F6ACBB30>,0,Tree,1.86182084766998,1.004306628022689,1.3644855615469076
datasets/synthetic_data/s2.csv,287,<timecave.validation_methods.CV.Block_CV object at 0x00000250F6ACBB30>,0,ARMA,0.7096071087342016,0.6439228754963637,0.8423818069819656
datasets/synthetic_data/s2.csv,287,<timecave.validation_methods.CV.Block_CV object at 0x00000250F6ACBB30>,1,Tree,2.1016734783371955,1.0708995323969868,1.4497149645144716
datasets/synthetic_data/s2.csv,287,<timecave.validation_methods.CV.Block_CV object at 0x00000250F6ACBB30>,1,ARMA,1.194585740934278,0.8513672418275637,1.092971061343473
datasets/synthetic_data/s2.csv,287,<timecave.validation_methods.CV.Block_CV object at 0x00000250F6ACBB30>,2,Tree,2.7052668686259866,1.2564185604357236,1.6447695487897345
datasets/synthetic_data/s2.csv,287,<timecave.validation_methods.CV.Block_CV object at 0x00000250F6ACBB30>,2,ARMA,2.1321020522443743,1.242574602144098,1.460171925577387
datasets/synthetic_data/s2.csv,287,<timecave.validation_methods.CV.Block_CV object at 0x00000250F6ACBB30>,3,Tree,1.8193419944202815,1.0609571013341659,1.3488298611834932
datasets/synthetic_data/s2.csv,287,<timecave.validation_methods.CV.Block_CV object at 0x00000250F6ACBB30>,3,ARMA,1.5670977173063452,0.8732025168676956,1.2518377360130766
datasets/synthetic_data/s2.csv,287,<timecave.validation_methods.CV.Block_CV object at 0x00000250F6ACBB30>,4,Tree,1.6469830042867402,0.9919953075748373,1.2833483565605794
datasets/synthetic_data/s2.csv,287,<timecave.validation_methods.CV.Block_CV object at 0x00000250F6ACBB30>,4,ARMA,1.2137671929514324,0.9286469153892235,1.1017110296949162
datasets/synthetic_data/s2.csv,287,<timecave.validation_methods.CV.AdaptedhvBlockCV object at 0x00000250F6ACBBC0>,0,Tree,1.4757548816011634,0.9241034884157492,1.2148065202332277
datasets/synthetic_data/s2.csv,287,<timecave.validation_methods.CV.AdaptedhvBlockCV object at 0x00000250F6ACBBC0>,0,ARMA,0.7092899230817832,0.6438287433719107,0.8421935187840044
datasets/synthetic_data/s2.csv,287,<timecave.validation_methods.CV.AdaptedhvBlockCV object at 0x00000250F6ACBBC0>,1,Tree,2.4281738844462297,1.1959854368916458,1.5582598898920006
datasets/synthetic_data/s2.csv,287,<timecave.validation_methods.CV.AdaptedhvBlockCV object at 0x00000250F6ACBBC0>,1,ARMA,1.1967699800185154,0.8504240368550766,1.0939698259177515
datasets/synthetic_data/s2.csv,287,<timecave.validation_methods.CV.AdaptedhvBlockCV object at 0x00000250F6ACBBC0>,2,Tree,1.9827811625582357,1.1626021242473916,1.4081126242450337
datasets/synthetic_data/s2.csv,287,<timecave.validation_methods.CV.AdaptedhvBlockCV object at 0x00000250F6ACBBC0>,2,ARMA,2.1124980046575614,1.2370637396895514,1.453443498956035
datasets/synthetic_data/s2.csv,287,<timecave.validation_methods.CV.AdaptedhvBlockCV object at 0x00000250F6ACBBC0>,3,Tree,2.3822031646628634,1.1865433534991354,1.5434387466507582
datasets/synthetic_data/s2.csv,287,<timecave.validation_methods.CV.AdaptedhvBlockCV object at 0x00000250F6ACBBC0>,3,ARMA,1.5597384335301219,0.8702033675667293,1.2488948849002952
datasets/synthetic_data/s2.csv,287,<timecave.validation_methods.CV.AdaptedhvBlockCV object at 0x00000250F6ACBBC0>,4,Tree,1.759486871171772,1.004911848860142,1.3264565093404954
datasets/synthetic_data/s2.csv,287,<timecave.validation_methods.CV.AdaptedhvBlockCV object at 0x00000250F6ACBBC0>,4,ARMA,1.2174526434339001,0.9214551244779116,1.103382365018537
datasets/synthetic_data/s2.csv,287,<timecave.validation_methods.markov.MarkovCV object at 0x00000250F6ACA060>,0,Tree,3.483857880321641,1.7226146193007186,1.866509544663954
datasets/synthetic_data/s2.csv,287,<timecave.validation_methods.markov.MarkovCV object at 0x00000250F6ACA060>,0,ARMA,1.1335563599190408,0.8462554435187747,1.0646860381910908
datasets/synthetic_data/s2.csv,287,<timecave.validation_methods.markov.MarkovCV object at 0x00000250F6ACA060>,1,Tree,3.3540375839346126,1.5541050309047386,1.8314031735078469
datasets/synthetic_data/s2.csv,287,<timecave.validation_methods.markov.MarkovCV object at 0x00000250F6ACA060>,1,ARMA,1.7694530635342183,1.056583251337511,1.3302079023724893
datasets/synthetic_data/s2.csv,287,<timecave.validation_methods.markov.MarkovCV object at 0x00000250F6ACA060>,2,Tree,2.299545056286797,1.1608670066752877,1.5164250908919956
datasets/synthetic_data/s2.csv,287,<timecave.validation_methods.markov.MarkovCV object at 0x00000250F6ACA060>,2,ARMA,1.4026438119582418,0.967857263551736,1.1843326441326532
datasets/synthetic_data/s2.csv,287,<timecave.validation_methods.markov.MarkovCV object at 0x00000250F6ACA060>,3,Tree,5.172595000185355,2.0161171639936155,2.274333968480741
datasets/synthetic_data/s2.csv,287,<timecave.validation_methods.markov.MarkovCV object at 0x00000250F6ACA060>,3,ARMA,1.9686639447948087,1.1083666923476563,1.403090854077101
datasets/synthetic_data/s2.csv,287,<timecave.validation_methods.markov.MarkovCV object at 0x00000250F6ACA060>,4,Tree,4.5224807472482125,1.6273819453165472,2.1266125051941676
datasets/synthetic_data/s2.csv,287,<timecave.validation_methods.markov.MarkovCV object at 0x00000250F6ACA060>,4,ARMA,1.8471993649229628,1.0632187058127738,1.359117127006706
datasets/synthetic_data/s2.csv,287,<timecave.validation_methods.markov.MarkovCV object at 0x00000250F6ACA060>,5,Tree,7.139607919436665,1.9408988042611703,2.6720044759387407
datasets/synthetic_data/s2.csv,287,<timecave.validation_methods.markov.MarkovCV object at 0x00000250F6ACA060>,5,ARMA,1.6346032528097694,1.0402282755977366,1.2785160354136234
datasets/synthetic_data/s2.csv,287,<timecave.validation_methods.markov.MarkovCV object at 0x00000250F6ACA060>,6,Tree,5.033074565428122,1.9702454897906174,2.2434514849731255
datasets/synthetic_data/s2.csv,287,<timecave.validation_methods.markov.MarkovCV object at 0x00000250F6ACA060>,6,ARMA,0.7932585555355656,0.6912697866528795,0.8906506360720603
datasets/synthetic_data/s2.csv,287,<timecave.validation_methods.markov.MarkovCV object at 0x00000250F6ACA060>,7,Tree,3.901556979750962,1.6289336876049194,1.9752359301488422
datasets/synthetic_data/s2.csv,287,<timecave.validation_methods.markov.MarkovCV object at 0x00000250F6ACA060>,7,ARMA,2.0659781178243612,1.1718660382384525,1.4373510767465134
datasets/synthetic_data/s2.csv,287,<timecave.validation_methods.markov.MarkovCV object at 0x00000250F6ACA060>,8,Tree,4.34688477333099,1.7104971520870997,2.084918409274327
datasets/synthetic_data/s2.csv,287,<timecave.validation_methods.markov.MarkovCV object at 0x00000250F6ACA060>,8,ARMA,1.4230975137248527,1.0200491328923385,1.192936508672969
datasets/synthetic_data/s2.csv,287,<timecave.validation_methods.markov.MarkovCV object at 0x00000250F6ACA060>,9,Tree,2.9890563413105453,1.4729325635781734,1.7288887590908055
datasets/synthetic_data/s2.csv,287,<timecave.validation_methods.markov.MarkovCV object at 0x00000250F6ACA060>,9,ARMA,1.2683730994390838,0.8184708370449292,1.1262207152415036
datasets/synthetic_data/s2.csv,288,<timecave.validation_methods.OOS.Holdout object at 0x00000250F6ACB050>,0,Tree,2.0427590456172458,1.1009679089173134,1.4292512185117232
datasets/synthetic_data/s2.csv,288,<timecave.validation_methods.OOS.Holdout object at 0x00000250F6ACB050>,0,ARMA,1.2125975957848967,0.870946956075425,1.1011800923486115
datasets/synthetic_data/s2.csv,288,<timecave.validation_methods.OOS.Repeated_Holdout object at 0x00000250F6AC8B90>,0,Tree,2.657210631943094,1.3047885251650813,1.6300952830871862
datasets/synthetic_data/s2.csv,288,<timecave.validation_methods.OOS.Repeated_Holdout object at 0x00000250F6AC8B90>,0,ARMA,1.4232812034447742,0.9575379010635169,1.1930134967571717
datasets/synthetic_data/s2.csv,288,<timecave.validation_methods.OOS.Repeated_Holdout object at 0x00000250F6AC8B90>,1,Tree,2.556363861794065,1.2241149865084981,1.598863303035649
datasets/synthetic_data/s2.csv,288,<timecave.validation_methods.OOS.Repeated_Holdout object at 0x00000250F6AC8B90>,1,ARMA,1.3408343934186342,0.923660545980758,1.1579440372568246
datasets/synthetic_data/s2.csv,288,<timecave.validation_methods.OOS.Repeated_Holdout object at 0x00000250F6AC8B90>,2,Tree,1.528186243456909,1.004026135959206,1.2361983026427876
datasets/synthetic_data/s2.csv,288,<timecave.validation_methods.OOS.Repeated_Holdout object at 0x00000250F6AC8B90>,2,ARMA,1.33640445849694,0.9320298999568051,1.1560296096973208
datasets/synthetic_data/s2.csv,288,<timecave.validation_methods.OOS.Repeated_Holdout object at 0x00000250F6AC8B90>,3,Tree,1.8293243297334785,1.0563561416470932,1.3525251678743277
datasets/synthetic_data/s2.csv,288,<timecave.validation_methods.OOS.Repeated_Holdout object at 0x00000250F6AC8B90>,3,ARMA,1.2125975957848967,0.870946956075425,1.1011800923486115
datasets/synthetic_data/s2.csv,288,<timecave.validation_methods.prequential.Growing_Window object at 0x00000250F6ACB980>,0,Tree,2.983505207722138,1.4020594319865876,1.7272826079487218
datasets/synthetic_data/s2.csv,288,<timecave.validation_methods.prequential.Growing_Window object at 0x00000250F6ACB980>,0,ARMA,1.960907054599586,1.194142580850989,1.400323910600539
datasets/synthetic_data/s2.csv,288,<timecave.validation_methods.prequential.Growing_Window object at 0x00000250F6ACB980>,1,Tree,2.7943937327467636,1.3111884334241148,1.6716440209406918
datasets/synthetic_data/s2.csv,288,<timecave.validation_methods.prequential.Growing_Window object at 0x00000250F6ACB980>,1,ARMA,2.142432498473125,1.1751429403853737,1.4637050585664877
datasets/synthetic_data/s2.csv,288,<timecave.validation_methods.prequential.Growing_Window object at 0x00000250F6ACB980>,2,Tree,1.0606438173346122,0.8500125277796814,1.029875631974372
datasets/synthetic_data/s2.csv,288,<timecave.validation_methods.prequential.Growing_Window object at 0x00000250F6ACB980>,2,ARMA,1.0450149784119693,0.8189105943279222,1.0222597411675614
datasets/synthetic_data/s2.csv,288,<timecave.validation_methods.prequential.Growing_Window object at 0x00000250F6ACB980>,3,Tree,2.549346662616538,1.2316205671586518,1.596667361292432
datasets/synthetic_data/s2.csv,288,<timecave.validation_methods.prequential.Growing_Window object at 0x00000250F6ACB980>,3,ARMA,1.37792757866651,0.9392776489429575,1.1738515999335308
datasets/synthetic_data/s2.csv,288,<timecave.validation_methods.prequential.Growing_Window object at 0x00000250F6ACAFF0>,0,Tree,2.5930363904882134,1.2673286515348399,1.6102907782410645
datasets/synthetic_data/s2.csv,288,<timecave.validation_methods.prequential.Growing_Window object at 0x00000250F6ACAFF0>,0,ARMA,2.1544866869939385,1.1928873209284365,1.4678169800741299
datasets/synthetic_data/s2.csv,288,<timecave.validation_methods.prequential.Growing_Window object at 0x00000250F6ACAFF0>,1,Tree,1.9418493692056589,1.1844934985487912,1.3935025544309774
datasets/synthetic_data/s2.csv,288,<timecave.validation_methods.prequential.Growing_Window object at 0x00000250F6ACAFF0>,1,ARMA,1.2456869109949231,0.8589146025773791,1.1161034499520746
datasets/synthetic_data/s2.csv,288,<timecave.validation_methods.prequential.Growing_Window object at 0x00000250F6ACAFF0>,2,Tree,2.2146742317235826,1.1834146834169983,1.4881781585964708
datasets/synthetic_data/s2.csv,288,<timecave.validation_methods.prequential.Growing_Window object at 0x00000250F6ACAFF0>,2,ARMA,1.4102203368486528,0.9448659701636893,1.1875269836296996
datasets/synthetic_data/s2.csv,288,<timecave.validation_methods.prequential.Rolling_Window object at 0x00000250F6ACADB0>,0,Tree,3.170955303177903,1.4740394056828718,1.7807176371277684
datasets/synthetic_data/s2.csv,288,<timecave.validation_methods.prequential.Rolling_Window object at 0x00000250F6ACADB0>,0,ARMA,1.960907054599586,1.194142580850989,1.400323910600539
datasets/synthetic_data/s2.csv,288,<timecave.validation_methods.prequential.Rolling_Window object at 0x00000250F6ACADB0>,1,Tree,2.5533807430456785,1.3722281265603888,1.597930143355985
datasets/synthetic_data/s2.csv,288,<timecave.validation_methods.prequential.Rolling_Window object at 0x00000250F6ACADB0>,1,ARMA,2.2353209101631464,1.1466880494258809,1.495098963334249
datasets/synthetic_data/s2.csv,288,<timecave.validation_methods.prequential.Rolling_Window object at 0x00000250F6ACADB0>,2,Tree,1.1767370972535038,0.8180604887980353,1.0847751367235072
datasets/synthetic_data/s2.csv,288,<timecave.validation_methods.prequential.Rolling_Window object at 0x00000250F6ACADB0>,2,ARMA,1.0247368966760764,0.8217861682923204,1.012292890756463
datasets/synthetic_data/s2.csv,288,<timecave.validation_methods.prequential.Rolling_Window object at 0x00000250F6ACADB0>,3,Tree,2.3707493890913818,1.1610814159391454,1.5397238028592601
datasets/synthetic_data/s2.csv,288,<timecave.validation_methods.prequential.Rolling_Window object at 0x00000250F6ACADB0>,3,ARMA,1.409232407166582,0.9522539185982388,1.1871109498132775
datasets/synthetic_data/s2.csv,288,<timecave.validation_methods.prequential.Rolling_Window object at 0x00000250F6ACBD10>,0,Tree,2.780449300457159,1.3239420366775874,1.6674679308631872
datasets/synthetic_data/s2.csv,288,<timecave.validation_methods.prequential.Rolling_Window object at 0x00000250F6ACBD10>,0,ARMA,2.1544866869939385,1.1928873209284365,1.4678169800741299
datasets/synthetic_data/s2.csv,288,<timecave.validation_methods.prequential.Rolling_Window object at 0x00000250F6ACBD10>,1,Tree,3.14745067504099,1.5077720403441985,1.7741055986160998
datasets/synthetic_data/s2.csv,288,<timecave.validation_methods.prequential.Rolling_Window object at 0x00000250F6ACBD10>,1,ARMA,1.5087214790381993,0.9366520774761273,1.2283002397777993
datasets/synthetic_data/s2.csv,288,<timecave.validation_methods.prequential.Rolling_Window object at 0x00000250F6ACBD10>,2,Tree,2.344927206998495,1.1376133603304195,1.5313155151693902
datasets/synthetic_data/s2.csv,288,<timecave.validation_methods.prequential.Rolling_Window object at 0x00000250F6ACBD10>,2,ARMA,1.4468732394989872,0.9587211023906723,1.2028604405744614
datasets/synthetic_data/s2.csv,288,<timecave.validation_methods.CV.Block_CV object at 0x00000250F2633440>,0,Tree,2.0828667441734856,1.1021967176275362,1.443214032696982
datasets/synthetic_data/s2.csv,288,<timecave.validation_methods.CV.Block_CV object at 0x00000250F2633440>,0,ARMA,1.4457797977278752,1.0161076038185763,1.2024058373643547
datasets/synthetic_data/s2.csv,288,<timecave.validation_methods.CV.Block_CV object at 0x00000250F2633440>,1,Tree,3.1384651881994388,1.4416979292457972,1.7715713895294873
datasets/synthetic_data/s2.csv,288,<timecave.validation_methods.CV.Block_CV object at 0x00000250F2633440>,1,ARMA,1.79661405829304,1.124131743411382,1.3403783265530071
datasets/synthetic_data/s2.csv,288,<timecave.validation_methods.CV.Block_CV object at 0x00000250F2633440>,2,Tree,3.061534765734312,1.4321098018243086,1.7497241970477266
datasets/synthetic_data/s2.csv,288,<timecave.validation_methods.CV.Block_CV object at 0x00000250F2633440>,2,ARMA,2.060477882673494,1.1664292828163543,1.4354364781046545
datasets/synthetic_data/s2.csv,288,<timecave.validation_methods.CV.Block_CV object at 0x00000250F2633440>,3,Tree,1.0983650935072122,0.8557375125174181,1.048029147260329
datasets/synthetic_data/s2.csv,288,<timecave.validation_methods.CV.Block_CV object at 0x00000250F2633440>,3,ARMA,1.1176097674903842,0.8362089991446846,1.0571706425598397
datasets/synthetic_data/s2.csv,288,<timecave.validation_methods.CV.Block_CV object at 0x00000250F2633440>,4,Tree,2.2538348570962765,1.1441138993577011,1.5012777414909861
datasets/synthetic_data/s2.csv,288,<timecave.validation_methods.CV.Block_CV object at 0x00000250F2633440>,4,ARMA,1.37792757866651,0.9392776489429575,1.1738515999335308
datasets/synthetic_data/s2.csv,288,<timecave.validation_methods.CV.AdaptedhvBlockCV object at 0x00000250F6BB0680>,0,Tree,2.700395700863991,1.3269023066349075,1.6432880760426611
datasets/synthetic_data/s2.csv,288,<timecave.validation_methods.CV.AdaptedhvBlockCV object at 0x00000250F6BB0680>,0,ARMA,1.4494675575800402,1.0162958076464852,1.2039383528985361
datasets/synthetic_data/s2.csv,288,<timecave.validation_methods.CV.AdaptedhvBlockCV object at 0x00000250F6BB0680>,1,Tree,2.7836715450256833,1.3550276257768514,1.6684338599494088
datasets/synthetic_data/s2.csv,288,<timecave.validation_methods.CV.AdaptedhvBlockCV object at 0x00000250F6BB0680>,1,ARMA,1.781526164467095,1.1182273895375285,1.3347382381827138
datasets/synthetic_data/s2.csv,288,<timecave.validation_methods.CV.AdaptedhvBlockCV object at 0x00000250F6BB0680>,2,Tree,3.332636309101991,1.3892844537076,1.825550960423179
datasets/synthetic_data/s2.csv,288,<timecave.validation_methods.CV.AdaptedhvBlockCV object at 0x00000250F6BB0680>,2,ARMA,2.061464045800786,1.1663880170538854,1.4357799433759986
datasets/synthetic_data/s2.csv,288,<timecave.validation_methods.CV.AdaptedhvBlockCV object at 0x00000250F6BB0680>,3,Tree,1.5146105690041278,0.9750850380974664,1.2306951568134685
datasets/synthetic_data/s2.csv,288,<timecave.validation_methods.CV.AdaptedhvBlockCV object at 0x00000250F6BB0680>,3,ARMA,1.125827891557302,0.8395785754862062,1.0610503718284547
datasets/synthetic_data/s2.csv,288,<timecave.validation_methods.CV.AdaptedhvBlockCV object at 0x00000250F6BB0680>,4,Tree,2.528042449865772,1.2778383370328183,1.5899819023705182
datasets/synthetic_data/s2.csv,288,<timecave.validation_methods.CV.AdaptedhvBlockCV object at 0x00000250F6BB0680>,4,ARMA,1.471530463442912,0.9742355832658436,1.2130665535917278
datasets/synthetic_data/s2.csv,288,<timecave.validation_methods.markov.MarkovCV object at 0x00000250F6AC8AD0>,0,Tree,1.2314862818136596,0.8915338916430656,1.1097235159325316
datasets/synthetic_data/s2.csv,288,<timecave.validation_methods.markov.MarkovCV object at 0x00000250F6AC8AD0>,0,ARMA,0.9924903618844667,0.8710406839666595,0.9962381050152954
datasets/synthetic_data/s2.csv,288,<timecave.validation_methods.markov.MarkovCV object at 0x00000250F6AC8AD0>,1,Tree,2.7381576632437623,1.3689381684176447,1.654737943978974
datasets/synthetic_data/s2.csv,288,<timecave.validation_methods.markov.MarkovCV object at 0x00000250F6AC8AD0>,1,ARMA,1.7005463848742972,1.0674981183520853,1.3040499932419376
datasets/synthetic_data/s2.csv,288,<timecave.validation_methods.markov.MarkovCV object at 0x00000250F6AC8AD0>,2,Tree,1.7109344682116918,1.0669727101109527,1.3080269371124174
datasets/synthetic_data/s2.csv,288,<timecave.validation_methods.markov.MarkovCV object at 0x00000250F6AC8AD0>,2,ARMA,1.4852219395338828,0.9368283530322915,1.218696820186991
datasets/synthetic_data/s2.csv,288,<timecave.validation_methods.markov.MarkovCV object at 0x00000250F6AC8AD0>,3,Tree,0.8575194935227517,0.7644609993536478,0.9260234843257226
datasets/synthetic_data/s2.csv,288,<timecave.validation_methods.markov.MarkovCV object at 0x00000250F6AC8AD0>,3,ARMA,1.6679189816236868,1.0014930951535803,1.2914793771577178
datasets/synthetic_data/s2.csv,288,<timecave.validation_methods.markov.MarkovCV object at 0x00000250F6AC8AD0>,4,Tree,1.9398511830448368,1.174133547662394,1.3927854045203218
datasets/synthetic_data/s2.csv,288,<timecave.validation_methods.markov.MarkovCV object at 0x00000250F6AC8AD0>,4,ARMA,1.3367477435779564,0.953817411634499,1.1561780760669857
datasets/synthetic_data/s2.csv,288,<timecave.validation_methods.markov.MarkovCV object at 0x00000250F6AC8AD0>,5,Tree,2.40406492293865,1.2153571238213738,1.550504731672448
datasets/synthetic_data/s2.csv,288,<timecave.validation_methods.markov.MarkovCV object at 0x00000250F6AC8AD0>,5,ARMA,1.4177806288410006,1.0095841301590978,1.190705937182225
datasets/synthetic_data/s2.csv,288,<timecave.validation_methods.markov.MarkovCV object at 0x00000250F6AC8AD0>,6,Tree,4.836961428203629,1.679028269285488,2.199309307078845
datasets/synthetic_data/s2.csv,288,<timecave.validation_methods.markov.MarkovCV object at 0x00000250F6AC8AD0>,6,ARMA,0.996788267757565,0.7920467106855835,0.9983928424010086
datasets/synthetic_data/s2.csv,288,<timecave.validation_methods.markov.MarkovCV object at 0x00000250F6AC8AD0>,7,Tree,4.31064059641286,1.7048503045676628,2.0762082256876018
datasets/synthetic_data/s2.csv,288,<timecave.validation_methods.markov.MarkovCV object at 0x00000250F6AC8AD0>,7,ARMA,1.7238112005684723,1.0714223097100493,1.3129399074475847
datasets/synthetic_data/s2.csv,288,<timecave.validation_methods.markov.MarkovCV object at 0x00000250F6AC8AD0>,8,Tree,9.991389917564485,2.6848520845662844,3.1609159934367894
datasets/synthetic_data/s2.csv,288,<timecave.validation_methods.markov.MarkovCV object at 0x00000250F6AC8AD0>,8,ARMA,2.3404540135497793,1.191061825888268,1.529854245851473
datasets/synthetic_data/s2.csv,288,<timecave.validation_methods.markov.MarkovCV object at 0x00000250F6AC8AD0>,9,Tree,3.8124605296008514,1.5769142568458472,1.95255231161699
datasets/synthetic_data/s2.csv,288,<timecave.validation_methods.markov.MarkovCV object at 0x00000250F6AC8AD0>,9,ARMA,2.297893217710715,1.2423401545683905,1.5158803441270405
datasets/synthetic_data/s2.csv,289,<timecave.validation_methods.OOS.Holdout object at 0x00000250F26432C0>,0,Tree,4.0586732220953685,1.5146947249031444,2.0146149066497467
datasets/synthetic_data/s2.csv,289,<timecave.validation_methods.OOS.Holdout object at 0x00000250F26432C0>,0,ARMA,2.512440904880618,1.2297330611707658,1.5850681073318642
datasets/synthetic_data/s2.csv,289,<timecave.validation_methods.OOS.Repeated_Holdout object at 0x00000250F6ACBC80>,0,Tree,4.097295786888692,1.5186767311012046,2.024177805156625
datasets/synthetic_data/s2.csv,289,<timecave.validation_methods.OOS.Repeated_Holdout object at 0x00000250F6ACBC80>,0,ARMA,2.7151164977912434,1.301884907430207,1.647761056036719
datasets/synthetic_data/s2.csv,289,<timecave.validation_methods.OOS.Repeated_Holdout object at 0x00000250F6ACBC80>,1,Tree,2.420088031212889,1.3540082287428807,1.555663212656547
datasets/synthetic_data/s2.csv,289,<timecave.validation_methods.OOS.Repeated_Holdout object at 0x00000250F6ACBC80>,1,ARMA,2.617473475205936,1.2415158651550577,1.6178607712673967
datasets/synthetic_data/s2.csv,289,<timecave.validation_methods.OOS.Repeated_Holdout object at 0x00000250F6ACBC80>,2,Tree,4.2815814820606395,1.5490499347382432,2.0691982703599576
datasets/synthetic_data/s2.csv,289,<timecave.validation_methods.OOS.Repeated_Holdout object at 0x00000250F6ACBC80>,2,ARMA,2.5406848638560895,1.2336922483289732,1.5939525914706778
datasets/synthetic_data/s2.csv,289,<timecave.validation_methods.OOS.Repeated_Holdout object at 0x00000250F6ACBC80>,3,Tree,4.034099274530323,1.546582169774413,2.0085067275292667
datasets/synthetic_data/s2.csv,289,<timecave.validation_methods.OOS.Repeated_Holdout object at 0x00000250F6ACBC80>,3,ARMA,2.512440904880618,1.2297330611707658,1.5850681073318642
datasets/synthetic_data/s2.csv,289,<timecave.validation_methods.prequential.Growing_Window object at 0x00000250F6AC9FA0>,0,Tree,2.495422212372984,1.2484362982848316,1.579690543230852
datasets/synthetic_data/s2.csv,289,<timecave.validation_methods.prequential.Growing_Window object at 0x00000250F6AC9FA0>,0,ARMA,1.9170518977973516,1.207101133981214,1.38457643263106
datasets/synthetic_data/s2.csv,289,<timecave.validation_methods.prequential.Growing_Window object at 0x00000250F6AC9FA0>,1,Tree,1.5342344081854724,1.0627798354469349,1.2386421630904838
datasets/synthetic_data/s2.csv,289,<timecave.validation_methods.prequential.Growing_Window object at 0x00000250F6AC9FA0>,1,ARMA,2.2856159593245886,1.2762714348306696,1.5118253732903773
datasets/synthetic_data/s2.csv,289,<timecave.validation_methods.prequential.Growing_Window object at 0x00000250F6AC9FA0>,2,Tree,3.278106046955015,1.5491571332730447,1.8105540718120006
datasets/synthetic_data/s2.csv,289,<timecave.validation_methods.prequential.Growing_Window object at 0x00000250F6AC9FA0>,2,ARMA,3.184434284832363,1.3924686933858372,1.784498328615738
datasets/synthetic_data/s2.csv,289,<timecave.validation_methods.prequential.Growing_Window object at 0x00000250F6AC9FA0>,3,Tree,2.73843891137766,1.3594242987899234,1.6548229244779213
datasets/synthetic_data/s2.csv,289,<timecave.validation_methods.prequential.Growing_Window object at 0x00000250F6AC9FA0>,3,ARMA,2.6031847626688918,1.2321007934769082,1.6134388004101339
datasets/synthetic_data/s2.csv,289,<timecave.validation_methods.prequential.Growing_Window object at 0x00000250F6AC95B0>,0,Tree,2.6833650012247667,1.4052621252876516,1.6380979827912514
datasets/synthetic_data/s2.csv,289,<timecave.validation_methods.prequential.Growing_Window object at 0x00000250F6AC95B0>,0,ARMA,2.4502279424575812,1.354756570990229,1.5653203961034883
datasets/synthetic_data/s2.csv,289,<timecave.validation_methods.prequential.Growing_Window object at 0x00000250F6AC95B0>,1,Tree,2.540257319664286,1.2801916821611132,1.5938184713650065
datasets/synthetic_data/s2.csv,289,<timecave.validation_methods.prequential.Growing_Window object at 0x00000250F6AC95B0>,1,ARMA,3.2447750551467847,1.3573091566060738,1.8013259158594217
datasets/synthetic_data/s2.csv,289,<timecave.validation_methods.prequential.Growing_Window object at 0x00000250F6AC95B0>,2,Tree,3.5627895261407385,1.5740324051499754,1.8875353046077676
datasets/synthetic_data/s2.csv,289,<timecave.validation_methods.prequential.Growing_Window object at 0x00000250F6AC95B0>,2,ARMA,2.701152060018912,1.2845269180816297,1.6435181958283613
datasets/synthetic_data/s2.csv,289,<timecave.validation_methods.prequential.Rolling_Window object at 0x00000250F6ACBDA0>,0,Tree,2.6128445881201863,1.2939629487848703,1.6164295803158844
datasets/synthetic_data/s2.csv,289,<timecave.validation_methods.prequential.Rolling_Window object at 0x00000250F6ACBDA0>,0,ARMA,1.9170518977973516,1.207101133981214,1.38457643263106
datasets/synthetic_data/s2.csv,289,<timecave.validation_methods.prequential.Rolling_Window object at 0x00000250F6ACBDA0>,1,Tree,1.766978381253627,1.1033887565091756,1.3292773906350874
datasets/synthetic_data/s2.csv,289,<timecave.validation_methods.prequential.Rolling_Window object at 0x00000250F6ACBDA0>,1,ARMA,2.1754066798029723,1.2403182888616782,1.474925991296842
datasets/synthetic_data/s2.csv,289,<timecave.validation_methods.prequential.Rolling_Window object at 0x00000250F6ACBDA0>,2,Tree,3.0344369533236355,1.3432482032633077,1.7419635338673527
datasets/synthetic_data/s2.csv,289,<timecave.validation_methods.prequential.Rolling_Window object at 0x00000250F6ACBDA0>,2,ARMA,3.1299059492882293,1.3992276657248768,1.7691540207930538
datasets/synthetic_data/s2.csv,289,<timecave.validation_methods.prequential.Rolling_Window object at 0x00000250F6ACBDA0>,3,Tree,5.392120187993537,1.7190952878573977,2.322093923163647
datasets/synthetic_data/s2.csv,289,<timecave.validation_methods.prequential.Rolling_Window object at 0x00000250F6ACBDA0>,3,ARMA,2.733154209730086,1.2605877987461944,1.6532253959246108
datasets/synthetic_data/s2.csv,289,<timecave.validation_methods.prequential.Rolling_Window object at 0x00000250F6AC82C0>,0,Tree,2.5767013035026114,1.3275064533622245,1.6052106726229463
datasets/synthetic_data/s2.csv,289,<timecave.validation_methods.prequential.Rolling_Window object at 0x00000250F6AC82C0>,0,ARMA,2.4502279424575812,1.354756570990229,1.5653203961034883
datasets/synthetic_data/s2.csv,289,<timecave.validation_methods.prequential.Rolling_Window object at 0x00000250F6AC82C0>,1,Tree,2.666116385226075,1.317937182131804,1.6328246645693698
datasets/synthetic_data/s2.csv,289,<timecave.validation_methods.prequential.Rolling_Window object at 0x00000250F6AC82C0>,1,ARMA,3.159181160712034,1.3472651991318827,1.7774085519969893
datasets/synthetic_data/s2.csv,289,<timecave.validation_methods.prequential.Rolling_Window object at 0x00000250F6AC82C0>,2,Tree,2.859156680457372,1.305809379066395,1.690904101496407
datasets/synthetic_data/s2.csv,289,<timecave.validation_methods.prequential.Rolling_Window object at 0x00000250F6AC82C0>,2,ARMA,2.813367654873984,1.3272330540673623,1.6773096478807912
datasets/synthetic_data/s2.csv,289,<timecave.validation_methods.CV.Block_CV object at 0x00000250F6AC8590>,0,Tree,6.114714271487745,2.0453008121216545,2.472794830043072
datasets/synthetic_data/s2.csv,289,<timecave.validation_methods.CV.Block_CV object at 0x00000250F6AC8590>,0,ARMA,1.6020456635785751,1.0337068195634003,1.265719425298741
datasets/synthetic_data/s2.csv,289,<timecave.validation_methods.CV.Block_CV object at 0x00000250F6AC8590>,1,Tree,2.2415298750085473,1.2554965676496626,1.4971739628408407
datasets/synthetic_data/s2.csv,289,<timecave.validation_methods.CV.Block_CV object at 0x00000250F6AC8590>,1,ARMA,1.8446424426934942,1.1670195784432424,1.3581761456797472
datasets/synthetic_data/s2.csv,289,<timecave.validation_methods.CV.Block_CV object at 0x00000250F6AC8590>,2,Tree,2.992016772042544,1.2042039038560612,1.729744712968519
datasets/synthetic_data/s2.csv,289,<timecave.validation_methods.CV.Block_CV object at 0x00000250F6AC8590>,2,ARMA,2.1907836715127837,1.258898061933348,1.480129613078795
datasets/synthetic_data/s2.csv,289,<timecave.validation_methods.CV.Block_CV object at 0x00000250F6AC8590>,3,Tree,3.293757975971155,1.4605895825787512,1.8148713386824848
datasets/synthetic_data/s2.csv,289,<timecave.validation_methods.CV.Block_CV object at 0x00000250F6AC8590>,3,ARMA,3.1745882236479033,1.3753144532127561,1.7817374171431388
datasets/synthetic_data/s2.csv,289,<timecave.validation_methods.CV.Block_CV object at 0x00000250F6AC8590>,4,Tree,2.777015869946319,1.3610758787411124,1.6664380786414834
datasets/synthetic_data/s2.csv,289,<timecave.validation_methods.CV.Block_CV object at 0x00000250F6AC8590>,4,ARMA,2.6031847626688918,1.2321007934769082,1.6134388004101339
datasets/synthetic_data/s2.csv,289,<timecave.validation_methods.CV.AdaptedhvBlockCV object at 0x00000250F6BB2930>,0,Tree,4.375186539343232,1.7762640237694707,2.091694657291841
datasets/synthetic_data/s2.csv,289,<timecave.validation_methods.CV.AdaptedhvBlockCV object at 0x00000250F6BB2930>,0,ARMA,1.6077436621599035,1.0364646716807506,1.2679683206452375
datasets/synthetic_data/s2.csv,289,<timecave.validation_methods.CV.AdaptedhvBlockCV object at 0x00000250F6BB2930>,1,Tree,1.7470178589970464,0.9993944303222508,1.3217480315843282
datasets/synthetic_data/s2.csv,289,<timecave.validation_methods.CV.AdaptedhvBlockCV object at 0x00000250F6BB2930>,1,ARMA,1.8523073747470378,1.169276570705495,1.3609949943872086
datasets/synthetic_data/s2.csv,289,<timecave.validation_methods.CV.AdaptedhvBlockCV object at 0x00000250F6BB2930>,2,Tree,2.301872460092333,1.1052207594165104,1.517192295028001
datasets/synthetic_data/s2.csv,289,<timecave.validation_methods.CV.AdaptedhvBlockCV object at 0x00000250F6BB2930>,2,ARMA,2.204853921477377,1.2652804886314852,1.4848750524799643
datasets/synthetic_data/s2.csv,289,<timecave.validation_methods.CV.AdaptedhvBlockCV object at 0x00000250F6BB2930>,3,Tree,3.4948542754519614,1.5262601982175517,1.8694529348052498
datasets/synthetic_data/s2.csv,289,<timecave.validation_methods.CV.AdaptedhvBlockCV object at 0x00000250F6BB2930>,3,ARMA,3.1730956606630194,1.3746802250731542,1.7813185174648074
datasets/synthetic_data/s2.csv,289,<timecave.validation_methods.CV.AdaptedhvBlockCV object at 0x00000250F6BB2930>,4,Tree,2.7036536965522378,1.3570622044883993,1.6442790811027908
datasets/synthetic_data/s2.csv,289,<timecave.validation_methods.CV.AdaptedhvBlockCV object at 0x00000250F6BB2930>,4,ARMA,2.9428421073180164,1.3090327066233383,1.7154713950742566
datasets/synthetic_data/s2.csv,289,<timecave.validation_methods.markov.MarkovCV object at 0x00000250F6BB2510>,0,Tree,7.021375034175404,2.4632849287804586,2.6497877337959364
datasets/synthetic_data/s2.csv,289,<timecave.validation_methods.markov.MarkovCV object at 0x00000250F6BB2510>,0,ARMA,5.672106507036403,1.7490255993695294,2.381618463783904
datasets/synthetic_data/s2.csv,289,<timecave.validation_methods.markov.MarkovCV object at 0x00000250F6BB2510>,1,Tree,6.144846807239335,2.0875609224435414,2.478880151850697
datasets/synthetic_data/s2.csv,289,<timecave.validation_methods.markov.MarkovCV object at 0x00000250F6BB2510>,1,ARMA,4.252069681622538,1.8142946636674346,2.06205472323664
datasets/synthetic_data/s2.csv,289,<timecave.validation_methods.markov.MarkovCV object at 0x00000250F6BB2510>,2,Tree,4.246304535380361,1.7599454508942218,2.060656336068768
datasets/synthetic_data/s2.csv,289,<timecave.validation_methods.markov.MarkovCV object at 0x00000250F6BB2510>,2,ARMA,3.0580906744797605,1.502606173894849,1.7487397389205064
datasets/synthetic_data/s2.csv,289,<timecave.validation_methods.markov.MarkovCV object at 0x00000250F6BB2510>,3,Tree,2.0235244640604835,1.1969587268209638,1.422506402115816
datasets/synthetic_data/s2.csv,289,<timecave.validation_methods.markov.MarkovCV object at 0x00000250F6BB2510>,3,ARMA,1.946507578837643,1.136858847304074,1.395172956603461
datasets/synthetic_data/s2.csv,289,<timecave.validation_methods.markov.MarkovCV object at 0x00000250F6BB2510>,4,Tree,1.7451966475129255,1.166831143985531,1.3210589114467701
datasets/synthetic_data/s2.csv,289,<timecave.validation_methods.markov.MarkovCV object at 0x00000250F6BB2510>,4,ARMA,2.012901558458267,1.268807487328618,1.4187676196115653
datasets/synthetic_data/s2.csv,289,<timecave.validation_methods.markov.MarkovCV object at 0x00000250F6BB2510>,5,Tree,2.632876060090577,1.4233435450344838,1.62261395904589
datasets/synthetic_data/s2.csv,289,<timecave.validation_methods.markov.MarkovCV object at 0x00000250F6BB2510>,5,ARMA,1.8095712262116206,1.173816272958189,1.3452030427454513
datasets/synthetic_data/s2.csv,289,<timecave.validation_methods.markov.MarkovCV object at 0x00000250F6BB2510>,6,Tree,4.561663346198642,1.864686768350506,2.13580508150876
datasets/synthetic_data/s2.csv,289,<timecave.validation_methods.markov.MarkovCV object at 0x00000250F6BB2510>,6,ARMA,2.242389110816257,1.2069043249534974,1.4974608879086815
datasets/synthetic_data/s2.csv,289,<timecave.validation_methods.markov.MarkovCV object at 0x00000250F6BB2510>,7,Tree,3.635211470158301,1.5802223619379245,1.9066230540298996
datasets/synthetic_data/s2.csv,289,<timecave.validation_methods.markov.MarkovCV object at 0x00000250F6BB2510>,7,ARMA,1.9096386603788555,1.1655495114098728,1.3818967618381828
datasets/synthetic_data/s2.csv,289,<timecave.validation_methods.markov.MarkovCV object at 0x00000250F6BB2510>,8,Tree,5.513156904287556,2.081746443986234,2.3480112657922994
datasets/synthetic_data/s2.csv,289,<timecave.validation_methods.markov.MarkovCV object at 0x00000250F6BB2510>,8,ARMA,1.3525785090508506,0.9782059870198361,1.1630040881488124
datasets/synthetic_data/s2.csv,289,<timecave.validation_methods.markov.MarkovCV object at 0x00000250F6BB2510>,9,Tree,6.234785578721222,2.1945844105098895,2.49695526165793
datasets/synthetic_data/s2.csv,289,<timecave.validation_methods.markov.MarkovCV object at 0x00000250F6BB2510>,9,ARMA,2.9149008612987766,1.4936530803182115,1.7073080745134361
datasets/synthetic_data/s2.csv,290,<timecave.validation_methods.OOS.Holdout object at 0x00000250F6AC90D0>,0,Tree,2.2900174874086674,1.1929972522621504,1.5132803730335853
datasets/synthetic_data/s2.csv,290,<timecave.validation_methods.OOS.Holdout object at 0x00000250F6AC90D0>,0,ARMA,2.122132247539369,1.2522759058088686,1.4567540106481152
datasets/synthetic_data/s2.csv,290,<timecave.validation_methods.OOS.Repeated_Holdout object at 0x00000250F6AC86E0>,0,Tree,2.3281029653775906,1.2926025281708495,1.525812231363214
datasets/synthetic_data/s2.csv,290,<timecave.validation_methods.OOS.Repeated_Holdout object at 0x00000250F6AC86E0>,0,ARMA,2.337418391768967,1.2743224762064547,1.5288617961637236
datasets/synthetic_data/s2.csv,290,<timecave.validation_methods.OOS.Repeated_Holdout object at 0x00000250F6AC86E0>,1,Tree,1.8878238345808627,1.1798014779756532,1.3739810168196875
datasets/synthetic_data/s2.csv,290,<timecave.validation_methods.OOS.Repeated_Holdout object at 0x00000250F6AC86E0>,1,ARMA,2.187903540318255,1.2283625488777439,1.4791563610106455
datasets/synthetic_data/s2.csv,290,<timecave.validation_methods.OOS.Repeated_Holdout object at 0x00000250F6AC86E0>,2,Tree,2.6530998401014805,1.3100229550176667,1.6288338896589427
datasets/synthetic_data/s2.csv,290,<timecave.validation_methods.OOS.Repeated_Holdout object at 0x00000250F6AC86E0>,2,ARMA,2.135566246922427,1.2358044890751145,1.461357672482143
datasets/synthetic_data/s2.csv,290,<timecave.validation_methods.OOS.Repeated_Holdout object at 0x00000250F6AC86E0>,3,Tree,2.54656976686472,1.2576208508872895,1.595797533167889
datasets/synthetic_data/s2.csv,290,<timecave.validation_methods.OOS.Repeated_Holdout object at 0x00000250F6AC86E0>,3,ARMA,2.122132247539369,1.2522759058088686,1.4567540106481152
datasets/synthetic_data/s2.csv,290,<timecave.validation_methods.prequential.Growing_Window object at 0x00000250F6ACA900>,0,Tree,1.1309251515950616,0.878697893698944,1.063449646948581
datasets/synthetic_data/s2.csv,290,<timecave.validation_methods.prequential.Growing_Window object at 0x00000250F6ACA900>,0,ARMA,1.5535687418212674,0.8762936516981733,1.2464223769739002
datasets/synthetic_data/s2.csv,290,<timecave.validation_methods.prequential.Growing_Window object at 0x00000250F6ACA900>,1,Tree,2.9418213308715315,1.3190077047775342,1.7151738485854813
datasets/synthetic_data/s2.csv,290,<timecave.validation_methods.prequential.Growing_Window object at 0x00000250F6ACA900>,1,ARMA,1.9616159770526997,1.1146027365189748,1.4005770157519721
datasets/synthetic_data/s2.csv,290,<timecave.validation_methods.prequential.Growing_Window object at 0x00000250F6ACA900>,2,Tree,2.5514046827531804,1.2247878784511752,1.5973117049446488
datasets/synthetic_data/s2.csv,290,<timecave.validation_methods.prequential.Growing_Window object at 0x00000250F6ACA900>,2,ARMA,1.5970574379486417,1.0220931201209436,1.263747379007625
datasets/synthetic_data/s2.csv,290,<timecave.validation_methods.prequential.Growing_Window object at 0x00000250F6ACA900>,3,Tree,1.8477697898690553,1.1074405112856487,1.359326962091555
datasets/synthetic_data/s2.csv,290,<timecave.validation_methods.prequential.Growing_Window object at 0x00000250F6ACA900>,3,ARMA,2.272979268205966,1.2665823388201791,1.5076402980173906
datasets/synthetic_data/s2.csv,290,<timecave.validation_methods.prequential.Growing_Window object at 0x00000250F6ACB410>,0,Tree,1.8506698985258396,1.1259961400357694,1.3603932881802379
datasets/synthetic_data/s2.csv,290,<timecave.validation_methods.prequential.Growing_Window object at 0x00000250F6ACB410>,0,ARMA,1.830530635484919,1.063389917071949,1.3529710401501278
datasets/synthetic_data/s2.csv,290,<timecave.validation_methods.prequential.Growing_Window object at 0x00000250F6ACB410>,1,Tree,3.3730042150195847,1.5800264691425638,1.8365740428906168
datasets/synthetic_data/s2.csv,290,<timecave.validation_methods.prequential.Growing_Window object at 0x00000250F6ACB410>,1,ARMA,1.904039025421639,1.1433269327015245,1.379869205911067
datasets/synthetic_data/s2.csv,290,<timecave.validation_methods.prequential.Growing_Window object at 0x00000250F6ACB410>,2,Tree,2.73856883718645,1.3307353472136736,1.6548621807227482
datasets/synthetic_data/s2.csv,290,<timecave.validation_methods.prequential.Growing_Window object at 0x00000250F6ACB410>,2,ARMA,2.1104297811240684,1.2157031421643045,1.45273183386476
datasets/synthetic_data/s2.csv,290,<timecave.validation_methods.prequential.Rolling_Window object at 0x00000250F6ACA3C0>,0,Tree,1.3076810534225003,0.9759630688306921,1.1435388289964186
datasets/synthetic_data/s2.csv,290,<timecave.validation_methods.prequential.Rolling_Window object at 0x00000250F6ACA3C0>,0,ARMA,1.5535687418212674,0.8762936516981733,1.2464223769739002
datasets/synthetic_data/s2.csv,290,<timecave.validation_methods.prequential.Rolling_Window object at 0x00000250F6ACA3C0>,1,Tree,3.9387028434402516,1.5445074694995724,1.9846165482128408
datasets/synthetic_data/s2.csv,290,<timecave.validation_methods.prequential.Rolling_Window object at 0x00000250F6ACA3C0>,1,ARMA,2.124025257642953,1.1537205159736708,1.4574036014923775
datasets/synthetic_data/s2.csv,290,<timecave.validation_methods.prequential.Rolling_Window object at 0x00000250F6ACA3C0>,2,Tree,1.9240371048069989,1.0516859140213048,1.387096645806268
datasets/synthetic_data/s2.csv,290,<timecave.validation_methods.prequential.Rolling_Window object at 0x00000250F6ACA3C0>,2,ARMA,1.3015190285137073,0.9059553920151906,1.1408413686896646
datasets/synthetic_data/s2.csv,290,<timecave.validation_methods.prequential.Rolling_Window object at 0x00000250F6ACA3C0>,3,Tree,1.4948773509239501,1.0055909914422565,1.2226517700980726
datasets/synthetic_data/s2.csv,290,<timecave.validation_methods.prequential.Rolling_Window object at 0x00000250F6ACA3C0>,3,ARMA,2.5542066725878856,1.3135241495904915,1.5981885597725587
datasets/synthetic_data/s2.csv,290,<timecave.validation_methods.prequential.Rolling_Window object at 0x00000250F6ACADE0>,0,Tree,1.7280337663040155,1.0720369447881877,1.3145469813985409
datasets/synthetic_data/s2.csv,290,<timecave.validation_methods.prequential.Rolling_Window object at 0x00000250F6ACADE0>,0,ARMA,1.830530635484919,1.063389917071949,1.3529710401501278
datasets/synthetic_data/s2.csv,290,<timecave.validation_methods.prequential.Rolling_Window object at 0x00000250F6ACADE0>,1,Tree,5.361033036171261,1.9532036988043933,2.3153904716421505
datasets/synthetic_data/s2.csv,290,<timecave.validation_methods.prequential.Rolling_Window object at 0x00000250F6ACADE0>,1,ARMA,2.1058528045927254,1.2064281824007876,1.4511556789651223
datasets/synthetic_data/s2.csv,290,<timecave.validation_methods.prequential.Rolling_Window object at 0x00000250F6ACADE0>,2,Tree,3.9415594664346463,1.6231624269155485,1.9853361091852044
datasets/synthetic_data/s2.csv,290,<timecave.validation_methods.prequential.Rolling_Window object at 0x00000250F6ACADE0>,2,ARMA,2.543275173720044,1.2836935606142077,1.5947649274172178
datasets/synthetic_data/s2.csv,290,<timecave.validation_methods.CV.Block_CV object at 0x00000250F2630CE0>,0,Tree,1.2724826236392193,0.8724718873041375,1.1280437153050493
datasets/synthetic_data/s2.csv,290,<timecave.validation_methods.CV.Block_CV object at 0x00000250F2630CE0>,0,ARMA,1.4567237271925266,0.9538601950070521,1.2069481045979262
datasets/synthetic_data/s2.csv,290,<timecave.validation_methods.CV.Block_CV object at 0x00000250F2630CE0>,1,Tree,2.9002989012521843,1.4201152634861474,1.7030263947608635
datasets/synthetic_data/s2.csv,290,<timecave.validation_methods.CV.Block_CV object at 0x00000250F2630CE0>,1,ARMA,1.417716956559887,0.8797690699560674,1.1906791996838977
datasets/synthetic_data/s2.csv,290,<timecave.validation_methods.CV.Block_CV object at 0x00000250F2630CE0>,2,Tree,1.9192361130653215,1.1878388688616803,1.3853649746782692
datasets/synthetic_data/s2.csv,290,<timecave.validation_methods.CV.Block_CV object at 0x00000250F2630CE0>,2,ARMA,1.8747965551815557,1.0941263504575143,1.3692321042035043
datasets/synthetic_data/s2.csv,290,<timecave.validation_methods.CV.Block_CV object at 0x00000250F2630CE0>,3,Tree,2.0610087709377893,1.1306504238528239,1.4356213884370035
datasets/synthetic_data/s2.csv,290,<timecave.validation_methods.CV.Block_CV object at 0x00000250F2630CE0>,3,ARMA,1.7533556017050143,1.102295042585956,1.3241433463583216
datasets/synthetic_data/s2.csv,290,<timecave.validation_methods.CV.Block_CV object at 0x00000250F2630CE0>,4,Tree,1.7185246578287094,1.0501964963699593,1.3109251152635337
datasets/synthetic_data/s2.csv,290,<timecave.validation_methods.CV.Block_CV object at 0x00000250F2630CE0>,4,ARMA,2.272979268205966,1.2665823388201791,1.5076402980173906
datasets/synthetic_data/s2.csv,290,<timecave.validation_methods.CV.AdaptedhvBlockCV object at 0x00000250F6BB3B90>,0,Tree,1.238240108715729,0.8410584275070517,1.112762377471367
datasets/synthetic_data/s2.csv,290,<timecave.validation_methods.CV.AdaptedhvBlockCV object at 0x00000250F6BB3B90>,0,ARMA,1.4573657477798756,0.9524840239642487,1.2072140438960588
datasets/synthetic_data/s2.csv,290,<timecave.validation_methods.CV.AdaptedhvBlockCV object at 0x00000250F6BB3B90>,1,Tree,2.0268315566582906,1.078533546028446,1.4236683450362626
datasets/synthetic_data/s2.csv,290,<timecave.validation_methods.CV.AdaptedhvBlockCV object at 0x00000250F6BB3B90>,1,ARMA,1.4067381738892484,0.8731794954812688,1.18605993688736
datasets/synthetic_data/s2.csv,290,<timecave.validation_methods.CV.AdaptedhvBlockCV object at 0x00000250F6BB3B90>,2,Tree,1.7748802619243957,1.085869294756091,1.3322463217905298
datasets/synthetic_data/s2.csv,290,<timecave.validation_methods.CV.AdaptedhvBlockCV object at 0x00000250F6BB3B90>,2,ARMA,1.8834456887013171,1.0962871649994375,1.3723868582514616
datasets/synthetic_data/s2.csv,290,<timecave.validation_methods.CV.AdaptedhvBlockCV object at 0x00000250F6BB3B90>,3,Tree,1.9656608107493267,1.0904695675709397,1.40202026046321
datasets/synthetic_data/s2.csv,290,<timecave.validation_methods.CV.AdaptedhvBlockCV object at 0x00000250F6BB3B90>,3,ARMA,1.775594629712971,1.1119888282078563,1.332514401315412
datasets/synthetic_data/s2.csv,290,<timecave.validation_methods.CV.AdaptedhvBlockCV object at 0x00000250F6BB3B90>,4,Tree,1.9789417689619768,1.2156862641925872,1.406748651665242
datasets/synthetic_data/s2.csv,290,<timecave.validation_methods.CV.AdaptedhvBlockCV object at 0x00000250F6BB3B90>,4,ARMA,2.32456979067282,1.2881238179096282,1.524653990475485
datasets/synthetic_data/s2.csv,290,<timecave.validation_methods.markov.MarkovCV object at 0x00000250F6AC9DC0>,0,Tree,6.671009052313113,2.247928333638206,2.5828296599491636
datasets/synthetic_data/s2.csv,290,<timecave.validation_methods.markov.MarkovCV object at 0x00000250F6AC9DC0>,0,ARMA,1.8500247774601848,1.1456662956809225,1.36015615921856
datasets/synthetic_data/s2.csv,290,<timecave.validation_methods.markov.MarkovCV object at 0x00000250F6AC9DC0>,1,Tree,3.3506242926130994,1.5307724039531911,1.8304710575731864
datasets/synthetic_data/s2.csv,290,<timecave.validation_methods.markov.MarkovCV object at 0x00000250F6AC9DC0>,1,ARMA,1.8021098183189548,1.0936076306697873,1.342426839093645
datasets/synthetic_data/s2.csv,290,<timecave.validation_methods.markov.MarkovCV object at 0x00000250F6AC9DC0>,2,Tree,4.304807510818945,1.7110168376282946,2.074803005304105
datasets/synthetic_data/s2.csv,290,<timecave.validation_methods.markov.MarkovCV object at 0x00000250F6AC9DC0>,2,ARMA,2.3248843374482284,1.2142790619799815,1.5247571404811417
datasets/synthetic_data/s2.csv,290,<timecave.validation_methods.markov.MarkovCV object at 0x00000250F6AC9DC0>,3,Tree,5.6206823205529615,2.0146566008473004,2.3707978236351073
datasets/synthetic_data/s2.csv,290,<timecave.validation_methods.markov.MarkovCV object at 0x00000250F6AC9DC0>,3,ARMA,2.254186702618642,1.1809853142471003,1.5013949189399312
datasets/synthetic_data/s2.csv,290,<timecave.validation_methods.markov.MarkovCV object at 0x00000250F6AC9DC0>,4,Tree,0.9815578599211329,0.7810009732286481,0.9907360192912806
datasets/synthetic_data/s2.csv,290,<timecave.validation_methods.markov.MarkovCV object at 0x00000250F6AC9DC0>,4,ARMA,1.5007093311934252,0.9652274455006039,1.225034420411698
datasets/synthetic_data/s2.csv,290,<timecave.validation_methods.markov.MarkovCV object at 0x00000250F6AC9DC0>,5,Tree,1.7499196114184576,0.9000731593698839,1.3228452711554959
datasets/synthetic_data/s2.csv,290,<timecave.validation_methods.markov.MarkovCV object at 0x00000250F6AC9DC0>,5,ARMA,1.6057295281196802,0.9751158910718264,1.267173835004369
datasets/synthetic_data/s2.csv,290,<timecave.validation_methods.markov.MarkovCV object at 0x00000250F6AC9DC0>,6,Tree,6.659043604554347,2.1684728132200632,2.5805122756062113
datasets/synthetic_data/s2.csv,290,<timecave.validation_methods.markov.MarkovCV object at 0x00000250F6AC9DC0>,6,ARMA,2.4640459841076003,1.297973758278535,1.5697279968541047
datasets/synthetic_data/s2.csv,290,<timecave.validation_methods.markov.MarkovCV object at 0x00000250F6AC9DC0>,7,Tree,2.936958279014127,1.3167736078310806,1.713755606559502
datasets/synthetic_data/s2.csv,290,<timecave.validation_methods.markov.MarkovCV object at 0x00000250F6AC9DC0>,7,ARMA,2.3053047568765392,1.2027967013845056,1.518323008083767
datasets/synthetic_data/s2.csv,290,<timecave.validation_methods.markov.MarkovCV object at 0x00000250F6AC9DC0>,8,Tree,3.458700258626209,1.3706777538017387,1.8597581183116823
datasets/synthetic_data/s2.csv,290,<timecave.validation_methods.markov.MarkovCV object at 0x00000250F6AC9DC0>,8,ARMA,1.5680323153335451,1.1330999900301975,1.252210970776708
datasets/synthetic_data/s2.csv,290,<timecave.validation_methods.markov.MarkovCV object at 0x00000250F6AC9DC0>,9,Tree,3.3965135607239647,1.5343391515957727,1.842963255391698
datasets/synthetic_data/s2.csv,290,<timecave.validation_methods.markov.MarkovCV object at 0x00000250F6AC9DC0>,9,ARMA,2.587630892702254,1.2496722230609423,1.6086114797247513
datasets/synthetic_data/s2.csv,291,<timecave.validation_methods.OOS.Holdout object at 0x00000250F6AC9490>,0,Tree,3.1039076874577143,1.4752342803633123,1.7617910453449677
datasets/synthetic_data/s2.csv,291,<timecave.validation_methods.OOS.Holdout object at 0x00000250F6AC9490>,0,ARMA,2.006793672911487,1.1450887110156185,1.4166134521849942
datasets/synthetic_data/s2.csv,291,<timecave.validation_methods.OOS.Repeated_Holdout object at 0x00000250F6ACA330>,0,Tree,2.1063979174153196,1.1291822426019815,1.4513434870544324
datasets/synthetic_data/s2.csv,291,<timecave.validation_methods.OOS.Repeated_Holdout object at 0x00000250F6ACA330>,0,ARMA,2.390092658850551,1.2537219695762787,1.5459924510975307
datasets/synthetic_data/s2.csv,291,<timecave.validation_methods.OOS.Repeated_Holdout object at 0x00000250F6ACA330>,1,Tree,2.6122977005307324,1.4022056217317225,1.6162604061631691
datasets/synthetic_data/s2.csv,291,<timecave.validation_methods.OOS.Repeated_Holdout object at 0x00000250F6ACA330>,1,ARMA,2.070384642122526,1.164010187386398,1.438883123162728
datasets/synthetic_data/s2.csv,291,<timecave.validation_methods.OOS.Repeated_Holdout object at 0x00000250F6ACA330>,2,Tree,2.8238709599679113,1.4232171025081122,1.6804377286790222
datasets/synthetic_data/s2.csv,291,<timecave.validation_methods.OOS.Repeated_Holdout object at 0x00000250F6ACA330>,2,ARMA,2.076295682317502,1.1465338528244617,1.440935696801735
datasets/synthetic_data/s2.csv,291,<timecave.validation_methods.OOS.Repeated_Holdout object at 0x00000250F6ACA330>,3,Tree,3.169920723294903,1.524755462671063,1.7804271182204856
datasets/synthetic_data/s2.csv,291,<timecave.validation_methods.OOS.Repeated_Holdout object at 0x00000250F6ACA330>,3,ARMA,2.006793672911487,1.1450887110156185,1.4166134521849942
datasets/synthetic_data/s2.csv,291,<timecave.validation_methods.prequential.Growing_Window object at 0x00000250F6AC9D90>,0,Tree,4.03256487495375,1.7023426988662047,2.0081247159859745
datasets/synthetic_data/s2.csv,291,<timecave.validation_methods.prequential.Growing_Window object at 0x00000250F6AC9D90>,0,ARMA,1.6273083104689396,1.0761014965709288,1.2756599509543833
datasets/synthetic_data/s2.csv,291,<timecave.validation_methods.prequential.Growing_Window object at 0x00000250F6AC9D90>,1,Tree,2.2846617623144905,1.191513754970624,1.5115097625601002
datasets/synthetic_data/s2.csv,291,<timecave.validation_methods.prequential.Growing_Window object at 0x00000250F6AC9D90>,1,ARMA,1.6476500969947894,1.068586214549098,1.2836082334555157
datasets/synthetic_data/s2.csv,291,<timecave.validation_methods.prequential.Growing_Window object at 0x00000250F6AC9D90>,2,Tree,1.8801779437922956,1.1201409855368476,1.3711958079691957
datasets/synthetic_data/s2.csv,291,<timecave.validation_methods.prequential.Growing_Window object at 0x00000250F6AC9D90>,2,ARMA,1.6808095133703316,1.0458695993278397,1.2964603786349707
datasets/synthetic_data/s2.csv,291,<timecave.validation_methods.prequential.Growing_Window object at 0x00000250F6AC9D90>,3,Tree,2.788331135170993,1.478019793666277,1.6698296725028552
datasets/synthetic_data/s2.csv,291,<timecave.validation_methods.prequential.Growing_Window object at 0x00000250F6AC9D90>,3,ARMA,2.2208388768857437,1.2053239049400775,1.490247924637288
datasets/synthetic_data/s2.csv,291,<timecave.validation_methods.prequential.Growing_Window object at 0x00000250F6ACB740>,0,Tree,3.637525284455683,1.6129679222661115,1.9072297408691181
datasets/synthetic_data/s2.csv,291,<timecave.validation_methods.prequential.Growing_Window object at 0x00000250F6ACB740>,0,ARMA,1.7091960763685232,1.100604919873755,1.307362259042429
datasets/synthetic_data/s2.csv,291,<timecave.validation_methods.prequential.Growing_Window object at 0x00000250F6ACB740>,1,Tree,1.5673766368885274,1.003079422601477,1.251949135104349
datasets/synthetic_data/s2.csv,291,<timecave.validation_methods.prequential.Growing_Window object at 0x00000250F6ACB740>,1,ARMA,1.6064646891813101,0.9972374765437978,1.267463880819217
datasets/synthetic_data/s2.csv,291,<timecave.validation_methods.prequential.Growing_Window object at 0x00000250F6ACB740>,2,Tree,2.6801244791159924,1.3429128312885723,1.6371085727941175
datasets/synthetic_data/s2.csv,291,<timecave.validation_methods.prequential.Growing_Window object at 0x00000250F6ACB740>,2,ARMA,2.0674091353135124,1.1767274645132864,1.4378487873603094
datasets/synthetic_data/s2.csv,291,<timecave.validation_methods.prequential.Rolling_Window object at 0x00000250F6AC8500>,0,Tree,4.3038554150804496,1.7407890392785403,2.0745735501737337
datasets/synthetic_data/s2.csv,291,<timecave.validation_methods.prequential.Rolling_Window object at 0x00000250F6AC8500>,0,ARMA,1.6273083104689396,1.0761014965709288,1.2756599509543833
datasets/synthetic_data/s2.csv,291,<timecave.validation_methods.prequential.Rolling_Window object at 0x00000250F6AC8500>,1,Tree,2.033760421913697,1.201251527328547,1.4260997236917539
datasets/synthetic_data/s2.csv,291,<timecave.validation_methods.prequential.Rolling_Window object at 0x00000250F6AC8500>,1,ARMA,1.5806616689390363,1.0740164944808517,1.2572436792201567
datasets/synthetic_data/s2.csv,291,<timecave.validation_methods.prequential.Rolling_Window object at 0x00000250F6AC8500>,2,Tree,2.448185979408296,1.2623123890514922,1.5646680093260346
datasets/synthetic_data/s2.csv,291,<timecave.validation_methods.prequential.Rolling_Window object at 0x00000250F6AC8500>,2,ARMA,1.7267820945122276,1.0645182100936303,1.314070810311312
datasets/synthetic_data/s2.csv,291,<timecave.validation_methods.prequential.Rolling_Window object at 0x00000250F6AC8500>,3,Tree,4.239124155856789,1.5317336656991327,2.0589133434549374
datasets/synthetic_data/s2.csv,291,<timecave.validation_methods.prequential.Rolling_Window object at 0x00000250F6AC8500>,3,ARMA,1.9258680187416177,1.0031969688632179,1.3877564695369349
datasets/synthetic_data/s2.csv,291,<timecave.validation_methods.prequential.Rolling_Window object at 0x00000250F6AC8290>,0,Tree,3.7824765768349344,1.6491153024705776,1.9448590120712952
datasets/synthetic_data/s2.csv,291,<timecave.validation_methods.prequential.Rolling_Window object at 0x00000250F6AC8290>,0,ARMA,1.7091960763685232,1.100604919873755,1.307362259042429
datasets/synthetic_data/s2.csv,291,<timecave.validation_methods.prequential.Rolling_Window object at 0x00000250F6AC8290>,1,Tree,2.0560950881415954,1.198190947742707,1.433909023662797
datasets/synthetic_data/s2.csv,291,<timecave.validation_methods.prequential.Rolling_Window object at 0x00000250F6AC8290>,1,ARMA,1.6212994799446878,1.0118203643067267,1.273302587739728
datasets/synthetic_data/s2.csv,291,<timecave.validation_methods.prequential.Rolling_Window object at 0x00000250F6AC8290>,2,Tree,3.1924168076147343,1.5631331587393287,1.7867335580927377
datasets/synthetic_data/s2.csv,291,<timecave.validation_methods.prequential.Rolling_Window object at 0x00000250F6AC8290>,2,ARMA,2.1576675501589673,1.2050964701650257,1.4689001157869677
datasets/synthetic_data/s2.csv,291,<timecave.validation_methods.CV.Block_CV object at 0x00000250F29B3B60>,0,Tree,2.4251687261319885,1.278844083877439,1.55729532399349
datasets/synthetic_data/s2.csv,291,<timecave.validation_methods.CV.Block_CV object at 0x00000250F29B3B60>,0,ARMA,1.5131908308961997,0.9631823047288239,1.2301182182604238
datasets/synthetic_data/s2.csv,291,<timecave.validation_methods.CV.Block_CV object at 0x00000250F29B3B60>,1,Tree,2.611550465780535,1.2886017157675598,1.616029228009362
datasets/synthetic_data/s2.csv,291,<timecave.validation_methods.CV.Block_CV object at 0x00000250F29B3B60>,1,ARMA,1.6536204057308677,1.0781628803815577,1.2859317266989208
datasets/synthetic_data/s2.csv,291,<timecave.validation_methods.CV.Block_CV object at 0x00000250F29B3B60>,2,Tree,3.016048584122698,1.3725301186358931,1.7366774554080842
datasets/synthetic_data/s2.csv,291,<timecave.validation_methods.CV.Block_CV object at 0x00000250F29B3B60>,2,ARMA,1.7942225078047465,1.1343167648543464,1.3394859117604583
datasets/synthetic_data/s2.csv,291,<timecave.validation_methods.CV.Block_CV object at 0x00000250F29B3B60>,3,Tree,2.4954599393610315,1.283402793517757,1.5797024844447867
datasets/synthetic_data/s2.csv,291,<timecave.validation_methods.CV.Block_CV object at 0x00000250F29B3B60>,3,ARMA,1.6367437587073246,1.0300929568290016,1.279352867158754
datasets/synthetic_data/s2.csv,291,<timecave.validation_methods.CV.Block_CV object at 0x00000250F29B3B60>,4,Tree,2.6263852137310755,1.418913427568881,1.620612604458905
datasets/synthetic_data/s2.csv,291,<timecave.validation_methods.CV.Block_CV object at 0x00000250F29B3B60>,4,ARMA,2.2208388768857437,1.2053239049400775,1.490247924637288
datasets/synthetic_data/s2.csv,291,<timecave.validation_methods.CV.AdaptedhvBlockCV object at 0x00000250F6BB20F0>,0,Tree,2.5168855073396137,1.3598897493393485,1.5864695103718867
datasets/synthetic_data/s2.csv,291,<timecave.validation_methods.CV.AdaptedhvBlockCV object at 0x00000250F6BB20F0>,0,ARMA,1.5124522834796768,0.9636092535201016,1.2298179879476787
datasets/synthetic_data/s2.csv,291,<timecave.validation_methods.CV.AdaptedhvBlockCV object at 0x00000250F6BB20F0>,1,Tree,2.739524470837657,1.2976338529416156,1.6551508906554886
datasets/synthetic_data/s2.csv,291,<timecave.validation_methods.CV.AdaptedhvBlockCV object at 0x00000250F6BB20F0>,1,ARMA,1.6458183553233252,1.0767894569118726,1.2828945222906383
datasets/synthetic_data/s2.csv,291,<timecave.validation_methods.CV.AdaptedhvBlockCV object at 0x00000250F6BB20F0>,2,Tree,2.881441356630405,1.3893849150427546,1.697480885497803
datasets/synthetic_data/s2.csv,291,<timecave.validation_methods.CV.AdaptedhvBlockCV object at 0x00000250F6BB20F0>,2,ARMA,1.7727929664603956,1.125445506147369,1.3314627168871067
datasets/synthetic_data/s2.csv,291,<timecave.validation_methods.CV.AdaptedhvBlockCV object at 0x00000250F6BB20F0>,3,Tree,2.262908503194066,1.1931731646743515,1.504296680576696
datasets/synthetic_data/s2.csv,291,<timecave.validation_methods.CV.AdaptedhvBlockCV object at 0x00000250F6BB20F0>,3,ARMA,1.6367272508056705,1.0298563736863684,1.2793464154816203
datasets/synthetic_data/s2.csv,291,<timecave.validation_methods.CV.AdaptedhvBlockCV object at 0x00000250F6BB20F0>,4,Tree,3.0417615533552715,1.4972027843108715,1.7440646643273499
datasets/synthetic_data/s2.csv,291,<timecave.validation_methods.CV.AdaptedhvBlockCV object at 0x00000250F6BB20F0>,4,ARMA,2.1846982658219805,1.1936656374357593,1.4780724832774543
datasets/synthetic_data/s2.csv,291,<timecave.validation_methods.markov.MarkovCV object at 0x00000250F6BB2ED0>,0,Tree,2.909847050724475,1.5242449684086559,1.705827380107517
datasets/synthetic_data/s2.csv,291,<timecave.validation_methods.markov.MarkovCV object at 0x00000250F6BB2ED0>,0,ARMA,3.2290085200839433,1.419633938811635,1.7969442172988963
datasets/synthetic_data/s2.csv,291,<timecave.validation_methods.markov.MarkovCV object at 0x00000250F6BB2ED0>,1,Tree,6.17054943340378,2.261715015176734,2.4840590639925977
datasets/synthetic_data/s2.csv,291,<timecave.validation_methods.markov.MarkovCV object at 0x00000250F6BB2ED0>,1,ARMA,1.5289488819490877,1.0514880096362822,1.2365067253958175
datasets/synthetic_data/s2.csv,291,<timecave.validation_methods.markov.MarkovCV object at 0x00000250F6BB2ED0>,2,Tree,2.181214477902027,1.2766131060075392,1.4768935228722573
datasets/synthetic_data/s2.csv,291,<timecave.validation_methods.markov.MarkovCV object at 0x00000250F6BB2ED0>,2,ARMA,1.347817957849577,1.0495582748729186,1.160955622687438
datasets/synthetic_data/s2.csv,291,<timecave.validation_methods.markov.MarkovCV object at 0x00000250F6BB2ED0>,3,Tree,3.165148563642311,1.4347506640113747,1.7790864407448872
datasets/synthetic_data/s2.csv,291,<timecave.validation_methods.markov.MarkovCV object at 0x00000250F6BB2ED0>,3,ARMA,2.216724287142669,1.2218027922587418,1.4888667795147654
datasets/synthetic_data/s2.csv,291,<timecave.validation_methods.markov.MarkovCV object at 0x00000250F6BB2ED0>,4,Tree,4.102540267888041,1.630718244945809,2.0254728504445674
datasets/synthetic_data/s2.csv,291,<timecave.validation_methods.markov.MarkovCV object at 0x00000250F6BB2ED0>,4,ARMA,1.9484827366054227,1.2259820418290945,1.3958806312165173
datasets/synthetic_data/s2.csv,291,<timecave.validation_methods.markov.MarkovCV object at 0x00000250F6BB2ED0>,5,Tree,3.179939025963714,1.6746411673930575,1.7832383536599121
datasets/synthetic_data/s2.csv,291,<timecave.validation_methods.markov.MarkovCV object at 0x00000250F6BB2ED0>,5,ARMA,1.642489661185888,0.9739204059680477,1.2815965282357344
datasets/synthetic_data/s2.csv,291,<timecave.validation_methods.markov.MarkovCV object at 0x00000250F6BB2ED0>,6,Tree,4.004738669752802,1.5049648181721986,2.0011843167866377
datasets/synthetic_data/s2.csv,291,<timecave.validation_methods.markov.MarkovCV object at 0x00000250F6BB2ED0>,6,ARMA,3.8239796290773502,1.7249351792915277,1.9554998412368512
datasets/synthetic_data/s2.csv,291,<timecave.validation_methods.markov.MarkovCV object at 0x00000250F6BB2ED0>,7,Tree,2.519170553248775,1.2689054778141546,1.5871895139676218
datasets/synthetic_data/s2.csv,291,<timecave.validation_methods.markov.MarkovCV object at 0x00000250F6BB2ED0>,7,ARMA,3.9480199957186795,1.6384310236394808,1.9869625048597872
datasets/synthetic_data/s2.csv,291,<timecave.validation_methods.markov.MarkovCV object at 0x00000250F6BB2ED0>,8,Tree,4.0478979984935215,1.53791107931832,2.011938865496047
datasets/synthetic_data/s2.csv,291,<timecave.validation_methods.markov.MarkovCV object at 0x00000250F6BB2ED0>,8,ARMA,3.0421704145781545,1.4485812260730744,1.7441818754298974
datasets/synthetic_data/s2.csv,291,<timecave.validation_methods.markov.MarkovCV object at 0x00000250F6BB2ED0>,9,Tree,5.920427943539206,1.9484505438180215,2.433192952385652
datasets/synthetic_data/s2.csv,291,<timecave.validation_methods.markov.MarkovCV object at 0x00000250F6BB2ED0>,9,ARMA,2.5449713480783043,1.2283455389567197,1.5952966332561178
datasets/synthetic_data/s2.csv,292,<timecave.validation_methods.OOS.Holdout object at 0x00000250F6ACA090>,0,Tree,2.437255972125878,1.2399659060779242,1.5611713461775674
datasets/synthetic_data/s2.csv,292,<timecave.validation_methods.OOS.Holdout object at 0x00000250F6ACA090>,0,ARMA,1.422065338738891,0.9267873254031437,1.192503810785899
datasets/synthetic_data/s2.csv,292,<timecave.validation_methods.OOS.Repeated_Holdout object at 0x00000250F6ACA0C0>,0,Tree,2.3607958744583666,1.2765352847791018,1.5364881628110145
datasets/synthetic_data/s2.csv,292,<timecave.validation_methods.OOS.Repeated_Holdout object at 0x00000250F6ACA0C0>,0,ARMA,1.3588787857984301,0.927228701097297,1.1657095632268057
datasets/synthetic_data/s2.csv,292,<timecave.validation_methods.OOS.Repeated_Holdout object at 0x00000250F6ACA0C0>,1,Tree,2.9916695567802347,1.4168451205963026,1.7296443440141775
datasets/synthetic_data/s2.csv,292,<timecave.validation_methods.OOS.Repeated_Holdout object at 0x00000250F6ACA0C0>,1,ARMA,1.344392659089529,0.8946393252740045,1.1594794776491428
datasets/synthetic_data/s2.csv,292,<timecave.validation_methods.OOS.Repeated_Holdout object at 0x00000250F6ACA0C0>,2,Tree,2.7525529766459,1.3824696696604644,1.6590819680310855
datasets/synthetic_data/s2.csv,292,<timecave.validation_methods.OOS.Repeated_Holdout object at 0x00000250F6ACA0C0>,2,ARMA,1.5529296724475095,0.9839791824294187,1.2461659891232426
datasets/synthetic_data/s2.csv,292,<timecave.validation_methods.OOS.Repeated_Holdout object at 0x00000250F6ACA0C0>,3,Tree,2.9570494458582797,1.3687205415716894,1.7196073522343058
datasets/synthetic_data/s2.csv,292,<timecave.validation_methods.OOS.Repeated_Holdout object at 0x00000250F6ACA0C0>,3,ARMA,1.422065338738891,0.9267873254031437,1.192503810785899
datasets/synthetic_data/s2.csv,292,<timecave.validation_methods.prequential.Growing_Window object at 0x00000250F6AA28D0>,0,Tree,2.33410411776751,1.242718708324881,1.5277775092491412
datasets/synthetic_data/s2.csv,292,<timecave.validation_methods.prequential.Growing_Window object at 0x00000250F6AA28D0>,0,ARMA,1.176478614566381,0.8602724099892011,1.0846559890427845
datasets/synthetic_data/s2.csv,292,<timecave.validation_methods.prequential.Growing_Window object at 0x00000250F6AA28D0>,1,Tree,1.7146011196830133,1.0899772420824578,1.3094277833019328
datasets/synthetic_data/s2.csv,292,<timecave.validation_methods.prequential.Growing_Window object at 0x00000250F6AA28D0>,1,ARMA,1.8612121098537813,1.0157766357677738,1.3642624783573656
datasets/synthetic_data/s2.csv,292,<timecave.validation_methods.prequential.Growing_Window object at 0x00000250F6AA28D0>,2,Tree,3.3219632772759526,1.4570090439246373,1.8226253803993713
datasets/synthetic_data/s2.csv,292,<timecave.validation_methods.prequential.Growing_Window object at 0x00000250F6AA28D0>,2,ARMA,2.3271705686490933,1.22807548097347,1.5255066596541274
datasets/synthetic_data/s2.csv,292,<timecave.validation_methods.prequential.Growing_Window object at 0x00000250F6AA28D0>,3,Tree,2.562529125858948,1.3629137133189184,1.600790156722282
datasets/synthetic_data/s2.csv,292,<timecave.validation_methods.prequential.Growing_Window object at 0x00000250F6AA28D0>,3,ARMA,1.3620004170649787,0.9101654837395582,1.1670477355553965
datasets/synthetic_data/s2.csv,292,<timecave.validation_methods.prequential.Growing_Window object at 0x00000250F6BB2720>,0,Tree,2.8484905480137184,1.2974184636775061,1.6877471813081835
datasets/synthetic_data/s2.csv,292,<timecave.validation_methods.prequential.Growing_Window object at 0x00000250F6BB2720>,0,ARMA,1.9692217277578274,1.04661191615315,1.4032896093671567
datasets/synthetic_data/s2.csv,292,<timecave.validation_methods.prequential.Growing_Window object at 0x00000250F6BB2720>,1,Tree,2.6903666291968658,1.418253594602281,1.6402337117608776
datasets/synthetic_data/s2.csv,292,<timecave.validation_methods.prequential.Growing_Window object at 0x00000250F6BB2720>,1,ARMA,2.3907493276360703,1.2785566645618442,1.5462048142584701
datasets/synthetic_data/s2.csv,292,<timecave.validation_methods.prequential.Growing_Window object at 0x00000250F6BB2720>,2,Tree,1.7354214445205687,1.0033230898318874,1.317353955670445
datasets/synthetic_data/s2.csv,292,<timecave.validation_methods.prequential.Growing_Window object at 0x00000250F6BB2720>,2,ARMA,1.6802515301915268,1.0280099634486612,1.29624516592793
datasets/synthetic_data/s2.csv,292,<timecave.validation_methods.prequential.Rolling_Window object at 0x00000250F6BB37D0>,0,Tree,2.338685698841513,1.3313247319849737,1.5292762009661671
datasets/synthetic_data/s2.csv,292,<timecave.validation_methods.prequential.Rolling_Window object at 0x00000250F6BB37D0>,0,ARMA,1.176478614566381,0.8602724099892011,1.0846559890427845
datasets/synthetic_data/s2.csv,292,<timecave.validation_methods.prequential.Rolling_Window object at 0x00000250F6BB37D0>,1,Tree,3.177522479905777,1.4638661162859374,1.7825606525181064
datasets/synthetic_data/s2.csv,292,<timecave.validation_methods.prequential.Rolling_Window object at 0x00000250F6BB37D0>,1,ARMA,1.8555492529925413,1.012673233736211,1.3621854693809288
datasets/synthetic_data/s2.csv,292,<timecave.validation_methods.prequential.Rolling_Window object at 0x00000250F6BB37D0>,2,Tree,3.6303626611522697,1.4702467609555854,1.905351059818707
datasets/synthetic_data/s2.csv,292,<timecave.validation_methods.prequential.Rolling_Window object at 0x00000250F6BB37D0>,2,ARMA,2.2928555601836935,1.2220440431568793,1.514217804737381
datasets/synthetic_data/s2.csv,292,<timecave.validation_methods.prequential.Rolling_Window object at 0x00000250F6BB37D0>,3,Tree,3.1526368773467612,1.4205655459237547,1.7755666355692656
datasets/synthetic_data/s2.csv,292,<timecave.validation_methods.prequential.Rolling_Window object at 0x00000250F6BB37D0>,3,ARMA,1.074746649002964,0.8195748762186885,1.0366998837672183
datasets/synthetic_data/s2.csv,292,<timecave.validation_methods.prequential.Rolling_Window object at 0x00000250F6BB1520>,0,Tree,2.3470095402566047,1.2103754165946252,1.5319952807553308
datasets/synthetic_data/s2.csv,292,<timecave.validation_methods.prequential.Rolling_Window object at 0x00000250F6BB1520>,0,ARMA,1.9692217277578274,1.04661191615315,1.4032896093671567
datasets/synthetic_data/s2.csv,292,<timecave.validation_methods.prequential.Rolling_Window object at 0x00000250F6BB1520>,1,Tree,1.8787912646166947,1.1642320963957973,1.370690068767077
datasets/synthetic_data/s2.csv,292,<timecave.validation_methods.prequential.Rolling_Window object at 0x00000250F6BB1520>,1,ARMA,2.5319385251678135,1.3138698950898615,1.591206625541703
datasets/synthetic_data/s2.csv,292,<timecave.validation_methods.prequential.Rolling_Window object at 0x00000250F6BB1520>,2,Tree,2.0434071301954266,1.1057460509176347,1.4294779222483385
datasets/synthetic_data/s2.csv,292,<timecave.validation_methods.prequential.Rolling_Window object at 0x00000250F6BB1520>,2,ARMA,1.575952240713526,0.9810362668695956,1.2553693642564032
datasets/synthetic_data/s2.csv,292,<timecave.validation_methods.CV.Block_CV object at 0x00000250F6BB0620>,0,Tree,1.9091343985053058,1.0853649327257018,1.3817142969895426
datasets/synthetic_data/s2.csv,292,<timecave.validation_methods.CV.Block_CV object at 0x00000250F6BB0620>,0,ARMA,1.2498403978492971,0.9168027744422681,1.1179626102197233
datasets/synthetic_data/s2.csv,292,<timecave.validation_methods.CV.Block_CV object at 0x00000250F6BB0620>,1,Tree,1.410691512183955,0.7990082888264558,1.1877253521685704
datasets/synthetic_data/s2.csv,292,<timecave.validation_methods.CV.Block_CV object at 0x00000250F6BB0620>,1,ARMA,1.246931890791366,0.8797715994013036,1.1166610456138273
datasets/synthetic_data/s2.csv,292,<timecave.validation_methods.CV.Block_CV object at 0x00000250F6BB0620>,2,Tree,2.3883142091248684,1.1640691462647907,1.545417163462626
datasets/synthetic_data/s2.csv,292,<timecave.validation_methods.CV.Block_CV object at 0x00000250F6BB0620>,2,ARMA,1.8408518481566247,1.058664987504989,1.3567799556879607
datasets/synthetic_data/s2.csv,292,<timecave.validation_methods.CV.Block_CV object at 0x00000250F6BB0620>,3,Tree,2.874680667677885,1.4335126430591645,1.6954883272018964
datasets/synthetic_data/s2.csv,292,<timecave.validation_methods.CV.Block_CV object at 0x00000250F6BB0620>,3,ARMA,2.1237162879782265,1.163841001512865,1.4572975976025715
datasets/synthetic_data/s2.csv,292,<timecave.validation_methods.CV.Block_CV object at 0x00000250F6BB0620>,4,Tree,2.4713320278889506,1.2863796802961176,1.5720470819568193
datasets/synthetic_data/s2.csv,292,<timecave.validation_methods.CV.Block_CV object at 0x00000250F6BB0620>,4,ARMA,1.3620004170649787,0.9101654837395582,1.1670477355553965
datasets/synthetic_data/s2.csv,292,<timecave.validation_methods.CV.AdaptedhvBlockCV object at 0x00000250F6BB3290>,0,Tree,1.9409890018238967,1.0884988603908654,1.3931938134458883
datasets/synthetic_data/s2.csv,292,<timecave.validation_methods.CV.AdaptedhvBlockCV object at 0x00000250F6BB3290>,0,ARMA,1.2551426350322268,0.9181630207128852,1.1203314844420944
datasets/synthetic_data/s2.csv,292,<timecave.validation_methods.CV.AdaptedhvBlockCV object at 0x00000250F6BB3290>,1,Tree,1.3465438154490716,0.7527320287484018,1.160406745692678
datasets/synthetic_data/s2.csv,292,<timecave.validation_methods.CV.AdaptedhvBlockCV object at 0x00000250F6BB3290>,1,ARMA,1.2579680986389614,0.8860099495217477,1.121591770047802
datasets/synthetic_data/s2.csv,292,<timecave.validation_methods.CV.AdaptedhvBlockCV object at 0x00000250F6BB3290>,2,Tree,2.229083235964842,1.1503221368527687,1.4930114654498947
datasets/synthetic_data/s2.csv,292,<timecave.validation_methods.CV.AdaptedhvBlockCV object at 0x00000250F6BB3290>,2,ARMA,1.8214037441161322,1.0462762838280206,1.349593918227306
datasets/synthetic_data/s2.csv,292,<timecave.validation_methods.CV.AdaptedhvBlockCV object at 0x00000250F6BB3290>,3,Tree,2.2366756068833547,1.2185975383871115,1.4955519405501618
datasets/synthetic_data/s2.csv,292,<timecave.validation_methods.CV.AdaptedhvBlockCV object at 0x00000250F6BB3290>,3,ARMA,2.1448530057658552,1.1715474259401826,1.4645316677238
datasets/synthetic_data/s2.csv,292,<timecave.validation_methods.CV.AdaptedhvBlockCV object at 0x00000250F6BB3290>,4,Tree,2.5421626184464112,1.3130476881531226,1.5944160744443123
datasets/synthetic_data/s2.csv,292,<timecave.validation_methods.CV.AdaptedhvBlockCV object at 0x00000250F6BB3290>,4,ARMA,1.3550967181677733,0.9061552527243502,1.1640862159512815
datasets/synthetic_data/s2.csv,292,<timecave.validation_methods.markov.MarkovCV object at 0x00000250F6BB16D0>,0,Tree,5.669574575156474,1.8776470360762443,2.3810868474619893
datasets/synthetic_data/s2.csv,292,<timecave.validation_methods.markov.MarkovCV object at 0x00000250F6BB16D0>,0,ARMA,2.5633231509165553,1.3396625123462051,1.6010381478642397
datasets/synthetic_data/s2.csv,292,<timecave.validation_methods.markov.MarkovCV object at 0x00000250F6BB16D0>,1,Tree,6.3484745573117936,2.1484750228843468,2.519617938758135
datasets/synthetic_data/s2.csv,292,<timecave.validation_methods.markov.MarkovCV object at 0x00000250F6BB16D0>,1,ARMA,2.270169712884585,1.251299705734568,1.5067082374781737
datasets/synthetic_data/s2.csv,292,<timecave.validation_methods.markov.MarkovCV object at 0x00000250F6BB16D0>,2,Tree,2.2480871869693964,1.2789072412933171,1.4993622600857328
datasets/synthetic_data/s2.csv,292,<timecave.validation_methods.markov.MarkovCV object at 0x00000250F6BB16D0>,2,ARMA,1.0289016744105115,0.8969795753700013,1.0143479060019356
datasets/synthetic_data/s2.csv,292,<timecave.validation_methods.markov.MarkovCV object at 0x00000250F6BB16D0>,3,Tree,3.8275573166891426,1.588967460435914,1.9564144031081816
datasets/synthetic_data/s2.csv,292,<timecave.validation_methods.markov.MarkovCV object at 0x00000250F6BB16D0>,3,ARMA,1.7550079211549205,1.0322025083454427,1.3247671195930704
datasets/synthetic_data/s2.csv,292,<timecave.validation_methods.markov.MarkovCV object at 0x00000250F6BB16D0>,4,Tree,2.1026009193835176,1.253691812471648,1.450034799369835
datasets/synthetic_data/s2.csv,292,<timecave.validation_methods.markov.MarkovCV object at 0x00000250F6BB16D0>,4,ARMA,2.467847012852129,1.281601601398775,1.5709382587651652
datasets/synthetic_data/s2.csv,292,<timecave.validation_methods.markov.MarkovCV object at 0x00000250F6BB16D0>,5,Tree,2.402046365113397,1.281424657314801,1.5498536592573497
datasets/synthetic_data/s2.csv,292,<timecave.validation_methods.markov.MarkovCV object at 0x00000250F6BB16D0>,5,ARMA,1.6441620139085429,0.972025906801122,1.2822488112330395
datasets/synthetic_data/s2.csv,292,<timecave.validation_methods.markov.MarkovCV object at 0x00000250F6BB16D0>,6,Tree,3.207730682635676,1.3476074341247568,1.7910138700288383
datasets/synthetic_data/s2.csv,292,<timecave.validation_methods.markov.MarkovCV object at 0x00000250F6BB16D0>,6,ARMA,1.6074488598050958,0.9463911342701912,1.267852065426048
datasets/synthetic_data/s2.csv,292,<timecave.validation_methods.markov.MarkovCV object at 0x00000250F6BB16D0>,7,Tree,3.974864156763668,1.5071484586231993,1.9937061360099357
datasets/synthetic_data/s2.csv,292,<timecave.validation_methods.markov.MarkovCV object at 0x00000250F6BB16D0>,7,ARMA,1.430073062995419,0.9473605696451892,1.1958566230930108
datasets/synthetic_data/s2.csv,292,<timecave.validation_methods.markov.MarkovCV object at 0x00000250F6BB16D0>,8,Tree,3.507740563816348,1.3475841002674178,1.8728963035406814
datasets/synthetic_data/s2.csv,292,<timecave.validation_methods.markov.MarkovCV object at 0x00000250F6BB16D0>,8,ARMA,2.2983907195190345,1.2966605263792532,1.5160444319079287
datasets/synthetic_data/s2.csv,292,<timecave.validation_methods.markov.MarkovCV object at 0x00000250F6BB16D0>,9,Tree,3.611825413274954,1.4939611008987022,1.900480311204237
datasets/synthetic_data/s2.csv,292,<timecave.validation_methods.markov.MarkovCV object at 0x00000250F6BB16D0>,9,ARMA,1.148198860904724,0.8999975152703268,1.0715404149656345
datasets/synthetic_data/s2.csv,293,<timecave.validation_methods.OOS.Holdout object at 0x00000250F6AC9550>,0,Tree,2.358916910414748,1.228365054353438,1.5358765934848893
datasets/synthetic_data/s2.csv,293,<timecave.validation_methods.OOS.Holdout object at 0x00000250F6AC9550>,0,ARMA,1.675541257213115,1.0250556100570771,1.2944269995689657
datasets/synthetic_data/s2.csv,293,<timecave.validation_methods.OOS.Repeated_Holdout object at 0x00000250F6ACB0E0>,0,Tree,3.1233022520118645,1.367950732532221,1.7672866920824886
datasets/synthetic_data/s2.csv,293,<timecave.validation_methods.OOS.Repeated_Holdout object at 0x00000250F6ACB0E0>,0,ARMA,1.3007619461708277,0.9301045723630761,1.14050951165294
datasets/synthetic_data/s2.csv,293,<timecave.validation_methods.OOS.Repeated_Holdout object at 0x00000250F6ACB0E0>,1,Tree,2.278236751107463,1.2312388032612998,1.5093829040728741
datasets/synthetic_data/s2.csv,293,<timecave.validation_methods.OOS.Repeated_Holdout object at 0x00000250F6ACB0E0>,1,ARMA,1.369496310595213,0.9597406119805793,1.1702548058415367
datasets/synthetic_data/s2.csv,293,<timecave.validation_methods.OOS.Repeated_Holdout object at 0x00000250F6ACB0E0>,2,Tree,1.9522984101595322,1.1152014402572314,1.3972467248698535
datasets/synthetic_data/s2.csv,293,<timecave.validation_methods.OOS.Repeated_Holdout object at 0x00000250F6ACB0E0>,2,ARMA,1.6531694010716393,0.9943816436928894,1.28575635369678
datasets/synthetic_data/s2.csv,293,<timecave.validation_methods.OOS.Repeated_Holdout object at 0x00000250F6ACB0E0>,3,Tree,2.6674207565111323,1.3251980864667865,1.6332240374520368
datasets/synthetic_data/s2.csv,293,<timecave.validation_methods.OOS.Repeated_Holdout object at 0x00000250F6ACB0E0>,3,ARMA,1.675541257213115,1.0250556100570771,1.2944269995689657
datasets/synthetic_data/s2.csv,293,<timecave.validation_methods.prequential.Growing_Window object at 0x00000250F6ACA8D0>,0,Tree,1.748175149663526,1.0544307751368653,1.3221857470353877
datasets/synthetic_data/s2.csv,293,<timecave.validation_methods.prequential.Growing_Window object at 0x00000250F6ACA8D0>,0,ARMA,1.1063447208709838,0.8636156907231091,1.0518292260966053
datasets/synthetic_data/s2.csv,293,<timecave.validation_methods.prequential.Growing_Window object at 0x00000250F6ACA8D0>,1,Tree,2.69576102522991,1.2834736899542745,1.6418772868975045
datasets/synthetic_data/s2.csv,293,<timecave.validation_methods.prequential.Growing_Window object at 0x00000250F6ACA8D0>,1,ARMA,1.5374739517566236,0.9612329472265924,1.239949173053728
datasets/synthetic_data/s2.csv,293,<timecave.validation_methods.prequential.Growing_Window object at 0x00000250F6ACA8D0>,2,Tree,2.8087376437951628,1.3028287868457864,1.675928889838457
datasets/synthetic_data/s2.csv,293,<timecave.validation_methods.prequential.Growing_Window object at 0x00000250F6ACA8D0>,2,ARMA,2.8100749609952524,1.293750361784753,1.6763278202652525
datasets/synthetic_data/s2.csv,293,<timecave.validation_methods.prequential.Growing_Window object at 0x00000250F6ACA8D0>,3,Tree,2.3458871924523104,1.2303512599824347,1.5316289343219887
datasets/synthetic_data/s2.csv,293,<timecave.validation_methods.prequential.Growing_Window object at 0x00000250F6ACA8D0>,3,ARMA,1.4030039210590017,0.9719161682298946,1.1844846647631204
datasets/synthetic_data/s2.csv,293,<timecave.validation_methods.prequential.Growing_Window object at 0x00000250F6BB1040>,0,Tree,2.0730986709987134,1.1233101444742264,1.439825916907566
datasets/synthetic_data/s2.csv,293,<timecave.validation_methods.prequential.Growing_Window object at 0x00000250F6BB1040>,0,ARMA,1.4782208193229092,0.9234503241654269,1.2158210474090787
datasets/synthetic_data/s2.csv,293,<timecave.validation_methods.prequential.Growing_Window object at 0x00000250F6BB1040>,1,Tree,3.3310971612241462,1.3942632236462278,1.8251293546552108
datasets/synthetic_data/s2.csv,293,<timecave.validation_methods.prequential.Growing_Window object at 0x00000250F6BB1040>,1,ARMA,2.5533461651690494,1.2178048819801637,1.5979193237360418
datasets/synthetic_data/s2.csv,293,<timecave.validation_methods.prequential.Growing_Window object at 0x00000250F6BB1040>,2,Tree,2.155891376667936,1.10796709790668,1.4682953982996527
datasets/synthetic_data/s2.csv,293,<timecave.validation_methods.prequential.Growing_Window object at 0x00000250F6BB1040>,2,ARMA,1.4148850926420493,0.9920443247952166,1.1894894251913504
datasets/synthetic_data/s2.csv,293,<timecave.validation_methods.prequential.Rolling_Window object at 0x00000250F6BB12E0>,0,Tree,2.2244660041265587,1.1916308700040932,1.4914643824532179
datasets/synthetic_data/s2.csv,293,<timecave.validation_methods.prequential.Rolling_Window object at 0x00000250F6BB12E0>,0,ARMA,1.1063447208709838,0.8636156907231091,1.0518292260966053
datasets/synthetic_data/s2.csv,293,<timecave.validation_methods.prequential.Rolling_Window object at 0x00000250F6BB12E0>,1,Tree,2.939642216433828,1.3442839312296049,1.7145384849672602
datasets/synthetic_data/s2.csv,293,<timecave.validation_methods.prequential.Rolling_Window object at 0x00000250F6BB12E0>,1,ARMA,1.770914165851584,1.0632648527860105,1.3307569897812237
datasets/synthetic_data/s2.csv,293,<timecave.validation_methods.prequential.Rolling_Window object at 0x00000250F6BB12E0>,2,Tree,2.5572977969440465,1.4524973280908993,1.5991553385909845
datasets/synthetic_data/s2.csv,293,<timecave.validation_methods.prequential.Rolling_Window object at 0x00000250F6BB12E0>,2,ARMA,2.9756263286200992,1.383179330536712,1.7250003851072322
datasets/synthetic_data/s2.csv,293,<timecave.validation_methods.prequential.Rolling_Window object at 0x00000250F6BB12E0>,3,Tree,3.4476027899484842,1.5685375574157443,1.8567721427112387
datasets/synthetic_data/s2.csv,293,<timecave.validation_methods.prequential.Rolling_Window object at 0x00000250F6BB12E0>,3,ARMA,1.6341065558558774,1.0819535418879362,1.2783217732073084
datasets/synthetic_data/s2.csv,293,<timecave.validation_methods.prequential.Rolling_Window object at 0x00000250F6BB1E50>,0,Tree,1.9095210439747794,1.083387320306317,1.3818542050356757
datasets/synthetic_data/s2.csv,293,<timecave.validation_methods.prequential.Rolling_Window object at 0x00000250F6BB1E50>,0,ARMA,1.4782208193229092,0.9234503241654269,1.2158210474090787
datasets/synthetic_data/s2.csv,293,<timecave.validation_methods.prequential.Rolling_Window object at 0x00000250F6BB1E50>,1,Tree,4.234676603280665,1.6165198393070417,2.05783298721754
datasets/synthetic_data/s2.csv,293,<timecave.validation_methods.prequential.Rolling_Window object at 0x00000250F6BB1E50>,1,ARMA,2.357971947860447,1.1541891098182946,1.5355689329562665
datasets/synthetic_data/s2.csv,293,<timecave.validation_methods.prequential.Rolling_Window object at 0x00000250F6BB1E50>,2,Tree,1.926390327908454,1.1045139510189228,1.3879446415143704
datasets/synthetic_data/s2.csv,293,<timecave.validation_methods.prequential.Rolling_Window object at 0x00000250F6BB1E50>,2,ARMA,1.5355633779754605,1.0080206630865254,1.2391785093260215
datasets/synthetic_data/s2.csv,293,<timecave.validation_methods.CV.Block_CV object at 0x00000250F6BB2F60>,0,Tree,3.5043777908119584,1.5396622522979075,1.8719983415622885
datasets/synthetic_data/s2.csv,293,<timecave.validation_methods.CV.Block_CV object at 0x00000250F6BB2F60>,0,ARMA,2.0937600415604076,1.1064581720332716,1.4469830826794097
datasets/synthetic_data/s2.csv,293,<timecave.validation_methods.CV.Block_CV object at 0x00000250F6BB2F60>,1,Tree,2.0097720919659463,1.2014405972200501,1.4176643086309066
datasets/synthetic_data/s2.csv,293,<timecave.validation_methods.CV.Block_CV object at 0x00000250F6BB2F60>,1,ARMA,1.033163557905557,0.8444135697391347,1.0164465347009437
datasets/synthetic_data/s2.csv,293,<timecave.validation_methods.CV.Block_CV object at 0x00000250F6BB2F60>,2,Tree,1.303657459636993,0.9152802657288377,1.1417782007189456
datasets/synthetic_data/s2.csv,293,<timecave.validation_methods.CV.Block_CV object at 0x00000250F6BB2F60>,2,ARMA,1.5883648210332533,0.9774718214693716,1.260303463866244
datasets/synthetic_data/s2.csv,293,<timecave.validation_methods.CV.Block_CV object at 0x00000250F6BB2F60>,3,Tree,2.263630252790241,1.162188737692301,1.5045365574788274
datasets/synthetic_data/s2.csv,293,<timecave.validation_methods.CV.Block_CV object at 0x00000250F6BB2F60>,3,ARMA,2.7257620412957784,1.2731402280396011,1.6509882014405126
datasets/synthetic_data/s2.csv,293,<timecave.validation_methods.CV.Block_CV object at 0x00000250F6BB2F60>,4,Tree,2.0710319084346662,1.1600312728572306,1.4391080252832538
datasets/synthetic_data/s2.csv,293,<timecave.validation_methods.CV.Block_CV object at 0x00000250F6BB2F60>,4,ARMA,1.4030039210590017,0.9719161682298946,1.1844846647631204
datasets/synthetic_data/s2.csv,293,<timecave.validation_methods.CV.AdaptedhvBlockCV object at 0x00000250F6BB09E0>,0,Tree,3.6001429349448335,1.5955636949532888,1.8974042623923963
datasets/synthetic_data/s2.csv,293,<timecave.validation_methods.CV.AdaptedhvBlockCV object at 0x00000250F6BB09E0>,0,ARMA,2.089019730970704,1.1049812091437419,1.4453441565837197
datasets/synthetic_data/s2.csv,293,<timecave.validation_methods.CV.AdaptedhvBlockCV object at 0x00000250F6BB09E0>,1,Tree,2.595660981072654,1.36580103399259,1.6111055151890747
datasets/synthetic_data/s2.csv,293,<timecave.validation_methods.CV.AdaptedhvBlockCV object at 0x00000250F6BB09E0>,1,ARMA,1.0290081874620922,0.8389468476994488,1.0144004078578104
datasets/synthetic_data/s2.csv,293,<timecave.validation_methods.CV.AdaptedhvBlockCV object at 0x00000250F6BB09E0>,2,Tree,1.3670826186128973,0.923767079517009,1.1692230833390596
datasets/synthetic_data/s2.csv,293,<timecave.validation_methods.CV.AdaptedhvBlockCV object at 0x00000250F6BB09E0>,2,ARMA,1.5936889652181017,0.9773833933938949,1.2624139436880844
datasets/synthetic_data/s2.csv,293,<timecave.validation_methods.CV.AdaptedhvBlockCV object at 0x00000250F6BB09E0>,3,Tree,2.2001312612171393,1.1829672319554074,1.483283944906416
datasets/synthetic_data/s2.csv,293,<timecave.validation_methods.CV.AdaptedhvBlockCV object at 0x00000250F6BB09E0>,3,ARMA,2.702404648117666,1.2648921300783238,1.6438992207911243
datasets/synthetic_data/s2.csv,293,<timecave.validation_methods.CV.AdaptedhvBlockCV object at 0x00000250F6BB09E0>,4,Tree,2.548396551937757,1.2930942761006614,1.596369804255191
datasets/synthetic_data/s2.csv,293,<timecave.validation_methods.CV.AdaptedhvBlockCV object at 0x00000250F6BB09E0>,4,ARMA,1.436537512587484,0.9954528371676666,1.1985564286204817
datasets/synthetic_data/s2.csv,293,<timecave.validation_methods.markov.MarkovCV object at 0x00000250F6BB39B0>,0,Tree,6.428848105332962,2.1073319029492916,2.5355173249916794
datasets/synthetic_data/s2.csv,293,<timecave.validation_methods.markov.MarkovCV object at 0x00000250F6BB39B0>,0,ARMA,2.7764542707825606,1.2507551018893146,1.6662695672617203
datasets/synthetic_data/s2.csv,293,<timecave.validation_methods.markov.MarkovCV object at 0x00000250F6BB39B0>,1,Tree,7.4525373036099705,2.076394297708289,2.7299335712815376
datasets/synthetic_data/s2.csv,293,<timecave.validation_methods.markov.MarkovCV object at 0x00000250F6BB39B0>,1,ARMA,1.6025462318947965,0.9548529719247327,1.26591715048608
datasets/synthetic_data/s2.csv,293,<timecave.validation_methods.markov.MarkovCV object at 0x00000250F6BB39B0>,2,Tree,5.092823987774835,1.7641316774400029,2.256728603039106
datasets/synthetic_data/s2.csv,293,<timecave.validation_methods.markov.MarkovCV object at 0x00000250F6BB39B0>,2,ARMA,1.4748247214068158,0.9689093495228669,1.2144236169503686
datasets/synthetic_data/s2.csv,293,<timecave.validation_methods.markov.MarkovCV object at 0x00000250F6BB39B0>,3,Tree,3.013352799583347,1.3637762510544624,1.735901149139359
datasets/synthetic_data/s2.csv,293,<timecave.validation_methods.markov.MarkovCV object at 0x00000250F6BB39B0>,3,ARMA,1.8290995232960074,1.1139139547563666,1.3524420591271211
datasets/synthetic_data/s2.csv,293,<timecave.validation_methods.markov.MarkovCV object at 0x00000250F6BB39B0>,4,Tree,4.083500324889176,1.4021060493513013,2.020767261435412
datasets/synthetic_data/s2.csv,293,<timecave.validation_methods.markov.MarkovCV object at 0x00000250F6BB39B0>,4,ARMA,2.090871893888377,1.012208195861367,1.4459847488436304
datasets/synthetic_data/s2.csv,293,<timecave.validation_methods.markov.MarkovCV object at 0x00000250F6BB39B0>,5,Tree,2.328609257051665,1.1411205354096057,1.5259781312494831
datasets/synthetic_data/s2.csv,293,<timecave.validation_methods.markov.MarkovCV object at 0x00000250F6BB39B0>,5,ARMA,2.154582548048167,1.2521715871856052,1.4678496340048481
datasets/synthetic_data/s2.csv,293,<timecave.validation_methods.markov.MarkovCV object at 0x00000250F6BB39B0>,6,Tree,2.6585399567276045,1.2451624178876939,1.6305029766080172
datasets/synthetic_data/s2.csv,293,<timecave.validation_methods.markov.MarkovCV object at 0x00000250F6BB39B0>,6,ARMA,2.151260710180743,1.1015786272954657,1.4667176654628329
datasets/synthetic_data/s2.csv,293,<timecave.validation_methods.markov.MarkovCV object at 0x00000250F6BB39B0>,7,Tree,5.323267703129943,1.723313774521866,2.307220774683243
datasets/synthetic_data/s2.csv,293,<timecave.validation_methods.markov.MarkovCV object at 0x00000250F6BB39B0>,7,ARMA,2.3370779387225102,1.2954828303796357,1.528750450113592
datasets/synthetic_data/s2.csv,293,<timecave.validation_methods.markov.MarkovCV object at 0x00000250F6BB39B0>,8,Tree,5.913383165865347,2.105378924774932,2.4317448809168587
datasets/synthetic_data/s2.csv,293,<timecave.validation_methods.markov.MarkovCV object at 0x00000250F6BB39B0>,8,ARMA,1.5269794946731228,0.9666909786769788,1.235710117573342
datasets/synthetic_data/s2.csv,293,<timecave.validation_methods.markov.MarkovCV object at 0x00000250F6BB39B0>,9,Tree,3.0436621903072503,1.400733822987811,1.7446094664156933
datasets/synthetic_data/s2.csv,293,<timecave.validation_methods.markov.MarkovCV object at 0x00000250F6BB39B0>,9,ARMA,2.0393628391858947,1.1791261953482017,1.4280626173896909
datasets/synthetic_data/s2.csv,294,<timecave.validation_methods.OOS.Holdout object at 0x00000250F6AA0B60>,0,Tree,2.0237243497953306,1.1604030644842134,1.422576658670924
datasets/synthetic_data/s2.csv,294,<timecave.validation_methods.OOS.Holdout object at 0x00000250F6AA0B60>,0,ARMA,1.8099267166329565,1.074964623050494,1.3453351688828166
datasets/synthetic_data/s2.csv,294,<timecave.validation_methods.OOS.Repeated_Holdout object at 0x00000250F2669A30>,0,Tree,1.3904918938370325,0.9503394530185145,1.1791912032562966
datasets/synthetic_data/s2.csv,294,<timecave.validation_methods.OOS.Repeated_Holdout object at 0x00000250F2669A30>,0,ARMA,1.746571100115805,1.058812616858176,1.3215790177343938
datasets/synthetic_data/s2.csv,294,<timecave.validation_methods.OOS.Repeated_Holdout object at 0x00000250F2669A30>,1,Tree,1.681989494859645,1.014569104314014,1.2969153769077013
datasets/synthetic_data/s2.csv,294,<timecave.validation_methods.OOS.Repeated_Holdout object at 0x00000250F2669A30>,1,ARMA,1.514398530337117,0.9795527512163249,1.2306090079050767
datasets/synthetic_data/s2.csv,294,<timecave.validation_methods.OOS.Repeated_Holdout object at 0x00000250F2669A30>,2,Tree,1.8034041371639409,1.0849508466072022,1.3429088342713145
datasets/synthetic_data/s2.csv,294,<timecave.validation_methods.OOS.Repeated_Holdout object at 0x00000250F2669A30>,2,ARMA,1.7973953945092553,1.0429138342673132,1.3406697559463536
datasets/synthetic_data/s2.csv,294,<timecave.validation_methods.OOS.Repeated_Holdout object at 0x00000250F2669A30>,3,Tree,2.2326828556635094,1.2311189303072005,1.4942164688101618
datasets/synthetic_data/s2.csv,294,<timecave.validation_methods.OOS.Repeated_Holdout object at 0x00000250F2669A30>,3,ARMA,1.8099267166329565,1.074964623050494,1.3453351688828166
datasets/synthetic_data/s2.csv,294,<timecave.validation_methods.prequential.Growing_Window object at 0x00000250F6BB3890>,0,Tree,2.678869774494833,1.2531608838223616,1.6367253204172143
datasets/synthetic_data/s2.csv,294,<timecave.validation_methods.prequential.Growing_Window object at 0x00000250F6BB3890>,0,ARMA,2.047100953306641,1.1587244837315929,1.4307693571315543
datasets/synthetic_data/s2.csv,294,<timecave.validation_methods.prequential.Growing_Window object at 0x00000250F6BB3890>,1,Tree,2.8960319772237995,1.36075088994295,1.7017731861866314
datasets/synthetic_data/s2.csv,294,<timecave.validation_methods.prequential.Growing_Window object at 0x00000250F6BB3890>,1,ARMA,2.3640558466854,1.2810868196536127,1.5375486485589327
datasets/synthetic_data/s2.csv,294,<timecave.validation_methods.prequential.Growing_Window object at 0x00000250F6BB3890>,2,Tree,2.0996096816235412,1.1075321255707746,1.4490029957262136
datasets/synthetic_data/s2.csv,294,<timecave.validation_methods.prequential.Growing_Window object at 0x00000250F6BB3890>,2,ARMA,1.5934565844197912,0.9787968958020792,1.2623219020597682
datasets/synthetic_data/s2.csv,294,<timecave.validation_methods.prequential.Growing_Window object at 0x00000250F6BB3890>,3,Tree,1.7645547683819798,1.0620624190843069,1.3283654498600828
datasets/synthetic_data/s2.csv,294,<timecave.validation_methods.prequential.Growing_Window object at 0x00000250F6BB3890>,3,ARMA,1.396423130995459,0.9317933582160441,1.1817034869185497
datasets/synthetic_data/s2.csv,294,<timecave.validation_methods.prequential.Growing_Window object at 0x00000250F6BB3D10>,0,Tree,3.181141821626047,1.5345719590293738,1.7835755721656559
datasets/synthetic_data/s2.csv,294,<timecave.validation_methods.prequential.Growing_Window object at 0x00000250F6BB3D10>,0,ARMA,2.5328348563889262,1.2998249597284564,1.5914882520423852
datasets/synthetic_data/s2.csv,294,<timecave.validation_methods.prequential.Growing_Window object at 0x00000250F6BB3D10>,1,Tree,3.1660899437107655,1.5117973729625773,1.7793509894651942
datasets/synthetic_data/s2.csv,294,<timecave.validation_methods.prequential.Growing_Window object at 0x00000250F6BB3D10>,1,ARMA,1.5832452994899842,0.9989737229367396,1.258270757623328
datasets/synthetic_data/s2.csv,294,<timecave.validation_methods.prequential.Growing_Window object at 0x00000250F6BB3D10>,2,Tree,2.1478825870593856,1.1858497701780517,1.465565620181978
datasets/synthetic_data/s2.csv,294,<timecave.validation_methods.prequential.Growing_Window object at 0x00000250F6BB3D10>,2,ARMA,1.5582081945215365,0.9853857363885918,1.248282097332785
datasets/synthetic_data/s2.csv,294,<timecave.validation_methods.prequential.Rolling_Window object at 0x00000250F6BB0590>,0,Tree,2.7098367893676283,1.2206980186702314,1.6461581908697682
datasets/synthetic_data/s2.csv,294,<timecave.validation_methods.prequential.Rolling_Window object at 0x00000250F6BB0590>,0,ARMA,2.047100953306641,1.1587244837315929,1.4307693571315543
datasets/synthetic_data/s2.csv,294,<timecave.validation_methods.prequential.Rolling_Window object at 0x00000250F6BB0590>,1,Tree,3.2866490767437475,1.4460139057703012,1.8129117675010407
datasets/synthetic_data/s2.csv,294,<timecave.validation_methods.prequential.Rolling_Window object at 0x00000250F6BB0590>,1,ARMA,2.2770117925082283,1.2613867423534535,1.50897706825128
datasets/synthetic_data/s2.csv,294,<timecave.validation_methods.prequential.Rolling_Window object at 0x00000250F6BB0590>,2,Tree,2.5461349559136863,1.296932711827637,1.5956612910996137
datasets/synthetic_data/s2.csv,294,<timecave.validation_methods.prequential.Rolling_Window object at 0x00000250F6BB0590>,2,ARMA,1.6555919877091343,0.9870556060246449,1.2866980950126312
datasets/synthetic_data/s2.csv,294,<timecave.validation_methods.prequential.Rolling_Window object at 0x00000250F6BB0590>,3,Tree,2.3348465060662256,1.196927982438268,1.52802045341881
datasets/synthetic_data/s2.csv,294,<timecave.validation_methods.prequential.Rolling_Window object at 0x00000250F6BB0590>,3,ARMA,1.3949559218090497,0.9403917430069823,1.1810825211682077
datasets/synthetic_data/s2.csv,294,<timecave.validation_methods.prequential.Rolling_Window object at 0x00000250F6BB3650>,0,Tree,2.9928166477233638,1.4602533673418474,1.7299759095789062
datasets/synthetic_data/s2.csv,294,<timecave.validation_methods.prequential.Rolling_Window object at 0x00000250F6BB3650>,0,ARMA,2.5328348563889262,1.2998249597284564,1.5914882520423852
datasets/synthetic_data/s2.csv,294,<timecave.validation_methods.prequential.Rolling_Window object at 0x00000250F6BB3650>,1,Tree,2.1452378984704135,1.1292582591262235,1.4646630665345575
datasets/synthetic_data/s2.csv,294,<timecave.validation_methods.prequential.Rolling_Window object at 0x00000250F6BB3650>,1,ARMA,1.583774490799899,0.9910921962648692,1.2584810252045515
datasets/synthetic_data/s2.csv,294,<timecave.validation_methods.prequential.Rolling_Window object at 0x00000250F6BB3650>,2,Tree,1.8762757960416752,1.0984286403231012,1.3697721693922953
datasets/synthetic_data/s2.csv,294,<timecave.validation_methods.prequential.Rolling_Window object at 0x00000250F6BB3650>,2,ARMA,1.5319706622255957,0.9874895183856882,1.2377280243355548
datasets/synthetic_data/s2.csv,294,<timecave.validation_methods.CV.Block_CV object at 0x00000250F6BB18E0>,0,Tree,4.223270140936527,1.5419457560789613,2.055059644131169
datasets/synthetic_data/s2.csv,294,<timecave.validation_methods.CV.Block_CV object at 0x00000250F6BB18E0>,0,ARMA,2.469120369078464,1.3410595625677801,1.5713434917542581
datasets/synthetic_data/s2.csv,294,<timecave.validation_methods.CV.Block_CV object at 0x00000250F6BB18E0>,1,Tree,3.2210166614452564,1.5146128654538358,1.7947191037723025
datasets/synthetic_data/s2.csv,294,<timecave.validation_methods.CV.Block_CV object at 0x00000250F6BB18E0>,1,ARMA,2.083385452090784,1.183660410008785,1.443393727328335
datasets/synthetic_data/s2.csv,294,<timecave.validation_methods.CV.Block_CV object at 0x00000250F6BB18E0>,2,Tree,2.6598424574249755,1.3636779408532822,1.6309023445396649
datasets/synthetic_data/s2.csv,294,<timecave.validation_methods.CV.Block_CV object at 0x00000250F6BB18E0>,2,ARMA,2.3296010906635223,1.269444126920579,1.5263030795564563
datasets/synthetic_data/s2.csv,294,<timecave.validation_methods.CV.Block_CV object at 0x00000250F6BB18E0>,3,Tree,1.864718980310261,1.0765808411352333,1.3655471358800695
datasets/synthetic_data/s2.csv,294,<timecave.validation_methods.CV.Block_CV object at 0x00000250F6BB18E0>,3,ARMA,1.5776288328419135,0.9781658288335994,1.2560369552055042
datasets/synthetic_data/s2.csv,294,<timecave.validation_methods.CV.Block_CV object at 0x00000250F6BB18E0>,4,Tree,1.5902616957965383,1.0079592110404993,1.261055786155608
datasets/synthetic_data/s2.csv,294,<timecave.validation_methods.CV.Block_CV object at 0x00000250F6BB18E0>,4,ARMA,1.396423130995459,0.9317933582160441,1.1817034869185497
datasets/synthetic_data/s2.csv,294,<timecave.validation_methods.CV.AdaptedhvBlockCV object at 0x00000250F6BB3560>,0,Tree,4.374897922090076,1.5366111293467635,2.0916256649051896
datasets/synthetic_data/s2.csv,294,<timecave.validation_methods.CV.AdaptedhvBlockCV object at 0x00000250F6BB3560>,0,ARMA,2.4643648238803912,1.339446329576266,1.569829552493006
datasets/synthetic_data/s2.csv,294,<timecave.validation_methods.CV.AdaptedhvBlockCV object at 0x00000250F6BB3560>,1,Tree,2.672036016572122,1.3399779523280868,1.634636356065814
datasets/synthetic_data/s2.csv,294,<timecave.validation_methods.CV.AdaptedhvBlockCV object at 0x00000250F6BB3560>,1,ARMA,2.0696420849310657,1.1774896492450817,1.438625067531866
datasets/synthetic_data/s2.csv,294,<timecave.validation_methods.CV.AdaptedhvBlockCV object at 0x00000250F6BB3560>,2,Tree,2.2084193472655147,1.2305551428347956,1.4860751485929353
datasets/synthetic_data/s2.csv,294,<timecave.validation_methods.CV.AdaptedhvBlockCV object at 0x00000250F6BB3560>,2,ARMA,2.3094626225392187,1.2639106591239586,1.5196916208689244
datasets/synthetic_data/s2.csv,294,<timecave.validation_methods.CV.AdaptedhvBlockCV object at 0x00000250F6BB3560>,3,Tree,2.606947024558034,1.2749759872269626,1.614604293490524
datasets/synthetic_data/s2.csv,294,<timecave.validation_methods.CV.AdaptedhvBlockCV object at 0x00000250F6BB3560>,3,ARMA,1.5723450650718076,0.9790695736315672,1.2539318422752521
datasets/synthetic_data/s2.csv,294,<timecave.validation_methods.CV.AdaptedhvBlockCV object at 0x00000250F6BB3560>,4,Tree,1.5693607006990504,0.9494779570577943,1.2527412744453863
datasets/synthetic_data/s2.csv,294,<timecave.validation_methods.CV.AdaptedhvBlockCV object at 0x00000250F6BB3560>,4,ARMA,1.320571515147979,0.9145618415151044,1.1491612224348589
datasets/synthetic_data/s2.csv,294,<timecave.validation_methods.markov.MarkovCV object at 0x00000250F6BB0D40>,0,Tree,7.53338623150235,2.2683798246197595,2.744701483131153
datasets/synthetic_data/s2.csv,294,<timecave.validation_methods.markov.MarkovCV object at 0x00000250F6BB0D40>,0,ARMA,2.4722285992487776,1.34144345846499,1.5723322165651819
datasets/synthetic_data/s2.csv,294,<timecave.validation_methods.markov.MarkovCV object at 0x00000250F6BB0D40>,1,Tree,4.028818794242053,1.7569558363471192,2.007191768178131
datasets/synthetic_data/s2.csv,294,<timecave.validation_methods.markov.MarkovCV object at 0x00000250F6BB0D40>,1,ARMA,4.039772068449487,1.5981308426786758,2.0099184233320235
datasets/synthetic_data/s2.csv,294,<timecave.validation_methods.markov.MarkovCV object at 0x00000250F6BB0D40>,2,Tree,5.12469124986497,2.128822234355312,2.263778092010118
datasets/synthetic_data/s2.csv,294,<timecave.validation_methods.markov.MarkovCV object at 0x00000250F6BB0D40>,2,ARMA,1.6268903675626678,1.0262644525126359,1.2754961260476911
datasets/synthetic_data/s2.csv,294,<timecave.validation_methods.markov.MarkovCV object at 0x00000250F6BB0D40>,3,Tree,2.007267158100643,1.2221246637469008,1.416780561025822
datasets/synthetic_data/s2.csv,294,<timecave.validation_methods.markov.MarkovCV object at 0x00000250F6BB0D40>,3,ARMA,2.4878863278271743,1.266801920658535,1.5773034989586419
datasets/synthetic_data/s2.csv,294,<timecave.validation_methods.markov.MarkovCV object at 0x00000250F6BB0D40>,4,Tree,3.8242286535496803,1.58899376823087,1.9555635130441764
datasets/synthetic_data/s2.csv,294,<timecave.validation_methods.markov.MarkovCV object at 0x00000250F6BB0D40>,4,ARMA,1.96562891524399,1.1249180835967938,1.4020088855795423
datasets/synthetic_data/s2.csv,294,<timecave.validation_methods.markov.MarkovCV object at 0x00000250F6BB0D40>,5,Tree,2.9846481357927033,1.303947831774948,1.7276134219763122
datasets/synthetic_data/s2.csv,294,<timecave.validation_methods.markov.MarkovCV object at 0x00000250F6BB0D40>,5,ARMA,3.763117108785935,1.5699105546019956,1.939875539509155
datasets/synthetic_data/s2.csv,294,<timecave.validation_methods.markov.MarkovCV object at 0x00000250F6BB0D40>,6,Tree,2.628623787875707,1.3450101045044542,1.6213031141263212
datasets/synthetic_data/s2.csv,294,<timecave.validation_methods.markov.MarkovCV object at 0x00000250F6BB0D40>,6,ARMA,2.301415015700089,1.2593877166910712,1.5170415339403498
datasets/synthetic_data/s2.csv,294,<timecave.validation_methods.markov.MarkovCV object at 0x00000250F6BB0D40>,7,Tree,2.5891479990841595,1.0682570810044116,1.6090829683655716
datasets/synthetic_data/s2.csv,294,<timecave.validation_methods.markov.MarkovCV object at 0x00000250F6BB0D40>,7,ARMA,1.651084054568546,1.061493810136638,1.284945156249303
datasets/synthetic_data/s2.csv,294,<timecave.validation_methods.markov.MarkovCV object at 0x00000250F6BB0D40>,8,Tree,1.8677166697536334,1.1214493705576887,1.3666443098896046
datasets/synthetic_data/s2.csv,294,<timecave.validation_methods.markov.MarkovCV object at 0x00000250F6BB0D40>,8,ARMA,1.1873179835278842,0.853152653876722,1.0896412177996408
datasets/synthetic_data/s2.csv,294,<timecave.validation_methods.markov.MarkovCV object at 0x00000250F6BB0D40>,9,Tree,5.470362740446273,1.8415982690771988,2.3388806597272707
datasets/synthetic_data/s2.csv,294,<timecave.validation_methods.markov.MarkovCV object at 0x00000250F6BB0D40>,9,ARMA,2.463738699201486,1.3459136623088135,1.569630115409833
datasets/synthetic_data/s2.csv,295,<timecave.validation_methods.OOS.Holdout object at 0x00000250F6AC94C0>,0,Tree,2.9242201753920223,1.415559822913845,1.7100351386424848
datasets/synthetic_data/s2.csv,295,<timecave.validation_methods.OOS.Holdout object at 0x00000250F6AC94C0>,0,ARMA,1.796351828337647,1.102843673566501,1.340280503602752
datasets/synthetic_data/s2.csv,295,<timecave.validation_methods.OOS.Repeated_Holdout object at 0x00000250F6AC88C0>,0,Tree,2.944452385791233,1.3606204872693513,1.7159406708249656
datasets/synthetic_data/s2.csv,295,<timecave.validation_methods.OOS.Repeated_Holdout object at 0x00000250F6AC88C0>,0,ARMA,1.9300217290802912,1.1554601470910857,1.3892522193900902
datasets/synthetic_data/s2.csv,295,<timecave.validation_methods.OOS.Repeated_Holdout object at 0x00000250F6AC88C0>,1,Tree,2.956052362661388,1.350145862268471,1.71931741184151
datasets/synthetic_data/s2.csv,295,<timecave.validation_methods.OOS.Repeated_Holdout object at 0x00000250F6AC88C0>,1,ARMA,1.6381790768744653,1.0582325144536178,1.2799136989947664
datasets/synthetic_data/s2.csv,295,<timecave.validation_methods.OOS.Repeated_Holdout object at 0x00000250F6AC88C0>,2,Tree,3.6664570773710277,1.5746450681128412,1.9147994875106447
datasets/synthetic_data/s2.csv,295,<timecave.validation_methods.OOS.Repeated_Holdout object at 0x00000250F6AC88C0>,2,ARMA,1.7795514688893375,1.0830411601872223,1.333998301681579
datasets/synthetic_data/s2.csv,295,<timecave.validation_methods.OOS.Repeated_Holdout object at 0x00000250F6AC88C0>,3,Tree,2.6534446010889305,1.3411461011468526,1.628939716836977
datasets/synthetic_data/s2.csv,295,<timecave.validation_methods.OOS.Repeated_Holdout object at 0x00000250F6AC88C0>,3,ARMA,1.796351828337647,1.102843673566501,1.340280503602752
datasets/synthetic_data/s2.csv,295,<timecave.validation_methods.prequential.Growing_Window object at 0x00000250F1AA2D80>,0,Tree,4.1474654828865285,1.5889559366195647,2.0365327109787676
datasets/synthetic_data/s2.csv,295,<timecave.validation_methods.prequential.Growing_Window object at 0x00000250F1AA2D80>,0,ARMA,3.2590597813081787,1.497591733463658,1.8052866202650977
datasets/synthetic_data/s2.csv,295,<timecave.validation_methods.prequential.Growing_Window object at 0x00000250F1AA2D80>,1,Tree,4.80002748688646,1.9079861096767061,2.19089650300658
datasets/synthetic_data/s2.csv,295,<timecave.validation_methods.prequential.Growing_Window object at 0x00000250F1AA2D80>,1,ARMA,1.1639026295240686,0.9145844649789132,1.0788431904239228
datasets/synthetic_data/s2.csv,295,<timecave.validation_methods.prequential.Growing_Window object at 0x00000250F1AA2D80>,2,Tree,2.3178422084594246,1.3141899216634951,1.5224461266197318
datasets/synthetic_data/s2.csv,295,<timecave.validation_methods.prequential.Growing_Window object at 0x00000250F1AA2D80>,2,ARMA,1.5211451348631888,0.986661085389609,1.2333471266692069
datasets/synthetic_data/s2.csv,295,<timecave.validation_methods.prequential.Growing_Window object at 0x00000250F1AA2D80>,3,Tree,2.930164410204505,1.3881777237899702,1.7117723009222066
datasets/synthetic_data/s2.csv,295,<timecave.validation_methods.prequential.Growing_Window object at 0x00000250F1AA2D80>,3,ARMA,1.5091531693166054,1.006300855804011,1.2284759539024788
datasets/synthetic_data/s2.csv,295,<timecave.validation_methods.prequential.Growing_Window object at 0x00000250F6BB1B50>,0,Tree,1.8625612165350207,1.1161857259742693,1.36475683421444
datasets/synthetic_data/s2.csv,295,<timecave.validation_methods.prequential.Growing_Window object at 0x00000250F6BB1B50>,0,ARMA,1.2340065109360894,0.958563212572582,1.1108584567513944
datasets/synthetic_data/s2.csv,295,<timecave.validation_methods.prequential.Growing_Window object at 0x00000250F6BB1B50>,1,Tree,2.1125934232728576,1.2370442869081932,1.4534763236024375
datasets/synthetic_data/s2.csv,295,<timecave.validation_methods.prequential.Growing_Window object at 0x00000250F6BB1B50>,1,ARMA,1.5438655327475592,0.9821514567452237,1.2425238560074245
datasets/synthetic_data/s2.csv,295,<timecave.validation_methods.prequential.Growing_Window object at 0x00000250F6BB1B50>,2,Tree,2.7193205106588505,1.3818199970497589,1.6490362369150202
datasets/synthetic_data/s2.csv,295,<timecave.validation_methods.prequential.Growing_Window object at 0x00000250F6BB1B50>,2,ARMA,2.1084092063811832,1.1376392153602688,1.452036227640751
datasets/synthetic_data/s2.csv,295,<timecave.validation_methods.prequential.Rolling_Window object at 0x00000250F6BB01D0>,0,Tree,5.058063970764981,1.8143079513083338,2.2490139996818566
datasets/synthetic_data/s2.csv,295,<timecave.validation_methods.prequential.Rolling_Window object at 0x00000250F6BB01D0>,0,ARMA,3.2590597813081787,1.497591733463658,1.8052866202650977
datasets/synthetic_data/s2.csv,295,<timecave.validation_methods.prequential.Rolling_Window object at 0x00000250F6BB01D0>,1,Tree,2.8893231150557974,1.4228827217405209,1.699800904534351
datasets/synthetic_data/s2.csv,295,<timecave.validation_methods.prequential.Rolling_Window object at 0x00000250F6BB01D0>,1,ARMA,1.0249338058217274,0.8156701350058132,1.0123901450635162
datasets/synthetic_data/s2.csv,295,<timecave.validation_methods.prequential.Rolling_Window object at 0x00000250F6BB01D0>,2,Tree,2.8166514747944893,1.4848036226701329,1.6782882573606028
datasets/synthetic_data/s2.csv,295,<timecave.validation_methods.prequential.Rolling_Window object at 0x00000250F6BB01D0>,2,ARMA,1.4126544031483474,0.9539132803815954,1.1885513885181185
datasets/synthetic_data/s2.csv,295,<timecave.validation_methods.prequential.Rolling_Window object at 0x00000250F6BB01D0>,3,Tree,2.005446063718259,1.142957150725839,1.4161377276657308
datasets/synthetic_data/s2.csv,295,<timecave.validation_methods.prequential.Rolling_Window object at 0x00000250F6BB01D0>,3,ARMA,1.7936408101582844,1.0478896295395508,1.3392687594946298
datasets/synthetic_data/s2.csv,295,<timecave.validation_methods.prequential.Rolling_Window object at 0x00000250F6BB3FE0>,0,Tree,2.5271156560983834,1.2924175731292602,1.589690427755789
datasets/synthetic_data/s2.csv,295,<timecave.validation_methods.prequential.Rolling_Window object at 0x00000250F6BB3FE0>,0,ARMA,1.2340065109360894,0.958563212572582,1.1108584567513944
datasets/synthetic_data/s2.csv,295,<timecave.validation_methods.prequential.Rolling_Window object at 0x00000250F6BB3FE0>,1,Tree,2.4736067914393223,1.2342238816778093,1.572770419177358
datasets/synthetic_data/s2.csv,295,<timecave.validation_methods.prequential.Rolling_Window object at 0x00000250F6BB3FE0>,1,ARMA,1.7601284865067872,1.027773117282782,1.3266983404326649
datasets/synthetic_data/s2.csv,295,<timecave.validation_methods.prequential.Rolling_Window object at 0x00000250F6BB3FE0>,2,Tree,0.9478739788953479,0.8013359357215236,0.9735881977999465
datasets/synthetic_data/s2.csv,295,<timecave.validation_methods.prequential.Rolling_Window object at 0x00000250F6BB3FE0>,2,ARMA,2.059405191329031,1.1096340639169104,1.4350627830617835
datasets/synthetic_data/s2.csv,295,<timecave.validation_methods.CV.Block_CV object at 0x00000250F6BB13D0>,0,Tree,3.333769329521247,1.483027965102339,1.8258612569199355
datasets/synthetic_data/s2.csv,295,<timecave.validation_methods.CV.Block_CV object at 0x00000250F6BB13D0>,0,ARMA,3.15488023405935,1.4276370356806345,1.7761982530278961
datasets/synthetic_data/s2.csv,295,<timecave.validation_methods.CV.Block_CV object at 0x00000250F6BB13D0>,1,Tree,2.807185319545271,1.3509305937139808,1.6754657022885522
datasets/synthetic_data/s2.csv,295,<timecave.validation_methods.CV.Block_CV object at 0x00000250F6BB13D0>,1,ARMA,2.8444223314265185,1.3974711884934483,1.686541529707027
datasets/synthetic_data/s2.csv,295,<timecave.validation_methods.CV.Block_CV object at 0x00000250F6BB13D0>,2,Tree,3.832048500480669,1.6550746876191267,1.957561876539454
datasets/synthetic_data/s2.csv,295,<timecave.validation_methods.CV.Block_CV object at 0x00000250F6BB13D0>,2,ARMA,1.5917964585012765,1.0105645773233012,1.2616641623273908
datasets/synthetic_data/s2.csv,295,<timecave.validation_methods.CV.Block_CV object at 0x00000250F6BB13D0>,3,Tree,2.5250996193746045,1.2297104948591635,1.5890562039697036
datasets/synthetic_data/s2.csv,295,<timecave.validation_methods.CV.Block_CV object at 0x00000250F6BB13D0>,3,ARMA,1.5229902972769143,1.003291411109258,1.234094930415369
datasets/synthetic_data/s2.csv,295,<timecave.validation_methods.CV.Block_CV object at 0x00000250F6BB13D0>,4,Tree,2.512722737983273,1.3198398624598144,1.5851570073602403
datasets/synthetic_data/s2.csv,295,<timecave.validation_methods.CV.Block_CV object at 0x00000250F6BB13D0>,4,ARMA,1.5091531693166054,1.006300855804011,1.2284759539024788
datasets/synthetic_data/s2.csv,295,<timecave.validation_methods.CV.AdaptedhvBlockCV object at 0x00000250F6BB1F70>,0,Tree,3.211443933411533,1.4337142533622038,1.7920502039316681
datasets/synthetic_data/s2.csv,295,<timecave.validation_methods.CV.AdaptedhvBlockCV object at 0x00000250F6BB1F70>,0,ARMA,3.15208056667195,1.427457341809978,1.7754099714353162
datasets/synthetic_data/s2.csv,295,<timecave.validation_methods.CV.AdaptedhvBlockCV object at 0x00000250F6BB1F70>,1,Tree,2.9086507352594175,1.4118840230129632,1.705476688571092
datasets/synthetic_data/s2.csv,295,<timecave.validation_methods.CV.AdaptedhvBlockCV object at 0x00000250F6BB1F70>,1,ARMA,2.8658839807438623,1.4035438971775174,1.6928921940702137
datasets/synthetic_data/s2.csv,295,<timecave.validation_methods.CV.AdaptedhvBlockCV object at 0x00000250F6BB1F70>,2,Tree,2.5897621630465655,1.279108951663854,1.6092737999006153
datasets/synthetic_data/s2.csv,295,<timecave.validation_methods.CV.AdaptedhvBlockCV object at 0x00000250F6BB1F70>,2,ARMA,1.6149579631409823,1.0136632481443144,1.270809963425288
datasets/synthetic_data/s2.csv,295,<timecave.validation_methods.CV.AdaptedhvBlockCV object at 0x00000250F6BB1F70>,3,Tree,1.468656717348094,0.9561773323121069,1.211881478259361
datasets/synthetic_data/s2.csv,295,<timecave.validation_methods.CV.AdaptedhvBlockCV object at 0x00000250F6BB1F70>,3,ARMA,1.4785695866640378,0.9841140791207224,1.2159644676815347
datasets/synthetic_data/s2.csv,295,<timecave.validation_methods.CV.AdaptedhvBlockCV object at 0x00000250F6BB1F70>,4,Tree,2.858156186200296,1.3431819826867846,1.6906082296618268
datasets/synthetic_data/s2.csv,295,<timecave.validation_methods.CV.AdaptedhvBlockCV object at 0x00000250F6BB1F70>,4,ARMA,2.0854066231017967,1.1347456570301095,1.4440937030199241
datasets/synthetic_data/s2.csv,295,<timecave.validation_methods.markov.MarkovCV object at 0x00000250F6BB2870>,0,Tree,2.1307370435862527,0.970390096251075,1.4597044370646588
datasets/synthetic_data/s2.csv,295,<timecave.validation_methods.markov.MarkovCV object at 0x00000250F6BB2870>,0,ARMA,1.9288126917763033,1.0611619688727219,1.3888170116240308
datasets/synthetic_data/s2.csv,295,<timecave.validation_methods.markov.MarkovCV object at 0x00000250F6BB2870>,1,Tree,2.338249341350509,1.1770730085645558,1.5291335263313368
datasets/synthetic_data/s2.csv,295,<timecave.validation_methods.markov.MarkovCV object at 0x00000250F6BB2870>,1,ARMA,1.8808386517888893,1.1256428568681682,1.371436710821498
datasets/synthetic_data/s2.csv,295,<timecave.validation_methods.markov.MarkovCV object at 0x00000250F6BB2870>,2,Tree,2.9333964647888404,1.2903123237294902,1.7127161074704822
datasets/synthetic_data/s2.csv,295,<timecave.validation_methods.markov.MarkovCV object at 0x00000250F6BB2870>,2,ARMA,1.572636335100559,1.087380444794869,1.2540479795847361
datasets/synthetic_data/s2.csv,295,<timecave.validation_methods.markov.MarkovCV object at 0x00000250F6BB2870>,3,Tree,5.435469187932376,1.7312426099725304,2.331409270791462
datasets/synthetic_data/s2.csv,295,<timecave.validation_methods.markov.MarkovCV object at 0x00000250F6BB2870>,3,ARMA,2.4138794759392708,1.2299038822455775,1.5536664622560632
datasets/synthetic_data/s2.csv,295,<timecave.validation_methods.markov.MarkovCV object at 0x00000250F6BB2870>,4,Tree,2.3737368913310712,1.3922765016740828,1.5406936396737254
datasets/synthetic_data/s2.csv,295,<timecave.validation_methods.markov.MarkovCV object at 0x00000250F6BB2870>,4,ARMA,2.7674511324293998,1.4281574608673715,1.6635657884283988
datasets/synthetic_data/s2.csv,295,<timecave.validation_methods.markov.MarkovCV object at 0x00000250F6BB2870>,5,Tree,4.187911891332591,1.7692510535909314,2.0464388315638926
datasets/synthetic_data/s2.csv,295,<timecave.validation_methods.markov.MarkovCV object at 0x00000250F6BB2870>,5,ARMA,2.192470661128127,1.1768903754665754,1.480699382429846
datasets/synthetic_data/s2.csv,295,<timecave.validation_methods.markov.MarkovCV object at 0x00000250F6BB2870>,6,Tree,4.244633022741945,1.6492629276468613,2.0602507184180143
datasets/synthetic_data/s2.csv,295,<timecave.validation_methods.markov.MarkovCV object at 0x00000250F6BB2870>,6,ARMA,2.755480408508689,1.3329680995342397,1.6599639780756354
datasets/synthetic_data/s2.csv,295,<timecave.validation_methods.markov.MarkovCV object at 0x00000250F6BB2870>,7,Tree,4.263355203708659,1.8927467209933804,2.0647893848304864
datasets/synthetic_data/s2.csv,295,<timecave.validation_methods.markov.MarkovCV object at 0x00000250F6BB2870>,7,ARMA,2.612874489283315,1.3552351937465184,1.6164388294282326
datasets/synthetic_data/s2.csv,295,<timecave.validation_methods.markov.MarkovCV object at 0x00000250F6BB2870>,8,Tree,3.0273291127186766,1.4099176858514602,1.7399221570859646
datasets/synthetic_data/s2.csv,295,<timecave.validation_methods.markov.MarkovCV object at 0x00000250F6BB2870>,8,ARMA,3.2731674487830436,1.5038482953070882,1.809189721611043
datasets/synthetic_data/s2.csv,295,<timecave.validation_methods.markov.MarkovCV object at 0x00000250F6BB2870>,9,Tree,8.46399667363198,2.5167517127642034,2.909294875675544
datasets/synthetic_data/s2.csv,295,<timecave.validation_methods.markov.MarkovCV object at 0x00000250F6BB2870>,9,ARMA,1.9119174689936718,1.271554667360586,1.3827210380238206
datasets/synthetic_data/s2.csv,296,<timecave.validation_methods.OOS.Holdout object at 0x00000250F6AA1D00>,0,Tree,3.211267537369039,1.4084751516875151,1.7920009869888573
datasets/synthetic_data/s2.csv,296,<timecave.validation_methods.OOS.Holdout object at 0x00000250F6AA1D00>,0,ARMA,2.389555721896613,1.3300344361257326,1.5458187868882345
datasets/synthetic_data/s2.csv,296,<timecave.validation_methods.OOS.Repeated_Holdout object at 0x00000250F6AA1A00>,0,Tree,2.976772314322593,1.386450538987689,1.725332522826424
datasets/synthetic_data/s2.csv,296,<timecave.validation_methods.OOS.Repeated_Holdout object at 0x00000250F6AA1A00>,0,ARMA,1.7408074049068791,1.0788393294964376,1.319396606372352
datasets/synthetic_data/s2.csv,296,<timecave.validation_methods.OOS.Repeated_Holdout object at 0x00000250F6AA1A00>,1,Tree,2.6186558836920484,1.3478614584006505,1.618226153444582
datasets/synthetic_data/s2.csv,296,<timecave.validation_methods.OOS.Repeated_Holdout object at 0x00000250F6AA1A00>,1,ARMA,1.799029626547879,1.0963547492101806,1.3412791009137057
datasets/synthetic_data/s2.csv,296,<timecave.validation_methods.OOS.Repeated_Holdout object at 0x00000250F6AA1A00>,2,Tree,2.4352157749164283,1.283663399396407,1.560517790643999
datasets/synthetic_data/s2.csv,296,<timecave.validation_methods.OOS.Repeated_Holdout object at 0x00000250F6AA1A00>,2,ARMA,2.2345671938978846,1.2754982208949182,1.4948468797498573
datasets/synthetic_data/s2.csv,296,<timecave.validation_methods.OOS.Repeated_Holdout object at 0x00000250F6AA1A00>,3,Tree,2.9657638669523743,1.3573833814344327,1.722139328553986
datasets/synthetic_data/s2.csv,296,<timecave.validation_methods.OOS.Repeated_Holdout object at 0x00000250F6AA1A00>,3,ARMA,2.389555721896613,1.3300344361257326,1.5458187868882345
datasets/synthetic_data/s2.csv,296,<timecave.validation_methods.prequential.Growing_Window object at 0x00000250E98FCA10>,0,Tree,5.332825911822845,2.040763731575169,2.3092912141656896
datasets/synthetic_data/s2.csv,296,<timecave.validation_methods.prequential.Growing_Window object at 0x00000250E98FCA10>,0,ARMA,2.029156469251844,1.1231577524326966,1.4244846328591418
datasets/synthetic_data/s2.csv,296,<timecave.validation_methods.prequential.Growing_Window object at 0x00000250E98FCA10>,1,Tree,2.329907258280387,1.177735715931979,1.526403373384764
datasets/synthetic_data/s2.csv,296,<timecave.validation_methods.prequential.Growing_Window object at 0x00000250E98FCA10>,1,ARMA,1.285133636302353,0.9392264353453342,1.1336373477891213
datasets/synthetic_data/s2.csv,296,<timecave.validation_methods.prequential.Growing_Window object at 0x00000250E98FCA10>,2,Tree,3.9624959166437077,1.5390272102662688,1.990601898081007
datasets/synthetic_data/s2.csv,296,<timecave.validation_methods.prequential.Growing_Window object at 0x00000250E98FCA10>,2,ARMA,2.765347342435232,1.418465013267502,1.662933354778607
datasets/synthetic_data/s2.csv,296,<timecave.validation_methods.prequential.Growing_Window object at 0x00000250E98FCA10>,3,Tree,2.7546688329785614,1.4589614453908308,1.6597195043074482
datasets/synthetic_data/s2.csv,296,<timecave.validation_methods.prequential.Growing_Window object at 0x00000250E98FCA10>,3,ARMA,1.8737293527730763,1.1355707028496496,1.3688423403639574
datasets/synthetic_data/s2.csv,296,<timecave.validation_methods.prequential.Growing_Window object at 0x00000250F26590D0>,0,Tree,2.632184303463188,1.4747066423689421,1.6224007838580417
datasets/synthetic_data/s2.csv,296,<timecave.validation_methods.prequential.Growing_Window object at 0x00000250F26590D0>,0,ARMA,1.3822436783068457,0.9343137426354108,1.175688597506519
datasets/synthetic_data/s2.csv,296,<timecave.validation_methods.prequential.Growing_Window object at 0x00000250F26590D0>,1,Tree,4.218237284032689,1.6721394065683357,2.0538347752515755
datasets/synthetic_data/s2.csv,296,<timecave.validation_methods.prequential.Growing_Window object at 0x00000250F26590D0>,1,ARMA,3.037325378986809,1.4959698367609788,1.7427924084602873
datasets/synthetic_data/s2.csv,296,<timecave.validation_methods.prequential.Growing_Window object at 0x00000250F26590D0>,2,Tree,2.1097903109156544,1.1902411953454515,1.4525117248806132
datasets/synthetic_data/s2.csv,296,<timecave.validation_methods.prequential.Growing_Window object at 0x00000250F26590D0>,2,ARMA,1.898085543390434,1.1454285421505768,1.3777102537872157
datasets/synthetic_data/s2.csv,296,<timecave.validation_methods.prequential.Rolling_Window object at 0x00000250F2658380>,0,Tree,4.968441845500706,1.945317219023737,2.2290001896591902
datasets/synthetic_data/s2.csv,296,<timecave.validation_methods.prequential.Rolling_Window object at 0x00000250F2658380>,0,ARMA,2.029156469251844,1.1231577524326966,1.4244846328591418
datasets/synthetic_data/s2.csv,296,<timecave.validation_methods.prequential.Rolling_Window object at 0x00000250F2658380>,1,Tree,2.9318836328755804,1.4047461895253246,1.7122744034983355
datasets/synthetic_data/s2.csv,296,<timecave.validation_methods.prequential.Rolling_Window object at 0x00000250F2658380>,1,ARMA,1.2738368881707451,0.9491838018912155,1.1286438269758734
datasets/synthetic_data/s2.csv,296,<timecave.validation_methods.prequential.Rolling_Window object at 0x00000250F2658380>,2,Tree,2.0387585091109766,1.177157993775151,1.4278510108239502
datasets/synthetic_data/s2.csv,296,<timecave.validation_methods.prequential.Rolling_Window object at 0x00000250F2658380>,2,ARMA,2.8002793487837794,1.430964180773367,1.6734035224009118
datasets/synthetic_data/s2.csv,296,<timecave.validation_methods.prequential.Rolling_Window object at 0x00000250F2658380>,3,Tree,2.3886163031785492,1.235227247843463,1.545514899047741
datasets/synthetic_data/s2.csv,296,<timecave.validation_methods.prequential.Rolling_Window object at 0x00000250F2658380>,3,ARMA,1.8398692972771344,1.1223688097990352,1.356417818106624
datasets/synthetic_data/s2.csv,296,<timecave.validation_methods.prequential.Rolling_Window object at 0x00000250F26594F0>,0,Tree,2.825096630593618,1.5353577962644136,1.680802377019267
datasets/synthetic_data/s2.csv,296,<timecave.validation_methods.prequential.Rolling_Window object at 0x00000250F26594F0>,0,ARMA,1.3822436783068457,0.9343137426354108,1.175688597506519
datasets/synthetic_data/s2.csv,296,<timecave.validation_methods.prequential.Rolling_Window object at 0x00000250F26594F0>,1,Tree,4.015894175729186,1.61719989918885,2.0039696044923403
datasets/synthetic_data/s2.csv,296,<timecave.validation_methods.prequential.Rolling_Window object at 0x00000250F26594F0>,1,ARMA,3.1371708988594085,1.5361098161019444,1.7712060577074054
datasets/synthetic_data/s2.csv,296,<timecave.validation_methods.prequential.Rolling_Window object at 0x00000250F26594F0>,2,Tree,1.8474851042948446,1.1227879111515373,1.3592222424220568
datasets/synthetic_data/s2.csv,296,<timecave.validation_methods.prequential.Rolling_Window object at 0x00000250F26594F0>,2,ARMA,1.9421900624467967,1.1671111714227362,1.3936247925631908
datasets/synthetic_data/s2.csv,296,<timecave.validation_methods.CV.Block_CV object at 0x00000250F26588F0>,0,Tree,3.1385967831036328,1.5506642963155142,1.7716085298687272
datasets/synthetic_data/s2.csv,296,<timecave.validation_methods.CV.Block_CV object at 0x00000250F26588F0>,0,ARMA,1.6684392938449217,0.998952377809472,1.2916808018411212
datasets/synthetic_data/s2.csv,296,<timecave.validation_methods.CV.Block_CV object at 0x00000250F26588F0>,1,Tree,1.6024595566335964,1.1086621872648839,1.2658829158471159
datasets/synthetic_data/s2.csv,296,<timecave.validation_methods.CV.Block_CV object at 0x00000250F26588F0>,1,ARMA,2.121283370527007,1.164978780223238,1.456462622427025
datasets/synthetic_data/s2.csv,296,<timecave.validation_methods.CV.Block_CV object at 0x00000250F26588F0>,2,Tree,2.674659062857569,1.3976783925191527,1.6354384925326813
datasets/synthetic_data/s2.csv,296,<timecave.validation_methods.CV.Block_CV object at 0x00000250F26588F0>,2,ARMA,1.114975388058629,0.8789150029742075,1.0559239499408226
datasets/synthetic_data/s2.csv,296,<timecave.validation_methods.CV.Block_CV object at 0x00000250F26588F0>,3,Tree,4.115883178981521,1.5667844108549696,2.0287639534902824
datasets/synthetic_data/s2.csv,296,<timecave.validation_methods.CV.Block_CV object at 0x00000250F26588F0>,3,ARMA,2.7920428320788737,1.4444134270769189,1.6709407027416843
datasets/synthetic_data/s2.csv,296,<timecave.validation_methods.CV.Block_CV object at 0x00000250F26588F0>,4,Tree,3.1261394197102197,1.478280590398482,1.7680892001565474
datasets/synthetic_data/s2.csv,296,<timecave.validation_methods.CV.Block_CV object at 0x00000250F26588F0>,4,ARMA,1.8737293527730763,1.1355707028496496,1.3688423403639574
datasets/synthetic_data/s2.csv,296,<timecave.validation_methods.CV.AdaptedhvBlockCV object at 0x00000250F265B0E0>,0,Tree,2.946782269150783,1.5108543436333548,1.7166194304943605
datasets/synthetic_data/s2.csv,296,<timecave.validation_methods.CV.AdaptedhvBlockCV object at 0x00000250F265B0E0>,0,ARMA,1.6683564927790304,0.9988092842888163,1.2916487497686941
datasets/synthetic_data/s2.csv,296,<timecave.validation_methods.CV.AdaptedhvBlockCV object at 0x00000250F265B0E0>,1,Tree,3.0999850855233877,1.41703018725879,1.76067745073406
datasets/synthetic_data/s2.csv,296,<timecave.validation_methods.CV.AdaptedhvBlockCV object at 0x00000250F265B0E0>,1,ARMA,2.1310726218713754,1.1663464247093498,1.4598193798793655
datasets/synthetic_data/s2.csv,296,<timecave.validation_methods.CV.AdaptedhvBlockCV object at 0x00000250F265B0E0>,2,Tree,2.651474721055421,1.358729952334747,1.6283349535815477
datasets/synthetic_data/s2.csv,296,<timecave.validation_methods.CV.AdaptedhvBlockCV object at 0x00000250F265B0E0>,2,ARMA,1.095689846917518,0.8746835831247503,1.0467520465313254
datasets/synthetic_data/s2.csv,296,<timecave.validation_methods.CV.AdaptedhvBlockCV object at 0x00000250F265B0E0>,3,Tree,4.7257978488824355,1.613496947277814,2.173890026860245
datasets/synthetic_data/s2.csv,296,<timecave.validation_methods.CV.AdaptedhvBlockCV object at 0x00000250F265B0E0>,3,ARMA,2.786317591686658,1.4403443144008232,1.6692266447929287
datasets/synthetic_data/s2.csv,296,<timecave.validation_methods.CV.AdaptedhvBlockCV object at 0x00000250F265B0E0>,4,Tree,2.928126209218528,1.5117288155706137,1.711176849194299
datasets/synthetic_data/s2.csv,296,<timecave.validation_methods.CV.AdaptedhvBlockCV object at 0x00000250F265B0E0>,4,ARMA,2.2166881702824055,1.2675434214737238,1.4888546504888935
datasets/synthetic_data/s2.csv,296,<timecave.validation_methods.markov.MarkovCV object at 0x00000250F2668EF0>,0,Tree,6.447129430015876,1.9951755006571807,2.539119814033177
datasets/synthetic_data/s2.csv,296,<timecave.validation_methods.markov.MarkovCV object at 0x00000250F2668EF0>,0,ARMA,2.0097516065393557,1.161423085218463,1.417657083549952
datasets/synthetic_data/s2.csv,296,<timecave.validation_methods.markov.MarkovCV object at 0x00000250F2668EF0>,1,Tree,2.6223347961428956,1.4230293604082462,1.6193624659547026
datasets/synthetic_data/s2.csv,296,<timecave.validation_methods.markov.MarkovCV object at 0x00000250F2668EF0>,1,ARMA,2.5976642584773804,1.2922605732350299,1.611727104219998
datasets/synthetic_data/s2.csv,296,<timecave.validation_methods.markov.MarkovCV object at 0x00000250F2668EF0>,2,Tree,1.7649994762593988,1.0986909442617432,1.328532828446252
datasets/synthetic_data/s2.csv,296,<timecave.validation_methods.markov.MarkovCV object at 0x00000250F2668EF0>,2,ARMA,1.604270700076387,1.0683949745643104,1.266598081506674
datasets/synthetic_data/s2.csv,296,<timecave.validation_methods.markov.MarkovCV object at 0x00000250F2668EF0>,3,Tree,3.9254458269576524,1.8187137047486943,1.9812737889947598
datasets/synthetic_data/s2.csv,296,<timecave.validation_methods.markov.MarkovCV object at 0x00000250F2668EF0>,3,ARMA,1.7621128652465947,1.081137147272254,1.3274459933445861
datasets/synthetic_data/s2.csv,296,<timecave.validation_methods.markov.MarkovCV object at 0x00000250F2668EF0>,4,Tree,2.2603396108526557,1.389417146468196,1.5034425864836527
datasets/synthetic_data/s2.csv,296,<timecave.validation_methods.markov.MarkovCV object at 0x00000250F2668EF0>,4,ARMA,1.6964869589826483,1.0424451526799645,1.302492594598007
datasets/synthetic_data/s2.csv,296,<timecave.validation_methods.markov.MarkovCV object at 0x00000250F2668EF0>,5,Tree,5.254031929392156,1.831795069682989,2.292167517742138
datasets/synthetic_data/s2.csv,296,<timecave.validation_methods.markov.MarkovCV object at 0x00000250F2668EF0>,5,ARMA,1.7422689632179664,1.0400614934477705,1.3199503639220553
datasets/synthetic_data/s2.csv,296,<timecave.validation_methods.markov.MarkovCV object at 0x00000250F2668EF0>,6,Tree,3.4962506828859747,1.5728297131057376,1.8698263777383115
datasets/synthetic_data/s2.csv,296,<timecave.validation_methods.markov.MarkovCV object at 0x00000250F2668EF0>,6,ARMA,2.9175056820533376,1.3663331314079896,1.7080707485503455
datasets/synthetic_data/s2.csv,296,<timecave.validation_methods.markov.MarkovCV object at 0x00000250F2668EF0>,7,Tree,9.652853177432597,2.782198047804128,3.1069041146183762
datasets/synthetic_data/s2.csv,296,<timecave.validation_methods.markov.MarkovCV object at 0x00000250F2668EF0>,7,ARMA,2.7336651634000373,1.4021636564824578,1.6533799210707856
datasets/synthetic_data/s2.csv,296,<timecave.validation_methods.markov.MarkovCV object at 0x00000250F2668EF0>,8,Tree,5.152208474034919,2.0214626654982792,2.2698476763948103
datasets/synthetic_data/s2.csv,296,<timecave.validation_methods.markov.MarkovCV object at 0x00000250F2668EF0>,8,ARMA,2.9305544736750178,1.398806812254358,1.7118862326904256
datasets/synthetic_data/s2.csv,296,<timecave.validation_methods.markov.MarkovCV object at 0x00000250F2668EF0>,9,Tree,4.131895417595684,1.71189630909806,2.0327064268102477
datasets/synthetic_data/s2.csv,296,<timecave.validation_methods.markov.MarkovCV object at 0x00000250F2668EF0>,9,ARMA,1.8578890675045971,1.0062535159198154,1.3630440445945233
datasets/synthetic_data/s2.csv,297,<timecave.validation_methods.OOS.Holdout object at 0x00000250F265BAA0>,0,Tree,2.683729410065694,1.3443930769889514,1.6382092082715485
datasets/synthetic_data/s2.csv,297,<timecave.validation_methods.OOS.Holdout object at 0x00000250F265BAA0>,0,ARMA,2.4221367798131026,1.356603960113113,1.5563215541182684
datasets/synthetic_data/s2.csv,297,<timecave.validation_methods.OOS.Repeated_Holdout object at 0x00000250F2659430>,0,Tree,4.027674951605848,1.6344136563184295,2.006906811888845
datasets/synthetic_data/s2.csv,297,<timecave.validation_methods.OOS.Repeated_Holdout object at 0x00000250F2659430>,0,ARMA,2.7155254900798202,1.4693107052546064,1.6478851568236847
datasets/synthetic_data/s2.csv,297,<timecave.validation_methods.OOS.Repeated_Holdout object at 0x00000250F2659430>,1,Tree,3.099972309252587,1.4200097900128408,1.760673822504494
datasets/synthetic_data/s2.csv,297,<timecave.validation_methods.OOS.Repeated_Holdout object at 0x00000250F2659430>,1,ARMA,2.6962002949092776,1.4961617109520269,1.6420110520058255
datasets/synthetic_data/s2.csv,297,<timecave.validation_methods.OOS.Repeated_Holdout object at 0x00000250F2659430>,2,Tree,3.1649743234988357,1.4717832756856313,1.7790374710777836
datasets/synthetic_data/s2.csv,297,<timecave.validation_methods.OOS.Repeated_Holdout object at 0x00000250F2659430>,2,ARMA,2.5576585951756843,1.4108491309739521,1.599268143613098
datasets/synthetic_data/s2.csv,297,<timecave.validation_methods.OOS.Repeated_Holdout object at 0x00000250F2659430>,3,Tree,3.096261590878861,1.4420206863109313,1.7596197290547924
datasets/synthetic_data/s2.csv,297,<timecave.validation_methods.OOS.Repeated_Holdout object at 0x00000250F2659430>,3,ARMA,2.4221367798131026,1.356603960113113,1.5563215541182684
datasets/synthetic_data/s2.csv,297,<timecave.validation_methods.prequential.Growing_Window object at 0x00000250F26581D0>,0,Tree,2.4030161764748397,1.245152227194061,1.5501664995976527
datasets/synthetic_data/s2.csv,297,<timecave.validation_methods.prequential.Growing_Window object at 0x00000250F26581D0>,0,ARMA,1.4328945641334703,0.9977946415239242,1.1970357405413885
datasets/synthetic_data/s2.csv,297,<timecave.validation_methods.prequential.Growing_Window object at 0x00000250F26581D0>,1,Tree,4.363130441415392,1.6613375778787398,2.0888107720459965
datasets/synthetic_data/s2.csv,297,<timecave.validation_methods.prequential.Growing_Window object at 0x00000250F26581D0>,1,ARMA,2.6517397498783994,1.235221018906951,1.628416331863077
datasets/synthetic_data/s2.csv,297,<timecave.validation_methods.prequential.Growing_Window object at 0x00000250F26581D0>,2,Tree,2.9132575838544024,1.3402217817073496,1.7068267585945571
datasets/synthetic_data/s2.csv,297,<timecave.validation_methods.prequential.Growing_Window object at 0x00000250F26581D0>,2,ARMA,2.292953994622651,1.1781541522641028,1.514250307783575
datasets/synthetic_data/s2.csv,297,<timecave.validation_methods.prequential.Growing_Window object at 0x00000250F26581D0>,3,Tree,3.30633531035613,1.488014822642041,1.8183331131440492
datasets/synthetic_data/s2.csv,297,<timecave.validation_methods.prequential.Growing_Window object at 0x00000250F26581D0>,3,ARMA,2.659091987496426,1.4594014807137565,1.6306722501767257
datasets/synthetic_data/s2.csv,297,<timecave.validation_methods.prequential.Growing_Window object at 0x00000250F25E78C0>,0,Tree,3.905315433750666,1.6876840581198056,1.9761870948244415
datasets/synthetic_data/s2.csv,297,<timecave.validation_methods.prequential.Growing_Window object at 0x00000250F25E78C0>,0,ARMA,2.5108089844308434,1.2183828233835363,1.5845532444291177
datasets/synthetic_data/s2.csv,297,<timecave.validation_methods.prequential.Growing_Window object at 0x00000250F25E78C0>,1,Tree,3.2499239412355454,1.3745778143069018,1.80275454270279
datasets/synthetic_data/s2.csv,297,<timecave.validation_methods.prequential.Growing_Window object at 0x00000250F25E78C0>,1,ARMA,2.191576332466374,1.1114442306468197,1.4803973562751231
datasets/synthetic_data/s2.csv,297,<timecave.validation_methods.prequential.Growing_Window object at 0x00000250F25E78C0>,2,Tree,2.3258696925741296,1.253131975644007,1.5250802249633064
datasets/synthetic_data/s2.csv,297,<timecave.validation_methods.prequential.Growing_Window object at 0x00000250F25E78C0>,2,ARMA,2.8519011592480026,1.5314858762439783,1.6887572825151644
datasets/synthetic_data/s2.csv,297,<timecave.validation_methods.prequential.Rolling_Window object at 0x00000250F2640590>,0,Tree,2.270432782194526,1.2086303076565965,1.506795534302689
datasets/synthetic_data/s2.csv,297,<timecave.validation_methods.prequential.Rolling_Window object at 0x00000250F2640590>,0,ARMA,1.4328945641334703,0.9977946415239242,1.1970357405413885
datasets/synthetic_data/s2.csv,297,<timecave.validation_methods.prequential.Rolling_Window object at 0x00000250F2640590>,1,Tree,3.723912859794456,1.5173359953201695,1.9297442472499966
datasets/synthetic_data/s2.csv,297,<timecave.validation_methods.prequential.Rolling_Window object at 0x00000250F2640590>,1,ARMA,2.7016329753569384,1.286952804953829,1.6436644959835747
datasets/synthetic_data/s2.csv,297,<timecave.validation_methods.prequential.Rolling_Window object at 0x00000250F2640590>,2,Tree,3.870360859395996,1.6095443398155314,1.9673232727226087
datasets/synthetic_data/s2.csv,297,<timecave.validation_methods.prequential.Rolling_Window object at 0x00000250F2640590>,2,ARMA,2.7465331572094067,1.3317918145152556,1.6572667730964157
datasets/synthetic_data/s2.csv,297,<timecave.validation_methods.prequential.Rolling_Window object at 0x00000250F2640590>,3,Tree,2.499235778743513,1.310441481609269,1.580897143631904
datasets/synthetic_data/s2.csv,297,<timecave.validation_methods.prequential.Rolling_Window object at 0x00000250F2640590>,3,ARMA,2.4732819701167523,1.4223487046242433,1.572667151725613
datasets/synthetic_data/s2.csv,297,<timecave.validation_methods.prequential.Rolling_Window object at 0x00000250F2641E50>,0,Tree,4.065027328263181,1.705975449603784,2.016191292576967
datasets/synthetic_data/s2.csv,297,<timecave.validation_methods.prequential.Rolling_Window object at 0x00000250F2641E50>,0,ARMA,2.5108089844308434,1.2183828233835363,1.5845532444291177
datasets/synthetic_data/s2.csv,297,<timecave.validation_methods.prequential.Rolling_Window object at 0x00000250F2641E50>,1,Tree,4.007486294955687,1.6947547578888815,2.001870698860365
datasets/synthetic_data/s2.csv,297,<timecave.validation_methods.prequential.Rolling_Window object at 0x00000250F2641E50>,1,ARMA,2.164670676115951,1.1426710515695855,1.4712819838888638
datasets/synthetic_data/s2.csv,297,<timecave.validation_methods.prequential.Rolling_Window object at 0x00000250F2641E50>,2,Tree,3.4401109212766197,1.5298698365181727,1.8547536012302603
datasets/synthetic_data/s2.csv,297,<timecave.validation_methods.prequential.Rolling_Window object at 0x00000250F2641E50>,2,ARMA,3.481272111671129,1.6584591294567095,1.8658167411809576
datasets/synthetic_data/s2.csv,297,<timecave.validation_methods.CV.Block_CV object at 0x00000250F2640380>,0,Tree,2.534071336417574,1.1363014296249148,1.5918766712335395
datasets/synthetic_data/s2.csv,297,<timecave.validation_methods.CV.Block_CV object at 0x00000250F2640380>,0,ARMA,2.23123252504587,1.1240222173305057,1.4937310752092796
datasets/synthetic_data/s2.csv,297,<timecave.validation_methods.CV.Block_CV object at 0x00000250F2640380>,1,Tree,2.6240984541385792,1.3467348141753817,1.6199069276160836
datasets/synthetic_data/s2.csv,297,<timecave.validation_methods.CV.Block_CV object at 0x00000250F2640380>,1,ARMA,1.5280785010980187,1.019228626953859,1.2361547237696495
datasets/synthetic_data/s2.csv,297,<timecave.validation_methods.CV.Block_CV object at 0x00000250F2640380>,2,Tree,3.211194429921208,1.4754527975944596,1.7919805886005595
datasets/synthetic_data/s2.csv,297,<timecave.validation_methods.CV.Block_CV object at 0x00000250F2640380>,2,ARMA,2.951972746108718,1.314984338000723,1.718130596348461
datasets/synthetic_data/s2.csv,297,<timecave.validation_methods.CV.Block_CV object at 0x00000250F2640380>,3,Tree,3.135633242903515,1.4593724522479403,1.770771934186759
datasets/synthetic_data/s2.csv,297,<timecave.validation_methods.CV.Block_CV object at 0x00000250F2640380>,3,ARMA,2.3358424032258016,1.168746977876808,1.5283462968927564
datasets/synthetic_data/s2.csv,297,<timecave.validation_methods.CV.Block_CV object at 0x00000250F2640380>,4,Tree,3.3358314705889973,1.4989619014820679,1.8264258732806533
datasets/synthetic_data/s2.csv,297,<timecave.validation_methods.CV.Block_CV object at 0x00000250F2640380>,4,ARMA,2.659091987496426,1.4594014807137565,1.6306722501767257
datasets/synthetic_data/s2.csv,297,<timecave.validation_methods.CV.AdaptedhvBlockCV object at 0x00000250F26412E0>,0,Tree,2.7425872051813176,1.155782071078812,1.6560758452381694
datasets/synthetic_data/s2.csv,297,<timecave.validation_methods.CV.AdaptedhvBlockCV object at 0x00000250F26412E0>,0,ARMA,2.238881668133538,1.1249228665658983,1.4962892996120563
datasets/synthetic_data/s2.csv,297,<timecave.validation_methods.CV.AdaptedhvBlockCV object at 0x00000250F26412E0>,1,Tree,2.6606897741456077,1.335938547102468,1.6311620931549409
datasets/synthetic_data/s2.csv,297,<timecave.validation_methods.CV.AdaptedhvBlockCV object at 0x00000250F26412E0>,1,ARMA,1.5384565444279257,1.0219549625823412,1.2403453327311413
datasets/synthetic_data/s2.csv,297,<timecave.validation_methods.CV.AdaptedhvBlockCV object at 0x00000250F26412E0>,2,Tree,2.704468869868753,1.342822973126019,1.644526944099352
datasets/synthetic_data/s2.csv,297,<timecave.validation_methods.CV.AdaptedhvBlockCV object at 0x00000250F26412E0>,2,ARMA,2.9299022722524803,1.3082637809087883,1.7116957300444726
datasets/synthetic_data/s2.csv,297,<timecave.validation_methods.CV.AdaptedhvBlockCV object at 0x00000250F26412E0>,3,Tree,2.730436414732563,1.3079909235413254,1.6524032240142124
datasets/synthetic_data/s2.csv,297,<timecave.validation_methods.CV.AdaptedhvBlockCV object at 0x00000250F26412E0>,3,ARMA,2.294324327377723,1.155108680364525,1.514702719142513
datasets/synthetic_data/s2.csv,297,<timecave.validation_methods.CV.AdaptedhvBlockCV object at 0x00000250F26412E0>,4,Tree,3.4006573849143367,1.4937888454366044,1.8440871413559439
datasets/synthetic_data/s2.csv,297,<timecave.validation_methods.CV.AdaptedhvBlockCV object at 0x00000250F26412E0>,4,ARMA,2.905643084907508,1.5219199592354569,1.7045946981342832
datasets/synthetic_data/s2.csv,297,<timecave.validation_methods.markov.MarkovCV object at 0x00000250F2641070>,0,Tree,2.0508807421904582,1.312196881458147,1.432089641813828
datasets/synthetic_data/s2.csv,297,<timecave.validation_methods.markov.MarkovCV object at 0x00000250F2641070>,0,ARMA,2.405371862490465,1.3233038773412427,1.5509261305718158
datasets/synthetic_data/s2.csv,297,<timecave.validation_methods.markov.MarkovCV object at 0x00000250F2641070>,1,Tree,3.197249670136149,1.606512790653564,1.788085476182878
datasets/synthetic_data/s2.csv,297,<timecave.validation_methods.markov.MarkovCV object at 0x00000250F2641070>,1,ARMA,3.1827445917259496,1.486086163177273,1.7840248293468197
datasets/synthetic_data/s2.csv,297,<timecave.validation_methods.markov.MarkovCV object at 0x00000250F2641070>,2,Tree,2.203997392443033,1.22567654626905,1.4845866065821263
datasets/synthetic_data/s2.csv,297,<timecave.validation_methods.markov.MarkovCV object at 0x00000250F2641070>,2,ARMA,2.3843836424231286,1.3817340546597017,1.5441449551201885
datasets/synthetic_data/s2.csv,297,<timecave.validation_methods.markov.MarkovCV object at 0x00000250F2641070>,3,Tree,1.4535933757386512,0.8440703602647079,1.205650602678343
datasets/synthetic_data/s2.csv,297,<timecave.validation_methods.markov.MarkovCV object at 0x00000250F2641070>,3,ARMA,3.1095242507641183,1.47010688307623,1.7633843173750068
datasets/synthetic_data/s2.csv,297,<timecave.validation_methods.markov.MarkovCV object at 0x00000250F2641070>,4,Tree,5.943152555710539,2.0865563650449994,2.4378581902380088
datasets/synthetic_data/s2.csv,297,<timecave.validation_methods.markov.MarkovCV object at 0x00000250F2641070>,4,ARMA,5.9943160117221135,1.9658325370161522,2.4483292286214517
datasets/synthetic_data/s2.csv,297,<timecave.validation_methods.markov.MarkovCV object at 0x00000250F2641070>,5,Tree,3.4882908144129687,1.569499050598363,1.8676966601707485
datasets/synthetic_data/s2.csv,297,<timecave.validation_methods.markov.MarkovCV object at 0x00000250F2641070>,5,ARMA,3.9472079299232434,1.6091844248445728,1.9867581458051817
datasets/synthetic_data/s2.csv,297,<timecave.validation_methods.markov.MarkovCV object at 0x00000250F2641070>,6,Tree,7.071654747393999,2.1808529121916536,2.659258307760643
datasets/synthetic_data/s2.csv,297,<timecave.validation_methods.markov.MarkovCV object at 0x00000250F2641070>,6,ARMA,2.390147463671072,1.3478921917379334,1.5460101757980353
datasets/synthetic_data/s2.csv,297,<timecave.validation_methods.markov.MarkovCV object at 0x00000250F2641070>,7,Tree,5.068108103020251,1.9040734367084697,2.2512459001673384
datasets/synthetic_data/s2.csv,297,<timecave.validation_methods.markov.MarkovCV object at 0x00000250F2641070>,7,ARMA,2.6497068732254045,1.3003747313063927,1.6277920239469796
datasets/synthetic_data/s2.csv,297,<timecave.validation_methods.markov.MarkovCV object at 0x00000250F2641070>,8,Tree,6.078087893490285,2.1470721907707246,2.465377839904116
datasets/synthetic_data/s2.csv,297,<timecave.validation_methods.markov.MarkovCV object at 0x00000250F2641070>,8,ARMA,4.7064442577292835,1.6862428364853606,2.1694340869750532
datasets/synthetic_data/s2.csv,297,<timecave.validation_methods.markov.MarkovCV object at 0x00000250F2641070>,9,Tree,7.853407751194781,2.2446814575934506,2.8023932185178406
datasets/synthetic_data/s2.csv,297,<timecave.validation_methods.markov.MarkovCV object at 0x00000250F2641070>,9,ARMA,2.886381388236358,1.3024394834548272,1.698935369058034
datasets/synthetic_data/s2.csv,298,<timecave.validation_methods.OOS.Holdout object at 0x00000250F26423C0>,0,Tree,2.374062214846206,1.1746271141155675,1.5407992130210237
datasets/synthetic_data/s2.csv,298,<timecave.validation_methods.OOS.Holdout object at 0x00000250F26423C0>,0,ARMA,1.656746824026687,1.0345501946151667,1.2871467764115665
datasets/synthetic_data/s2.csv,298,<timecave.validation_methods.OOS.Repeated_Holdout object at 0x00000250F2641160>,0,Tree,1.9359019582248105,1.0721098991895275,1.391366938742189
datasets/synthetic_data/s2.csv,298,<timecave.validation_methods.OOS.Repeated_Holdout object at 0x00000250F2641160>,0,ARMA,1.4908409520103922,0.9716659424846225,1.2209999803482359
datasets/synthetic_data/s2.csv,298,<timecave.validation_methods.OOS.Repeated_Holdout object at 0x00000250F2641160>,1,Tree,2.6182887358951175,1.2566344640077014,1.6181127080321436
datasets/synthetic_data/s2.csv,298,<timecave.validation_methods.OOS.Repeated_Holdout object at 0x00000250F2641160>,1,ARMA,1.5519871748239762,0.9911230062988501,1.2457877727863507
datasets/synthetic_data/s2.csv,298,<timecave.validation_methods.OOS.Repeated_Holdout object at 0x00000250F2641160>,2,Tree,2.9112928642233498,1.344153749999771,1.7062511140577608
datasets/synthetic_data/s2.csv,298,<timecave.validation_methods.OOS.Repeated_Holdout object at 0x00000250F2641160>,2,ARMA,1.6237791653911238,1.013072325021758,1.2742759376960406
datasets/synthetic_data/s2.csv,298,<timecave.validation_methods.OOS.Repeated_Holdout object at 0x00000250F2641160>,3,Tree,2.418720729770406,1.179401271807969,1.5552236912323596
datasets/synthetic_data/s2.csv,298,<timecave.validation_methods.OOS.Repeated_Holdout object at 0x00000250F2641160>,3,ARMA,1.656746824026687,1.0345501946151667,1.2871467764115665
datasets/synthetic_data/s2.csv,298,<timecave.validation_methods.prequential.Growing_Window object at 0x00000250F2641C10>,0,Tree,1.7918198606972358,1.111126327121246,1.338588757123425
datasets/synthetic_data/s2.csv,298,<timecave.validation_methods.prequential.Growing_Window object at 0x00000250F2641C10>,0,ARMA,1.8514733100663956,1.1314853669944873,1.3606885426380262
datasets/synthetic_data/s2.csv,298,<timecave.validation_methods.prequential.Growing_Window object at 0x00000250F2641C10>,1,Tree,1.8031009846415085,1.0838721059996483,1.3427959579331137
datasets/synthetic_data/s2.csv,298,<timecave.validation_methods.prequential.Growing_Window object at 0x00000250F2641C10>,1,ARMA,1.8097947677921866,1.1601167756331838,1.3452861285957671
datasets/synthetic_data/s2.csv,298,<timecave.validation_methods.prequential.Growing_Window object at 0x00000250F2641C10>,2,Tree,1.9533087393084496,1.0938169432223224,1.3976082209648202
datasets/synthetic_data/s2.csv,298,<timecave.validation_methods.prequential.Growing_Window object at 0x00000250F2641C10>,2,ARMA,1.444454951434418,1.00011683845017,1.2018547963187642
datasets/synthetic_data/s2.csv,298,<timecave.validation_methods.prequential.Growing_Window object at 0x00000250F2641C10>,3,Tree,2.3312434149722794,1.1766430123920388,1.5268409920395376
datasets/synthetic_data/s2.csv,298,<timecave.validation_methods.prequential.Growing_Window object at 0x00000250F2641C10>,3,ARMA,1.6014282237532562,1.0181760241909106,1.265475493146057
datasets/synthetic_data/s2.csv,298,<timecave.validation_methods.prequential.Growing_Window object at 0x00000250F26434D0>,0,Tree,1.635538691264976,1.030875659810445,1.2788818128603503
datasets/synthetic_data/s2.csv,298,<timecave.validation_methods.prequential.Growing_Window object at 0x00000250F26434D0>,0,ARMA,1.845329728316382,1.1816018644653494,1.358429139968803
datasets/synthetic_data/s2.csv,298,<timecave.validation_methods.prequential.Growing_Window object at 0x00000250F26434D0>,1,Tree,1.3669613056210406,1.0267924516763562,1.169171204580852
datasets/synthetic_data/s2.csv,298,<timecave.validation_methods.prequential.Growing_Window object at 0x00000250F26434D0>,1,ARMA,1.469216254059818,1.0257353256455297,1.2121123108275973
datasets/synthetic_data/s2.csv,298,<timecave.validation_methods.prequential.Growing_Window object at 0x00000250F26434D0>,2,Tree,2.3585265381471747,1.2599893523453485,1.5357495037105415
datasets/synthetic_data/s2.csv,298,<timecave.validation_methods.prequential.Growing_Window object at 0x00000250F26434D0>,2,ARMA,1.8479342967490566,1.0894271258116137,1.3593874711608374
datasets/synthetic_data/s2.csv,298,<timecave.validation_methods.prequential.Rolling_Window object at 0x00000250F2640EF0>,0,Tree,1.899636420604104,1.115717334628193,1.3782729847907866
datasets/synthetic_data/s2.csv,298,<timecave.validation_methods.prequential.Rolling_Window object at 0x00000250F2640EF0>,0,ARMA,1.8514733100663956,1.1314853669944873,1.3606885426380262
datasets/synthetic_data/s2.csv,298,<timecave.validation_methods.prequential.Rolling_Window object at 0x00000250F2640EF0>,1,Tree,2.6515859853669674,1.2689609690665196,1.6283691182796876
datasets/synthetic_data/s2.csv,298,<timecave.validation_methods.prequential.Rolling_Window object at 0x00000250F2640EF0>,1,ARMA,1.7912412123324106,1.1540629209905844,1.3383725984689057
datasets/synthetic_data/s2.csv,298,<timecave.validation_methods.prequential.Rolling_Window object at 0x00000250F2640EF0>,2,Tree,2.0740092426917487,1.1812497388989596,1.4401420911464773
datasets/synthetic_data/s2.csv,298,<timecave.validation_methods.prequential.Rolling_Window object at 0x00000250F2640EF0>,2,ARMA,1.4575111110410934,1.009167993223754,1.2072742484792316
datasets/synthetic_data/s2.csv,298,<timecave.validation_methods.prequential.Rolling_Window object at 0x00000250F2640EF0>,3,Tree,2.031751961226795,1.213455380475484,1.4253953701435946
datasets/synthetic_data/s2.csv,298,<timecave.validation_methods.prequential.Rolling_Window object at 0x00000250F2640EF0>,3,ARMA,1.6717362690263182,1.0316122878317862,1.292956406467874
datasets/synthetic_data/s2.csv,298,<timecave.validation_methods.prequential.Rolling_Window object at 0x00000250F2641C70>,0,Tree,1.658697660705111,1.0399775920178678,1.2879043678414601
datasets/synthetic_data/s2.csv,298,<timecave.validation_methods.prequential.Rolling_Window object at 0x00000250F2641C70>,0,ARMA,1.845329728316382,1.1816018644653494,1.358429139968803
datasets/synthetic_data/s2.csv,298,<timecave.validation_methods.prequential.Rolling_Window object at 0x00000250F2641C70>,1,Tree,3.9093842160323513,1.5252812092474657,1.9772162795284565
datasets/synthetic_data/s2.csv,298,<timecave.validation_methods.prequential.Rolling_Window object at 0x00000250F2641C70>,1,ARMA,1.506708238587017,1.0463605324109757,1.2274804432605095
datasets/synthetic_data/s2.csv,298,<timecave.validation_methods.prequential.Rolling_Window object at 0x00000250F2641C70>,2,Tree,3.717384229502608,1.5717542473075998,1.9280519260389768
datasets/synthetic_data/s2.csv,298,<timecave.validation_methods.prequential.Rolling_Window object at 0x00000250F2641C70>,2,ARMA,1.6539988155833687,1.0093513824373528,1.2860788527860059
datasets/synthetic_data/s2.csv,298,<timecave.validation_methods.CV.Block_CV object at 0x00000250F2622F60>,0,Tree,1.9548905880754863,1.0888248183540554,1.3981740192391956
datasets/synthetic_data/s2.csv,298,<timecave.validation_methods.CV.Block_CV object at 0x00000250F2622F60>,0,ARMA,0.8683362453487533,0.726426239215721,0.9318456123997974
datasets/synthetic_data/s2.csv,298,<timecave.validation_methods.CV.Block_CV object at 0x00000250F2622F60>,1,Tree,2.3561480759068805,1.163942075331682,1.5349749430876325
datasets/synthetic_data/s2.csv,298,<timecave.validation_methods.CV.Block_CV object at 0x00000250F2622F60>,1,ARMA,1.7665583799672102,1.0520685495205397,1.3291194001921762
datasets/synthetic_data/s2.csv,298,<timecave.validation_methods.CV.Block_CV object at 0x00000250F2622F60>,2,Tree,2.0398408000143853,1.1088747890576829,1.4282299534789156
datasets/synthetic_data/s2.csv,298,<timecave.validation_methods.CV.Block_CV object at 0x00000250F2622F60>,2,ARMA,1.8872855206905295,1.1920700069465768,1.3737851071730722
datasets/synthetic_data/s2.csv,298,<timecave.validation_methods.CV.Block_CV object at 0x00000250F2622F60>,3,Tree,2.237439772567337,1.2201677148992194,1.4958073982192148
datasets/synthetic_data/s2.csv,298,<timecave.validation_methods.CV.Block_CV object at 0x00000250F2622F60>,3,ARMA,1.4239356297011034,0.9824102322703266,1.19328773969278
datasets/synthetic_data/s2.csv,298,<timecave.validation_methods.CV.Block_CV object at 0x00000250F2622F60>,4,Tree,2.4133258736111594,1.2233848845691047,1.5534882920740534
datasets/synthetic_data/s2.csv,298,<timecave.validation_methods.CV.Block_CV object at 0x00000250F2622F60>,4,ARMA,1.6014282237532562,1.0181760241909106,1.265475493146057
datasets/synthetic_data/s2.csv,298,<timecave.validation_methods.CV.AdaptedhvBlockCV object at 0x00000250F29B2E70>,0,Tree,1.9245592490003136,1.1380057079531751,1.387284847823371
datasets/synthetic_data/s2.csv,298,<timecave.validation_methods.CV.AdaptedhvBlockCV object at 0x00000250F29B2E70>,0,ARMA,0.8608192287439558,0.7227157333486462,0.9278034429468107
datasets/synthetic_data/s2.csv,298,<timecave.validation_methods.CV.AdaptedhvBlockCV object at 0x00000250F29B2E70>,1,Tree,2.03115192303727,1.056780097152974,1.4251848732839085
datasets/synthetic_data/s2.csv,298,<timecave.validation_methods.CV.AdaptedhvBlockCV object at 0x00000250F29B2E70>,1,ARMA,1.761503988810527,1.049845226365878,1.3272166322083698
datasets/synthetic_data/s2.csv,298,<timecave.validation_methods.CV.AdaptedhvBlockCV object at 0x00000250F29B2E70>,2,Tree,2.3918541420317214,1.2132291298428908,1.5465620395030137
datasets/synthetic_data/s2.csv,298,<timecave.validation_methods.CV.AdaptedhvBlockCV object at 0x00000250F29B2E70>,2,ARMA,1.8929283695504602,1.195163785120856,1.3758373339717382
datasets/synthetic_data/s2.csv,298,<timecave.validation_methods.CV.AdaptedhvBlockCV object at 0x00000250F29B2E70>,3,Tree,1.7112614812114617,1.0611006142466741,1.3081519335350393
datasets/synthetic_data/s2.csv,298,<timecave.validation_methods.CV.AdaptedhvBlockCV object at 0x00000250F29B2E70>,3,ARMA,1.4184775469567,0.9800601931205055,1.1909985503587734
datasets/synthetic_data/s2.csv,298,<timecave.validation_methods.CV.AdaptedhvBlockCV object at 0x00000250F29B2E70>,4,Tree,2.6927342020970335,1.2658139579676448,1.640955271205475
datasets/synthetic_data/s2.csv,298,<timecave.validation_methods.CV.AdaptedhvBlockCV object at 0x00000250F29B2E70>,4,ARMA,1.6054484039340478,1.0154974336487708,1.2670629044897683
datasets/synthetic_data/s2.csv,298,<timecave.validation_methods.markov.MarkovCV object at 0x00000250E989A2D0>,0,Tree,4.207023894803887,1.672834768424701,2.051103092193049
datasets/synthetic_data/s2.csv,298,<timecave.validation_methods.markov.MarkovCV object at 0x00000250E989A2D0>,0,ARMA,2.7067805553705404,1.388752210759666,1.6452296360601277
datasets/synthetic_data/s2.csv,298,<timecave.validation_methods.markov.MarkovCV object at 0x00000250E989A2D0>,1,Tree,7.493193401235881,2.458284643082693,2.7373697962160466
datasets/synthetic_data/s2.csv,298,<timecave.validation_methods.markov.MarkovCV object at 0x00000250E989A2D0>,1,ARMA,2.9770845331641826,1.3432543438064677,1.7254230012272882
datasets/synthetic_data/s2.csv,298,<timecave.validation_methods.markov.MarkovCV object at 0x00000250E989A2D0>,2,Tree,1.9810525887529107,1.0934581946050994,1.4074986993787635
datasets/synthetic_data/s2.csv,298,<timecave.validation_methods.markov.MarkovCV object at 0x00000250E989A2D0>,2,ARMA,0.9685234732872862,0.809844060500077,0.9841359018384027
datasets/synthetic_data/s2.csv,298,<timecave.validation_methods.markov.MarkovCV object at 0x00000250E989A2D0>,3,Tree,2.4051326373126742,1.1050379503996317,1.5508490053234307
datasets/synthetic_data/s2.csv,298,<timecave.validation_methods.markov.MarkovCV object at 0x00000250E989A2D0>,3,ARMA,1.2333884114463813,0.8944737381047339,1.1105802138730823
datasets/synthetic_data/s2.csv,298,<timecave.validation_methods.markov.MarkovCV object at 0x00000250E989A2D0>,4,Tree,1.6260247878335343,0.9113687759750775,1.2751567699046005
datasets/synthetic_data/s2.csv,298,<timecave.validation_methods.markov.MarkovCV object at 0x00000250E989A2D0>,4,ARMA,1.2034051732938331,1.032275336815697,1.0969982558298956
datasets/synthetic_data/s2.csv,298,<timecave.validation_methods.markov.MarkovCV object at 0x00000250E989A2D0>,5,Tree,2.0290351772363944,1.1397107696931856,1.4244420582236381
datasets/synthetic_data/s2.csv,298,<timecave.validation_methods.markov.MarkovCV object at 0x00000250E989A2D0>,5,ARMA,1.0028168504956216,0.8364522978792064,1.0014074348114366
datasets/synthetic_data/s2.csv,298,<timecave.validation_methods.markov.MarkovCV object at 0x00000250E989A2D0>,6,Tree,3.788660445656704,1.4651972194365357,1.9464481615642129
datasets/synthetic_data/s2.csv,298,<timecave.validation_methods.markov.MarkovCV object at 0x00000250E989A2D0>,6,ARMA,2.79803162272869,1.3365695906496935,1.6727317844558014
datasets/synthetic_data/s2.csv,298,<timecave.validation_methods.markov.MarkovCV object at 0x00000250E989A2D0>,7,Tree,3.5183157298794927,1.5267887669353835,1.8757173907280096
datasets/synthetic_data/s2.csv,298,<timecave.validation_methods.markov.MarkovCV object at 0x00000250E989A2D0>,7,ARMA,1.0377270964186303,0.828645172761836,1.0186889105210826
datasets/synthetic_data/s2.csv,298,<timecave.validation_methods.markov.MarkovCV object at 0x00000250E989A2D0>,8,Tree,3.0839403425477157,1.4752731778157766,1.756115127930887
datasets/synthetic_data/s2.csv,298,<timecave.validation_methods.markov.MarkovCV object at 0x00000250E989A2D0>,8,ARMA,2.692476591022477,1.1389347044115796,1.6408767750877813
datasets/synthetic_data/s2.csv,298,<timecave.validation_methods.markov.MarkovCV object at 0x00000250E989A2D0>,9,Tree,1.2586245347303626,0.9671911346781736,1.1218843678072898
datasets/synthetic_data/s2.csv,298,<timecave.validation_methods.markov.MarkovCV object at 0x00000250E989A2D0>,9,ARMA,1.550315008694654,1.046272867828284,1.2451164639079566
datasets/synthetic_data/s2.csv,299,<timecave.validation_methods.OOS.Holdout object at 0x00000250F29B0BC0>,0,Tree,2.0364158482857455,1.0859682487815487,1.4270304300489691
datasets/synthetic_data/s2.csv,299,<timecave.validation_methods.OOS.Holdout object at 0x00000250F29B0BC0>,0,ARMA,2.0112880773701955,1.1348097705724547,1.418198884984118
datasets/synthetic_data/s2.csv,299,<timecave.validation_methods.OOS.Repeated_Holdout object at 0x00000250F29B3080>,0,Tree,2.0782820075546193,1.0586113049301475,1.4416247804316555
datasets/synthetic_data/s2.csv,299,<timecave.validation_methods.OOS.Repeated_Holdout object at 0x00000250F29B3080>,0,ARMA,1.8965738404280517,1.1184986131383854,1.3771615157373704
datasets/synthetic_data/s2.csv,299,<timecave.validation_methods.OOS.Repeated_Holdout object at 0x00000250F29B3080>,1,Tree,3.317656258064536,1.2368553045353337,1.8214434545339409
datasets/synthetic_data/s2.csv,299,<timecave.validation_methods.OOS.Repeated_Holdout object at 0x00000250F29B3080>,1,ARMA,1.9997112352262805,1.1298711068287965,1.4141114649228612
datasets/synthetic_data/s2.csv,299,<timecave.validation_methods.OOS.Repeated_Holdout object at 0x00000250F29B3080>,2,Tree,1.8116753742813938,0.9414206766258658,1.345984908638055
datasets/synthetic_data/s2.csv,299,<timecave.validation_methods.OOS.Repeated_Holdout object at 0x00000250F29B3080>,2,ARMA,1.7875586234769354,1.0932775330503015,1.3369961194696622
datasets/synthetic_data/s2.csv,299,<timecave.validation_methods.OOS.Repeated_Holdout object at 0x00000250F29B3080>,3,Tree,2.2240606394493465,1.111533141779865,1.4913284814048668
datasets/synthetic_data/s2.csv,299,<timecave.validation_methods.OOS.Repeated_Holdout object at 0x00000250F29B3080>,3,ARMA,2.0112880773701955,1.1348097705724547,1.418198884984118
datasets/synthetic_data/s2.csv,299,<timecave.validation_methods.prequential.Growing_Window object at 0x00000250F26207A0>,0,Tree,3.9935435981117915,1.6681662011216365,1.9983852476716775
datasets/synthetic_data/s2.csv,299,<timecave.validation_methods.prequential.Growing_Window object at 0x00000250F26207A0>,0,ARMA,2.9741725351362236,1.3860563481638617,1.7245789443038622
datasets/synthetic_data/s2.csv,299,<timecave.validation_methods.prequential.Growing_Window object at 0x00000250F26207A0>,1,Tree,2.735124190573567,1.2467346750935928,1.6538210878367607
datasets/synthetic_data/s2.csv,299,<timecave.validation_methods.prequential.Growing_Window object at 0x00000250F26207A0>,1,ARMA,1.4147087292274003,0.8953877955581641,1.189415288798408
datasets/synthetic_data/s2.csv,299,<timecave.validation_methods.prequential.Growing_Window object at 0x00000250F26207A0>,2,Tree,3.627302248343889,1.5618369924029591,1.9045477805358124
datasets/synthetic_data/s2.csv,299,<timecave.validation_methods.prequential.Growing_Window object at 0x00000250F26207A0>,2,ARMA,1.8171597731474156,1.0821372846652322,1.3480206872104803
datasets/synthetic_data/s2.csv,299,<timecave.validation_methods.prequential.Growing_Window object at 0x00000250F26207A0>,3,Tree,3.135097226258305,1.2353465472691396,1.7706205765940666
datasets/synthetic_data/s2.csv,299,<timecave.validation_methods.prequential.Growing_Window object at 0x00000250F26207A0>,3,ARMA,2.0576679583906903,1.1619686774383042,1.4344573741978848
datasets/synthetic_data/s2.csv,299,<timecave.validation_methods.prequential.Growing_Window object at 0x00000250F2621670>,0,Tree,1.6571956879443832,0.9915433933167507,1.2873211285240305
datasets/synthetic_data/s2.csv,299,<timecave.validation_methods.prequential.Growing_Window object at 0x00000250F2621670>,0,ARMA,2.2401806861091598,1.1644587347208322,1.4967233164847669
datasets/synthetic_data/s2.csv,299,<timecave.validation_methods.prequential.Growing_Window object at 0x00000250F2621670>,1,Tree,3.625432481629689,1.49342125011126,1.9040568483187914
datasets/synthetic_data/s2.csv,299,<timecave.validation_methods.prequential.Growing_Window object at 0x00000250F2621670>,1,ARMA,1.8205813795277899,1.0707435701108408,1.3492892127071163
datasets/synthetic_data/s2.csv,299,<timecave.validation_methods.prequential.Growing_Window object at 0x00000250F2621670>,2,Tree,2.523937178089855,1.1961120107019931,1.5886903971793418
datasets/synthetic_data/s2.csv,299,<timecave.validation_methods.prequential.Growing_Window object at 0x00000250F2621670>,2,ARMA,2.016843663819109,1.1676632491320906,1.420156211062399
datasets/synthetic_data/s2.csv,299,<timecave.validation_methods.prequential.Rolling_Window object at 0x00000250F2623AA0>,0,Tree,3.889401196019835,1.6222438162129202,1.972156483654336
datasets/synthetic_data/s2.csv,299,<timecave.validation_methods.prequential.Rolling_Window object at 0x00000250F2623AA0>,0,ARMA,2.9741725351362236,1.3860563481638617,1.7245789443038622
datasets/synthetic_data/s2.csv,299,<timecave.validation_methods.prequential.Rolling_Window object at 0x00000250F2623AA0>,1,Tree,1.5163444417421166,0.9500556640612629,1.2313993835235246
datasets/synthetic_data/s2.csv,299,<timecave.validation_methods.prequential.Rolling_Window object at 0x00000250F2623AA0>,1,ARMA,1.4139765616532491,0.9018385316706533,1.1891074642996944
datasets/synthetic_data/s2.csv,299,<timecave.validation_methods.prequential.Rolling_Window object at 0x00000250F2623AA0>,2,Tree,4.163030313302669,1.67069301280965,2.040350536869258
datasets/synthetic_data/s2.csv,299,<timecave.validation_methods.prequential.Rolling_Window object at 0x00000250F2623AA0>,2,ARMA,1.760784600835558,1.0384792833893375,1.326945590759304
datasets/synthetic_data/s2.csv,299,<timecave.validation_methods.prequential.Rolling_Window object at 0x00000250F2623AA0>,3,Tree,3.6226669926553208,1.5296123473352994,1.903330500111665
datasets/synthetic_data/s2.csv,299,<timecave.validation_methods.prequential.Rolling_Window object at 0x00000250F2623AA0>,3,ARMA,2.0387893831535155,1.1620095144328537,1.427861822149999
datasets/synthetic_data/s2.csv,299,<timecave.validation_methods.prequential.Rolling_Window object at 0x00000250F2A0C530>,0,Tree,1.8517894075546124,1.0701011784803334,1.3608046911862894
datasets/synthetic_data/s2.csv,299,<timecave.validation_methods.prequential.Rolling_Window object at 0x00000250F2A0C530>,0,ARMA,2.2401806861091598,1.1644587347208322,1.4967233164847669
datasets/synthetic_data/s2.csv,299,<timecave.validation_methods.prequential.Rolling_Window object at 0x00000250F2A0C530>,1,Tree,3.3707620797235585,1.370457434501276,1.8359635289742438
datasets/synthetic_data/s2.csv,299,<timecave.validation_methods.prequential.Rolling_Window object at 0x00000250F2A0C530>,1,ARMA,1.8455160769140382,1.0816781571356873,1.3584977279752948
datasets/synthetic_data/s2.csv,299,<timecave.validation_methods.prequential.Rolling_Window object at 0x00000250F2A0C530>,2,Tree,3.426320273642088,1.4635562320107867,1.8510322184235715
datasets/synthetic_data/s2.csv,299,<timecave.validation_methods.prequential.Rolling_Window object at 0x00000250F2A0C530>,2,ARMA,2.070296215987396,1.1988963564098958,1.4388523954830794
datasets/synthetic_data/s2.csv,299,<timecave.validation_methods.CV.Block_CV object at 0x00000250F25E4260>,0,Tree,2.1844747192225524,1.1552941954702096,1.4779968603561215
datasets/synthetic_data/s2.csv,299,<timecave.validation_methods.CV.Block_CV object at 0x00000250F25E4260>,0,ARMA,1.7006483277819326,1.0696639914597679,1.304089079695836
datasets/synthetic_data/s2.csv,299,<timecave.validation_methods.CV.Block_CV object at 0x00000250F25E4260>,1,Tree,1.9523911604270123,1.0382940649840078,1.3972799148441992
datasets/synthetic_data/s2.csv,299,<timecave.validation_methods.CV.Block_CV object at 0x00000250F25E4260>,1,ARMA,3.1224396349126105,1.4346910258344137,1.7670426239659898
datasets/synthetic_data/s2.csv,299,<timecave.validation_methods.CV.Block_CV object at 0x00000250F25E4260>,2,Tree,3.3278244829543837,1.5165566226688367,1.824232573701715
datasets/synthetic_data/s2.csv,299,<timecave.validation_methods.CV.Block_CV object at 0x00000250F25E4260>,2,ARMA,1.436894900581297,0.9216505833198849,1.1987055103657849
datasets/synthetic_data/s2.csv,299,<timecave.validation_methods.CV.Block_CV object at 0x00000250F25E4260>,3,Tree,4.0030118119940035,1.5043797987213747,2.000752811317281
datasets/synthetic_data/s2.csv,299,<timecave.validation_methods.CV.Block_CV object at 0x00000250F25E4260>,3,ARMA,1.841835014485656,1.0909024656242843,1.3571422233817854
datasets/synthetic_data/s2.csv,299,<timecave.validation_methods.CV.Block_CV object at 0x00000250F25E4260>,4,Tree,3.145464363914187,1.2353998874549066,1.7735457039259481
datasets/synthetic_data/s2.csv,299,<timecave.validation_methods.CV.Block_CV object at 0x00000250F25E4260>,4,ARMA,2.0576679583906903,1.1619686774383042,1.4344573741978848
datasets/synthetic_data/s2.csv,299,<timecave.validation_methods.CV.AdaptedhvBlockCV object at 0x00000250F6BB1DF0>,0,Tree,2.3484241887293384,1.2067645382586614,1.532456912519676
datasets/synthetic_data/s2.csv,299,<timecave.validation_methods.CV.AdaptedhvBlockCV object at 0x00000250F6BB1DF0>,0,ARMA,1.7008398325557958,1.069704210682476,1.3041625023576608
datasets/synthetic_data/s2.csv,299,<timecave.validation_methods.CV.AdaptedhvBlockCV object at 0x00000250F6BB1DF0>,1,Tree,2.271412399920008,1.1622680976772468,1.5071205658207998
datasets/synthetic_data/s2.csv,299,<timecave.validation_methods.CV.AdaptedhvBlockCV object at 0x00000250F6BB1DF0>,1,ARMA,3.0906407682105126,1.4260500286455482,1.7580218338264495
datasets/synthetic_data/s2.csv,299,<timecave.validation_methods.CV.AdaptedhvBlockCV object at 0x00000250F6BB1DF0>,2,Tree,3.2853535528083486,1.490101365142238,1.8125544275437218
datasets/synthetic_data/s2.csv,299,<timecave.validation_methods.CV.AdaptedhvBlockCV object at 0x00000250F6BB1DF0>,2,ARMA,1.434215533006499,0.9206732228323488,1.1975873801132422
datasets/synthetic_data/s2.csv,299,<timecave.validation_methods.CV.AdaptedhvBlockCV object at 0x00000250F6BB1DF0>,3,Tree,3.7088945234947324,1.401858877701294,1.925849039643225
datasets/synthetic_data/s2.csv,299,<timecave.validation_methods.CV.AdaptedhvBlockCV object at 0x00000250F6BB1DF0>,3,ARMA,1.843750925224795,1.0937622898654382,1.357847902095369
datasets/synthetic_data/s2.csv,299,<timecave.validation_methods.CV.AdaptedhvBlockCV object at 0x00000250F6BB1DF0>,4,Tree,3.4383146526509214,1.2826693147523693,1.85426930424114
datasets/synthetic_data/s2.csv,299,<timecave.validation_methods.CV.AdaptedhvBlockCV object at 0x00000250F6BB1DF0>,4,ARMA,2.0579137766230535,1.1707516288881306,1.4345430549910496
datasets/synthetic_data/s2.csv,299,<timecave.validation_methods.markov.MarkovCV object at 0x00000250E98F16A0>,0,Tree,4.077200995824898,1.5510149606143124,2.019208012024739
datasets/synthetic_data/s2.csv,299,<timecave.validation_methods.markov.MarkovCV object at 0x00000250E98F16A0>,0,ARMA,2.3795538762285884,1.274424148811022,1.5425802657329013
datasets/synthetic_data/s2.csv,299,<timecave.validation_methods.markov.MarkovCV object at 0x00000250E98F16A0>,1,Tree,4.862823663740267,1.7963168390798334,2.2051810954523137
datasets/synthetic_data/s2.csv,299,<timecave.validation_methods.markov.MarkovCV object at 0x00000250E98F16A0>,1,ARMA,2.510967228836079,1.241335664317082,1.5846031770875884
datasets/synthetic_data/s2.csv,299,<timecave.validation_methods.markov.MarkovCV object at 0x00000250E98F16A0>,2,Tree,2.2104557161498026,1.268144341988138,1.4867601407590272
datasets/synthetic_data/s2.csv,299,<timecave.validation_methods.markov.MarkovCV object at 0x00000250E98F16A0>,2,ARMA,1.859943589277512,1.1231416108969539,1.363797488367504
datasets/synthetic_data/s2.csv,299,<timecave.validation_methods.markov.MarkovCV object at 0x00000250E98F16A0>,3,Tree,3.5988157209048426,1.5790675669898093,1.8970544854866036
datasets/synthetic_data/s2.csv,299,<timecave.validation_methods.markov.MarkovCV object at 0x00000250E98F16A0>,3,ARMA,1.2271498000173289,0.9169338709351637,1.1077679359944161
datasets/synthetic_data/s2.csv,299,<timecave.validation_methods.markov.MarkovCV object at 0x00000250E98F16A0>,4,Tree,2.6996148598473257,1.419952240236456,1.6430504739195706
datasets/synthetic_data/s2.csv,299,<timecave.validation_methods.markov.MarkovCV object at 0x00000250E98F16A0>,4,ARMA,1.6578865035979489,1.0812497052564782,1.2875894157680658
datasets/synthetic_data/s2.csv,299,<timecave.validation_methods.markov.MarkovCV object at 0x00000250E98F16A0>,5,Tree,3.1943665028674597,1.5082669423925523,1.7872790780590087
datasets/synthetic_data/s2.csv,299,<timecave.validation_methods.markov.MarkovCV object at 0x00000250E98F16A0>,5,ARMA,1.3745990026014068,0.9600926170811075,1.1724329416224224
datasets/synthetic_data/s2.csv,299,<timecave.validation_methods.markov.MarkovCV object at 0x00000250E98F16A0>,6,Tree,5.177217647768187,1.8010654487774074,2.2753500055525935
datasets/synthetic_data/s2.csv,299,<timecave.validation_methods.markov.MarkovCV object at 0x00000250E98F16A0>,6,ARMA,3.344576050694384,1.3711925420894668,1.8288182114946208
datasets/synthetic_data/s2.csv,299,<timecave.validation_methods.markov.MarkovCV object at 0x00000250E98F16A0>,7,Tree,5.774955905261479,2.069959425560433,2.4031137936563636
datasets/synthetic_data/s2.csv,299,<timecave.validation_methods.markov.MarkovCV object at 0x00000250E98F16A0>,7,ARMA,2.5422067596206763,1.263866019666438,1.5944299168106062
datasets/synthetic_data/s2.csv,299,<timecave.validation_methods.markov.MarkovCV object at 0x00000250E98F16A0>,8,Tree,4.64676375562658,1.5956836895295188,2.15563534848234
datasets/synthetic_data/s2.csv,299,<timecave.validation_methods.markov.MarkovCV object at 0x00000250E98F16A0>,8,ARMA,1.9659244131500286,1.1622341411562038,1.4021142653685643
datasets/synthetic_data/s2.csv,299,<timecave.validation_methods.markov.MarkovCV object at 0x00000250E98F16A0>,9,Tree,2.5071080454424446,1.468682096521188,1.5833849959635353
datasets/synthetic_data/s2.csv,299,<timecave.validation_methods.markov.MarkovCV object at 0x00000250E98F16A0>,9,ARMA,1.9665415892405904,1.210912183545543,1.4023343357561315
datasets/synthetic_data/s2.csv,300,<timecave.validation_methods.OOS.Holdout object at 0x00000250F29F7F50>,0,Tree,2.4706839725168157,1.3219014072725048,1.5718409501335737
datasets/synthetic_data/s2.csv,300,<timecave.validation_methods.OOS.Holdout object at 0x00000250F29F7F50>,0,ARMA,1.3076100882162043,0.913705628194266,1.1435077998055825
datasets/synthetic_data/s2.csv,300,<timecave.validation_methods.OOS.Repeated_Holdout object at 0x00000250F29F4140>,0,Tree,2.70506987562886,1.2518606290216272,1.6447096630192395
datasets/synthetic_data/s2.csv,300,<timecave.validation_methods.OOS.Repeated_Holdout object at 0x00000250F29F4140>,0,ARMA,1.461997615734844,0.9788491666575767,1.2091309340740746
datasets/synthetic_data/s2.csv,300,<timecave.validation_methods.OOS.Repeated_Holdout object at 0x00000250F29F4140>,1,Tree,1.572123913801001,1.0479828039748647,1.2538436560436876
datasets/synthetic_data/s2.csv,300,<timecave.validation_methods.OOS.Repeated_Holdout object at 0x00000250F29F4140>,1,ARMA,1.503932472754041,1.0079496431344661,1.2263492458325407
datasets/synthetic_data/s2.csv,300,<timecave.validation_methods.OOS.Repeated_Holdout object at 0x00000250F29F4140>,2,Tree,2.668209653746481,1.3520780476709968,1.6334655349123473
datasets/synthetic_data/s2.csv,300,<timecave.validation_methods.OOS.Repeated_Holdout object at 0x00000250F29F4140>,2,ARMA,1.3948168482365861,0.9464494359960999,1.1810236442326572
datasets/synthetic_data/s2.csv,300,<timecave.validation_methods.OOS.Repeated_Holdout object at 0x00000250F29F4140>,3,Tree,2.295263305493016,1.2495054553932634,1.5150126420241568
datasets/synthetic_data/s2.csv,300,<timecave.validation_methods.OOS.Repeated_Holdout object at 0x00000250F29F4140>,3,ARMA,1.3076100882162043,0.913705628194266,1.1435077998055825
datasets/synthetic_data/s2.csv,300,<timecave.validation_methods.prequential.Growing_Window object at 0x00000250F265AF60>,0,Tree,3.8708122165519225,1.4975956250090487,1.967437982898552
datasets/synthetic_data/s2.csv,300,<timecave.validation_methods.prequential.Growing_Window object at 0x00000250F265AF60>,0,ARMA,2.260849322089147,1.166445926418814,1.5036120916277398
datasets/synthetic_data/s2.csv,300,<timecave.validation_methods.prequential.Growing_Window object at 0x00000250F265AF60>,1,Tree,3.0646745251460725,1.3761602803460424,1.7506211826509106
datasets/synthetic_data/s2.csv,300,<timecave.validation_methods.prequential.Growing_Window object at 0x00000250F265AF60>,1,ARMA,2.574052378408263,1.3091524057095612,1.6043853584498529
datasets/synthetic_data/s2.csv,300,<timecave.validation_methods.prequential.Growing_Window object at 0x00000250F265AF60>,2,Tree,2.836008970345416,1.3202255547647976,1.6840454181361666
datasets/synthetic_data/s2.csv,300,<timecave.validation_methods.prequential.Growing_Window object at 0x00000250F265AF60>,2,ARMA,1.2159948108861314,0.8548579120462395,1.1027215473029133
datasets/synthetic_data/s2.csv,300,<timecave.validation_methods.prequential.Growing_Window object at 0x00000250F265AF60>,3,Tree,1.603673084450833,1.0844981161933043,1.2663621458535599
datasets/synthetic_data/s2.csv,300,<timecave.validation_methods.prequential.Growing_Window object at 0x00000250F265AF60>,3,ARMA,1.2799089247667739,0.922183514037519,1.1313305992355964
datasets/synthetic_data/s2.csv,300,<timecave.validation_methods.prequential.Growing_Window object at 0x00000250F265A9C0>,0,Tree,4.32209643640732,1.6537793168445813,2.078965232130475
datasets/synthetic_data/s2.csv,300,<timecave.validation_methods.prequential.Growing_Window object at 0x00000250F265A9C0>,0,ARMA,3.278565436078212,1.4785972023093086,1.8106809316050723
datasets/synthetic_data/s2.csv,300,<timecave.validation_methods.prequential.Growing_Window object at 0x00000250F265A9C0>,1,Tree,2.4541702579872116,1.3013386105501141,1.566579157906555
datasets/synthetic_data/s2.csv,300,<timecave.validation_methods.prequential.Growing_Window object at 0x00000250F265A9C0>,1,ARMA,1.1189847453492467,0.8197491766529685,1.0578207529393846
datasets/synthetic_data/s2.csv,300,<timecave.validation_methods.prequential.Growing_Window object at 0x00000250F265A9C0>,2,Tree,2.1117454740278623,1.1462666427629993,1.4531845973680915
datasets/synthetic_data/s2.csv,300,<timecave.validation_methods.prequential.Growing_Window object at 0x00000250F265A9C0>,2,ARMA,1.6986542082765235,1.0625958198102172,1.3033242912938143
datasets/synthetic_data/s2.csv,300,<timecave.validation_methods.prequential.Rolling_Window object at 0x00000250F25580B0>,0,Tree,3.5137433608277644,1.3869352572465914,1.8744981623964758
datasets/synthetic_data/s2.csv,300,<timecave.validation_methods.prequential.Rolling_Window object at 0x00000250F25580B0>,0,ARMA,2.260849322089147,1.166445926418814,1.5036120916277398
datasets/synthetic_data/s2.csv,300,<timecave.validation_methods.prequential.Rolling_Window object at 0x00000250F25580B0>,1,Tree,1.7190680936286316,1.1253291493092874,1.3111323707500442
datasets/synthetic_data/s2.csv,300,<timecave.validation_methods.prequential.Rolling_Window object at 0x00000250F25580B0>,1,ARMA,2.229189729667189,1.1665900405424396,1.4930471290844067
datasets/synthetic_data/s2.csv,300,<timecave.validation_methods.prequential.Rolling_Window object at 0x00000250F25580B0>,2,Tree,2.962069462838011,1.4065524087442964,1.7210663737456529
datasets/synthetic_data/s2.csv,300,<timecave.validation_methods.prequential.Rolling_Window object at 0x00000250F25580B0>,2,ARMA,2.295096584852995,1.2837878249452919,1.5149576181705529
datasets/synthetic_data/s2.csv,300,<timecave.validation_methods.prequential.Rolling_Window object at 0x00000250F25580B0>,3,Tree,2.2763909443684596,1.2737932591972025,1.5087713360110138
datasets/synthetic_data/s2.csv,300,<timecave.validation_methods.prequential.Rolling_Window object at 0x00000250F25580B0>,3,ARMA,1.4052645970072852,0.9771362853444934,1.1854385673695982
datasets/synthetic_data/s2.csv,300,<timecave.validation_methods.prequential.Rolling_Window object at 0x00000250F2A0C890>,0,Tree,4.296267839314997,1.6624834846623833,2.0727440361306066
datasets/synthetic_data/s2.csv,300,<timecave.validation_methods.prequential.Rolling_Window object at 0x00000250F2A0C890>,0,ARMA,3.278565436078212,1.4785972023093086,1.8106809316050723
datasets/synthetic_data/s2.csv,300,<timecave.validation_methods.prequential.Rolling_Window object at 0x00000250F2A0C890>,1,Tree,1.7015745757853467,1.0470481673644252,1.3044441635368478
datasets/synthetic_data/s2.csv,300,<timecave.validation_methods.prequential.Rolling_Window object at 0x00000250F2A0C890>,1,ARMA,1.241998178203553,0.8746647648744765,1.1144497199082393
datasets/synthetic_data/s2.csv,300,<timecave.validation_methods.prequential.Rolling_Window object at 0x00000250F2A0C890>,2,Tree,1.6936322502938677,1.0574050163321382,1.3013962695097399
datasets/synthetic_data/s2.csv,300,<timecave.validation_methods.prequential.Rolling_Window object at 0x00000250F2A0C890>,2,ARMA,2.362853097614008,1.236102509126795,1.5371574732648596
datasets/synthetic_data/s2.csv,300,<timecave.validation_methods.CV.Block_CV object at 0x00000250F6A46060>,0,Tree,1.7540361293241498,1.0040099745639524,1.3244002904424892
datasets/synthetic_data/s2.csv,300,<timecave.validation_methods.CV.Block_CV object at 0x00000250F6A46060>,0,ARMA,1.5905479265461544,1.0302190457064184,1.2611692695852348
datasets/synthetic_data/s2.csv,300,<timecave.validation_methods.CV.Block_CV object at 0x00000250F6A46060>,1,Tree,2.0205694655336317,1.1916375384686124,1.4214673635133632
datasets/synthetic_data/s2.csv,300,<timecave.validation_methods.CV.Block_CV object at 0x00000250F6A46060>,1,ARMA,1.749870161582542,1.0106490711010379,1.3228265803129835
datasets/synthetic_data/s2.csv,300,<timecave.validation_methods.CV.Block_CV object at 0x00000250F6A46060>,2,Tree,2.646583363761332,1.4045373182660208,1.6268323096623487
datasets/synthetic_data/s2.csv,300,<timecave.validation_methods.CV.Block_CV object at 0x00000250F6A46060>,2,ARMA,2.3503198596786783,1.2518820147806085,1.53307529484976
datasets/synthetic_data/s2.csv,300,<timecave.validation_methods.CV.Block_CV object at 0x00000250F6A46060>,3,Tree,3.685213514240596,1.6059904196899368,1.9196909944677545
datasets/synthetic_data/s2.csv,300,<timecave.validation_methods.CV.Block_CV object at 0x00000250F6A46060>,3,ARMA,1.237580164541449,0.8760985294371084,1.1124658037627264
datasets/synthetic_data/s2.csv,300,<timecave.validation_methods.CV.Block_CV object at 0x00000250F6A46060>,4,Tree,1.5628407763392376,1.0657057577489968,1.2501363031042805
datasets/synthetic_data/s2.csv,300,<timecave.validation_methods.CV.Block_CV object at 0x00000250F6A46060>,4,ARMA,1.2799089247667739,0.922183514037519,1.1313305992355964
datasets/synthetic_data/s2.csv,300,<timecave.validation_methods.CV.AdaptedhvBlockCV object at 0x00000250F2607A40>,0,Tree,2.1482314569886793,1.0685168461671228,1.465684637631397
datasets/synthetic_data/s2.csv,300,<timecave.validation_methods.CV.AdaptedhvBlockCV object at 0x00000250F2607A40>,0,ARMA,1.588998588198752,1.0296069237140792,1.2605548731406944
datasets/synthetic_data/s2.csv,300,<timecave.validation_methods.CV.AdaptedhvBlockCV object at 0x00000250F2607A40>,1,Tree,2.4233736384604416,1.2108114979277331,1.5567188694367526
datasets/synthetic_data/s2.csv,300,<timecave.validation_methods.CV.AdaptedhvBlockCV object at 0x00000250F2607A40>,1,ARMA,1.7792162949355912,1.0197868059630903,1.333872668186732
datasets/synthetic_data/s2.csv,300,<timecave.validation_methods.CV.AdaptedhvBlockCV object at 0x00000250F2607A40>,2,Tree,2.1149125447283144,1.1407071694522495,1.4542738891722957
datasets/synthetic_data/s2.csv,300,<timecave.validation_methods.CV.AdaptedhvBlockCV object at 0x00000250F2607A40>,2,ARMA,2.355139215412146,1.252210744916778,1.5346462834842909
datasets/synthetic_data/s2.csv,300,<timecave.validation_methods.CV.AdaptedhvBlockCV object at 0x00000250F2607A40>,3,Tree,3.1523225706435336,1.4827765987929904,1.7754781245184446
datasets/synthetic_data/s2.csv,300,<timecave.validation_methods.CV.AdaptedhvBlockCV object at 0x00000250F2607A40>,3,ARMA,1.2327743995729472,0.8761873851916042,1.1103037420332091
datasets/synthetic_data/s2.csv,300,<timecave.validation_methods.CV.AdaptedhvBlockCV object at 0x00000250F2607A40>,4,Tree,1.798953958887035,1.1316721168166923,1.3412508933406289
datasets/synthetic_data/s2.csv,300,<timecave.validation_methods.CV.AdaptedhvBlockCV object at 0x00000250F2607A40>,4,ARMA,1.4061491038694505,0.9748295640034152,1.1858115802560922
datasets/synthetic_data/s2.csv,300,<timecave.validation_methods.markov.MarkovCV object at 0x00000250F26070E0>,0,Tree,2.906380313532855,1.3453223024187466,1.704810931902085
datasets/synthetic_data/s2.csv,300,<timecave.validation_methods.markov.MarkovCV object at 0x00000250F26070E0>,0,ARMA,1.8324046332045745,1.0914440685445403,1.3536634120801871
datasets/synthetic_data/s2.csv,300,<timecave.validation_methods.markov.MarkovCV object at 0x00000250F26070E0>,1,Tree,3.1812609693768907,1.4727602563511168,1.7836089732272853
datasets/synthetic_data/s2.csv,300,<timecave.validation_methods.markov.MarkovCV object at 0x00000250F26070E0>,1,ARMA,2.701697943843866,1.3350847938954935,1.643684259170193
datasets/synthetic_data/s2.csv,300,<timecave.validation_methods.markov.MarkovCV object at 0x00000250F26070E0>,2,Tree,0.8172323959943943,0.7605600216624108,0.9040090685354846
datasets/synthetic_data/s2.csv,300,<timecave.validation_methods.markov.MarkovCV object at 0x00000250F26070E0>,2,ARMA,1.0113912268861907,0.8561240800893734,1.005679485167213
datasets/synthetic_data/s2.csv,300,<timecave.validation_methods.markov.MarkovCV object at 0x00000250F26070E0>,3,Tree,1.9981916049885071,1.1723982518054439,1.413574053591996
datasets/synthetic_data/s2.csv,300,<timecave.validation_methods.markov.MarkovCV object at 0x00000250F26070E0>,3,ARMA,0.9066773297167319,0.8558930572781374,0.9521960563438245
datasets/synthetic_data/s2.csv,300,<timecave.validation_methods.markov.MarkovCV object at 0x00000250F26070E0>,4,Tree,3.70771462343499,1.317568601965326,1.9255426828390458
datasets/synthetic_data/s2.csv,300,<timecave.validation_methods.markov.MarkovCV object at 0x00000250F26070E0>,4,ARMA,2.177218599489744,1.0831088692162365,1.4755401043312053
datasets/synthetic_data/s2.csv,300,<timecave.validation_methods.markov.MarkovCV object at 0x00000250F26070E0>,5,Tree,3.6236018849931018,1.6298805847774682,1.9035760780680928
datasets/synthetic_data/s2.csv,300,<timecave.validation_methods.markov.MarkovCV object at 0x00000250F26070E0>,5,ARMA,1.6497231201789255,1.0349761168639289,1.2844154780206152
datasets/synthetic_data/s2.csv,300,<timecave.validation_methods.markov.MarkovCV object at 0x00000250F26070E0>,6,Tree,1.2096497977595573,0.8572567037602404,1.099840805643961
datasets/synthetic_data/s2.csv,300,<timecave.validation_methods.markov.MarkovCV object at 0x00000250F26070E0>,6,ARMA,1.238418942750698,0.821426007908379,1.1128427304658544
datasets/synthetic_data/s2.csv,300,<timecave.validation_methods.markov.MarkovCV object at 0x00000250F26070E0>,7,Tree,2.38532050091677,1.2085041102132672,1.5444482836653255
datasets/synthetic_data/s2.csv,300,<timecave.validation_methods.markov.MarkovCV object at 0x00000250F26070E0>,7,ARMA,2.3956767738336056,1.2559998694564811,1.5477973943102519
datasets/synthetic_data/s2.csv,300,<timecave.validation_methods.markov.MarkovCV object at 0x00000250F26070E0>,8,Tree,4.738701824291298,1.7312173063672986,2.176855949366264
datasets/synthetic_data/s2.csv,300,<timecave.validation_methods.markov.MarkovCV object at 0x00000250F26070E0>,8,ARMA,1.7415036870410523,0.9864204446672309,1.3196604438419197
datasets/synthetic_data/s2.csv,300,<timecave.validation_methods.markov.MarkovCV object at 0x00000250F26070E0>,9,Tree,1.4552634576938983,0.9244126373053128,1.2063430099660288
datasets/synthetic_data/s2.csv,300,<timecave.validation_methods.markov.MarkovCV object at 0x00000250F26070E0>,9,ARMA,1.5988592296816815,1.0527509199040876,1.2644600546010465
datasets/synthetic_data/s2.csv,301,<timecave.validation_methods.OOS.Holdout object at 0x00000250F2669C40>,0,Tree,2.0818485012416765,1.1845443397123554,1.4428612203679454
datasets/synthetic_data/s2.csv,301,<timecave.validation_methods.OOS.Holdout object at 0x00000250F2669C40>,0,ARMA,1.357748412919114,0.9332040373372369,1.1652246190838547
datasets/synthetic_data/s2.csv,301,<timecave.validation_methods.OOS.Repeated_Holdout object at 0x00000250F2381F10>,0,Tree,2.095709264488975,1.121815532350175,1.447656473231469
datasets/synthetic_data/s2.csv,301,<timecave.validation_methods.OOS.Repeated_Holdout object at 0x00000250F2381F10>,0,ARMA,1.4315089571865078,0.9896828787681036,1.1964568346524282
datasets/synthetic_data/s2.csv,301,<timecave.validation_methods.OOS.Repeated_Holdout object at 0x00000250F2381F10>,1,Tree,2.5583934033561073,1.3103633577750677,1.599497859753525
datasets/synthetic_data/s2.csv,301,<timecave.validation_methods.OOS.Repeated_Holdout object at 0x00000250F2381F10>,1,ARMA,1.2095794765024628,0.8904987774441141,1.0998088363449636
datasets/synthetic_data/s2.csv,301,<timecave.validation_methods.OOS.Repeated_Holdout object at 0x00000250F2381F10>,2,Tree,2.2597898775749794,1.1915675909938659,1.5032597505338123
datasets/synthetic_data/s2.csv,301,<timecave.validation_methods.OOS.Repeated_Holdout object at 0x00000250F2381F10>,2,ARMA,1.3710469106345027,0.9584939708021661,1.1709171237258864
datasets/synthetic_data/s2.csv,301,<timecave.validation_methods.OOS.Repeated_Holdout object at 0x00000250F2381F10>,3,Tree,2.2403319524682797,1.2423184424612288,1.49677384813748
datasets/synthetic_data/s2.csv,301,<timecave.validation_methods.OOS.Repeated_Holdout object at 0x00000250F2381F10>,3,ARMA,1.357748412919114,0.9332040373372369,1.1652246190838547
datasets/synthetic_data/s2.csv,301,<timecave.validation_methods.prequential.Growing_Window object at 0x00000250F252A720>,0,Tree,3.295646354038314,1.3977739676320977,1.815391515359239
datasets/synthetic_data/s2.csv,301,<timecave.validation_methods.prequential.Growing_Window object at 0x00000250F252A720>,0,ARMA,1.9276400621421634,1.139264668089912,1.3883947789235465
datasets/synthetic_data/s2.csv,301,<timecave.validation_methods.prequential.Growing_Window object at 0x00000250F252A720>,1,Tree,3.8063626113652087,1.4804266186037143,1.9509901617807326
datasets/synthetic_data/s2.csv,301,<timecave.validation_methods.prequential.Growing_Window object at 0x00000250F252A720>,1,ARMA,1.2484100673322316,0.8775136520240736,1.1173227230000433
datasets/synthetic_data/s2.csv,301,<timecave.validation_methods.prequential.Growing_Window object at 0x00000250F252A720>,2,Tree,1.7622755472001501,1.0439229639918866,1.327507268228747
datasets/synthetic_data/s2.csv,301,<timecave.validation_methods.prequential.Growing_Window object at 0x00000250F252A720>,2,ARMA,1.9969498903232505,1.1501884130776674,1.41313477429552
datasets/synthetic_data/s2.csv,301,<timecave.validation_methods.prequential.Growing_Window object at 0x00000250F252A720>,3,Tree,2.58107337106601,1.3302391320697824,1.6065719314945128
datasets/synthetic_data/s2.csv,301,<timecave.validation_methods.prequential.Growing_Window object at 0x00000250F252A720>,3,ARMA,1.2274282600437734,0.8971418260808124,1.1078936140459397
datasets/synthetic_data/s2.csv,301,<timecave.validation_methods.prequential.Growing_Window object at 0x00000250F2A0C6B0>,0,Tree,2.409266791404614,1.3395916204734957,1.5521813010742702
datasets/synthetic_data/s2.csv,301,<timecave.validation_methods.prequential.Growing_Window object at 0x00000250F2A0C6B0>,0,ARMA,1.2030787608691604,0.8520370745753858,1.0968494704694718
datasets/synthetic_data/s2.csv,301,<timecave.validation_methods.prequential.Growing_Window object at 0x00000250F2A0C6B0>,1,Tree,2.63447601786333,1.2835028411167688,1.6231069027834644
datasets/synthetic_data/s2.csv,301,<timecave.validation_methods.prequential.Growing_Window object at 0x00000250F2A0C6B0>,1,ARMA,2.025674611188034,1.1574501773151202,1.4232619615474988
datasets/synthetic_data/s2.csv,301,<timecave.validation_methods.prequential.Growing_Window object at 0x00000250F2A0C6B0>,2,Tree,2.298483818238756,1.1810214734306823,1.5160751360795928
datasets/synthetic_data/s2.csv,301,<timecave.validation_methods.prequential.Growing_Window object at 0x00000250F2A0C6B0>,2,ARMA,1.2347466480606637,0.9013946710110129,1.1111915442715823
datasets/synthetic_data/s2.csv,301,<timecave.validation_methods.prequential.Rolling_Window object at 0x00000250F2A0D1C0>,0,Tree,3.245357786733766,1.344360603030319,1.8014876593342974
datasets/synthetic_data/s2.csv,301,<timecave.validation_methods.prequential.Rolling_Window object at 0x00000250F2A0D1C0>,0,ARMA,1.9276400621421634,1.139264668089912,1.3883947789235465
datasets/synthetic_data/s2.csv,301,<timecave.validation_methods.prequential.Rolling_Window object at 0x00000250F2A0D1C0>,1,Tree,1.8395837205273724,1.109583269854998,1.3563125452960214
datasets/synthetic_data/s2.csv,301,<timecave.validation_methods.prequential.Rolling_Window object at 0x00000250F2A0D1C0>,1,ARMA,1.338208685607,0.9104691021108489,1.156809701552939
datasets/synthetic_data/s2.csv,301,<timecave.validation_methods.prequential.Rolling_Window object at 0x00000250F2A0D1C0>,2,Tree,1.269064608595073,0.8804035708368814,1.126527677687092
datasets/synthetic_data/s2.csv,301,<timecave.validation_methods.prequential.Rolling_Window object at 0x00000250F2A0D1C0>,2,ARMA,1.8656148415440899,1.1180728491699314,1.3658751193077974
datasets/synthetic_data/s2.csv,301,<timecave.validation_methods.prequential.Rolling_Window object at 0x00000250F2A0D1C0>,3,Tree,1.7158339361229105,1.0460283982572687,1.3098984449654525
datasets/synthetic_data/s2.csv,301,<timecave.validation_methods.prequential.Rolling_Window object at 0x00000250F2A0D1C0>,3,ARMA,1.174299583386663,0.8742955027629865,1.08365104318072
datasets/synthetic_data/s2.csv,301,<timecave.validation_methods.prequential.Rolling_Window object at 0x00000250F2A0D8B0>,0,Tree,2.907348719978913,1.3856329574619015,1.7050949299024125
datasets/synthetic_data/s2.csv,301,<timecave.validation_methods.prequential.Rolling_Window object at 0x00000250F2A0D8B0>,0,ARMA,1.2030787608691604,0.8520370745753858,1.0968494704694718
datasets/synthetic_data/s2.csv,301,<timecave.validation_methods.prequential.Rolling_Window object at 0x00000250F2A0D8B0>,1,Tree,1.7854073672023465,1.0960921809956297,1.3361913662355203
datasets/synthetic_data/s2.csv,301,<timecave.validation_methods.prequential.Rolling_Window object at 0x00000250F2A0D8B0>,1,ARMA,2.041992037863652,1.1498624997029159,1.428982868289068
datasets/synthetic_data/s2.csv,301,<timecave.validation_methods.prequential.Rolling_Window object at 0x00000250F2A0D8B0>,2,Tree,2.060490000822728,1.0645768428810667,1.4354406991661925
datasets/synthetic_data/s2.csv,301,<timecave.validation_methods.prequential.Rolling_Window object at 0x00000250F2A0D8B0>,2,ARMA,1.1988225014727163,0.881538800343626,1.0949075310147045
datasets/synthetic_data/s2.csv,301,<timecave.validation_methods.CV.Block_CV object at 0x00000250F2A0E240>,0,Tree,3.1191076337567276,1.4833928172486006,1.7660995537502204
datasets/synthetic_data/s2.csv,301,<timecave.validation_methods.CV.Block_CV object at 0x00000250F2A0E240>,0,ARMA,1.8872169742087141,1.1180025413137031,1.373760158910104
datasets/synthetic_data/s2.csv,301,<timecave.validation_methods.CV.Block_CV object at 0x00000250F2A0E240>,1,Tree,2.592590726378631,1.2503109332638873,1.6101523922842307
datasets/synthetic_data/s2.csv,301,<timecave.validation_methods.CV.Block_CV object at 0x00000250F2A0E240>,1,ARMA,1.8698529897435963,1.1434484310419972,1.3674256797879716
datasets/synthetic_data/s2.csv,301,<timecave.validation_methods.CV.Block_CV object at 0x00000250F2A0E240>,2,Tree,2.3064644578437172,1.322571917109206,1.5187048619938364
datasets/synthetic_data/s2.csv,301,<timecave.validation_methods.CV.Block_CV object at 0x00000250F2A0E240>,2,ARMA,1.1412540007147467,0.8020942532560964,1.06829490343947
datasets/synthetic_data/s2.csv,301,<timecave.validation_methods.CV.Block_CV object at 0x00000250F2A0E240>,3,Tree,2.173514718240751,1.0846441096616313,1.474284476700732
datasets/synthetic_data/s2.csv,301,<timecave.validation_methods.CV.Block_CV object at 0x00000250F2A0E240>,3,ARMA,1.9811748648420737,1.149840317431895,1.407542136080506
datasets/synthetic_data/s2.csv,301,<timecave.validation_methods.CV.Block_CV object at 0x00000250F2A0E240>,4,Tree,2.490525792236132,1.3102647005422772,1.578139978657195
datasets/synthetic_data/s2.csv,301,<timecave.validation_methods.CV.Block_CV object at 0x00000250F2A0E240>,4,ARMA,1.2274282600437734,0.8971418260808124,1.1078936140459397
datasets/synthetic_data/s2.csv,301,<timecave.validation_methods.CV.AdaptedhvBlockCV object at 0x00000250F29B29F0>,0,Tree,2.5964134336454623,1.324803227160911,1.6113390188428574
datasets/synthetic_data/s2.csv,301,<timecave.validation_methods.CV.AdaptedhvBlockCV object at 0x00000250F29B29F0>,0,ARMA,1.8874906989591578,1.1179137699902817,1.3738597814038949
datasets/synthetic_data/s2.csv,301,<timecave.validation_methods.CV.AdaptedhvBlockCV object at 0x00000250F29B29F0>,1,Tree,2.4505603220080934,1.1577215396797031,1.565426562317151
datasets/synthetic_data/s2.csv,301,<timecave.validation_methods.CV.AdaptedhvBlockCV object at 0x00000250F29B29F0>,1,ARMA,1.877698591671647,1.1488017981624643,1.3702914258184815
datasets/synthetic_data/s2.csv,301,<timecave.validation_methods.CV.AdaptedhvBlockCV object at 0x00000250F29B29F0>,2,Tree,1.8656903719054883,1.1730255563351473,1.3659027681008222
datasets/synthetic_data/s2.csv,301,<timecave.validation_methods.CV.AdaptedhvBlockCV object at 0x00000250F29B29F0>,2,ARMA,1.1613343251606536,0.8172208070155031,1.077652228300324
datasets/synthetic_data/s2.csv,301,<timecave.validation_methods.CV.AdaptedhvBlockCV object at 0x00000250F29B29F0>,3,Tree,1.481954570824125,0.9247358230889021,1.2173555646663488
datasets/synthetic_data/s2.csv,301,<timecave.validation_methods.CV.AdaptedhvBlockCV object at 0x00000250F29B29F0>,3,ARMA,2.0085607905448795,1.1563687353667627,1.4172370269453447
datasets/synthetic_data/s2.csv,301,<timecave.validation_methods.CV.AdaptedhvBlockCV object at 0x00000250F29B29F0>,4,Tree,2.488839896622167,1.2843785694256478,1.5776057481583183
datasets/synthetic_data/s2.csv,301,<timecave.validation_methods.CV.AdaptedhvBlockCV object at 0x00000250F29B29F0>,4,ARMA,1.2433377601015136,0.8980959183335349,1.1150505639214365
datasets/synthetic_data/s2.csv,301,<timecave.validation_methods.markov.MarkovCV object at 0x00000250F29F60F0>,0,Tree,2.173608655244835,1.333887432051143,1.4743163348633275
datasets/synthetic_data/s2.csv,301,<timecave.validation_methods.markov.MarkovCV object at 0x00000250F29F60F0>,0,ARMA,2.3299810362178297,1.2921796092699511,1.52642754044135
datasets/synthetic_data/s2.csv,301,<timecave.validation_methods.markov.MarkovCV object at 0x00000250F29F60F0>,1,Tree,1.3163872608413212,0.8500758714520534,1.1473392091449335
datasets/synthetic_data/s2.csv,301,<timecave.validation_methods.markov.MarkovCV object at 0x00000250F29F60F0>,1,ARMA,0.8832894935151682,0.8007858586563774,0.9398348224635902
datasets/synthetic_data/s2.csv,301,<timecave.validation_methods.markov.MarkovCV object at 0x00000250F29F60F0>,2,Tree,6.546576439739879,2.1392234916999597,2.558627843149503
datasets/synthetic_data/s2.csv,301,<timecave.validation_methods.markov.MarkovCV object at 0x00000250F29F60F0>,2,ARMA,2.3342897602416146,1.13292181679474,1.5278382637706174
datasets/synthetic_data/s2.csv,301,<timecave.validation_methods.markov.MarkovCV object at 0x00000250F29F60F0>,3,Tree,2.8850665755801943,1.4342683701349432,1.6985483730468773
datasets/synthetic_data/s2.csv,301,<timecave.validation_methods.markov.MarkovCV object at 0x00000250F29F60F0>,3,ARMA,1.9785371523993285,1.2186873901775541,1.4066048316422521
datasets/synthetic_data/s2.csv,301,<timecave.validation_methods.markov.MarkovCV object at 0x00000250F29F60F0>,4,Tree,4.804835164195699,1.7588536012035014,2.191993422480026
datasets/synthetic_data/s2.csv,301,<timecave.validation_methods.markov.MarkovCV object at 0x00000250F29F60F0>,4,ARMA,5.083703977629872,1.8742700547259243,2.254707071357579
datasets/synthetic_data/s2.csv,301,<timecave.validation_methods.markov.MarkovCV object at 0x00000250F29F60F0>,5,Tree,3.535036282328021,1.3884243484131533,1.880169216407933
datasets/synthetic_data/s2.csv,301,<timecave.validation_methods.markov.MarkovCV object at 0x00000250F29F60F0>,5,ARMA,2.4969719157401866,1.2818431618062158,1.5801809756291165
datasets/synthetic_data/s2.csv,301,<timecave.validation_methods.markov.MarkovCV object at 0x00000250F29F60F0>,6,Tree,3.3777524898127966,1.625918373669733,1.8378662872507339
datasets/synthetic_data/s2.csv,301,<timecave.validation_methods.markov.MarkovCV object at 0x00000250F29F60F0>,6,ARMA,1.0671331522413596,0.8868217830508827,1.0330213706605298
datasets/synthetic_data/s2.csv,301,<timecave.validation_methods.markov.MarkovCV object at 0x00000250F29F60F0>,7,Tree,2.519381088208158,1.1891893546330392,1.5872558357770048
datasets/synthetic_data/s2.csv,301,<timecave.validation_methods.markov.MarkovCV object at 0x00000250F29F60F0>,7,ARMA,1.145905840954904,0.8416898393046982,1.0704699159504223
datasets/synthetic_data/s2.csv,301,<timecave.validation_methods.markov.MarkovCV object at 0x00000250F29F60F0>,8,Tree,5.397664317621612,2.0576433718615026,2.323287394538526
datasets/synthetic_data/s2.csv,301,<timecave.validation_methods.markov.MarkovCV object at 0x00000250F29F60F0>,8,ARMA,2.6080456885159653,1.4233229806831424,1.6149444846544927
datasets/synthetic_data/s2.csv,301,<timecave.validation_methods.markov.MarkovCV object at 0x00000250F29F60F0>,9,Tree,6.28369583797342,1.9941518153235611,2.506730108722002
datasets/synthetic_data/s2.csv,301,<timecave.validation_methods.markov.MarkovCV object at 0x00000250F29F60F0>,9,ARMA,2.4425535688196636,1.2889893964383732,1.56286709889858
datasets/synthetic_data/s2.csv,302,<timecave.validation_methods.OOS.Holdout object at 0x00000250F29B3B90>,0,Tree,2.100680823531782,1.1496833790156276,1.4493725620184004
datasets/synthetic_data/s2.csv,302,<timecave.validation_methods.OOS.Holdout object at 0x00000250F29B3B90>,0,ARMA,1.411351879318034,0.9265464498511152,1.1880033162066652
datasets/synthetic_data/s2.csv,302,<timecave.validation_methods.OOS.Repeated_Holdout object at 0x00000250F29B1D60>,0,Tree,1.706021208960393,1.0923229536365944,1.3061474683053185
datasets/synthetic_data/s2.csv,302,<timecave.validation_methods.OOS.Repeated_Holdout object at 0x00000250F29B1D60>,0,ARMA,1.5866633369227887,0.9792100195760575,1.2596282534632148
datasets/synthetic_data/s2.csv,302,<timecave.validation_methods.OOS.Repeated_Holdout object at 0x00000250F29B1D60>,1,Tree,2.1305909058897083,1.1406560063395357,1.4596543789163612
datasets/synthetic_data/s2.csv,302,<timecave.validation_methods.OOS.Repeated_Holdout object at 0x00000250F29B1D60>,1,ARMA,1.6485605605088702,1.0041080966577591,1.283962834551246
datasets/synthetic_data/s2.csv,302,<timecave.validation_methods.OOS.Repeated_Holdout object at 0x00000250F29B1D60>,2,Tree,2.068083683616367,1.098272367154751,1.4380833368120107
datasets/synthetic_data/s2.csv,302,<timecave.validation_methods.OOS.Repeated_Holdout object at 0x00000250F29B1D60>,2,ARMA,1.5224949976028523,0.9671010284289977,1.2338942408500222
datasets/synthetic_data/s2.csv,302,<timecave.validation_methods.OOS.Repeated_Holdout object at 0x00000250F29B1D60>,3,Tree,2.03152244229781,1.1632931882466016,1.425314857250078
datasets/synthetic_data/s2.csv,302,<timecave.validation_methods.OOS.Repeated_Holdout object at 0x00000250F29B1D60>,3,ARMA,1.411351879318034,0.9265464498511152,1.1880033162066652
datasets/synthetic_data/s2.csv,302,<timecave.validation_methods.prequential.Growing_Window object at 0x00000250F29B1FD0>,0,Tree,1.891397014783695,1.109296965635319,1.375280703995986
datasets/synthetic_data/s2.csv,302,<timecave.validation_methods.prequential.Growing_Window object at 0x00000250F29B1FD0>,0,ARMA,1.2651204890852243,0.8627077761068782,1.1247757505766314
datasets/synthetic_data/s2.csv,302,<timecave.validation_methods.prequential.Growing_Window object at 0x00000250F29B1FD0>,1,Tree,3.337671335439592,1.3644717221805758,1.8269294828864062
datasets/synthetic_data/s2.csv,302,<timecave.validation_methods.prequential.Growing_Window object at 0x00000250F29B1FD0>,1,ARMA,2.1111819787863304,1.2231989815193356,1.4529907015484753
datasets/synthetic_data/s2.csv,302,<timecave.validation_methods.prequential.Growing_Window object at 0x00000250F29B1FD0>,2,Tree,2.0635421849531568,1.218664662935098,1.4365034580373124
datasets/synthetic_data/s2.csv,302,<timecave.validation_methods.prequential.Growing_Window object at 0x00000250F29B1FD0>,2,ARMA,1.2457970310491848,0.9435521892087202,1.1161527812307708
datasets/synthetic_data/s2.csv,302,<timecave.validation_methods.prequential.Growing_Window object at 0x00000250F29B1FD0>,3,Tree,2.353112149586207,1.1884290108934858,1.5339857070997132
datasets/synthetic_data/s2.csv,302,<timecave.validation_methods.prequential.Growing_Window object at 0x00000250F29B1FD0>,3,ARMA,1.6898848114127258,1.0219258969876113,1.29995569594226
datasets/synthetic_data/s2.csv,302,<timecave.validation_methods.prequential.Growing_Window object at 0x00000250F29B27B0>,0,Tree,2.424362239900426,1.2371453614726542,1.5570363643474825
datasets/synthetic_data/s2.csv,302,<timecave.validation_methods.prequential.Growing_Window object at 0x00000250F29B27B0>,0,ARMA,2.027977949482336,1.1848382241198758,1.424070907462945
datasets/synthetic_data/s2.csv,302,<timecave.validation_methods.prequential.Growing_Window object at 0x00000250F29B27B0>,1,Tree,1.6960695137111665,1.0288741408400848,1.3023323361228372
datasets/synthetic_data/s2.csv,302,<timecave.validation_methods.prequential.Growing_Window object at 0x00000250F29B27B0>,1,ARMA,1.238406041143509,0.9380917084273415,1.1128369337614155
datasets/synthetic_data/s2.csv,302,<timecave.validation_methods.prequential.Growing_Window object at 0x00000250F29B27B0>,2,Tree,2.9960391261025374,1.4020872537468525,1.7309070241068807
datasets/synthetic_data/s2.csv,302,<timecave.validation_methods.prequential.Growing_Window object at 0x00000250F29B27B0>,2,ARMA,1.6660990906356086,0.9935484437045663,1.290774608766228
datasets/synthetic_data/s2.csv,302,<timecave.validation_methods.prequential.Rolling_Window object at 0x00000250F29B39E0>,0,Tree,2.494849958380744,1.2512645307477588,1.5795094043343787
datasets/synthetic_data/s2.csv,302,<timecave.validation_methods.prequential.Rolling_Window object at 0x00000250F29B39E0>,0,ARMA,1.2651204890852243,0.8627077761068782,1.1247757505766314
datasets/synthetic_data/s2.csv,302,<timecave.validation_methods.prequential.Rolling_Window object at 0x00000250F29B39E0>,1,Tree,2.6502003997031354,1.3440457198656939,1.6279436107258554
datasets/synthetic_data/s2.csv,302,<timecave.validation_methods.prequential.Rolling_Window object at 0x00000250F29B39E0>,1,ARMA,2.100069173351409,1.2101155745765437,1.4491615414961194
datasets/synthetic_data/s2.csv,302,<timecave.validation_methods.prequential.Rolling_Window object at 0x00000250F29B39E0>,2,Tree,2.5433637735178736,1.2903903337051599,1.5947927055005844
datasets/synthetic_data/s2.csv,302,<timecave.validation_methods.prequential.Rolling_Window object at 0x00000250F29B39E0>,2,ARMA,1.4500901296838777,0.9884717748069963,1.2041968816119222
datasets/synthetic_data/s2.csv,302,<timecave.validation_methods.prequential.Rolling_Window object at 0x00000250F29B39E0>,3,Tree,1.788416725619663,1.0777716051013095,1.3373169877107158
datasets/synthetic_data/s2.csv,302,<timecave.validation_methods.prequential.Rolling_Window object at 0x00000250F29B39E0>,3,ARMA,1.8959068919138509,1.0815521591562853,1.3769193483693412
datasets/synthetic_data/s2.csv,302,<timecave.validation_methods.prequential.Rolling_Window object at 0x00000250F29B3920>,0,Tree,2.417584456816965,1.2264694816716442,1.5548583397907878
datasets/synthetic_data/s2.csv,302,<timecave.validation_methods.prequential.Rolling_Window object at 0x00000250F29B3920>,0,ARMA,2.027977949482336,1.1848382241198758,1.424070907462945
datasets/synthetic_data/s2.csv,302,<timecave.validation_methods.prequential.Rolling_Window object at 0x00000250F29B3920>,1,Tree,1.3794820305910662,0.8945194850677479,1.1745135293350462
datasets/synthetic_data/s2.csv,302,<timecave.validation_methods.prequential.Rolling_Window object at 0x00000250F29B3920>,1,ARMA,1.2157934031191848,0.9252521793170925,1.102630220481547
datasets/synthetic_data/s2.csv,302,<timecave.validation_methods.prequential.Rolling_Window object at 0x00000250F29B3920>,2,Tree,2.8240778676690206,1.2225881496085407,1.6804992911837304
datasets/synthetic_data/s2.csv,302,<timecave.validation_methods.prequential.Rolling_Window object at 0x00000250F29B3920>,2,ARMA,1.8371197678256426,1.0554546481275402,1.3554039131659767
datasets/synthetic_data/s2.csv,302,<timecave.validation_methods.CV.Block_CV object at 0x00000250F2623830>,0,Tree,2.111374549681412,1.1971138299059152,1.4530569671149896
datasets/synthetic_data/s2.csv,302,<timecave.validation_methods.CV.Block_CV object at 0x00000250F2623830>,0,ARMA,1.2118666820643351,0.9300290411193066,1.10084816485487
datasets/synthetic_data/s2.csv,302,<timecave.validation_methods.CV.Block_CV object at 0x00000250F2623830>,1,Tree,1.2953124759976231,0.8936851376420007,1.138117953464237
datasets/synthetic_data/s2.csv,302,<timecave.validation_methods.CV.Block_CV object at 0x00000250F2623830>,1,ARMA,1.2506929124557336,0.8616861626855096,1.118343825688564
datasets/synthetic_data/s2.csv,302,<timecave.validation_methods.CV.Block_CV object at 0x00000250F2623830>,2,Tree,2.5529097050005096,1.2516586399088836,1.5977827464960652
datasets/synthetic_data/s2.csv,302,<timecave.validation_methods.CV.Block_CV object at 0x00000250F2623830>,2,ARMA,1.9849075217069625,1.1759602079782112,1.4088674606601441
datasets/synthetic_data/s2.csv,302,<timecave.validation_methods.CV.Block_CV object at 0x00000250F2623830>,3,Tree,1.8881030614374987,1.1739497627046216,1.3740826254041272
datasets/synthetic_data/s2.csv,302,<timecave.validation_methods.CV.Block_CV object at 0x00000250F2623830>,3,ARMA,1.1034050690548334,0.8826509680985906,1.0504308968489233
datasets/synthetic_data/s2.csv,302,<timecave.validation_methods.CV.Block_CV object at 0x00000250F2623830>,4,Tree,2.175894973817677,1.1741200439048955,1.4750915137094638
datasets/synthetic_data/s2.csv,302,<timecave.validation_methods.CV.Block_CV object at 0x00000250F2623830>,4,ARMA,1.6898848114127258,1.0219258969876113,1.29995569594226
datasets/synthetic_data/s2.csv,302,<timecave.validation_methods.CV.AdaptedhvBlockCV object at 0x00000250F2A0E3F0>,0,Tree,1.8540300844835111,1.0911189948437976,1.3616277334438776
datasets/synthetic_data/s2.csv,302,<timecave.validation_methods.CV.AdaptedhvBlockCV object at 0x00000250F2A0E3F0>,0,ARMA,1.2126280756653898,0.9305563721989146,1.1011939319054522
datasets/synthetic_data/s2.csv,302,<timecave.validation_methods.CV.AdaptedhvBlockCV object at 0x00000250F2A0E3F0>,1,Tree,2.24246474066873,1.2807931330052458,1.4974861403928685
datasets/synthetic_data/s2.csv,302,<timecave.validation_methods.CV.AdaptedhvBlockCV object at 0x00000250F2A0E3F0>,1,ARMA,1.2584272247622885,0.8631995297064865,1.1217964275046914
datasets/synthetic_data/s2.csv,302,<timecave.validation_methods.CV.AdaptedhvBlockCV object at 0x00000250F2A0E3F0>,2,Tree,2.956452331963924,1.3323525658237296,1.719433724213854
datasets/synthetic_data/s2.csv,302,<timecave.validation_methods.CV.AdaptedhvBlockCV object at 0x00000250F2A0E3F0>,2,ARMA,1.987432690693225,1.175204462904564,1.40976334563402
datasets/synthetic_data/s2.csv,302,<timecave.validation_methods.CV.AdaptedhvBlockCV object at 0x00000250F2A0E3F0>,3,Tree,1.591438946757775,1.0132326022547307,1.2615224717609175
datasets/synthetic_data/s2.csv,302,<timecave.validation_methods.CV.AdaptedhvBlockCV object at 0x00000250F2A0E3F0>,3,ARMA,1.0966511583695722,0.8803342848421919,1.0472111336161263
datasets/synthetic_data/s2.csv,302,<timecave.validation_methods.CV.AdaptedhvBlockCV object at 0x00000250F2A0E3F0>,4,Tree,2.0748261188725827,1.0902931899659685,1.440425672803905
datasets/synthetic_data/s2.csv,302,<timecave.validation_methods.CV.AdaptedhvBlockCV object at 0x00000250F2A0E3F0>,4,ARMA,1.6510461368315712,1.0088886784935753,1.2849304015516059
datasets/synthetic_data/s2.csv,302,<timecave.validation_methods.markov.MarkovCV object at 0x00000250F2A0F020>,0,Tree,6.821317437969919,2.0824626594188036,2.611765195795732
datasets/synthetic_data/s2.csv,302,<timecave.validation_methods.markov.MarkovCV object at 0x00000250F2A0F020>,0,ARMA,1.6957873715552516,1.0475328008333529,1.3022240097445799
datasets/synthetic_data/s2.csv,302,<timecave.validation_methods.markov.MarkovCV object at 0x00000250F2A0F020>,1,Tree,2.163494630180492,1.3120313959567864,1.4708822625147437
datasets/synthetic_data/s2.csv,302,<timecave.validation_methods.markov.MarkovCV object at 0x00000250F2A0F020>,1,ARMA,2.1589709862458375,1.1623372034049766,1.469343726377813
datasets/synthetic_data/s2.csv,302,<timecave.validation_methods.markov.MarkovCV object at 0x00000250F2A0F020>,2,Tree,1.7907078463851187,0.9591758663872637,1.338173324493176
datasets/synthetic_data/s2.csv,302,<timecave.validation_methods.markov.MarkovCV object at 0x00000250F2A0F020>,2,ARMA,1.2925907655578066,0.9377938271386206,1.1369216180360926
datasets/synthetic_data/s2.csv,302,<timecave.validation_methods.markov.MarkovCV object at 0x00000250F2A0F020>,3,Tree,1.6752000220542231,0.9335718985788819,1.2942951835088559
datasets/synthetic_data/s2.csv,302,<timecave.validation_methods.markov.MarkovCV object at 0x00000250F2A0F020>,3,ARMA,1.4027591367264416,0.8415933633416836,1.1843813307910767
datasets/synthetic_data/s2.csv,302,<timecave.validation_methods.markov.MarkovCV object at 0x00000250F2A0F020>,4,Tree,9.319049114219423,2.632222209139919,3.052711764025458
datasets/synthetic_data/s2.csv,302,<timecave.validation_methods.markov.MarkovCV object at 0x00000250F2A0F020>,4,ARMA,1.2274384681824908,0.9414670092229922,1.107898221039501
datasets/synthetic_data/s2.csv,302,<timecave.validation_methods.markov.MarkovCV object at 0x00000250F2A0F020>,5,Tree,4.282350002275343,1.764713671421523,2.0693839668547116
datasets/synthetic_data/s2.csv,302,<timecave.validation_methods.markov.MarkovCV object at 0x00000250F2A0F020>,5,ARMA,2.206667590473457,1.200932039793483,1.4854856412882143
datasets/synthetic_data/s2.csv,302,<timecave.validation_methods.markov.MarkovCV object at 0x00000250F2A0F020>,6,Tree,5.186119031258371,1.7076499226898223,2.2773052125831468
datasets/synthetic_data/s2.csv,302,<timecave.validation_methods.markov.MarkovCV object at 0x00000250F2A0F020>,6,ARMA,1.6984491318697343,1.1122854098072565,1.3032456145599471
datasets/synthetic_data/s2.csv,302,<timecave.validation_methods.markov.MarkovCV object at 0x00000250F2A0F020>,7,Tree,4.677234831198934,1.866866848133564,2.162691570982542
datasets/synthetic_data/s2.csv,302,<timecave.validation_methods.markov.MarkovCV object at 0x00000250F2A0F020>,7,ARMA,2.505651935407226,1.2177739383417898,1.5829251199621623
datasets/synthetic_data/s2.csv,302,<timecave.validation_methods.markov.MarkovCV object at 0x00000250F2A0F020>,8,Tree,3.543866393127249,1.600668248147649,1.88251597420241
datasets/synthetic_data/s2.csv,302,<timecave.validation_methods.markov.MarkovCV object at 0x00000250F2A0F020>,8,ARMA,1.5205647783262841,0.9451094118930777,1.2331118271780075
datasets/synthetic_data/s2.csv,302,<timecave.validation_methods.markov.MarkovCV object at 0x00000250F2A0F020>,9,Tree,3.149366368240041,1.4498504407747292,1.7746454204263005
datasets/synthetic_data/s2.csv,302,<timecave.validation_methods.markov.MarkovCV object at 0x00000250F2A0F020>,9,ARMA,1.8079100257059384,1.1084212420227697,1.344585447528694
datasets/synthetic_data/s2.csv,303,<timecave.validation_methods.OOS.Holdout object at 0x00000250F6ACB530>,0,Tree,1.7400929708761217,1.1267011772478326,1.3191258358762146
datasets/synthetic_data/s2.csv,303,<timecave.validation_methods.OOS.Holdout object at 0x00000250F6ACB530>,0,ARMA,1.748531725719577,1.0403424827155476,1.3223205835649603
datasets/synthetic_data/s2.csv,303,<timecave.validation_methods.OOS.Repeated_Holdout object at 0x00000250F6A34CB0>,0,Tree,2.162739733795898,1.1161256996643074,1.4706256266623052
datasets/synthetic_data/s2.csv,303,<timecave.validation_methods.OOS.Repeated_Holdout object at 0x00000250F6A34CB0>,0,ARMA,1.4755197392138688,0.9403529698353528,1.2147097345513738
datasets/synthetic_data/s2.csv,303,<timecave.validation_methods.OOS.Repeated_Holdout object at 0x00000250F6A34CB0>,1,Tree,2.37156604353061,1.2168926687141042,1.5399889751328124
datasets/synthetic_data/s2.csv,303,<timecave.validation_methods.OOS.Repeated_Holdout object at 0x00000250F6A34CB0>,1,ARMA,1.5849437942502516,0.9722399973819411,1.2589455088486758
datasets/synthetic_data/s2.csv,303,<timecave.validation_methods.OOS.Repeated_Holdout object at 0x00000250F6A34CB0>,2,Tree,1.8398106715368996,1.1275378521704997,1.3563962074323637
datasets/synthetic_data/s2.csv,303,<timecave.validation_methods.OOS.Repeated_Holdout object at 0x00000250F6A34CB0>,2,ARMA,1.5757975820384476,0.9937786536342214,1.2553077638724488
datasets/synthetic_data/s2.csv,303,<timecave.validation_methods.OOS.Repeated_Holdout object at 0x00000250F6A34CB0>,3,Tree,1.6883413706208843,1.0583323425534032,1.2993619090233808
datasets/synthetic_data/s2.csv,303,<timecave.validation_methods.OOS.Repeated_Holdout object at 0x00000250F6A34CB0>,3,ARMA,1.748531725719577,1.0403424827155476,1.3223205835649603
datasets/synthetic_data/s2.csv,303,<timecave.validation_methods.prequential.Growing_Window object at 0x00000250F6A366C0>,0,Tree,3.0039111006868664,1.3818885508076144,1.7331794773441285
datasets/synthetic_data/s2.csv,303,<timecave.validation_methods.prequential.Growing_Window object at 0x00000250F6A366C0>,0,ARMA,1.7259709164398105,1.053039697457221,1.3137621232322885
datasets/synthetic_data/s2.csv,303,<timecave.validation_methods.prequential.Growing_Window object at 0x00000250F6A366C0>,1,Tree,1.692776722293,1.0677337964916647,1.3010675317957174
datasets/synthetic_data/s2.csv,303,<timecave.validation_methods.prequential.Growing_Window object at 0x00000250F6A366C0>,1,ARMA,1.4500982068809858,0.9963562353787988,1.2042002353765697
datasets/synthetic_data/s2.csv,303,<timecave.validation_methods.prequential.Growing_Window object at 0x00000250F6A366C0>,2,Tree,1.5135901487318506,0.9244536504560188,1.2302805162774264
datasets/synthetic_data/s2.csv,303,<timecave.validation_methods.prequential.Growing_Window object at 0x00000250F6A366C0>,2,ARMA,2.2846670608364934,1.2603459448976198,1.511511515284119
datasets/synthetic_data/s2.csv,303,<timecave.validation_methods.prequential.Growing_Window object at 0x00000250F6A366C0>,3,Tree,2.472000419044564,1.1956655978316368,1.5722596538245723
datasets/synthetic_data/s2.csv,303,<timecave.validation_methods.prequential.Growing_Window object at 0x00000250F6A366C0>,3,ARMA,1.5410679137714576,0.937264475063027,1.2413975647517026
datasets/synthetic_data/s2.csv,303,<timecave.validation_methods.prequential.Growing_Window object at 0x00000250F6A35460>,0,Tree,1.8792763758895126,1.049911989990353,1.3708670161213714
datasets/synthetic_data/s2.csv,303,<timecave.validation_methods.prequential.Growing_Window object at 0x00000250F6A35460>,0,ARMA,1.4033291460687691,0.978055406695406,1.1846219422536328
datasets/synthetic_data/s2.csv,303,<timecave.validation_methods.prequential.Growing_Window object at 0x00000250F6A35460>,1,Tree,1.9959261818205392,1.151522443606934,1.4127725159488838
datasets/synthetic_data/s2.csv,303,<timecave.validation_methods.prequential.Growing_Window object at 0x00000250F6A35460>,1,ARMA,2.105690102356462,1.201991734944549,1.4510996183434348
datasets/synthetic_data/s2.csv,303,<timecave.validation_methods.prequential.Growing_Window object at 0x00000250F6A35460>,2,Tree,2.0607603327021615,1.1585586089483633,1.4355348594521005
datasets/synthetic_data/s2.csv,303,<timecave.validation_methods.prequential.Growing_Window object at 0x00000250F6A35460>,2,ARMA,1.6941345387632916,0.9759175639902082,1.3015892358049415
datasets/synthetic_data/s2.csv,303,<timecave.validation_methods.prequential.Rolling_Window object at 0x00000250F6A35EE0>,0,Tree,3.2744449022007376,1.4302945467912294,1.8095427329026352
datasets/synthetic_data/s2.csv,303,<timecave.validation_methods.prequential.Rolling_Window object at 0x00000250F6A35EE0>,0,ARMA,1.7259709164398105,1.053039697457221,1.3137621232322885
datasets/synthetic_data/s2.csv,303,<timecave.validation_methods.prequential.Rolling_Window object at 0x00000250F6A35EE0>,1,Tree,2.774724515938649,1.444734924033238,1.665750436271487
datasets/synthetic_data/s2.csv,303,<timecave.validation_methods.prequential.Rolling_Window object at 0x00000250F6A35EE0>,1,ARMA,1.4676136527260009,0.9972617934471628,1.2114510525506184
datasets/synthetic_data/s2.csv,303,<timecave.validation_methods.prequential.Rolling_Window object at 0x00000250F6A35EE0>,2,Tree,2.514043134195318,1.2948702412448378,1.5855734401771866
datasets/synthetic_data/s2.csv,303,<timecave.validation_methods.prequential.Rolling_Window object at 0x00000250F6A35EE0>,2,ARMA,2.612735702958925,1.3288826427682103,1.6163958992025824
datasets/synthetic_data/s2.csv,303,<timecave.validation_methods.prequential.Rolling_Window object at 0x00000250F6A35EE0>,3,Tree,5.125634338692242,1.8356389408760074,2.263986382179063
datasets/synthetic_data/s2.csv,303,<timecave.validation_methods.prequential.Rolling_Window object at 0x00000250F6A35EE0>,3,ARMA,1.776505829471958,1.0697466378833682,1.3328562673716764
datasets/synthetic_data/s2.csv,303,<timecave.validation_methods.prequential.Rolling_Window object at 0x00000250F29F4B30>,0,Tree,1.9635443723430739,1.0640008820586158,1.4012652755074873
datasets/synthetic_data/s2.csv,303,<timecave.validation_methods.prequential.Rolling_Window object at 0x00000250F29F4B30>,0,ARMA,1.4033291460687691,0.978055406695406,1.1846219422536328
datasets/synthetic_data/s2.csv,303,<timecave.validation_methods.prequential.Rolling_Window object at 0x00000250F29F4B30>,1,Tree,2.9050772839262398,1.3983305271499713,1.704428726560967
datasets/synthetic_data/s2.csv,303,<timecave.validation_methods.prequential.Rolling_Window object at 0x00000250F29F4B30>,1,ARMA,2.1493081517345947,1.218696578155901,1.4660518925790433
datasets/synthetic_data/s2.csv,303,<timecave.validation_methods.prequential.Rolling_Window object at 0x00000250F29F4B30>,2,Tree,1.795754427459473,1.0749662673443705,1.3400576209474997
datasets/synthetic_data/s2.csv,303,<timecave.validation_methods.prequential.Rolling_Window object at 0x00000250F29F4B30>,2,ARMA,1.7718294574954225,0.9709536125296938,1.3311008442245924
datasets/synthetic_data/s2.csv,303,<timecave.validation_methods.CV.Block_CV object at 0x00000250F29F7E60>,0,Tree,1.837115187865525,1.1862007611481094,1.3554022236463703
datasets/synthetic_data/s2.csv,303,<timecave.validation_methods.CV.Block_CV object at 0x00000250F29F7E60>,0,ARMA,0.8105711718229802,0.7401601057572582,0.9003172617599755
datasets/synthetic_data/s2.csv,303,<timecave.validation_methods.CV.Block_CV object at 0x00000250F29F7E60>,1,Tree,2.480770036610055,1.3063075769609251,1.575046042695278
datasets/synthetic_data/s2.csv,303,<timecave.validation_methods.CV.Block_CV object at 0x00000250F29F7E60>,1,ARMA,1.7605820498460978,1.0761590197072128,1.3268692662979642
datasets/synthetic_data/s2.csv,303,<timecave.validation_methods.CV.Block_CV object at 0x00000250F29F7E60>,2,Tree,1.885971805326386,1.1824011574035207,1.373306886797844
datasets/synthetic_data/s2.csv,303,<timecave.validation_methods.CV.Block_CV object at 0x00000250F29F7E60>,2,ARMA,1.4732928403272405,1.0231059896248595,1.2137927501543417
datasets/synthetic_data/s2.csv,303,<timecave.validation_methods.CV.Block_CV object at 0x00000250F29F7E60>,3,Tree,2.1223256982165988,1.1916860035445163,1.4568204069879716
datasets/synthetic_data/s2.csv,303,<timecave.validation_methods.CV.Block_CV object at 0x00000250F29F7E60>,3,ARMA,2.27734818787055,1.2780131412146623,1.5090885288380367
datasets/synthetic_data/s2.csv,303,<timecave.validation_methods.CV.Block_CV object at 0x00000250F29F7E60>,4,Tree,2.1951541009245266,1.1930603110720084,1.4816052446331738
datasets/synthetic_data/s2.csv,303,<timecave.validation_methods.CV.Block_CV object at 0x00000250F29F7E60>,4,ARMA,1.5410679137714576,0.937264475063027,1.2413975647517026
datasets/synthetic_data/s2.csv,303,<timecave.validation_methods.CV.AdaptedhvBlockCV object at 0x00000250F29F68D0>,0,Tree,3.1970733288145117,1.4382733649216997,1.788036165410116
datasets/synthetic_data/s2.csv,303,<timecave.validation_methods.CV.AdaptedhvBlockCV object at 0x00000250F29F68D0>,0,ARMA,0.811387192707254,0.7423971645684402,0.9007703329413408
datasets/synthetic_data/s2.csv,303,<timecave.validation_methods.CV.AdaptedhvBlockCV object at 0x00000250F29F68D0>,1,Tree,2.145278088378242,1.081712834082516,1.4646767863178012
datasets/synthetic_data/s2.csv,303,<timecave.validation_methods.CV.AdaptedhvBlockCV object at 0x00000250F29F68D0>,1,ARMA,1.7674129703928294,1.0801171127534706,1.3294408487754652
datasets/synthetic_data/s2.csv,303,<timecave.validation_methods.CV.AdaptedhvBlockCV object at 0x00000250F29F68D0>,2,Tree,2.935741896136977,1.4484982503767145,1.7134006817253742
datasets/synthetic_data/s2.csv,303,<timecave.validation_methods.CV.AdaptedhvBlockCV object at 0x00000250F29F68D0>,2,ARMA,1.4937057371709537,1.0320125419693895,1.222172548035241
datasets/synthetic_data/s2.csv,303,<timecave.validation_methods.CV.AdaptedhvBlockCV object at 0x00000250F29F68D0>,3,Tree,1.6111022829191026,1.0055448135519947,1.269292040044017
datasets/synthetic_data/s2.csv,303,<timecave.validation_methods.CV.AdaptedhvBlockCV object at 0x00000250F29F68D0>,3,ARMA,2.2488539773346137,1.2712582702543729,1.4996179437892219
datasets/synthetic_data/s2.csv,303,<timecave.validation_methods.CV.AdaptedhvBlockCV object at 0x00000250F29F68D0>,4,Tree,2.51477108673594,1.2308967226706728,1.5858029785367223
datasets/synthetic_data/s2.csv,303,<timecave.validation_methods.CV.AdaptedhvBlockCV object at 0x00000250F29F68D0>,4,ARMA,1.6616923102365184,0.9880904158954249,1.2890664491159944
datasets/synthetic_data/s2.csv,303,<timecave.validation_methods.markov.MarkovCV object at 0x00000250F29F44A0>,0,Tree,5.723519974777448,1.9478425208599965,2.392387923138187
datasets/synthetic_data/s2.csv,303,<timecave.validation_methods.markov.MarkovCV object at 0x00000250F29F44A0>,0,ARMA,2.657378330273501,1.2153005121213778,1.6301467204744182
datasets/synthetic_data/s2.csv,303,<timecave.validation_methods.markov.MarkovCV object at 0x00000250F29F44A0>,1,Tree,9.55799730092225,2.4495254023223243,3.091601090199421
datasets/synthetic_data/s2.csv,303,<timecave.validation_methods.markov.MarkovCV object at 0x00000250F29F44A0>,1,ARMA,2.2127718559589327,1.2392027317003202,1.4875388586382987
datasets/synthetic_data/s2.csv,303,<timecave.validation_methods.markov.MarkovCV object at 0x00000250F29F44A0>,2,Tree,5.194646095984109,1.9138088411728207,2.2791766267632942
datasets/synthetic_data/s2.csv,303,<timecave.validation_methods.markov.MarkovCV object at 0x00000250F29F44A0>,2,ARMA,2.3227243947923206,1.1272391473511807,1.5240486851778459
datasets/synthetic_data/s2.csv,303,<timecave.validation_methods.markov.MarkovCV object at 0x00000250F29F44A0>,3,Tree,7.129878096507497,2.263466745534338,2.6701831578578084
datasets/synthetic_data/s2.csv,303,<timecave.validation_methods.markov.MarkovCV object at 0x00000250F29F44A0>,3,ARMA,1.6194089339682693,1.1629849971648605,1.2725599922865205
datasets/synthetic_data/s2.csv,303,<timecave.validation_methods.markov.MarkovCV object at 0x00000250F29F44A0>,4,Tree,3.2440622160576287,1.5809057326828322,1.8011280398843468
datasets/synthetic_data/s2.csv,303,<timecave.validation_methods.markov.MarkovCV object at 0x00000250F29F44A0>,4,ARMA,2.045852622235883,1.1311120362817433,1.4303330459147907
datasets/synthetic_data/s2.csv,303,<timecave.validation_methods.markov.MarkovCV object at 0x00000250F29F44A0>,5,Tree,3.7501564420670745,1.5840594171705127,1.9365320658504663
datasets/synthetic_data/s2.csv,303,<timecave.validation_methods.markov.MarkovCV object at 0x00000250F29F44A0>,5,ARMA,2.349446618021309,1.1826196470770443,1.53279046774871
datasets/synthetic_data/s2.csv,303,<timecave.validation_methods.markov.MarkovCV object at 0x00000250F29F44A0>,6,Tree,2.8821915575480515,1.4527965501180353,1.697701845892868
datasets/synthetic_data/s2.csv,303,<timecave.validation_methods.markov.MarkovCV object at 0x00000250F29F44A0>,6,ARMA,2.1774366167154557,1.2258723354152623,1.4756139795744196
datasets/synthetic_data/s2.csv,303,<timecave.validation_methods.markov.MarkovCV object at 0x00000250F29F44A0>,7,Tree,2.560137985148674,1.2862294151394154,1.6000431197779246
datasets/synthetic_data/s2.csv,303,<timecave.validation_methods.markov.MarkovCV object at 0x00000250F29F44A0>,7,ARMA,1.419067073589543,1.0257846792338523,1.19124601723974
datasets/synthetic_data/s2.csv,303,<timecave.validation_methods.markov.MarkovCV object at 0x00000250F29F44A0>,8,Tree,6.217087545031279,2.1987513569987787,2.4934088202762257
datasets/synthetic_data/s2.csv,303,<timecave.validation_methods.markov.MarkovCV object at 0x00000250F29F44A0>,8,ARMA,1.164202593590618,0.9665365420950897,1.0789822026292268
datasets/synthetic_data/s2.csv,303,<timecave.validation_methods.markov.MarkovCV object at 0x00000250F29F44A0>,9,Tree,2.6213788224317622,1.420382464394021,1.6190672692731956
datasets/synthetic_data/s2.csv,303,<timecave.validation_methods.markov.MarkovCV object at 0x00000250F29F44A0>,9,ARMA,1.4252610292277734,0.9827299462972167,1.1938429667371557
datasets/synthetic_data/s2.csv,304,<timecave.validation_methods.OOS.Holdout object at 0x00000250F26687D0>,0,Tree,2.462202905796176,1.2999514991708412,1.569140817707632
datasets/synthetic_data/s2.csv,304,<timecave.validation_methods.OOS.Holdout object at 0x00000250F26687D0>,0,ARMA,0.8260361448000192,0.722161512926291,0.9088653061922978
datasets/synthetic_data/s2.csv,304,<timecave.validation_methods.OOS.Repeated_Holdout object at 0x00000250F26598E0>,0,Tree,1.8940268237092213,1.0519658477698695,1.3762364708541992
datasets/synthetic_data/s2.csv,304,<timecave.validation_methods.OOS.Repeated_Holdout object at 0x00000250F26598E0>,0,ARMA,0.9998289887243149,0.8189619439541383,0.9999144907062378
datasets/synthetic_data/s2.csv,304,<timecave.validation_methods.OOS.Repeated_Holdout object at 0x00000250F26598E0>,1,Tree,2.453302774003231,1.28010958246364,1.566302261379722
datasets/synthetic_data/s2.csv,304,<timecave.validation_methods.OOS.Repeated_Holdout object at 0x00000250F26598E0>,1,ARMA,0.9725504450213389,0.8114639496600223,0.9861797224752388
datasets/synthetic_data/s2.csv,304,<timecave.validation_methods.OOS.Repeated_Holdout object at 0x00000250F26598E0>,2,Tree,2.478452697920614,1.277392913356297,1.574310229249818
datasets/synthetic_data/s2.csv,304,<timecave.validation_methods.OOS.Repeated_Holdout object at 0x00000250F26598E0>,2,ARMA,0.8819533991978522,0.7532447921238818,0.9391237400885212
datasets/synthetic_data/s2.csv,304,<timecave.validation_methods.OOS.Repeated_Holdout object at 0x00000250F26598E0>,3,Tree,2.597044154820109,1.3349682696080436,1.6115347203272132
datasets/synthetic_data/s2.csv,304,<timecave.validation_methods.OOS.Repeated_Holdout object at 0x00000250F26598E0>,3,ARMA,0.8260361448000192,0.722161512926291,0.9088653061922978
datasets/synthetic_data/s2.csv,304,<timecave.validation_methods.prequential.Growing_Window object at 0x00000250F26589B0>,0,Tree,2.774555604788289,1.221759401312825,1.6656997342823494
datasets/synthetic_data/s2.csv,304,<timecave.validation_methods.prequential.Growing_Window object at 0x00000250F26589B0>,0,ARMA,1.7413400204571352,1.1668686531448906,1.3195984315151088
datasets/synthetic_data/s2.csv,304,<timecave.validation_methods.prequential.Growing_Window object at 0x00000250F26589B0>,1,Tree,3.0446957165331976,1.365874668926062,1.7449056468855837
datasets/synthetic_data/s2.csv,304,<timecave.validation_methods.prequential.Growing_Window object at 0x00000250F26589B0>,1,ARMA,2.6668744441618544,1.2880657096080328,1.6330567792216701
datasets/synthetic_data/s2.csv,304,<timecave.validation_methods.prequential.Growing_Window object at 0x00000250F26589B0>,2,Tree,3.557810118737643,1.4876564530495113,1.886215819766562
datasets/synthetic_data/s2.csv,304,<timecave.validation_methods.prequential.Growing_Window object at 0x00000250F26589B0>,2,ARMA,1.6503118415569569,1.0168972246342698,1.2846446362932267
datasets/synthetic_data/s2.csv,304,<timecave.validation_methods.prequential.Growing_Window object at 0x00000250F26589B0>,3,Tree,2.4412473351973625,1.2214816588118167,1.5624491464356087
datasets/synthetic_data/s2.csv,304,<timecave.validation_methods.prequential.Growing_Window object at 0x00000250F26589B0>,3,ARMA,1.0037226068294447,0.8368226486122942,1.0018595744062362
datasets/synthetic_data/s2.csv,304,<timecave.validation_methods.prequential.Growing_Window object at 0x00000250F6A35850>,0,Tree,3.024228235204535,1.3282847900453671,1.739030832160412
datasets/synthetic_data/s2.csv,304,<timecave.validation_methods.prequential.Growing_Window object at 0x00000250F6A35850>,0,ARMA,2.7633526807967748,1.32921254008498,1.6623335046845367
datasets/synthetic_data/s2.csv,304,<timecave.validation_methods.prequential.Growing_Window object at 0x00000250F6A35850>,1,Tree,4.061505369852227,1.4675619050021185,2.015317684597698
datasets/synthetic_data/s2.csv,304,<timecave.validation_methods.prequential.Growing_Window object at 0x00000250F6A35850>,1,ARMA,1.6297783066957061,1.0211936184830497,1.2766277087294111
datasets/synthetic_data/s2.csv,304,<timecave.validation_methods.prequential.Growing_Window object at 0x00000250F6A35850>,2,Tree,2.9579558265736297,1.461687970251471,1.7198708749710339
datasets/synthetic_data/s2.csv,304,<timecave.validation_methods.prequential.Growing_Window object at 0x00000250F6A35850>,2,ARMA,1.1757614629510367,0.8645427711753099,1.0843253492153713
datasets/synthetic_data/s2.csv,304,<timecave.validation_methods.prequential.Rolling_Window object at 0x00000250F6A355E0>,0,Tree,2.7935849804911217,1.2256946474257535,1.6714021001814978
datasets/synthetic_data/s2.csv,304,<timecave.validation_methods.prequential.Rolling_Window object at 0x00000250F6A355E0>,0,ARMA,1.7413400204571352,1.1668686531448906,1.3195984315151088
datasets/synthetic_data/s2.csv,304,<timecave.validation_methods.prequential.Rolling_Window object at 0x00000250F6A355E0>,1,Tree,4.296708715939353,1.6225597804967373,2.0728503843595063
datasets/synthetic_data/s2.csv,304,<timecave.validation_methods.prequential.Rolling_Window object at 0x00000250F6A355E0>,1,ARMA,2.807582997137737,1.3372769408372296,1.675584374819047
datasets/synthetic_data/s2.csv,304,<timecave.validation_methods.prequential.Rolling_Window object at 0x00000250F6A355E0>,2,Tree,1.5365084310746524,0.957407443560755,1.2395597730947274
datasets/synthetic_data/s2.csv,304,<timecave.validation_methods.prequential.Rolling_Window object at 0x00000250F6A355E0>,2,ARMA,1.7674386869803285,1.0445475014642123,1.3294505206965501
datasets/synthetic_data/s2.csv,304,<timecave.validation_methods.prequential.Rolling_Window object at 0x00000250F6A355E0>,3,Tree,1.6798774067190563,1.0230659938949034,1.2961008474339704
datasets/synthetic_data/s2.csv,304,<timecave.validation_methods.prequential.Rolling_Window object at 0x00000250F6A355E0>,3,ARMA,0.9465744571809823,0.8028354557615325,0.9729205811272482
datasets/synthetic_data/s2.csv,304,<timecave.validation_methods.prequential.Rolling_Window object at 0x00000250F6A36CF0>,0,Tree,3.2904672116931084,1.3803656607355075,1.8139645012218701
datasets/synthetic_data/s2.csv,304,<timecave.validation_methods.prequential.Rolling_Window object at 0x00000250F6A36CF0>,0,ARMA,2.7633526807967748,1.32921254008498,1.6623335046845367
datasets/synthetic_data/s2.csv,304,<timecave.validation_methods.prequential.Rolling_Window object at 0x00000250F6A36CF0>,1,Tree,2.571230506719099,1.3075929625935656,1.6035056927616749
datasets/synthetic_data/s2.csv,304,<timecave.validation_methods.prequential.Rolling_Window object at 0x00000250F6A36CF0>,1,ARMA,1.5668185240834265,0.9813525673026628,1.2517262177023483
datasets/synthetic_data/s2.csv,304,<timecave.validation_methods.prequential.Rolling_Window object at 0x00000250F6A36CF0>,2,Tree,1.614619291111704,1.0085854160108343,1.2706767059766635
datasets/synthetic_data/s2.csv,304,<timecave.validation_methods.prequential.Rolling_Window object at 0x00000250F6A36CF0>,2,ARMA,1.1314946848539136,0.8463992417318078,1.0637173895607392
datasets/synthetic_data/s2.csv,304,<timecave.validation_methods.CV.Block_CV object at 0x00000250F6A353A0>,0,Tree,2.6930971482359043,1.3428756088624536,1.6410658573731598
datasets/synthetic_data/s2.csv,304,<timecave.validation_methods.CV.Block_CV object at 0x00000250F6A353A0>,0,ARMA,3.154509777392345,1.4320795433436038,1.7760939663746242
datasets/synthetic_data/s2.csv,304,<timecave.validation_methods.CV.Block_CV object at 0x00000250F6A353A0>,1,Tree,1.4849779349666088,0.9731713587738255,1.2185967072689015
datasets/synthetic_data/s2.csv,304,<timecave.validation_methods.CV.Block_CV object at 0x00000250F6A353A0>,1,ARMA,1.8200375082150817,1.1704362683553833,1.3490876577209805
datasets/synthetic_data/s2.csv,304,<timecave.validation_methods.CV.Block_CV object at 0x00000250F6A353A0>,2,Tree,2.522150006121165,1.3116034157310859,1.5881278305354278
datasets/synthetic_data/s2.csv,304,<timecave.validation_methods.CV.Block_CV object at 0x00000250F6A353A0>,2,ARMA,2.6174072739230785,1.2560055798728431,1.6178403116262985
datasets/synthetic_data/s2.csv,304,<timecave.validation_methods.CV.Block_CV object at 0x00000250F6A353A0>,3,Tree,2.158146420120006,1.1983972284566733,1.4690631096450573
datasets/synthetic_data/s2.csv,304,<timecave.validation_methods.CV.Block_CV object at 0x00000250F6A353A0>,3,ARMA,1.4767415593400417,0.9658573115001114,1.2152125572672634
datasets/synthetic_data/s2.csv,304,<timecave.validation_methods.CV.Block_CV object at 0x00000250F6A353A0>,4,Tree,2.550455887638926,1.267005699555381,1.5970146798445297
datasets/synthetic_data/s2.csv,304,<timecave.validation_methods.CV.Block_CV object at 0x00000250F6A353A0>,4,ARMA,1.0037226068294447,0.8368226486122942,1.0018595744062362
datasets/synthetic_data/s2.csv,304,<timecave.validation_methods.CV.AdaptedhvBlockCV object at 0x00000250F6A477D0>,0,Tree,2.478338091353802,1.2947840676966225,1.574273829851021
datasets/synthetic_data/s2.csv,304,<timecave.validation_methods.CV.AdaptedhvBlockCV object at 0x00000250F6A477D0>,0,ARMA,3.154246076910505,1.4318680892621911,1.7760197287503607
datasets/synthetic_data/s2.csv,304,<timecave.validation_methods.CV.AdaptedhvBlockCV object at 0x00000250F6A477D0>,1,Tree,1.898049928760537,1.029492838393798,1.3776973284290484
datasets/synthetic_data/s2.csv,304,<timecave.validation_methods.CV.AdaptedhvBlockCV object at 0x00000250F6A477D0>,1,ARMA,1.8241899349131667,1.171395556878525,1.350625756793186
datasets/synthetic_data/s2.csv,304,<timecave.validation_methods.CV.AdaptedhvBlockCV object at 0x00000250F6A477D0>,2,Tree,2.958984481653656,1.3594642565155846,1.7201698990662684
datasets/synthetic_data/s2.csv,304,<timecave.validation_methods.CV.AdaptedhvBlockCV object at 0x00000250F6A477D0>,2,ARMA,2.6115812899665505,1.2529082261255666,1.6160387649949957
datasets/synthetic_data/s2.csv,304,<timecave.validation_methods.CV.AdaptedhvBlockCV object at 0x00000250F6A477D0>,3,Tree,2.521224071459759,1.2865686968523322,1.5878362861012338
datasets/synthetic_data/s2.csv,304,<timecave.validation_methods.CV.AdaptedhvBlockCV object at 0x00000250F6A477D0>,3,ARMA,1.4723720908347426,0.9633989398605037,1.2134134047531957
datasets/synthetic_data/s2.csv,304,<timecave.validation_methods.CV.AdaptedhvBlockCV object at 0x00000250F6A477D0>,4,Tree,2.7684326799012346,1.3015657142274333,1.663860775395957
datasets/synthetic_data/s2.csv,304,<timecave.validation_methods.CV.AdaptedhvBlockCV object at 0x00000250F6A477D0>,4,ARMA,0.9816399910279016,0.8232390231913698,0.990777467965386
datasets/synthetic_data/s2.csv,304,<timecave.validation_methods.markov.MarkovCV object at 0x00000250F6A46780>,0,Tree,2.699732914322308,1.193920332975413,1.643086398921952
datasets/synthetic_data/s2.csv,304,<timecave.validation_methods.markov.MarkovCV object at 0x00000250F6A46780>,0,ARMA,1.0514597258632707,0.7326351510919072,1.0254071025028404
datasets/synthetic_data/s2.csv,304,<timecave.validation_methods.markov.MarkovCV object at 0x00000250F6A46780>,1,Tree,2.6109127022464973,1.0517867714928195,1.6158318917036194
datasets/synthetic_data/s2.csv,304,<timecave.validation_methods.markov.MarkovCV object at 0x00000250F6A46780>,1,ARMA,1.5729431064541783,0.9431486091604111,1.254170286067318
datasets/synthetic_data/s2.csv,304,<timecave.validation_methods.markov.MarkovCV object at 0x00000250F6A46780>,2,Tree,4.64970346447856,1.6491469581490976,2.156317106660929
datasets/synthetic_data/s2.csv,304,<timecave.validation_methods.markov.MarkovCV object at 0x00000250F6A46780>,2,ARMA,3.5137256554950547,1.5713744264546492,1.874493439704459
datasets/synthetic_data/s2.csv,304,<timecave.validation_methods.markov.MarkovCV object at 0x00000250F6A46780>,3,Tree,2.5758381347641075,1.2005077904364572,1.6049417854751329
datasets/synthetic_data/s2.csv,304,<timecave.validation_methods.markov.MarkovCV object at 0x00000250F6A46780>,3,ARMA,3.0860087625969927,1.3849840952190229,1.7567039484776577
datasets/synthetic_data/s2.csv,304,<timecave.validation_methods.markov.MarkovCV object at 0x00000250F6A46780>,4,Tree,5.88319271858411,1.867151984885317,2.425529368732547
datasets/synthetic_data/s2.csv,304,<timecave.validation_methods.markov.MarkovCV object at 0x00000250F6A46780>,4,ARMA,2.8749548092384485,1.3328015113442235,1.6955691697003836
datasets/synthetic_data/s2.csv,304,<timecave.validation_methods.markov.MarkovCV object at 0x00000250F6A46780>,5,Tree,5.1421502611144305,1.8511824248962134,2.2676309799247387
datasets/synthetic_data/s2.csv,304,<timecave.validation_methods.markov.MarkovCV object at 0x00000250F6A46780>,5,ARMA,2.5100311604626544,1.2691504098553654,1.5843077858997772
datasets/synthetic_data/s2.csv,304,<timecave.validation_methods.markov.MarkovCV object at 0x00000250F6A46780>,6,Tree,2.2477544247218555,1.2280121144755503,1.4992512880507576
datasets/synthetic_data/s2.csv,304,<timecave.validation_methods.markov.MarkovCV object at 0x00000250F6A46780>,6,ARMA,2.8228875140711813,1.3487763258683823,1.6801450872085961
datasets/synthetic_data/s2.csv,304,<timecave.validation_methods.markov.MarkovCV object at 0x00000250F6A46780>,7,Tree,2.3579894370952768,1.3099806154429268,1.535574627654181
datasets/synthetic_data/s2.csv,304,<timecave.validation_methods.markov.MarkovCV object at 0x00000250F6A46780>,7,ARMA,2.683790659942386,1.3010737821844058,1.638227902320793
datasets/synthetic_data/s2.csv,304,<timecave.validation_methods.markov.MarkovCV object at 0x00000250F6A46780>,8,Tree,3.135952205022967,1.43795246906628,1.7708619949117907
datasets/synthetic_data/s2.csv,304,<timecave.validation_methods.markov.MarkovCV object at 0x00000250F6A46780>,8,ARMA,4.751296991531374,1.846935296540086,2.1797470017255156
datasets/synthetic_data/s2.csv,304,<timecave.validation_methods.markov.MarkovCV object at 0x00000250F6A46780>,9,Tree,0.7999375818210567,0.7339296556498298,0.8943922974964938
datasets/synthetic_data/s2.csv,304,<timecave.validation_methods.markov.MarkovCV object at 0x00000250F6A46780>,9,ARMA,3.220253166974407,1.63506873117144,1.7945063853256158
datasets/synthetic_data/s2.csv,305,<timecave.validation_methods.OOS.Holdout object at 0x00000250F6ACBAD0>,0,Tree,2.864368954107758,1.2806366944047163,1.6924446679604501
datasets/synthetic_data/s2.csv,305,<timecave.validation_methods.OOS.Holdout object at 0x00000250F6ACBAD0>,0,ARMA,2.1189559716030004,1.1557710349166725,1.4556634128819068
datasets/synthetic_data/s2.csv,305,<timecave.validation_methods.OOS.Repeated_Holdout object at 0x00000250F6A453D0>,0,Tree,1.9741511164302739,1.1148011556003798,1.4050448805750917
datasets/synthetic_data/s2.csv,305,<timecave.validation_methods.OOS.Repeated_Holdout object at 0x00000250F6A453D0>,0,ARMA,2.248994109914743,1.16571344456863,1.4996646658219106
datasets/synthetic_data/s2.csv,305,<timecave.validation_methods.OOS.Repeated_Holdout object at 0x00000250F6A453D0>,1,Tree,2.1415350927765937,1.1373865035999595,1.4633984736826104
datasets/synthetic_data/s2.csv,305,<timecave.validation_methods.OOS.Repeated_Holdout object at 0x00000250F6A453D0>,1,ARMA,2.452448203538581,1.2457699744743906,1.5660294389118556
datasets/synthetic_data/s2.csv,305,<timecave.validation_methods.OOS.Repeated_Holdout object at 0x00000250F6A453D0>,2,Tree,2.886489418190382,1.2649873948356636,1.6989671621871867
datasets/synthetic_data/s2.csv,305,<timecave.validation_methods.OOS.Repeated_Holdout object at 0x00000250F6A453D0>,2,ARMA,2.190785963784037,1.1616996335889669,1.480130387426742
datasets/synthetic_data/s2.csv,305,<timecave.validation_methods.OOS.Repeated_Holdout object at 0x00000250F6A453D0>,3,Tree,2.7449884856236944,1.2163414312391752,1.6568006776989483
datasets/synthetic_data/s2.csv,305,<timecave.validation_methods.OOS.Repeated_Holdout object at 0x00000250F6A453D0>,3,ARMA,2.1189559716030004,1.1557710349166725,1.4556634128819068
datasets/synthetic_data/s2.csv,305,<timecave.validation_methods.prequential.Growing_Window object at 0x00000250F6A46EA0>,0,Tree,2.8703130396081886,1.4437865085463628,1.694199822809632
datasets/synthetic_data/s2.csv,305,<timecave.validation_methods.prequential.Growing_Window object at 0x00000250F6A46EA0>,0,ARMA,1.3474983936438472,1.0025361919549465,1.1608179847176072
datasets/synthetic_data/s2.csv,305,<timecave.validation_methods.prequential.Growing_Window object at 0x00000250F6A46EA0>,1,Tree,3.0432362144627727,1.4349489577361156,1.744487378705496
datasets/synthetic_data/s2.csv,305,<timecave.validation_methods.prequential.Growing_Window object at 0x00000250F6A46EA0>,1,ARMA,2.163067998348092,1.2149635418523814,1.4707372295376533
datasets/synthetic_data/s2.csv,305,<timecave.validation_methods.prequential.Growing_Window object at 0x00000250F6A46EA0>,2,Tree,2.3786160066336945,1.311378821673597,1.5422762419987202
datasets/synthetic_data/s2.csv,305,<timecave.validation_methods.prequential.Growing_Window object at 0x00000250F6A46EA0>,2,ARMA,1.5217635313118698,0.97530247842096,1.2335977996542755
datasets/synthetic_data/s2.csv,305,<timecave.validation_methods.prequential.Growing_Window object at 0x00000250F6A46EA0>,3,Tree,2.3829391521925034,1.1661448855810213,1.5436771528375042
datasets/synthetic_data/s2.csv,305,<timecave.validation_methods.prequential.Growing_Window object at 0x00000250F6A46EA0>,3,ARMA,2.5273793625861316,1.2837802608336981,1.5897733683094994
datasets/synthetic_data/s2.csv,305,<timecave.validation_methods.prequential.Growing_Window object at 0x00000250F6A45310>,0,Tree,2.4872584212172457,1.3416163940505295,1.5771044420764422
datasets/synthetic_data/s2.csv,305,<timecave.validation_methods.prequential.Growing_Window object at 0x00000250F6A45310>,0,ARMA,2.1539205084048474,1.203075413319025,1.4676241032378992
datasets/synthetic_data/s2.csv,305,<timecave.validation_methods.prequential.Growing_Window object at 0x00000250F6A45310>,1,Tree,2.954823757172039,1.4048584534329962,1.7189600801566158
datasets/synthetic_data/s2.csv,305,<timecave.validation_methods.prequential.Growing_Window object at 0x00000250F6A45310>,1,ARMA,1.6328099909915286,1.0324215542233177,1.2778145370090015
datasets/synthetic_data/s2.csv,305,<timecave.validation_methods.prequential.Growing_Window object at 0x00000250F6A45310>,2,Tree,2.491973261670377,1.1800538682118717,1.578598511867529
datasets/synthetic_data/s2.csv,305,<timecave.validation_methods.prequential.Growing_Window object at 0x00000250F6A45310>,2,ARMA,2.7501120835248325,1.3390139166195003,1.6583461892876386
datasets/synthetic_data/s2.csv,305,<timecave.validation_methods.prequential.Rolling_Window object at 0x00000250F6A44560>,0,Tree,2.9075321599238837,1.4488898249892046,1.7051487207642282
datasets/synthetic_data/s2.csv,305,<timecave.validation_methods.prequential.Rolling_Window object at 0x00000250F6A44560>,0,ARMA,1.3474983936438472,1.0025361919549465,1.1608179847176072
datasets/synthetic_data/s2.csv,305,<timecave.validation_methods.prequential.Rolling_Window object at 0x00000250F6A44560>,1,Tree,1.8416486584326544,1.1689215069319336,1.35707356411974
datasets/synthetic_data/s2.csv,305,<timecave.validation_methods.prequential.Rolling_Window object at 0x00000250F6A44560>,1,ARMA,2.096278389541184,1.1910907745102914,1.4478530276036943
datasets/synthetic_data/s2.csv,305,<timecave.validation_methods.prequential.Rolling_Window object at 0x00000250F6A44560>,2,Tree,2.2733076721067977,1.2768906268200992,1.507749207297685
datasets/synthetic_data/s2.csv,305,<timecave.validation_methods.prequential.Rolling_Window object at 0x00000250F6A44560>,2,ARMA,1.5485797724495318,0.9709199121921948,1.2444194519733014
datasets/synthetic_data/s2.csv,305,<timecave.validation_methods.prequential.Rolling_Window object at 0x00000250F6A44560>,3,Tree,2.021785756581644,1.090748101507199,1.4218951285455774
datasets/synthetic_data/s2.csv,305,<timecave.validation_methods.prequential.Rolling_Window object at 0x00000250F6A44560>,3,ARMA,2.3367963832210012,1.2286281457119776,1.528658360530894
datasets/synthetic_data/s2.csv,305,<timecave.validation_methods.prequential.Rolling_Window object at 0x00000250F6A44D10>,0,Tree,2.586082645173635,1.3614520217904154,1.6081301704693047
datasets/synthetic_data/s2.csv,305,<timecave.validation_methods.prequential.Rolling_Window object at 0x00000250F6A44D10>,0,ARMA,2.1539205084048474,1.203075413319025,1.4676241032378992
datasets/synthetic_data/s2.csv,305,<timecave.validation_methods.prequential.Rolling_Window object at 0x00000250F6A44D10>,1,Tree,2.073734337021248,1.1143612898962723,1.4400466440436046
datasets/synthetic_data/s2.csv,305,<timecave.validation_methods.prequential.Rolling_Window object at 0x00000250F6A44D10>,1,ARMA,1.7353232553686366,1.0366910603201602,1.317316687576923
datasets/synthetic_data/s2.csv,305,<timecave.validation_methods.prequential.Rolling_Window object at 0x00000250F6A44D10>,2,Tree,3.212702241115972,1.4649936453701475,1.792401250031915
datasets/synthetic_data/s2.csv,305,<timecave.validation_methods.prequential.Rolling_Window object at 0x00000250F6A44D10>,2,ARMA,2.9143184800564863,1.3781552511120674,1.7071375105879685
datasets/synthetic_data/s2.csv,305,<timecave.validation_methods.CV.Block_CV object at 0x00000250F6A47C50>,0,Tree,1.8451904329233257,1.1779855768713543,1.358377868239661
datasets/synthetic_data/s2.csv,305,<timecave.validation_methods.CV.Block_CV object at 0x00000250F6A47C50>,0,ARMA,1.3695499624112468,0.9858201525145948,1.1702777287512767
datasets/synthetic_data/s2.csv,305,<timecave.validation_methods.CV.Block_CV object at 0x00000250F6A47C50>,1,Tree,1.700312990787091,1.0001477149093023,1.3039605020042175
datasets/synthetic_data/s2.csv,305,<timecave.validation_methods.CV.Block_CV object at 0x00000250F6A47C50>,1,ARMA,1.359296014348084,1.0036809102230149,1.1658885085410542
datasets/synthetic_data/s2.csv,305,<timecave.validation_methods.CV.Block_CV object at 0x00000250F6A47C50>,2,Tree,3.783816956037983,1.5850324714214377,1.9452035770165503
datasets/synthetic_data/s2.csv,305,<timecave.validation_methods.CV.Block_CV object at 0x00000250F6A47C50>,2,ARMA,2.2379840937387003,1.243741518144318,1.4959893361046062
datasets/synthetic_data/s2.csv,305,<timecave.validation_methods.CV.Block_CV object at 0x00000250F6A47C50>,3,Tree,2.0565131033351567,1.0551943891577993,1.4340547769646586
datasets/synthetic_data/s2.csv,305,<timecave.validation_methods.CV.Block_CV object at 0x00000250F6A47C50>,3,ARMA,1.7014433898250605,1.0524175049536333,1.304393878330108
datasets/synthetic_data/s2.csv,305,<timecave.validation_methods.CV.Block_CV object at 0x00000250F6A47C50>,4,Tree,2.213282505824333,1.1476465474415944,1.4877104912664738
datasets/synthetic_data/s2.csv,305,<timecave.validation_methods.CV.Block_CV object at 0x00000250F6A47C50>,4,ARMA,2.5273793625861316,1.2837802608336981,1.5897733683094994
datasets/synthetic_data/s2.csv,305,<timecave.validation_methods.CV.AdaptedhvBlockCV object at 0x00000250F6A46210>,0,Tree,1.9095971553139877,1.1431200545695692,1.3818817443305298
datasets/synthetic_data/s2.csv,305,<timecave.validation_methods.CV.AdaptedhvBlockCV object at 0x00000250F6A46210>,0,ARMA,1.3701737929722755,0.9858777007121868,1.170544229396
datasets/synthetic_data/s2.csv,305,<timecave.validation_methods.CV.AdaptedhvBlockCV object at 0x00000250F6A46210>,1,Tree,2.402207568981121,1.258314535524944,1.5499056645425622
datasets/synthetic_data/s2.csv,305,<timecave.validation_methods.CV.AdaptedhvBlockCV object at 0x00000250F6A46210>,1,ARMA,1.357211780327385,1.0003919632260243,1.1649943263069504
datasets/synthetic_data/s2.csv,305,<timecave.validation_methods.CV.AdaptedhvBlockCV object at 0x00000250F6A46210>,2,Tree,4.042633079075792,1.6388445914456393,2.010630020435334
datasets/synthetic_data/s2.csv,305,<timecave.validation_methods.CV.AdaptedhvBlockCV object at 0x00000250F6A46210>,2,ARMA,2.254710517721155,1.2496516377339306,1.5015693516188837
datasets/synthetic_data/s2.csv,305,<timecave.validation_methods.CV.AdaptedhvBlockCV object at 0x00000250F6A46210>,3,Tree,1.7043787017433578,1.0778443940973257,1.305518556644584
datasets/synthetic_data/s2.csv,305,<timecave.validation_methods.CV.AdaptedhvBlockCV object at 0x00000250F6A46210>,3,ARMA,1.625802804229103,1.0341731871047337,1.2750697252421543
datasets/synthetic_data/s2.csv,305,<timecave.validation_methods.CV.AdaptedhvBlockCV object at 0x00000250F6A46210>,4,Tree,2.617752297468857,1.2337360079676438,1.6179469390152623
datasets/synthetic_data/s2.csv,305,<timecave.validation_methods.CV.AdaptedhvBlockCV object at 0x00000250F6A46210>,4,ARMA,2.568164330919754,1.2937329960203492,1.6025493224608578
datasets/synthetic_data/s2.csv,305,<timecave.validation_methods.markov.MarkovCV object at 0x00000250F2641BE0>,0,Tree,12.852008056196357,3.0866090917395477,3.584969742716995
datasets/synthetic_data/s2.csv,305,<timecave.validation_methods.markov.MarkovCV object at 0x00000250F2641BE0>,0,ARMA,3.644607467708806,1.5958284536394867,1.9090855056043996
datasets/synthetic_data/s2.csv,305,<timecave.validation_methods.markov.MarkovCV object at 0x00000250F2641BE0>,1,Tree,7.495302771153282,2.1387857501527643,2.737755060474418
datasets/synthetic_data/s2.csv,305,<timecave.validation_methods.markov.MarkovCV object at 0x00000250F2641BE0>,1,ARMA,2.2500804940015864,1.2421134254227015,1.500026831093893
datasets/synthetic_data/s2.csv,305,<timecave.validation_methods.markov.MarkovCV object at 0x00000250F2641BE0>,2,Tree,2.1441920233467164,1.231826938588555,1.4643059869257915
datasets/synthetic_data/s2.csv,305,<timecave.validation_methods.markov.MarkovCV object at 0x00000250F2641BE0>,2,ARMA,1.7221230293447662,1.0654141955514467,1.312296852600343
datasets/synthetic_data/s2.csv,305,<timecave.validation_methods.markov.MarkovCV object at 0x00000250F2641BE0>,3,Tree,3.175125322744589,1.383268968349252,1.7818881341836779
datasets/synthetic_data/s2.csv,305,<timecave.validation_methods.markov.MarkovCV object at 0x00000250F2641BE0>,3,ARMA,2.9944992390099636,1.526907758859548,1.7304621460783138
datasets/synthetic_data/s2.csv,305,<timecave.validation_methods.markov.MarkovCV object at 0x00000250F2641BE0>,4,Tree,8.381037225918094,2.6238970037490543,2.8950021115567592
datasets/synthetic_data/s2.csv,305,<timecave.validation_methods.markov.MarkovCV object at 0x00000250F2641BE0>,4,ARMA,2.0082281774196256,1.2049985999376909,1.4171196764633627
datasets/synthetic_data/s2.csv,305,<timecave.validation_methods.markov.MarkovCV object at 0x00000250F2641BE0>,5,Tree,1.528037878355952,0.9953718441434091,1.2361382925692221
datasets/synthetic_data/s2.csv,305,<timecave.validation_methods.markov.MarkovCV object at 0x00000250F2641BE0>,5,ARMA,2.4938596036058653,1.2032396239355962,1.5791958724635349
datasets/synthetic_data/s2.csv,305,<timecave.validation_methods.markov.MarkovCV object at 0x00000250F2641BE0>,6,Tree,5.821701514794918,1.9229006047382737,2.412820240878901
datasets/synthetic_data/s2.csv,305,<timecave.validation_methods.markov.MarkovCV object at 0x00000250F2641BE0>,6,ARMA,3.6161053832435144,1.5223812822321245,1.9016060010537184
datasets/synthetic_data/s2.csv,305,<timecave.validation_methods.markov.MarkovCV object at 0x00000250F2641BE0>,7,Tree,2.947094419684061,1.4516695311474015,1.716710348219542
datasets/synthetic_data/s2.csv,305,<timecave.validation_methods.markov.MarkovCV object at 0x00000250F2641BE0>,7,ARMA,1.9044617181138044,1.1990931425926414,1.3800223614542644
datasets/synthetic_data/s2.csv,305,<timecave.validation_methods.markov.MarkovCV object at 0x00000250F2641BE0>,8,Tree,3.604079515195727,1.7128295861062357,1.8984413383604264
datasets/synthetic_data/s2.csv,305,<timecave.validation_methods.markov.MarkovCV object at 0x00000250F2641BE0>,8,ARMA,1.5269913701397784,0.927578497304303,1.2357149226823225
datasets/synthetic_data/s2.csv,305,<timecave.validation_methods.markov.MarkovCV object at 0x00000250F2641BE0>,9,Tree,2.1998132056012554,1.343897304092686,1.4831767277034977
datasets/synthetic_data/s2.csv,305,<timecave.validation_methods.markov.MarkovCV object at 0x00000250F2641BE0>,9,ARMA,1.8311049002040845,1.129411235519196,1.3531832470896483
datasets/synthetic_data/s2.csv,306,<timecave.validation_methods.OOS.Holdout object at 0x00000250E98FC770>,0,Tree,2.2422143561651295,1.2290706028903136,1.497402536449411
datasets/synthetic_data/s2.csv,306,<timecave.validation_methods.OOS.Holdout object at 0x00000250E98FC770>,0,ARMA,1.4766778758202987,0.980631990164223,1.2151863543589925
datasets/synthetic_data/s2.csv,306,<timecave.validation_methods.OOS.Repeated_Holdout object at 0x00000250F25E7A10>,0,Tree,1.3453736452215597,0.8883646815133845,1.1599024291816789
datasets/synthetic_data/s2.csv,306,<timecave.validation_methods.OOS.Repeated_Holdout object at 0x00000250F25E7A10>,0,ARMA,1.2194689704003068,0.9150837099471395,1.104295689749945
datasets/synthetic_data/s2.csv,306,<timecave.validation_methods.OOS.Repeated_Holdout object at 0x00000250F25E7A10>,1,Tree,1.4112155663946344,0.8910091107422148,1.1879459442224778
datasets/synthetic_data/s2.csv,306,<timecave.validation_methods.OOS.Repeated_Holdout object at 0x00000250F25E7A10>,1,ARMA,1.067951991424436,0.8476097472429307,1.0334176268210427
datasets/synthetic_data/s2.csv,306,<timecave.validation_methods.OOS.Repeated_Holdout object at 0x00000250F25E7A10>,2,Tree,1.8301025176927326,1.088596244130892,1.3528128169457638
datasets/synthetic_data/s2.csv,306,<timecave.validation_methods.OOS.Repeated_Holdout object at 0x00000250F25E7A10>,2,ARMA,1.4591593792449788,0.9666703468783757,1.2079566959311823
datasets/synthetic_data/s2.csv,306,<timecave.validation_methods.OOS.Repeated_Holdout object at 0x00000250F25E7A10>,3,Tree,2.350213139078804,1.265056603605678,1.5330404884016613
datasets/synthetic_data/s2.csv,306,<timecave.validation_methods.OOS.Repeated_Holdout object at 0x00000250F25E7A10>,3,ARMA,1.4766778758202987,0.980631990164223,1.2151863543589925
datasets/synthetic_data/s2.csv,306,<timecave.validation_methods.prequential.Growing_Window object at 0x00000250F0436270>,0,Tree,3.2012731519223925,1.4589936187416443,1.789210203392098
datasets/synthetic_data/s2.csv,306,<timecave.validation_methods.prequential.Growing_Window object at 0x00000250F0436270>,0,ARMA,2.47033513703769,1.1982478177148437,1.5717299822290374
datasets/synthetic_data/s2.csv,306,<timecave.validation_methods.prequential.Growing_Window object at 0x00000250F0436270>,1,Tree,2.159391419541214,1.2501587649312793,1.4694867878076394
datasets/synthetic_data/s2.csv,306,<timecave.validation_methods.prequential.Growing_Window object at 0x00000250F0436270>,1,ARMA,2.1597723503519064,1.220035643392364,1.4696163956461246
datasets/synthetic_data/s2.csv,306,<timecave.validation_methods.prequential.Growing_Window object at 0x00000250F0436270>,2,Tree,1.6320126227320528,1.0240217420727522,1.2775024942175466
datasets/synthetic_data/s2.csv,306,<timecave.validation_methods.prequential.Growing_Window object at 0x00000250F0436270>,2,ARMA,1.8394921253547816,1.0505465784285808,1.3562787786273076
datasets/synthetic_data/s2.csv,306,<timecave.validation_methods.prequential.Growing_Window object at 0x00000250F0436270>,3,Tree,1.6662034995675739,1.0211855987125935,1.2908150524252395
datasets/synthetic_data/s2.csv,306,<timecave.validation_methods.prequential.Growing_Window object at 0x00000250F0436270>,3,ARMA,1.12463609719136,0.8722311555492126,1.0604886124760418
datasets/synthetic_data/s2.csv,306,<timecave.validation_methods.prequential.Growing_Window object at 0x00000250F6A34C20>,0,Tree,4.961625280653688,1.888623664650294,2.2274706015239993
datasets/synthetic_data/s2.csv,306,<timecave.validation_methods.prequential.Growing_Window object at 0x00000250F6A34C20>,0,ARMA,2.372119363490948,1.231009869719304,1.5401686152791674
datasets/synthetic_data/s2.csv,306,<timecave.validation_methods.prequential.Growing_Window object at 0x00000250F6A34C20>,1,Tree,4.146484407310693,1.7551002560616253,2.0362918276393227
datasets/synthetic_data/s2.csv,306,<timecave.validation_methods.prequential.Growing_Window object at 0x00000250F6A34C20>,1,ARMA,2.0148916899541467,1.1602358885879478,1.4194688055586662
datasets/synthetic_data/s2.csv,306,<timecave.validation_methods.prequential.Growing_Window object at 0x00000250F6A34C20>,2,Tree,1.609377282246571,1.0067784681342575,1.268612345141955
datasets/synthetic_data/s2.csv,306,<timecave.validation_methods.prequential.Growing_Window object at 0x00000250F6A34C20>,2,ARMA,1.0343996852982622,0.8416562067429952,1.017054416094961
datasets/synthetic_data/s2.csv,306,<timecave.validation_methods.prequential.Rolling_Window object at 0x00000250F2643A10>,0,Tree,2.9150734521105104,1.3999396052110493,1.7073586184836829
datasets/synthetic_data/s2.csv,306,<timecave.validation_methods.prequential.Rolling_Window object at 0x00000250F2643A10>,0,ARMA,2.47033513703769,1.1982478177148437,1.5717299822290374
datasets/synthetic_data/s2.csv,306,<timecave.validation_methods.prequential.Rolling_Window object at 0x00000250F2643A10>,1,Tree,2.5189947377169783,1.2667979011845372,1.5871341271981327
datasets/synthetic_data/s2.csv,306,<timecave.validation_methods.prequential.Rolling_Window object at 0x00000250F2643A10>,1,ARMA,2.264842187268507,1.2520108322469543,1.5049392636477086
datasets/synthetic_data/s2.csv,306,<timecave.validation_methods.prequential.Rolling_Window object at 0x00000250F2643A10>,2,Tree,3.388543763654602,1.4848878325173762,1.8407997619661411
datasets/synthetic_data/s2.csv,306,<timecave.validation_methods.prequential.Rolling_Window object at 0x00000250F2643A10>,2,ARMA,1.869633836194779,1.0716186220850354,1.3673455438164777
datasets/synthetic_data/s2.csv,306,<timecave.validation_methods.prequential.Rolling_Window object at 0x00000250F2643A10>,3,Tree,2.677911603980079,1.349410158131701,1.6364325846120515
datasets/synthetic_data/s2.csv,306,<timecave.validation_methods.prequential.Rolling_Window object at 0x00000250F2643A10>,3,ARMA,1.72638931437093,1.0970217075426087,1.313921350146549
datasets/synthetic_data/s2.csv,306,<timecave.validation_methods.prequential.Rolling_Window object at 0x00000250F6BB21B0>,0,Tree,4.671282978365643,1.7786206446332602,2.1613151039044824
datasets/synthetic_data/s2.csv,306,<timecave.validation_methods.prequential.Rolling_Window object at 0x00000250F6BB21B0>,0,ARMA,2.372119363490948,1.231009869719304,1.5401686152791674
datasets/synthetic_data/s2.csv,306,<timecave.validation_methods.prequential.Rolling_Window object at 0x00000250F6BB21B0>,1,Tree,2.5017670548111037,1.2209419435862414,1.5816975231728423
datasets/synthetic_data/s2.csv,306,<timecave.validation_methods.prequential.Rolling_Window object at 0x00000250F6BB21B0>,1,ARMA,1.9183140439054827,1.0812970582757742,1.3850321454412107
datasets/synthetic_data/s2.csv,306,<timecave.validation_methods.prequential.Rolling_Window object at 0x00000250F6BB21B0>,2,Tree,3.314870872051593,1.4046781966452515,1.8206786844612624
datasets/synthetic_data/s2.csv,306,<timecave.validation_methods.prequential.Rolling_Window object at 0x00000250F6BB21B0>,2,ARMA,0.9738913361108158,0.7902475729553934,0.9868593294440783
datasets/synthetic_data/s2.csv,306,<timecave.validation_methods.CV.Block_CV object at 0x00000250F6BB1910>,0,Tree,2.654329645364665,1.2499040580201455,1.6292113568732158
datasets/synthetic_data/s2.csv,306,<timecave.validation_methods.CV.Block_CV object at 0x00000250F6BB1910>,0,ARMA,2.29297605544857,1.2162512896221442,1.5142575921713486
datasets/synthetic_data/s2.csv,306,<timecave.validation_methods.CV.Block_CV object at 0x00000250F6BB1910>,1,Tree,2.0761481369718044,1.2561519500399871,1.4408844981371007
datasets/synthetic_data/s2.csv,306,<timecave.validation_methods.CV.Block_CV object at 0x00000250F6BB1910>,1,ARMA,1.6184775100321374,0.991285889458236,1.272193975002294
datasets/synthetic_data/s2.csv,306,<timecave.validation_methods.CV.Block_CV object at 0x00000250F6BB1910>,2,Tree,2.2161862091190865,1.289914835308932,1.4886860680207519
datasets/synthetic_data/s2.csv,306,<timecave.validation_methods.CV.Block_CV object at 0x00000250F6BB1910>,2,ARMA,2.10759666176621,1.2109895957480794,1.451756405794791
datasets/synthetic_data/s2.csv,306,<timecave.validation_methods.CV.Block_CV object at 0x00000250F6BB1910>,3,Tree,1.404063434150341,0.9518941540347654,1.1849318267944113
datasets/synthetic_data/s2.csv,306,<timecave.validation_methods.CV.Block_CV object at 0x00000250F6BB1910>,3,ARMA,1.919526689074956,1.1147513811459984,1.385469844159358
datasets/synthetic_data/s2.csv,306,<timecave.validation_methods.CV.Block_CV object at 0x00000250F6BB1910>,4,Tree,1.496874505313637,0.9495372858314637,1.223468228158638
datasets/synthetic_data/s2.csv,306,<timecave.validation_methods.CV.Block_CV object at 0x00000250F6BB1910>,4,ARMA,1.12463609719136,0.8722311555492126,1.0604886124760418
datasets/synthetic_data/s2.csv,306,<timecave.validation_methods.CV.AdaptedhvBlockCV object at 0x00000250F6BB3F50>,0,Tree,2.5311030362142675,1.2415601265120189,1.5909440707373304
datasets/synthetic_data/s2.csv,306,<timecave.validation_methods.CV.AdaptedhvBlockCV object at 0x00000250F6BB3F50>,0,ARMA,2.288027744624838,1.2176726927674482,1.512622803155115
datasets/synthetic_data/s2.csv,306,<timecave.validation_methods.CV.AdaptedhvBlockCV object at 0x00000250F6BB3F50>,1,Tree,2.6670598584761813,1.3634476792032955,1.6331135473310425
datasets/synthetic_data/s2.csv,306,<timecave.validation_methods.CV.AdaptedhvBlockCV object at 0x00000250F6BB3F50>,1,ARMA,1.619482173652997,0.9903990458672185,1.2725887684766815
datasets/synthetic_data/s2.csv,306,<timecave.validation_methods.CV.AdaptedhvBlockCV object at 0x00000250F6BB3F50>,2,Tree,2.0936909494172555,1.2628491646940934,1.4469592079313278
datasets/synthetic_data/s2.csv,306,<timecave.validation_methods.CV.AdaptedhvBlockCV object at 0x00000250F6BB3F50>,2,ARMA,2.10805234141828,1.2105613693857626,1.4519133381225893
datasets/synthetic_data/s2.csv,306,<timecave.validation_methods.CV.AdaptedhvBlockCV object at 0x00000250F6BB3F50>,3,Tree,1.9576424962788597,1.1325764529445923,1.3991577810521798
datasets/synthetic_data/s2.csv,306,<timecave.validation_methods.CV.AdaptedhvBlockCV object at 0x00000250F6BB3F50>,3,ARMA,1.9304409565138416,1.118433151187196,1.3894030936030917
datasets/synthetic_data/s2.csv,306,<timecave.validation_methods.CV.AdaptedhvBlockCV object at 0x00000250F6BB3F50>,4,Tree,1.474584545121211,0.8884433411204403,1.2143247280366198
datasets/synthetic_data/s2.csv,306,<timecave.validation_methods.CV.AdaptedhvBlockCV object at 0x00000250F6BB3F50>,4,ARMA,1.0891538359439323,0.8668045275794984,1.043625333126756
datasets/synthetic_data/s2.csv,306,<timecave.validation_methods.markov.MarkovCV object at 0x00000250F26043E0>,0,Tree,1.4584490929720182,0.8079036437986215,1.2076626569419202
datasets/synthetic_data/s2.csv,306,<timecave.validation_methods.markov.MarkovCV object at 0x00000250F26043E0>,0,ARMA,4.087544902616748,1.5380721804066164,2.0217677667370078
datasets/synthetic_data/s2.csv,306,<timecave.validation_methods.markov.MarkovCV object at 0x00000250F26043E0>,1,Tree,2.8380921404411925,1.204718534986614,1.6846638063546069
datasets/synthetic_data/s2.csv,306,<timecave.validation_methods.markov.MarkovCV object at 0x00000250F26043E0>,1,ARMA,2.0294268107003695,1.1951148935687108,1.4245795206657892
datasets/synthetic_data/s2.csv,306,<timecave.validation_methods.markov.MarkovCV object at 0x00000250F26043E0>,2,Tree,2.466790592889244,1.2152310159132382,1.5706019842370136
datasets/synthetic_data/s2.csv,306,<timecave.validation_methods.markov.MarkovCV object at 0x00000250F26043E0>,2,ARMA,3.4453920879976208,1.5008702017515687,1.8561767394290936
datasets/synthetic_data/s2.csv,306,<timecave.validation_methods.markov.MarkovCV object at 0x00000250F26043E0>,3,Tree,2.919120959162618,1.4207468221842452,1.7085435198327896
datasets/synthetic_data/s2.csv,306,<timecave.validation_methods.markov.MarkovCV object at 0x00000250F26043E0>,3,ARMA,2.0824879161534744,1.162046066733206,1.4430827821554364
datasets/synthetic_data/s2.csv,306,<timecave.validation_methods.markov.MarkovCV object at 0x00000250F26043E0>,4,Tree,3.212171421639898,1.456090859371296,1.7922531689579735
datasets/synthetic_data/s2.csv,306,<timecave.validation_methods.markov.MarkovCV object at 0x00000250F26043E0>,4,ARMA,1.0646218536301688,0.7890250951524143,1.0318051432466155
datasets/synthetic_data/s2.csv,306,<timecave.validation_methods.markov.MarkovCV object at 0x00000250F26043E0>,5,Tree,2.084700970228098,1.048129829121962,1.4438493585648393
datasets/synthetic_data/s2.csv,306,<timecave.validation_methods.markov.MarkovCV object at 0x00000250F26043E0>,5,ARMA,1.73726748684647,1.131725178354655,1.3180544324292793
datasets/synthetic_data/s2.csv,306,<timecave.validation_methods.markov.MarkovCV object at 0x00000250F26043E0>,6,Tree,4.5808248806300105,1.8822704055359016,2.140286167929422
datasets/synthetic_data/s2.csv,306,<timecave.validation_methods.markov.MarkovCV object at 0x00000250F26043E0>,6,ARMA,1.7658757547282558,0.9488541841280516,1.328862579324234
datasets/synthetic_data/s2.csv,306,<timecave.validation_methods.markov.MarkovCV object at 0x00000250F26043E0>,7,Tree,3.8550744868506284,1.598506686649227,1.9634343602093318
datasets/synthetic_data/s2.csv,306,<timecave.validation_methods.markov.MarkovCV object at 0x00000250F26043E0>,7,ARMA,1.6164478618845182,1.0987945638088208,1.2713960287355464
datasets/synthetic_data/s2.csv,306,<timecave.validation_methods.markov.MarkovCV object at 0x00000250F26043E0>,8,Tree,1.5040787726450995,1.0450289608407102,1.226408892924827
datasets/synthetic_data/s2.csv,306,<timecave.validation_methods.markov.MarkovCV object at 0x00000250F26043E0>,8,ARMA,1.5447429996951303,1.060643663753071,1.2428769044821495
datasets/synthetic_data/s2.csv,306,<timecave.validation_methods.markov.MarkovCV object at 0x00000250F26043E0>,9,Tree,2.160954181228795,1.1142233775737145,1.4700184288738678
datasets/synthetic_data/s2.csv,306,<timecave.validation_methods.markov.MarkovCV object at 0x00000250F26043E0>,9,ARMA,2.5949118611656328,1.3021899020139114,1.6108730121166077
datasets/synthetic_data/s2.csv,307,<timecave.validation_methods.OOS.Holdout object at 0x00000250F2607260>,0,Tree,2.7394439159770316,1.3280936591816128,1.6551265558793478
datasets/synthetic_data/s2.csv,307,<timecave.validation_methods.OOS.Holdout object at 0x00000250F2607260>,0,ARMA,1.5522213516770123,0.9443621386376009,1.2458817566996525
datasets/synthetic_data/s2.csv,307,<timecave.validation_methods.OOS.Repeated_Holdout object at 0x00000250F26065D0>,0,Tree,2.202048991260058,1.10012286246514,1.4839302514808632
datasets/synthetic_data/s2.csv,307,<timecave.validation_methods.OOS.Repeated_Holdout object at 0x00000250F26065D0>,0,ARMA,1.708103320399697,0.9725501488210537,1.306944268283731
datasets/synthetic_data/s2.csv,307,<timecave.validation_methods.OOS.Repeated_Holdout object at 0x00000250F26065D0>,1,Tree,3.120426562591875,1.4331719997742027,1.7664729158953656
datasets/synthetic_data/s2.csv,307,<timecave.validation_methods.OOS.Repeated_Holdout object at 0x00000250F26065D0>,1,ARMA,1.346520665296866,0.846159000110078,1.1603967706335907
datasets/synthetic_data/s2.csv,307,<timecave.validation_methods.OOS.Repeated_Holdout object at 0x00000250F26065D0>,2,Tree,2.3493650961405605,1.174500528375325,1.5327638748811119
datasets/synthetic_data/s2.csv,307,<timecave.validation_methods.OOS.Repeated_Holdout object at 0x00000250F26065D0>,2,ARMA,1.5683506504076405,0.9539435625565784,1.2523380735279275
datasets/synthetic_data/s2.csv,307,<timecave.validation_methods.OOS.Repeated_Holdout object at 0x00000250F26065D0>,3,Tree,3.011259735080584,1.4234325197984496,1.735298168926765
datasets/synthetic_data/s2.csv,307,<timecave.validation_methods.OOS.Repeated_Holdout object at 0x00000250F26065D0>,3,ARMA,1.5522213516770123,0.9443621386376009,1.2458817566996525
datasets/synthetic_data/s2.csv,307,<timecave.validation_methods.prequential.Growing_Window object at 0x00000250F2606E70>,0,Tree,2.896212318071339,1.461278342618482,1.7018261715202698
datasets/synthetic_data/s2.csv,307,<timecave.validation_methods.prequential.Growing_Window object at 0x00000250F2606E70>,0,ARMA,1.8128547395546128,1.0678506331177307,1.3464229423010485
datasets/synthetic_data/s2.csv,307,<timecave.validation_methods.prequential.Growing_Window object at 0x00000250F2606E70>,1,Tree,1.466652825947975,1.0169084887923516,1.2110544273268542
datasets/synthetic_data/s2.csv,307,<timecave.validation_methods.prequential.Growing_Window object at 0x00000250F2606E70>,1,ARMA,1.0720591573666352,0.858130600898003,1.0354028961552286
datasets/synthetic_data/s2.csv,307,<timecave.validation_methods.prequential.Growing_Window object at 0x00000250F2606E70>,2,Tree,4.402494353388339,1.6232397759255373,2.098212180259265
datasets/synthetic_data/s2.csv,307,<timecave.validation_methods.prequential.Growing_Window object at 0x00000250F2606E70>,2,ARMA,2.252350870927959,1.1418995454517233,1.5007834190608447
datasets/synthetic_data/s2.csv,307,<timecave.validation_methods.prequential.Growing_Window object at 0x00000250F2606E70>,3,Tree,3.6320891319486086,1.5736517955240041,1.9058040644170662
datasets/synthetic_data/s2.csv,307,<timecave.validation_methods.prequential.Growing_Window object at 0x00000250F2606E70>,3,ARMA,1.3928028979956937,0.8616245720496469,1.1801707071418497
datasets/synthetic_data/s2.csv,307,<timecave.validation_methods.prequential.Growing_Window object at 0x00000250F29F40B0>,0,Tree,1.5495225243395565,1.0501308611717004,1.2447981861890531
datasets/synthetic_data/s2.csv,307,<timecave.validation_methods.prequential.Growing_Window object at 0x00000250F29F40B0>,0,ARMA,1.2640249714251302,0.9088594346401117,1.1242886512925097
datasets/synthetic_data/s2.csv,307,<timecave.validation_methods.prequential.Growing_Window object at 0x00000250F29F40B0>,1,Tree,3.553908110456257,1.2775921283219747,1.8851811876995423
datasets/synthetic_data/s2.csv,307,<timecave.validation_methods.prequential.Growing_Window object at 0x00000250F29F40B0>,1,ARMA,2.2984722551751053,1.1547481976297678,1.5160713225884543
datasets/synthetic_data/s2.csv,307,<timecave.validation_methods.prequential.Growing_Window object at 0x00000250F29F40B0>,2,Tree,2.193545815067395,1.2789848694084558,1.4810623940494185
datasets/synthetic_data/s2.csv,307,<timecave.validation_methods.prequential.Growing_Window object at 0x00000250F29F40B0>,2,ARMA,1.4205324857660449,0.8786597797033898,1.1918609339038027
datasets/synthetic_data/s2.csv,307,<timecave.validation_methods.prequential.Rolling_Window object at 0x00000250F29F76E0>,0,Tree,3.3305952793025653,1.567358973864066,1.8249918573250032
datasets/synthetic_data/s2.csv,307,<timecave.validation_methods.prequential.Rolling_Window object at 0x00000250F29F76E0>,0,ARMA,1.8128547395546128,1.0678506331177307,1.3464229423010485
datasets/synthetic_data/s2.csv,307,<timecave.validation_methods.prequential.Rolling_Window object at 0x00000250F29F76E0>,1,Tree,2.148506623671156,1.2031318034165883,1.4657785043010951
datasets/synthetic_data/s2.csv,307,<timecave.validation_methods.prequential.Rolling_Window object at 0x00000250F29F76E0>,1,ARMA,1.0635764718962744,0.857811498807041,1.0312984397817513
datasets/synthetic_data/s2.csv,307,<timecave.validation_methods.prequential.Rolling_Window object at 0x00000250F29F76E0>,2,Tree,3.2124394871180666,1.4784442507732172,1.7923279518877304
datasets/synthetic_data/s2.csv,307,<timecave.validation_methods.prequential.Rolling_Window object at 0x00000250F29F76E0>,2,ARMA,2.167257776490973,1.110055551442739,1.4721609207185786
datasets/synthetic_data/s2.csv,307,<timecave.validation_methods.prequential.Rolling_Window object at 0x00000250F29F76E0>,3,Tree,4.141974242133888,1.5621006288386436,2.035184080650664
datasets/synthetic_data/s2.csv,307,<timecave.validation_methods.prequential.Rolling_Window object at 0x00000250F29F76E0>,3,ARMA,1.3927279428014137,0.9077115659104237,1.1801389506331081
datasets/synthetic_data/s2.csv,307,<timecave.validation_methods.prequential.Rolling_Window object at 0x00000250F6ACBA10>,0,Tree,1.6642301216971578,1.1246517022723108,1.290050433780462
datasets/synthetic_data/s2.csv,307,<timecave.validation_methods.prequential.Rolling_Window object at 0x00000250F6ACBA10>,0,ARMA,1.2640249714251302,0.9088594346401117,1.1242886512925097
datasets/synthetic_data/s2.csv,307,<timecave.validation_methods.prequential.Rolling_Window object at 0x00000250F6ACBA10>,1,Tree,2.4353776709227994,1.3115386664549322,1.5605696623101448
datasets/synthetic_data/s2.csv,307,<timecave.validation_methods.prequential.Rolling_Window object at 0x00000250F6ACBA10>,1,ARMA,2.1904712831998645,1.118755747570925,1.4800240819661903
datasets/synthetic_data/s2.csv,307,<timecave.validation_methods.prequential.Rolling_Window object at 0x00000250F6ACBA10>,2,Tree,2.8798440620380585,1.3924149137462456,1.697010330563152
datasets/synthetic_data/s2.csv,307,<timecave.validation_methods.prequential.Rolling_Window object at 0x00000250F6ACBA10>,2,ARMA,1.3884456964446983,0.8701419891473339,1.178323256345515
datasets/synthetic_data/s2.csv,307,<timecave.validation_methods.CV.Block_CV object at 0x00000250F6BB1AC0>,0,Tree,3.1905675647280387,1.535420591805446,1.7862159905028392
datasets/synthetic_data/s2.csv,307,<timecave.validation_methods.CV.Block_CV object at 0x00000250F6BB1AC0>,0,ARMA,2.090636224877385,1.1827684061080348,1.4459032557115932
datasets/synthetic_data/s2.csv,307,<timecave.validation_methods.CV.Block_CV object at 0x00000250F6BB1AC0>,1,Tree,2.4776980177206784,1.3374163119664146,1.5740705250148985
datasets/synthetic_data/s2.csv,307,<timecave.validation_methods.CV.Block_CV object at 0x00000250F6BB1AC0>,1,ARMA,1.721960452161332,1.0406967270729113,1.3122349073856143
datasets/synthetic_data/s2.csv,307,<timecave.validation_methods.CV.Block_CV object at 0x00000250F6BB1AC0>,2,Tree,1.7948330949021307,1.089566097377374,1.3397138108201059
datasets/synthetic_data/s2.csv,307,<timecave.validation_methods.CV.Block_CV object at 0x00000250F6BB1AC0>,2,ARMA,1.181562738690665,0.8990697528638554,1.086997119909094
datasets/synthetic_data/s2.csv,307,<timecave.validation_methods.CV.Block_CV object at 0x00000250F6BB1AC0>,3,Tree,2.2934791332886464,1.3135275889068287,1.514423696753536
datasets/synthetic_data/s2.csv,307,<timecave.validation_methods.CV.Block_CV object at 0x00000250F6BB1AC0>,3,ARMA,2.2408238312988953,1.1374158074947127,1.4969381521288363
datasets/synthetic_data/s2.csv,307,<timecave.validation_methods.CV.Block_CV object at 0x00000250F6BB1AC0>,4,Tree,3.226649702980202,1.474863876946676,1.7962877561738826
datasets/synthetic_data/s2.csv,307,<timecave.validation_methods.CV.Block_CV object at 0x00000250F6BB1AC0>,4,ARMA,1.3928028979956937,0.8616245720496469,1.1801707071418497
datasets/synthetic_data/s2.csv,307,<timecave.validation_methods.CV.AdaptedhvBlockCV object at 0x00000250F6BB1970>,0,Tree,3.5227038490404436,1.567314468249153,1.876886743796877
datasets/synthetic_data/s2.csv,307,<timecave.validation_methods.CV.AdaptedhvBlockCV object at 0x00000250F6BB1970>,0,ARMA,2.086380389877339,1.1816723162529517,1.4444308186539565
datasets/synthetic_data/s2.csv,307,<timecave.validation_methods.CV.AdaptedhvBlockCV object at 0x00000250F6BB1970>,1,Tree,2.179751749532049,1.2117721230340683,1.476398235413484
datasets/synthetic_data/s2.csv,307,<timecave.validation_methods.CV.AdaptedhvBlockCV object at 0x00000250F6BB1970>,1,ARMA,1.7642053657886505,1.0498186430295675,1.3282339273594281
datasets/synthetic_data/s2.csv,307,<timecave.validation_methods.CV.AdaptedhvBlockCV object at 0x00000250F6BB1970>,2,Tree,3.3949998629613654,1.585813640210243,1.8425525400816567
datasets/synthetic_data/s2.csv,307,<timecave.validation_methods.CV.AdaptedhvBlockCV object at 0x00000250F6BB1970>,2,ARMA,1.1761260662882809,0.8987578167108274,1.084493460694107
datasets/synthetic_data/s2.csv,307,<timecave.validation_methods.CV.AdaptedhvBlockCV object at 0x00000250F6BB1970>,3,Tree,2.654596607198925,1.3261979494299125,1.6292932845865795
datasets/synthetic_data/s2.csv,307,<timecave.validation_methods.CV.AdaptedhvBlockCV object at 0x00000250F6BB1970>,3,ARMA,2.2348324658857406,1.1359433782613633,1.4949356059328243
datasets/synthetic_data/s2.csv,307,<timecave.validation_methods.CV.AdaptedhvBlockCV object at 0x00000250F6BB1970>,4,Tree,3.1397688176842498,1.4309573951946082,1.7719392816020108
datasets/synthetic_data/s2.csv,307,<timecave.validation_methods.CV.AdaptedhvBlockCV object at 0x00000250F6BB1970>,4,ARMA,1.3797939904897598,0.8691856394806319,1.174646325703937
datasets/synthetic_data/s2.csv,307,<timecave.validation_methods.markov.MarkovCV object at 0x00000250F6BB1CA0>,0,Tree,1.297936261064751,0.970496778247516,1.1392700562486275
datasets/synthetic_data/s2.csv,307,<timecave.validation_methods.markov.MarkovCV object at 0x00000250F6BB1CA0>,0,ARMA,1.2187124076144438,0.8758153346992006,1.1039530821617574
datasets/synthetic_data/s2.csv,307,<timecave.validation_methods.markov.MarkovCV object at 0x00000250F6BB1CA0>,1,Tree,1.4769122703222943,1.0620055108895556,1.2152827943825644
datasets/synthetic_data/s2.csv,307,<timecave.validation_methods.markov.MarkovCV object at 0x00000250F6BB1CA0>,1,ARMA,1.899317438137751,1.0554238412289039,1.3781572617585234
datasets/synthetic_data/s2.csv,307,<timecave.validation_methods.markov.MarkovCV object at 0x00000250F6BB1CA0>,2,Tree,6.32203835138899,2.149332194209572,2.5143663916360697
datasets/synthetic_data/s2.csv,307,<timecave.validation_methods.markov.MarkovCV object at 0x00000250F6BB1CA0>,2,ARMA,1.7147862990398175,1.0721973263739226,1.309498491423269
datasets/synthetic_data/s2.csv,307,<timecave.validation_methods.markov.MarkovCV object at 0x00000250F6BB1CA0>,3,Tree,1.1905039826323502,0.9361965368662476,1.091102187071564
datasets/synthetic_data/s2.csv,307,<timecave.validation_methods.markov.MarkovCV object at 0x00000250F6BB1CA0>,3,ARMA,2.1784538253400756,1.2748090940394237,1.475958612339816
datasets/synthetic_data/s2.csv,307,<timecave.validation_methods.markov.MarkovCV object at 0x00000250F6BB1CA0>,4,Tree,2.8520736242360587,1.3048912280688598,1.688808344435821
datasets/synthetic_data/s2.csv,307,<timecave.validation_methods.markov.MarkovCV object at 0x00000250F6BB1CA0>,4,ARMA,2.2259503661449704,1.283038866865075,1.4919619184633939
datasets/synthetic_data/s2.csv,307,<timecave.validation_methods.markov.MarkovCV object at 0x00000250F6BB1CA0>,5,Tree,2.7538867074328093,1.2993565577293102,1.6594838677832362
datasets/synthetic_data/s2.csv,307,<timecave.validation_methods.markov.MarkovCV object at 0x00000250F6BB1CA0>,5,ARMA,1.66367175291147,1.0009028152850168,1.2898340020760306
datasets/synthetic_data/s2.csv,307,<timecave.validation_methods.markov.MarkovCV object at 0x00000250F6BB1CA0>,6,Tree,4.613073608949823,1.8802554688404316,2.147806697296063
datasets/synthetic_data/s2.csv,307,<timecave.validation_methods.markov.MarkovCV object at 0x00000250F6BB1CA0>,6,ARMA,1.3633760824735754,0.892074061136813,1.167636965188057
datasets/synthetic_data/s2.csv,307,<timecave.validation_methods.markov.MarkovCV object at 0x00000250F6BB1CA0>,7,Tree,5.592142991090349,1.9429063728545777,2.3647712344094405
datasets/synthetic_data/s2.csv,307,<timecave.validation_methods.markov.MarkovCV object at 0x00000250F6BB1CA0>,7,ARMA,2.800343136372643,1.46317413457804,1.6734225815294363
datasets/synthetic_data/s2.csv,307,<timecave.validation_methods.markov.MarkovCV object at 0x00000250F6BB1CA0>,8,Tree,4.475034568450337,1.8037155393943367,2.115427750704414
datasets/synthetic_data/s2.csv,307,<timecave.validation_methods.markov.MarkovCV object at 0x00000250F6BB1CA0>,8,ARMA,2.725196466394401,1.362069579448196,1.6508169088043656
datasets/synthetic_data/s2.csv,307,<timecave.validation_methods.markov.MarkovCV object at 0x00000250F6BB1CA0>,9,Tree,3.6115460781019637,1.585838158936825,1.9004068191053103
datasets/synthetic_data/s2.csv,307,<timecave.validation_methods.markov.MarkovCV object at 0x00000250F6BB1CA0>,9,ARMA,2.4495877257029575,1.2023704214641806,1.5651158825157188
datasets/synthetic_data/s2.csv,308,<timecave.validation_methods.OOS.Holdout object at 0x00000250F26052B0>,0,Tree,1.7351899225445127,1.0613358769337038,1.3172660788711263
datasets/synthetic_data/s2.csv,308,<timecave.validation_methods.OOS.Holdout object at 0x00000250F26052B0>,0,ARMA,1.159993757552975,0.8626422787128764,1.0770300634397236
datasets/synthetic_data/s2.csv,308,<timecave.validation_methods.OOS.Repeated_Holdout object at 0x00000250F2604620>,0,Tree,2.4082245719133284,1.24471272703871,1.5518455373887339
datasets/synthetic_data/s2.csv,308,<timecave.validation_methods.OOS.Repeated_Holdout object at 0x00000250F2604620>,0,ARMA,1.0555413528420625,0.8238597557738455,1.027395421851812
datasets/synthetic_data/s2.csv,308,<timecave.validation_methods.OOS.Repeated_Holdout object at 0x00000250F2604620>,1,Tree,2.389235638344251,1.1515021536542172,1.545715251378549
datasets/synthetic_data/s2.csv,308,<timecave.validation_methods.OOS.Repeated_Holdout object at 0x00000250F2604620>,1,ARMA,0.9806723676826521,0.7995624653079307,0.9902890323954174
datasets/synthetic_data/s2.csv,308,<timecave.validation_methods.OOS.Repeated_Holdout object at 0x00000250F2604620>,2,Tree,2.4417097403197148,1.2012545119860647,1.5625971138843546
datasets/synthetic_data/s2.csv,308,<timecave.validation_methods.OOS.Repeated_Holdout object at 0x00000250F2604620>,2,ARMA,1.2139372920934384,0.8790751154413334,1.1017882247026596
datasets/synthetic_data/s2.csv,308,<timecave.validation_methods.OOS.Repeated_Holdout object at 0x00000250F2604620>,3,Tree,1.7386328677531153,1.0575346611272678,1.3185722838559573
datasets/synthetic_data/s2.csv,308,<timecave.validation_methods.OOS.Repeated_Holdout object at 0x00000250F2604620>,3,ARMA,1.159993757552975,0.8626422787128764,1.0770300634397236
datasets/synthetic_data/s2.csv,308,<timecave.validation_methods.prequential.Growing_Window object at 0x00000250F2A0C8F0>,0,Tree,2.138189625605336,1.1293022667497843,1.462254979682181
datasets/synthetic_data/s2.csv,308,<timecave.validation_methods.prequential.Growing_Window object at 0x00000250F2A0C8F0>,0,ARMA,1.5507677485872238,0.9874299974588601,1.2452982568795412
datasets/synthetic_data/s2.csv,308,<timecave.validation_methods.prequential.Growing_Window object at 0x00000250F2A0C8F0>,1,Tree,2.3687268187309125,1.202032230306229,1.5390668662312605
datasets/synthetic_data/s2.csv,308,<timecave.validation_methods.prequential.Growing_Window object at 0x00000250F2A0C8F0>,1,ARMA,1.3651117444119059,0.9603714715613161,1.1683799657696574
datasets/synthetic_data/s2.csv,308,<timecave.validation_methods.prequential.Growing_Window object at 0x00000250F2A0C8F0>,2,Tree,2.1901877947346553,1.206949232521283,1.4799283072955445
datasets/synthetic_data/s2.csv,308,<timecave.validation_methods.prequential.Growing_Window object at 0x00000250F2A0C8F0>,2,ARMA,2.68905691511718,1.2447388197167242,1.6398344169815378
datasets/synthetic_data/s2.csv,308,<timecave.validation_methods.prequential.Growing_Window object at 0x00000250F2A0C8F0>,3,Tree,2.529426365121112,1.2130216349878349,1.590417041257139
datasets/synthetic_data/s2.csv,308,<timecave.validation_methods.prequential.Growing_Window object at 0x00000250F2A0C8F0>,3,ARMA,0.9863555871468745,0.7861190679688124,0.9931543621949583
datasets/synthetic_data/s2.csv,308,<timecave.validation_methods.prequential.Growing_Window object at 0x00000250F2659640>,0,Tree,2.710774223381094,1.2952153071334729,1.6464429001277554
datasets/synthetic_data/s2.csv,308,<timecave.validation_methods.prequential.Growing_Window object at 0x00000250F2659640>,0,ARMA,1.3908440567988591,0.9715661609757769,1.1793405177466172
datasets/synthetic_data/s2.csv,308,<timecave.validation_methods.prequential.Growing_Window object at 0x00000250F2659640>,1,Tree,2.159012488047916,1.1852463915477205,1.4693578488740977
datasets/synthetic_data/s2.csv,308,<timecave.validation_methods.prequential.Growing_Window object at 0x00000250F2659640>,1,ARMA,2.697021690771053,1.2636903365942156,1.642261151818143
datasets/synthetic_data/s2.csv,308,<timecave.validation_methods.prequential.Growing_Window object at 0x00000250F2659640>,2,Tree,2.3510115706077688,1.2911401313122863,1.5333008741299825
datasets/synthetic_data/s2.csv,308,<timecave.validation_methods.prequential.Growing_Window object at 0x00000250F2659640>,2,ARMA,0.9447686619728255,0.7736168267539761,0.9719921100363035
datasets/synthetic_data/s2.csv,308,<timecave.validation_methods.prequential.Rolling_Window object at 0x00000250F2A0DBE0>,0,Tree,1.973762123228951,1.0656707169797746,1.4049064464329826
datasets/synthetic_data/s2.csv,308,<timecave.validation_methods.prequential.Rolling_Window object at 0x00000250F2A0DBE0>,0,ARMA,1.5507677485872238,0.9874299974588601,1.2452982568795412
datasets/synthetic_data/s2.csv,308,<timecave.validation_methods.prequential.Rolling_Window object at 0x00000250F2A0DBE0>,1,Tree,2.065505163381067,1.2394816751676752,1.4371865443918777
datasets/synthetic_data/s2.csv,308,<timecave.validation_methods.prequential.Rolling_Window object at 0x00000250F2A0DBE0>,1,ARMA,1.372178483316611,0.9548439162923732,1.171400223372273
datasets/synthetic_data/s2.csv,308,<timecave.validation_methods.prequential.Rolling_Window object at 0x00000250F2A0DBE0>,2,Tree,2.1652935737543593,1.2281990096640556,1.4714936539973114
datasets/synthetic_data/s2.csv,308,<timecave.validation_methods.prequential.Rolling_Window object at 0x00000250F2A0DBE0>,2,ARMA,2.687123211535931,1.2460230041020586,1.6392447076431058
datasets/synthetic_data/s2.csv,308,<timecave.validation_methods.prequential.Rolling_Window object at 0x00000250F2A0DBE0>,3,Tree,1.6965368123844284,0.9975062031665152,1.302511732148478
datasets/synthetic_data/s2.csv,308,<timecave.validation_methods.prequential.Rolling_Window object at 0x00000250F2A0DBE0>,3,ARMA,1.195513268677884,0.8337928749926441,1.093395293879521
datasets/synthetic_data/s2.csv,308,<timecave.validation_methods.prequential.Rolling_Window object at 0x00000250F2A0D6A0>,0,Tree,2.291938953747825,1.2216536816570545,1.513915107840537
datasets/synthetic_data/s2.csv,308,<timecave.validation_methods.prequential.Rolling_Window object at 0x00000250F2A0D6A0>,0,ARMA,1.3908440567988591,0.9715661609757769,1.1793405177466172
datasets/synthetic_data/s2.csv,308,<timecave.validation_methods.prequential.Rolling_Window object at 0x00000250F2A0D6A0>,1,Tree,2.893860451361203,1.2847232884475477,1.7011350479492224
datasets/synthetic_data/s2.csv,308,<timecave.validation_methods.prequential.Rolling_Window object at 0x00000250F2A0D6A0>,1,ARMA,2.5279696267159952,1.2522902148610608,1.5899590015833727
datasets/synthetic_data/s2.csv,308,<timecave.validation_methods.prequential.Rolling_Window object at 0x00000250F2A0D6A0>,2,Tree,1.5661867139407506,1.047054249077703,1.2514738167220083
datasets/synthetic_data/s2.csv,308,<timecave.validation_methods.prequential.Rolling_Window object at 0x00000250F2A0D6A0>,2,ARMA,0.9420187126029937,0.7714480712425358,0.9705764846744401
datasets/synthetic_data/s2.csv,308,<timecave.validation_methods.CV.Block_CV object at 0x00000250F2A0D9A0>,0,Tree,3.1293093820511153,1.2971516833395318,1.7689854103556408
datasets/synthetic_data/s2.csv,308,<timecave.validation_methods.CV.Block_CV object at 0x00000250F2A0D9A0>,0,ARMA,1.960786369993512,1.2106759896484964,1.4002808182623627
datasets/synthetic_data/s2.csv,308,<timecave.validation_methods.CV.Block_CV object at 0x00000250F2A0D9A0>,1,Tree,1.7921282915578503,1.0929456917410465,1.3387039596407602
datasets/synthetic_data/s2.csv,308,<timecave.validation_methods.CV.Block_CV object at 0x00000250F2A0D9A0>,1,ARMA,1.634173437609749,1.0264755193606796,1.278347932923486
datasets/synthetic_data/s2.csv,308,<timecave.validation_methods.CV.Block_CV object at 0x00000250F2A0D9A0>,2,Tree,1.6672774337163854,1.0324579800450953,1.291230976129517
datasets/synthetic_data/s2.csv,308,<timecave.validation_methods.CV.Block_CV object at 0x00000250F2A0D9A0>,2,ARMA,1.3759432604171438,0.9753157204258592,1.1730060785934333
datasets/synthetic_data/s2.csv,308,<timecave.validation_methods.CV.Block_CV object at 0x00000250F2A0D9A0>,3,Tree,2.1305224762905457,1.2169153245846782,1.4596309383849555
datasets/synthetic_data/s2.csv,308,<timecave.validation_methods.CV.Block_CV object at 0x00000250F2A0D9A0>,3,ARMA,2.709739519988913,1.2952559333236269,1.646128646245157
datasets/synthetic_data/s2.csv,308,<timecave.validation_methods.CV.Block_CV object at 0x00000250F2A0D9A0>,4,Tree,2.608962322925177,1.2847730081399575,1.6152282572209962
datasets/synthetic_data/s2.csv,308,<timecave.validation_methods.CV.Block_CV object at 0x00000250F2A0D9A0>,4,ARMA,0.9863555871468745,0.7861190679688124,0.9931543621949583
datasets/synthetic_data/s2.csv,308,<timecave.validation_methods.CV.AdaptedhvBlockCV object at 0x00000250F2A0E420>,0,Tree,2.001190874628811,1.1233571636303932,1.4146345374791367
datasets/synthetic_data/s2.csv,308,<timecave.validation_methods.CV.AdaptedhvBlockCV object at 0x00000250F2A0E420>,0,ARMA,1.9695685861604633,1.2159641389404054,1.4034131915300152
datasets/synthetic_data/s2.csv,308,<timecave.validation_methods.CV.AdaptedhvBlockCV object at 0x00000250F2A0E420>,1,Tree,1.3621535585500861,0.9742539741239754,1.1671133443458206
datasets/synthetic_data/s2.csv,308,<timecave.validation_methods.CV.AdaptedhvBlockCV object at 0x00000250F2A0E420>,1,ARMA,1.62528624150324,1.0232158539585194,1.2748671466091046
datasets/synthetic_data/s2.csv,308,<timecave.validation_methods.CV.AdaptedhvBlockCV object at 0x00000250F2A0E420>,2,Tree,2.30463819917299,1.1848742260387166,1.5181034876361328
datasets/synthetic_data/s2.csv,308,<timecave.validation_methods.CV.AdaptedhvBlockCV object at 0x00000250F2A0E420>,2,ARMA,1.3716114484810953,0.973388345556545,1.1711581654418395
datasets/synthetic_data/s2.csv,308,<timecave.validation_methods.CV.AdaptedhvBlockCV object at 0x00000250F2A0E420>,3,Tree,2.2456511855956665,1.2689933235111435,1.498549694069458
datasets/synthetic_data/s2.csv,308,<timecave.validation_methods.CV.AdaptedhvBlockCV object at 0x00000250F2A0E420>,3,ARMA,2.725272689012149,1.2982755945157756,1.6508399949759363
datasets/synthetic_data/s2.csv,308,<timecave.validation_methods.CV.AdaptedhvBlockCV object at 0x00000250F2A0E420>,4,Tree,2.6084662788273394,1.2226159311546558,1.6150746975998787
datasets/synthetic_data/s2.csv,308,<timecave.validation_methods.CV.AdaptedhvBlockCV object at 0x00000250F2A0E420>,4,ARMA,0.9374348025222703,0.7587781235446569,0.9682121681337569
datasets/synthetic_data/s2.csv,308,<timecave.validation_methods.markov.MarkovCV object at 0x00000250F2A0E150>,0,Tree,6.022644432649299,1.8711539494299454,2.454107665252138
datasets/synthetic_data/s2.csv,308,<timecave.validation_methods.markov.MarkovCV object at 0x00000250F2A0E150>,0,ARMA,1.7029496106060487,0.963953402274837,1.3049711148550562
datasets/synthetic_data/s2.csv,308,<timecave.validation_methods.markov.MarkovCV object at 0x00000250F2A0E150>,1,Tree,4.001970412530783,1.6932113654337944,2.000492542483171
datasets/synthetic_data/s2.csv,308,<timecave.validation_methods.markov.MarkovCV object at 0x00000250F2A0E150>,1,ARMA,1.9303511377065725,1.072445943044399,1.3893707704232778
datasets/synthetic_data/s2.csv,308,<timecave.validation_methods.markov.MarkovCV object at 0x00000250F2A0E150>,2,Tree,4.312998119249897,1.3574145950452472,2.0767758952881503
datasets/synthetic_data/s2.csv,308,<timecave.validation_methods.markov.MarkovCV object at 0x00000250F2A0E150>,2,ARMA,1.1259908616799512,0.9100142733850346,1.0611271656497874
datasets/synthetic_data/s2.csv,308,<timecave.validation_methods.markov.MarkovCV object at 0x00000250F2A0E150>,3,Tree,5.035524794128387,1.7739633070871446,2.2439975031466473
datasets/synthetic_data/s2.csv,308,<timecave.validation_methods.markov.MarkovCV object at 0x00000250F2A0E150>,3,ARMA,2.5442130562594327,1.2109828893317351,1.5950589507160644
datasets/synthetic_data/s2.csv,308,<timecave.validation_methods.markov.MarkovCV object at 0x00000250F2A0E150>,4,Tree,4.044856842127796,1.5334830013442249,2.0111829459618527
datasets/synthetic_data/s2.csv,308,<timecave.validation_methods.markov.MarkovCV object at 0x00000250F2A0E150>,4,ARMA,1.3006147121120066,0.9014365998181393,1.140444962333565
datasets/synthetic_data/s2.csv,308,<timecave.validation_methods.markov.MarkovCV object at 0x00000250F2A0E150>,5,Tree,2.394500787578808,1.0703666213221472,1.5474174574363595
datasets/synthetic_data/s2.csv,308,<timecave.validation_methods.markov.MarkovCV object at 0x00000250F2A0E150>,5,ARMA,1.6849084396758929,1.02099460765888,1.298040230376506
datasets/synthetic_data/s2.csv,308,<timecave.validation_methods.markov.MarkovCV object at 0x00000250F2A0E150>,6,Tree,2.3563410663246276,1.0453721807949359,1.535037806154828
datasets/synthetic_data/s2.csv,308,<timecave.validation_methods.markov.MarkovCV object at 0x00000250F2A0E150>,6,ARMA,2.3149407698138424,1.3197214115691418,1.5214929410989202
datasets/synthetic_data/s2.csv,308,<timecave.validation_methods.markov.MarkovCV object at 0x00000250F2A0E150>,7,Tree,4.295386306901397,1.598847447712232,2.0725313765782647
datasets/synthetic_data/s2.csv,308,<timecave.validation_methods.markov.MarkovCV object at 0x00000250F2A0E150>,7,ARMA,1.2917252401692858,0.9414319672802741,1.1365409100288848
datasets/synthetic_data/s2.csv,308,<timecave.validation_methods.markov.MarkovCV object at 0x00000250F2A0E150>,8,Tree,3.6984524550478444,1.6690447197744716,1.9231360989404376
datasets/synthetic_data/s2.csv,308,<timecave.validation_methods.markov.MarkovCV object at 0x00000250F2A0E150>,8,ARMA,1.2157647690941136,0.919418537160166,1.1026172359863207
datasets/synthetic_data/s2.csv,308,<timecave.validation_methods.markov.MarkovCV object at 0x00000250F2A0E150>,9,Tree,3.607150382786436,1.721435492572722,1.8992499526882807
datasets/synthetic_data/s2.csv,308,<timecave.validation_methods.markov.MarkovCV object at 0x00000250F2A0E150>,9,ARMA,1.2826075078572743,0.9561958004442956,1.1325226301744589
datasets/synthetic_data/s2.csv,309,<timecave.validation_methods.OOS.Holdout object at 0x00000250F6A441A0>,0,Tree,2.9187558646510903,1.3875540766515653,1.7084366727072708
datasets/synthetic_data/s2.csv,309,<timecave.validation_methods.OOS.Holdout object at 0x00000250F6A441A0>,0,ARMA,1.575135074745691,0.9864463532021879,1.2550438537141604
datasets/synthetic_data/s2.csv,309,<timecave.validation_methods.OOS.Repeated_Holdout object at 0x00000250F6A45100>,0,Tree,2.523995203983068,1.3163525130922304,1.5887086592522457
datasets/synthetic_data/s2.csv,309,<timecave.validation_methods.OOS.Repeated_Holdout object at 0x00000250F6A45100>,0,ARMA,1.6633647249429675,1.0183210614144496,1.289714978180438
datasets/synthetic_data/s2.csv,309,<timecave.validation_methods.OOS.Repeated_Holdout object at 0x00000250F6A45100>,1,Tree,1.6709123070719543,1.0765926036228233,1.2926377323411051
datasets/synthetic_data/s2.csv,309,<timecave.validation_methods.OOS.Repeated_Holdout object at 0x00000250F6A45100>,1,ARMA,1.6146764618032865,0.9896308344642146,1.2706992019369834
datasets/synthetic_data/s2.csv,309,<timecave.validation_methods.OOS.Repeated_Holdout object at 0x00000250F6A45100>,2,Tree,2.082312491352623,1.1405479711350164,1.4430219996079834
datasets/synthetic_data/s2.csv,309,<timecave.validation_methods.OOS.Repeated_Holdout object at 0x00000250F6A45100>,2,ARMA,1.6210274386808639,1.0210624947617737,1.2731957581930846
datasets/synthetic_data/s2.csv,309,<timecave.validation_methods.OOS.Repeated_Holdout object at 0x00000250F6A45100>,3,Tree,2.943050977890054,1.3427899653367783,1.7155322724711577
datasets/synthetic_data/s2.csv,309,<timecave.validation_methods.OOS.Repeated_Holdout object at 0x00000250F6A45100>,3,ARMA,1.575135074745691,0.9864463532021879,1.2550438537141604
datasets/synthetic_data/s2.csv,309,<timecave.validation_methods.prequential.Growing_Window object at 0x00000250F6A45A60>,0,Tree,2.6289808505924017,1.2259636715593318,1.6214132263529868
datasets/synthetic_data/s2.csv,309,<timecave.validation_methods.prequential.Growing_Window object at 0x00000250F6A45A60>,0,ARMA,1.1584488181587018,0.9161588555595033,1.07631260243421
datasets/synthetic_data/s2.csv,309,<timecave.validation_methods.prequential.Growing_Window object at 0x00000250F6A45A60>,1,Tree,2.4502525515272535,1.281411488635962,1.565328256797038
datasets/synthetic_data/s2.csv,309,<timecave.validation_methods.prequential.Growing_Window object at 0x00000250F6A45A60>,1,ARMA,1.895169877047754,1.1174784121174988,1.3766516905331407
datasets/synthetic_data/s2.csv,309,<timecave.validation_methods.prequential.Growing_Window object at 0x00000250F6A45A60>,2,Tree,2.759402505566811,1.3817386910486054,1.6611449381576586
datasets/synthetic_data/s2.csv,309,<timecave.validation_methods.prequential.Growing_Window object at 0x00000250F6A45A60>,2,ARMA,1.6473173076937364,1.0880420745375052,1.2834785965078406
datasets/synthetic_data/s2.csv,309,<timecave.validation_methods.prequential.Growing_Window object at 0x00000250F6A45A60>,3,Tree,1.7595362425591403,1.0710611658259248,1.3264751194647943
datasets/synthetic_data/s2.csv,309,<timecave.validation_methods.prequential.Growing_Window object at 0x00000250F6A45A60>,3,ARMA,1.6684364215982241,1.02128258285919,1.2916796900153784
datasets/synthetic_data/s2.csv,309,<timecave.validation_methods.prequential.Growing_Window object at 0x00000250F6A474A0>,0,Tree,2.2900279722320294,1.2358775580538852,1.513283837299543
datasets/synthetic_data/s2.csv,309,<timecave.validation_methods.prequential.Growing_Window object at 0x00000250F6A474A0>,0,ARMA,1.6741957471628142,1.0545027443896071,1.2939071632705395
datasets/synthetic_data/s2.csv,309,<timecave.validation_methods.prequential.Growing_Window object at 0x00000250F6A474A0>,1,Tree,3.945891486141227,1.4953785908996935,1.986426813688646
datasets/synthetic_data/s2.csv,309,<timecave.validation_methods.prequential.Growing_Window object at 0x00000250F6A474A0>,1,ARMA,1.9099167472500382,1.1495770690622,1.3819973759924575
datasets/synthetic_data/s2.csv,309,<timecave.validation_methods.prequential.Growing_Window object at 0x00000250F6A474A0>,2,Tree,2.2456858620007156,1.1989278809520212,1.4985612640131587
datasets/synthetic_data/s2.csv,309,<timecave.validation_methods.prequential.Growing_Window object at 0x00000250F6A474A0>,2,ARMA,1.7919311874642507,1.0288986626509526,1.3386303401104618
datasets/synthetic_data/s2.csv,309,<timecave.validation_methods.prequential.Rolling_Window object at 0x00000250F2622240>,0,Tree,2.701072370826789,1.3121678472263174,1.6434939521722582
datasets/synthetic_data/s2.csv,309,<timecave.validation_methods.prequential.Rolling_Window object at 0x00000250F2622240>,0,ARMA,1.1584488181587018,0.9161588555595033,1.07631260243421
datasets/synthetic_data/s2.csv,309,<timecave.validation_methods.prequential.Rolling_Window object at 0x00000250F2622240>,1,Tree,1.8095260475443757,1.078599042004717,1.3451862501320684
datasets/synthetic_data/s2.csv,309,<timecave.validation_methods.prequential.Rolling_Window object at 0x00000250F2622240>,1,ARMA,1.9767855562744217,1.1272836432973627,1.4059820611495801
datasets/synthetic_data/s2.csv,309,<timecave.validation_methods.prequential.Rolling_Window object at 0x00000250F2622240>,2,Tree,1.9246160672472346,1.1269967835185457,1.387305325891613
datasets/synthetic_data/s2.csv,309,<timecave.validation_methods.prequential.Rolling_Window object at 0x00000250F2622240>,2,ARMA,1.7860090733835265,1.1401398262524278,1.3364165044564238
datasets/synthetic_data/s2.csv,309,<timecave.validation_methods.prequential.Rolling_Window object at 0x00000250F2622240>,3,Tree,2.8831058504802054,1.31266166616906,1.6979710982464353
datasets/synthetic_data/s2.csv,309,<timecave.validation_methods.prequential.Rolling_Window object at 0x00000250F2622240>,3,ARMA,1.6287551032402061,1.023550574152595,1.276226901158335
datasets/synthetic_data/s2.csv,309,<timecave.validation_methods.prequential.Rolling_Window object at 0x00000250F2A0E120>,0,Tree,2.614796146631925,1.3488333952698572,1.617033130962976
datasets/synthetic_data/s2.csv,309,<timecave.validation_methods.prequential.Rolling_Window object at 0x00000250F2A0E120>,0,ARMA,1.6741957471628142,1.0545027443896071,1.2939071632705395
datasets/synthetic_data/s2.csv,309,<timecave.validation_methods.prequential.Rolling_Window object at 0x00000250F2A0E120>,1,Tree,1.6403985263618972,1.0560795865233257,1.2807804364378375
datasets/synthetic_data/s2.csv,309,<timecave.validation_methods.prequential.Rolling_Window object at 0x00000250F2A0E120>,1,ARMA,1.9270390595666478,1.147495183379645,1.3881783241236147
datasets/synthetic_data/s2.csv,309,<timecave.validation_methods.prequential.Rolling_Window object at 0x00000250F2A0E120>,2,Tree,2.1456311656981413,1.2400438521468757,1.464797312155556
datasets/synthetic_data/s2.csv,309,<timecave.validation_methods.prequential.Rolling_Window object at 0x00000250F2A0E120>,2,ARMA,1.7146032618678224,1.0046204197895157,1.3094286012867682
datasets/synthetic_data/s2.csv,309,<timecave.validation_methods.CV.Block_CV object at 0x00000250F2A0DA30>,0,Tree,2.3483210179215614,1.1311229829704035,1.5324232502548247
datasets/synthetic_data/s2.csv,309,<timecave.validation_methods.CV.Block_CV object at 0x00000250F2A0DA30>,0,ARMA,2.9278217212066266,1.4278238149412545,1.711087876529615
datasets/synthetic_data/s2.csv,309,<timecave.validation_methods.CV.Block_CV object at 0x00000250F2A0DA30>,1,Tree,2.663597643791966,1.2337895192212083,1.6320531988240965
datasets/synthetic_data/s2.csv,309,<timecave.validation_methods.CV.Block_CV object at 0x00000250F2A0DA30>,1,ARMA,1.4798532222119398,0.965849712613787,1.2164921792646017
datasets/synthetic_data/s2.csv,309,<timecave.validation_methods.CV.Block_CV object at 0x00000250F2A0DA30>,2,Tree,2.6958831879267797,1.2466058911659201,1.64191448861589
datasets/synthetic_data/s2.csv,309,<timecave.validation_methods.CV.Block_CV object at 0x00000250F2A0DA30>,2,ARMA,1.7881024605307205,1.1352214473095408,1.3371994841947556
datasets/synthetic_data/s2.csv,309,<timecave.validation_methods.CV.Block_CV object at 0x00000250F2A0DA30>,3,Tree,2.516223587841471,1.3241020094599696,1.5862608826550162
datasets/synthetic_data/s2.csv,309,<timecave.validation_methods.CV.Block_CV object at 0x00000250F2A0DA30>,3,ARMA,2.120608979542235,1.2330362155215473,1.4562310872736632
datasets/synthetic_data/s2.csv,309,<timecave.validation_methods.CV.Block_CV object at 0x00000250F2A0DA30>,4,Tree,1.5494449531743246,1.025699966467071,1.2447670276699672
datasets/synthetic_data/s2.csv,309,<timecave.validation_methods.CV.Block_CV object at 0x00000250F2A0DA30>,4,ARMA,1.6684364215982241,1.02128258285919,1.2916796900153784
datasets/synthetic_data/s2.csv,309,<timecave.validation_methods.CV.AdaptedhvBlockCV object at 0x00000250F2A0C7A0>,0,Tree,2.174264306080661,1.0136937286897105,1.4745386756815368
datasets/synthetic_data/s2.csv,309,<timecave.validation_methods.CV.AdaptedhvBlockCV object at 0x00000250F2A0C7A0>,0,ARMA,2.93161144750897,1.4274745503544746,1.7121949210031462
datasets/synthetic_data/s2.csv,309,<timecave.validation_methods.CV.AdaptedhvBlockCV object at 0x00000250F2A0C7A0>,1,Tree,2.5860817256401294,1.332663228967188,1.608129884567826
datasets/synthetic_data/s2.csv,309,<timecave.validation_methods.CV.AdaptedhvBlockCV object at 0x00000250F2A0C7A0>,1,ARMA,1.4560695019674044,0.9663615831328323,1.2066770495734989
datasets/synthetic_data/s2.csv,309,<timecave.validation_methods.CV.AdaptedhvBlockCV object at 0x00000250F2A0C7A0>,2,Tree,2.231569371685998,1.1615234017031906,1.4938438243959768
datasets/synthetic_data/s2.csv,309,<timecave.validation_methods.CV.AdaptedhvBlockCV object at 0x00000250F2A0C7A0>,2,ARMA,1.7348904499287452,1.119140266537037,1.317152401937128
datasets/synthetic_data/s2.csv,309,<timecave.validation_methods.CV.AdaptedhvBlockCV object at 0x00000250F2A0C7A0>,3,Tree,2.179849392569293,1.2148182184705643,1.4764313030308227
datasets/synthetic_data/s2.csv,309,<timecave.validation_methods.CV.AdaptedhvBlockCV object at 0x00000250F2A0C7A0>,3,ARMA,2.094595119807991,1.2265639077477268,1.447271612313318
datasets/synthetic_data/s2.csv,309,<timecave.validation_methods.CV.AdaptedhvBlockCV object at 0x00000250F2A0C7A0>,4,Tree,1.715657081735456,1.0903830207485024,1.3098309363179113
datasets/synthetic_data/s2.csv,309,<timecave.validation_methods.CV.AdaptedhvBlockCV object at 0x00000250F2A0C7A0>,4,ARMA,1.6852681140979175,1.0071115977737475,1.298178768158653
datasets/synthetic_data/s2.csv,309,<timecave.validation_methods.markov.MarkovCV object at 0x00000250F2A0F1A0>,0,Tree,3.991208894495395,1.6213824851830378,1.997801014739805
datasets/synthetic_data/s2.csv,309,<timecave.validation_methods.markov.MarkovCV object at 0x00000250F2A0F1A0>,0,ARMA,2.2151192522959637,1.2163173671167533,1.4883276696668526
datasets/synthetic_data/s2.csv,309,<timecave.validation_methods.markov.MarkovCV object at 0x00000250F2A0F1A0>,1,Tree,2.8849041899337275,1.4352538880645458,1.698500571072535
datasets/synthetic_data/s2.csv,309,<timecave.validation_methods.markov.MarkovCV object at 0x00000250F2A0F1A0>,1,ARMA,4.389735377003747,1.6310219127063126,2.0951695341913856
datasets/synthetic_data/s2.csv,309,<timecave.validation_methods.markov.MarkovCV object at 0x00000250F2A0F1A0>,2,Tree,3.637830439722389,1.60901389183548,1.907309738800279
datasets/synthetic_data/s2.csv,309,<timecave.validation_methods.markov.MarkovCV object at 0x00000250F2A0F1A0>,2,ARMA,2.8871823909409104,1.2749146738584467,1.6991710893670804
datasets/synthetic_data/s2.csv,309,<timecave.validation_methods.markov.MarkovCV object at 0x00000250F2A0F1A0>,3,Tree,6.792394927360668,2.1473390989539265,2.6062223480280164
datasets/synthetic_data/s2.csv,309,<timecave.validation_methods.markov.MarkovCV object at 0x00000250F2A0F1A0>,3,ARMA,1.8741349193215977,1.1047796837817656,1.3689904745182115
datasets/synthetic_data/s2.csv,309,<timecave.validation_methods.markov.MarkovCV object at 0x00000250F2A0F1A0>,4,Tree,3.428114907009859,1.5513608024791035,1.8515169205302606
datasets/synthetic_data/s2.csv,309,<timecave.validation_methods.markov.MarkovCV object at 0x00000250F2A0F1A0>,4,ARMA,1.4216711426381146,0.9814218725960473,1.1923385184745625
datasets/synthetic_data/s2.csv,309,<timecave.validation_methods.markov.MarkovCV object at 0x00000250F2A0F1A0>,5,Tree,2.555563855468417,1.0751614000419698,1.5986131037459992
datasets/synthetic_data/s2.csv,309,<timecave.validation_methods.markov.MarkovCV object at 0x00000250F2A0F1A0>,5,ARMA,1.9242718823076972,1.0360481470848728,1.387181272331665
datasets/synthetic_data/s2.csv,309,<timecave.validation_methods.markov.MarkovCV object at 0x00000250F2A0F1A0>,6,Tree,1.9044939749043166,1.2768665651185824,1.3800340484583402
datasets/synthetic_data/s2.csv,309,<timecave.validation_methods.markov.MarkovCV object at 0x00000250F2A0F1A0>,6,ARMA,2.875058631278049,1.3279341788243109,1.695599785113825
datasets/synthetic_data/s2.csv,309,<timecave.validation_methods.markov.MarkovCV object at 0x00000250F2A0F1A0>,7,Tree,3.3574733788324544,1.4112146266100503,1.8323409559447321
datasets/synthetic_data/s2.csv,309,<timecave.validation_methods.markov.MarkovCV object at 0x00000250F2A0F1A0>,7,ARMA,2.3325455627428027,1.2137504818773932,1.5272673514296058
datasets/synthetic_data/s2.csv,309,<timecave.validation_methods.markov.MarkovCV object at 0x00000250F2A0F1A0>,8,Tree,2.5096490896755235,1.3170118495928091,1.5841872015880962
datasets/synthetic_data/s2.csv,309,<timecave.validation_methods.markov.MarkovCV object at 0x00000250F2A0F1A0>,8,ARMA,2.193357445920846,1.2365181012633346,1.4809988001078347
datasets/synthetic_data/s2.csv,309,<timecave.validation_methods.markov.MarkovCV object at 0x00000250F2A0F1A0>,9,Tree,2.386616456082985,1.1996673603999661,1.5448677794824335
datasets/synthetic_data/s2.csv,309,<timecave.validation_methods.markov.MarkovCV object at 0x00000250F2A0F1A0>,9,ARMA,1.7593084193502984,1.0380927920852276,1.3263892412675466
datasets/synthetic_data/s2.csv,310,<timecave.validation_methods.OOS.Holdout object at 0x00000250F6A451C0>,0,Tree,2.385016812123621,1.1415351061545689,1.5443499642644543
datasets/synthetic_data/s2.csv,310,<timecave.validation_methods.OOS.Holdout object at 0x00000250F6A451C0>,0,ARMA,1.2298037498366912,0.8676523827195002,1.1089651707049646
datasets/synthetic_data/s2.csv,310,<timecave.validation_methods.OOS.Repeated_Holdout object at 0x00000250F6A45BE0>,0,Tree,2.7661157035444743,1.2335191914589128,1.663164364560663
datasets/synthetic_data/s2.csv,310,<timecave.validation_methods.OOS.Repeated_Holdout object at 0x00000250F6A45BE0>,0,ARMA,1.2110624527718121,0.8730955900587447,1.1004828271135412
datasets/synthetic_data/s2.csv,310,<timecave.validation_methods.OOS.Repeated_Holdout object at 0x00000250F6A45BE0>,1,Tree,2.5924216600505328,1.2020861654648858,1.6100998913267874
datasets/synthetic_data/s2.csv,310,<timecave.validation_methods.OOS.Repeated_Holdout object at 0x00000250F6A45BE0>,1,ARMA,1.2995921945538058,0.9298931134022189,1.1399965765535465
datasets/synthetic_data/s2.csv,310,<timecave.validation_methods.OOS.Repeated_Holdout object at 0x00000250F6A45BE0>,2,Tree,2.0253453883502495,1.0916518472067251,1.4231462989974888
datasets/synthetic_data/s2.csv,310,<timecave.validation_methods.OOS.Repeated_Holdout object at 0x00000250F6A45BE0>,2,ARMA,1.1030992390390706,0.8459720239442777,1.0502853131597483
datasets/synthetic_data/s2.csv,310,<timecave.validation_methods.OOS.Repeated_Holdout object at 0x00000250F6A45BE0>,3,Tree,2.5319647009037123,1.2272896459943703,1.591214850642022
datasets/synthetic_data/s2.csv,310,<timecave.validation_methods.OOS.Repeated_Holdout object at 0x00000250F6A45BE0>,3,ARMA,1.2298037498366912,0.8676523827195002,1.1089651707049646
datasets/synthetic_data/s2.csv,310,<timecave.validation_methods.prequential.Growing_Window object at 0x00000250F6A47560>,0,Tree,1.9049863192431062,1.0621215143944718,1.3802124181600115
datasets/synthetic_data/s2.csv,310,<timecave.validation_methods.prequential.Growing_Window object at 0x00000250F6A47560>,0,ARMA,1.8031765830017454,1.020894351065468,1.3428241072462712
datasets/synthetic_data/s2.csv,310,<timecave.validation_methods.prequential.Growing_Window object at 0x00000250F6A47560>,1,Tree,1.9352489605558245,1.0820309981013998,1.3911322584699934
datasets/synthetic_data/s2.csv,310,<timecave.validation_methods.prequential.Growing_Window object at 0x00000250F6A47560>,1,ARMA,1.5100309589749266,0.8915045720940695,1.2288331697081287
datasets/synthetic_data/s2.csv,310,<timecave.validation_methods.prequential.Growing_Window object at 0x00000250F6A47560>,2,Tree,3.4716947590719265,1.3839775693244842,1.863248442659198
datasets/synthetic_data/s2.csv,310,<timecave.validation_methods.prequential.Growing_Window object at 0x00000250F6A47560>,2,ARMA,2.0842817901505235,1.1302361349994796,1.443704190667369
datasets/synthetic_data/s2.csv,310,<timecave.validation_methods.prequential.Growing_Window object at 0x00000250F6A47560>,3,Tree,2.385128180814738,1.176295305822459,1.5443860206615243
datasets/synthetic_data/s2.csv,310,<timecave.validation_methods.prequential.Growing_Window object at 0x00000250F6A47560>,3,ARMA,1.3192128185941558,0.9346216420229843,1.1485699014836475
datasets/synthetic_data/s2.csv,310,<timecave.validation_methods.prequential.Growing_Window object at 0x00000250F6A458E0>,0,Tree,2.1580698539736978,1.1465074888079394,1.469037049898231
datasets/synthetic_data/s2.csv,310,<timecave.validation_methods.prequential.Growing_Window object at 0x00000250F6A458E0>,0,ARMA,1.5084528440062432,0.918650016615409,1.228190882561112
datasets/synthetic_data/s2.csv,310,<timecave.validation_methods.prequential.Growing_Window object at 0x00000250F6A458E0>,1,Tree,4.21284876401418,1.6879519124992572,2.0525225367859377
datasets/synthetic_data/s2.csv,310,<timecave.validation_methods.prequential.Growing_Window object at 0x00000250F6A458E0>,1,ARMA,2.466974008897992,1.2364000683952674,1.5706603735047218
datasets/synthetic_data/s2.csv,310,<timecave.validation_methods.prequential.Growing_Window object at 0x00000250F6A458E0>,2,Tree,2.235351414239734,1.116693156966576,1.495109164656459
datasets/synthetic_data/s2.csv,310,<timecave.validation_methods.prequential.Growing_Window object at 0x00000250F6A458E0>,2,ARMA,1.3481375865309184,0.9476763360733416,1.161093272106474
datasets/synthetic_data/s2.csv,310,<timecave.validation_methods.prequential.Rolling_Window object at 0x00000250F2630350>,0,Tree,2.127324038192321,1.079634463383954,1.4585348944033945
datasets/synthetic_data/s2.csv,310,<timecave.validation_methods.prequential.Rolling_Window object at 0x00000250F2630350>,0,ARMA,1.8031765830017454,1.020894351065468,1.3428241072462712
datasets/synthetic_data/s2.csv,310,<timecave.validation_methods.prequential.Rolling_Window object at 0x00000250F2630350>,1,Tree,1.2281722349243704,0.8587243107615566,1.1082293241583037
datasets/synthetic_data/s2.csv,310,<timecave.validation_methods.prequential.Rolling_Window object at 0x00000250F2630350>,1,ARMA,1.5059729337632208,0.8953697159351246,1.2271808887703641
datasets/synthetic_data/s2.csv,310,<timecave.validation_methods.prequential.Rolling_Window object at 0x00000250F2630350>,2,Tree,2.9092037964930118,1.2950636522352836,1.7056388235769646
datasets/synthetic_data/s2.csv,310,<timecave.validation_methods.prequential.Rolling_Window object at 0x00000250F2630350>,2,ARMA,2.1083026691177507,1.1505420378102706,1.451999541707142
datasets/synthetic_data/s2.csv,310,<timecave.validation_methods.prequential.Rolling_Window object at 0x00000250F2630350>,3,Tree,1.8611596635664671,1.1191667869829443,1.3642432567421645
datasets/synthetic_data/s2.csv,310,<timecave.validation_methods.prequential.Rolling_Window object at 0x00000250F2630350>,3,ARMA,1.376641469266816,0.9634790312174888,1.1733036560357324
datasets/synthetic_data/s2.csv,310,<timecave.validation_methods.prequential.Rolling_Window object at 0x00000250F6BB1850>,0,Tree,2.319583172977229,1.1852802057595127,1.52301778485257
datasets/synthetic_data/s2.csv,310,<timecave.validation_methods.prequential.Rolling_Window object at 0x00000250F6BB1850>,0,ARMA,1.5084528440062432,0.918650016615409,1.228190882561112
datasets/synthetic_data/s2.csv,310,<timecave.validation_methods.prequential.Rolling_Window object at 0x00000250F6BB1850>,1,Tree,3.8273956754665273,1.5319395169422307,1.9563730920932558
datasets/synthetic_data/s2.csv,310,<timecave.validation_methods.prequential.Rolling_Window object at 0x00000250F6BB1850>,1,ARMA,2.439403455373652,1.2162142717673605,1.5618589742270754
datasets/synthetic_data/s2.csv,310,<timecave.validation_methods.prequential.Rolling_Window object at 0x00000250F6BB1850>,2,Tree,2.5093064781805565,1.2145322367673774,1.584079063109085
datasets/synthetic_data/s2.csv,310,<timecave.validation_methods.prequential.Rolling_Window object at 0x00000250F6BB1850>,2,ARMA,1.4195047424478717,0.9788151617707296,1.1914297052062583
datasets/synthetic_data/s2.csv,310,<timecave.validation_methods.CV.Block_CV object at 0x00000250F6BB0C50>,0,Tree,2.168275266861692,1.2447334017737957,1.4725064573242768
datasets/synthetic_data/s2.csv,310,<timecave.validation_methods.CV.Block_CV object at 0x00000250F6BB0C50>,0,ARMA,1.4483923363725755,0.9736190848514152,1.2034917267570124
datasets/synthetic_data/s2.csv,310,<timecave.validation_methods.CV.Block_CV object at 0x00000250F6BB0C50>,1,Tree,5.6486744137715,1.7553257046514241,2.3766940092850617
datasets/synthetic_data/s2.csv,310,<timecave.validation_methods.CV.Block_CV object at 0x00000250F6BB0C50>,1,ARMA,1.5466674023919822,0.9726439179494963,1.2436508362044316
datasets/synthetic_data/s2.csv,310,<timecave.validation_methods.CV.Block_CV object at 0x00000250F6BB0C50>,2,Tree,1.8654883057700062,0.9166428246994099,1.365828798118566
datasets/synthetic_data/s2.csv,310,<timecave.validation_methods.CV.Block_CV object at 0x00000250F6BB0C50>,2,ARMA,1.3370063575648383,0.8216714456809107,1.1562899106905837
datasets/synthetic_data/s2.csv,310,<timecave.validation_methods.CV.Block_CV object at 0x00000250F6BB0C50>,3,Tree,3.945513509515477,1.5116945853883212,1.9863316715784092
datasets/synthetic_data/s2.csv,310,<timecave.validation_methods.CV.Block_CV object at 0x00000250F6BB0C50>,3,ARMA,2.307635279631229,1.1763852886932038,1.5190902802767283
datasets/synthetic_data/s2.csv,310,<timecave.validation_methods.CV.Block_CV object at 0x00000250F6BB0C50>,4,Tree,2.783476374858454,1.225399430699809,1.668375369890857
datasets/synthetic_data/s2.csv,310,<timecave.validation_methods.CV.Block_CV object at 0x00000250F6BB0C50>,4,ARMA,1.3192128185941558,0.9346216420229843,1.1485699014836475
datasets/synthetic_data/s2.csv,310,<timecave.validation_methods.CV.AdaptedhvBlockCV object at 0x00000250F6BB1EE0>,0,Tree,1.8575565719364115,1.174074316243951,1.3629220711164713
datasets/synthetic_data/s2.csv,310,<timecave.validation_methods.CV.AdaptedhvBlockCV object at 0x00000250F6BB1EE0>,0,ARMA,1.433878524848148,0.9685701029759587,1.197446668895174
datasets/synthetic_data/s2.csv,310,<timecave.validation_methods.CV.AdaptedhvBlockCV object at 0x00000250F6BB1EE0>,1,Tree,2.6671707877122777,1.2156728023731442,1.6331475094774133
datasets/synthetic_data/s2.csv,310,<timecave.validation_methods.CV.AdaptedhvBlockCV object at 0x00000250F6BB1EE0>,1,ARMA,1.5426860267245677,0.9740887708938698,1.2420491241189164
datasets/synthetic_data/s2.csv,310,<timecave.validation_methods.CV.AdaptedhvBlockCV object at 0x00000250F6BB1EE0>,2,Tree,1.1017869762671326,0.8472684242173694,1.0496604099741653
datasets/synthetic_data/s2.csv,310,<timecave.validation_methods.CV.AdaptedhvBlockCV object at 0x00000250F6BB1EE0>,2,ARMA,1.307747720271698,0.8073992366420932,1.1435679779845613
datasets/synthetic_data/s2.csv,310,<timecave.validation_methods.CV.AdaptedhvBlockCV object at 0x00000250F6BB1EE0>,3,Tree,3.489853596217239,1.39274859037801,1.8681149847419025
datasets/synthetic_data/s2.csv,310,<timecave.validation_methods.CV.AdaptedhvBlockCV object at 0x00000250F6BB1EE0>,3,ARMA,2.2806238490899156,1.1745376670453427,1.5101734500016597
datasets/synthetic_data/s2.csv,310,<timecave.validation_methods.CV.AdaptedhvBlockCV object at 0x00000250F6BB1EE0>,4,Tree,2.5369867698329354,1.173541979604575,1.5927921301390635
datasets/synthetic_data/s2.csv,310,<timecave.validation_methods.CV.AdaptedhvBlockCV object at 0x00000250F6BB1EE0>,4,ARMA,1.3335498154196075,0.9428960909223794,1.1547942740677266
datasets/synthetic_data/s2.csv,310,<timecave.validation_methods.markov.MarkovCV object at 0x00000250F6BB2B10>,0,Tree,2.2501484125616793,1.2654617885614194,1.5000494700381315
datasets/synthetic_data/s2.csv,310,<timecave.validation_methods.markov.MarkovCV object at 0x00000250F6BB2B10>,0,ARMA,1.2100522268120393,0.8279572859772582,1.1000237392038588
datasets/synthetic_data/s2.csv,310,<timecave.validation_methods.markov.MarkovCV object at 0x00000250F6BB2B10>,1,Tree,2.4637008140346506,1.3744114940844185,1.569618047180476
datasets/synthetic_data/s2.csv,310,<timecave.validation_methods.markov.MarkovCV object at 0x00000250F6BB2B10>,1,ARMA,1.1239361808391544,0.9192472696247649,1.0601585640078348
datasets/synthetic_data/s2.csv,310,<timecave.validation_methods.markov.MarkovCV object at 0x00000250F6BB2B10>,2,Tree,4.6008543546034195,1.7203052614995438,2.1449602221494506
datasets/synthetic_data/s2.csv,310,<timecave.validation_methods.markov.MarkovCV object at 0x00000250F6BB2B10>,2,ARMA,1.4621905066979988,0.9632807023685311,1.2092106957424744
datasets/synthetic_data/s2.csv,310,<timecave.validation_methods.markov.MarkovCV object at 0x00000250F6BB2B10>,3,Tree,5.7998447340736075,2.013191636853246,2.408286680209316
datasets/synthetic_data/s2.csv,310,<timecave.validation_methods.markov.MarkovCV object at 0x00000250F6BB2B10>,3,ARMA,1.469786949807354,0.9373385289565892,1.2123477016959094
datasets/synthetic_data/s2.csv,310,<timecave.validation_methods.markov.MarkovCV object at 0x00000250F6BB2B10>,4,Tree,2.936367648876431,1.3517518753973594,1.7135832774850572
datasets/synthetic_data/s2.csv,310,<timecave.validation_methods.markov.MarkovCV object at 0x00000250F6BB2B10>,4,ARMA,0.991822207949042,0.8035379305991815,0.9959027100821857
datasets/synthetic_data/s2.csv,310,<timecave.validation_methods.markov.MarkovCV object at 0x00000250F6BB2B10>,5,Tree,2.364133686114803,1.3281776050525282,1.5375739611852182
datasets/synthetic_data/s2.csv,310,<timecave.validation_methods.markov.MarkovCV object at 0x00000250F6BB2B10>,5,ARMA,1.9033447731022308,0.9959205805801632,1.3796176184371636
datasets/synthetic_data/s2.csv,310,<timecave.validation_methods.markov.MarkovCV object at 0x00000250F6BB2B10>,6,Tree,2.343698148531855,1.251830405795255,1.5309141545272404
datasets/synthetic_data/s2.csv,310,<timecave.validation_methods.markov.MarkovCV object at 0x00000250F6BB2B10>,6,ARMA,3.013585536006815,1.3838506784503213,1.7359681840422119
datasets/synthetic_data/s2.csv,310,<timecave.validation_methods.markov.MarkovCV object at 0x00000250F6BB2B10>,7,Tree,3.8187795160811313,1.5514414535079823,1.9541697766778432
datasets/synthetic_data/s2.csv,310,<timecave.validation_methods.markov.MarkovCV object at 0x00000250F6BB2B10>,7,ARMA,1.4760692687830124,0.9847748972097007,1.2149359113891613
datasets/synthetic_data/s2.csv,310,<timecave.validation_methods.markov.MarkovCV object at 0x00000250F6BB2B10>,8,Tree,3.7532725584022995,1.7843585206046506,1.937336459782425
datasets/synthetic_data/s2.csv,310,<timecave.validation_methods.markov.MarkovCV object at 0x00000250F6BB2B10>,8,ARMA,1.2443125111302757,0.8973775437761548,1.1154875665511812
datasets/synthetic_data/s2.csv,310,<timecave.validation_methods.markov.MarkovCV object at 0x00000250F6BB2B10>,9,Tree,2.7865304602308525,1.449893778212225,1.6692904061998477
datasets/synthetic_data/s2.csv,310,<timecave.validation_methods.markov.MarkovCV object at 0x00000250F6BB2B10>,9,ARMA,1.409543167372542,0.9257160469012715,1.1872418318828486
datasets/synthetic_data/s2.csv,311,<timecave.validation_methods.OOS.Holdout object at 0x00000250F256C380>,0,Tree,2.538166160609134,1.332747654584874,1.5931623145835248
datasets/synthetic_data/s2.csv,311,<timecave.validation_methods.OOS.Holdout object at 0x00000250F256C380>,0,ARMA,0.963845453886711,0.7695059651294217,0.9817563108463887
datasets/synthetic_data/s2.csv,311,<timecave.validation_methods.OOS.Repeated_Holdout object at 0x00000250F6BB2360>,0,Tree,3.5833662533557544,1.5456456380493102,1.8929781439191933
datasets/synthetic_data/s2.csv,311,<timecave.validation_methods.OOS.Repeated_Holdout object at 0x00000250F6BB2360>,0,ARMA,0.9883418041763091,0.7561322929931742,0.9941538131377403
datasets/synthetic_data/s2.csv,311,<timecave.validation_methods.OOS.Repeated_Holdout object at 0x00000250F6BB2360>,1,Tree,3.357025563099513,1.4141211288755513,1.8322187541610617
datasets/synthetic_data/s2.csv,311,<timecave.validation_methods.OOS.Repeated_Holdout object at 0x00000250F6BB2360>,1,ARMA,1.0967729674347522,0.8208238483341065,1.0472692907914145
datasets/synthetic_data/s2.csv,311,<timecave.validation_methods.OOS.Repeated_Holdout object at 0x00000250F6BB2360>,2,Tree,2.1697109834154173,1.1733297744970541,1.4729938843781454
datasets/synthetic_data/s2.csv,311,<timecave.validation_methods.OOS.Repeated_Holdout object at 0x00000250F6BB2360>,2,ARMA,0.9076765021393287,0.7402297026792902,0.952720579256756
datasets/synthetic_data/s2.csv,311,<timecave.validation_methods.OOS.Repeated_Holdout object at 0x00000250F6BB2360>,3,Tree,2.5913470902331945,1.3140261855363664,1.6097661601093478
datasets/synthetic_data/s2.csv,311,<timecave.validation_methods.OOS.Repeated_Holdout object at 0x00000250F6BB2360>,3,ARMA,0.963845453886711,0.7695059651294217,0.9817563108463887
datasets/synthetic_data/s2.csv,311,<timecave.validation_methods.prequential.Growing_Window object at 0x00000250F6BB33B0>,0,Tree,1.0544223653687603,0.8545788933985106,1.0268507025701255
datasets/synthetic_data/s2.csv,311,<timecave.validation_methods.prequential.Growing_Window object at 0x00000250F6BB33B0>,0,ARMA,1.430391166476875,0.9524410119157604,1.1959896180472784
datasets/synthetic_data/s2.csv,311,<timecave.validation_methods.prequential.Growing_Window object at 0x00000250F6BB33B0>,1,Tree,2.818479351994693,1.3418134075529224,1.6788327349663792
datasets/synthetic_data/s2.csv,311,<timecave.validation_methods.prequential.Growing_Window object at 0x00000250F6BB33B0>,1,ARMA,3.1005095792507342,1.4655166388354597,1.760826391002456
datasets/synthetic_data/s2.csv,311,<timecave.validation_methods.prequential.Growing_Window object at 0x00000250F6BB33B0>,2,Tree,0.8120754281486618,0.7582873939447653,0.9011522780022596
datasets/synthetic_data/s2.csv,311,<timecave.validation_methods.prequential.Growing_Window object at 0x00000250F6BB33B0>,2,ARMA,1.3122408866216246,0.9470190128784445,1.1455308318075181
datasets/synthetic_data/s2.csv,311,<timecave.validation_methods.prequential.Growing_Window object at 0x00000250F6BB33B0>,3,Tree,3.0194612947113426,1.3689987628414466,1.7376597177558506
datasets/synthetic_data/s2.csv,311,<timecave.validation_methods.prequential.Growing_Window object at 0x00000250F6BB33B0>,3,ARMA,1.1095710340562381,0.8240008336367564,1.053361777385262
datasets/synthetic_data/s2.csv,311,<timecave.validation_methods.prequential.Growing_Window object at 0x00000250F6BB2FF0>,0,Tree,3.2276068759698093,1.5835366639450628,1.7965541672796312
datasets/synthetic_data/s2.csv,311,<timecave.validation_methods.prequential.Growing_Window object at 0x00000250F6BB2FF0>,0,ARMA,3.055312491752554,1.4478272945581203,1.7479452198946492
datasets/synthetic_data/s2.csv,311,<timecave.validation_methods.prequential.Growing_Window object at 0x00000250F6BB2FF0>,1,Tree,0.8925333577843928,0.7538433067669229,0.944739836031271
datasets/synthetic_data/s2.csv,311,<timecave.validation_methods.prequential.Growing_Window object at 0x00000250F6BB2FF0>,1,ARMA,1.1869187672121073,0.9061868264776776,1.0894580153508016
datasets/synthetic_data/s2.csv,311,<timecave.validation_methods.prequential.Growing_Window object at 0x00000250F6BB2FF0>,2,Tree,1.9588437440613646,1.1876814047649191,1.3995869905301936
datasets/synthetic_data/s2.csv,311,<timecave.validation_methods.prequential.Growing_Window object at 0x00000250F6BB2FF0>,2,ARMA,1.3318978566997415,0.8826635801560093,1.1540787913742032
datasets/synthetic_data/s2.csv,311,<timecave.validation_methods.prequential.Rolling_Window object at 0x00000250F6BB2E10>,0,Tree,1.0635473446811974,0.8730727628164864,1.0312843180622875
datasets/synthetic_data/s2.csv,311,<timecave.validation_methods.prequential.Rolling_Window object at 0x00000250F6BB2E10>,0,ARMA,1.430391166476875,0.9524410119157604,1.1959896180472784
datasets/synthetic_data/s2.csv,311,<timecave.validation_methods.prequential.Rolling_Window object at 0x00000250F6BB2E10>,1,Tree,3.5193470533671194,1.415608399483891,1.8759922849966946
datasets/synthetic_data/s2.csv,311,<timecave.validation_methods.prequential.Rolling_Window object at 0x00000250F6BB2E10>,1,ARMA,3.1692711682671657,1.481988953718786,1.7802446933686296
datasets/synthetic_data/s2.csv,311,<timecave.validation_methods.prequential.Rolling_Window object at 0x00000250F6BB2E10>,2,Tree,2.4610788338105993,1.271549069196378,1.56878259609501
datasets/synthetic_data/s2.csv,311,<timecave.validation_methods.prequential.Rolling_Window object at 0x00000250F6BB2E10>,2,ARMA,1.747072131865213,1.0956105248242223,1.3217685621413504
datasets/synthetic_data/s2.csv,311,<timecave.validation_methods.prequential.Rolling_Window object at 0x00000250F6BB2E10>,3,Tree,1.2398116278852218,0.8373447379714315,1.1134682877770798
datasets/synthetic_data/s2.csv,311,<timecave.validation_methods.prequential.Rolling_Window object at 0x00000250F6BB2E10>,3,ARMA,1.2070327676635135,0.8549319837240996,1.0986504301476032
datasets/synthetic_data/s2.csv,311,<timecave.validation_methods.prequential.Rolling_Window object at 0x00000250F6BB0500>,0,Tree,3.2648965385944995,1.5702161011674949,1.8069024706924552
datasets/synthetic_data/s2.csv,311,<timecave.validation_methods.prequential.Rolling_Window object at 0x00000250F6BB0500>,0,ARMA,3.055312491752554,1.4478272945581203,1.7479452198946492
datasets/synthetic_data/s2.csv,311,<timecave.validation_methods.prequential.Rolling_Window object at 0x00000250F6BB0500>,1,Tree,1.2751030832692143,0.8641709010168546,1.1292046241798757
datasets/synthetic_data/s2.csv,311,<timecave.validation_methods.prequential.Rolling_Window object at 0x00000250F6BB0500>,1,ARMA,1.1985443674134002,0.9048524141030285,1.094780511067584
datasets/synthetic_data/s2.csv,311,<timecave.validation_methods.prequential.Rolling_Window object at 0x00000250F6BB0500>,2,Tree,2.2767667061819563,1.2437124548339114,1.5088958566388724
datasets/synthetic_data/s2.csv,311,<timecave.validation_methods.prequential.Rolling_Window object at 0x00000250F6BB0500>,2,ARMA,1.968356157050596,1.071761853394219,1.4029811677462374
datasets/synthetic_data/s2.csv,311,<timecave.validation_methods.CV.Block_CV object at 0x00000250F6BB06E0>,0,Tree,2.4325604755906403,1.210487494238691,1.559666783511991
datasets/synthetic_data/s2.csv,311,<timecave.validation_methods.CV.Block_CV object at 0x00000250F6BB06E0>,0,ARMA,0.8792274563963474,0.8005770179753551,0.9376712944291018
datasets/synthetic_data/s2.csv,311,<timecave.validation_methods.CV.Block_CV object at 0x00000250F6BB06E0>,1,Tree,1.5041682252310216,0.9663399539992189,1.2264453616981972
datasets/synthetic_data/s2.csv,311,<timecave.validation_methods.CV.Block_CV object at 0x00000250F6BB06E0>,1,ARMA,1.1989787424995884,0.9172399774900273,1.0949788776499703
datasets/synthetic_data/s2.csv,311,<timecave.validation_methods.CV.Block_CV object at 0x00000250F6BB06E0>,2,Tree,2.586441441433135,1.2316417888039477,1.6082417235705382
datasets/synthetic_data/s2.csv,311,<timecave.validation_methods.CV.Block_CV object at 0x00000250F6BB06E0>,2,ARMA,2.9237930967132253,1.419339396182322,1.7099102598420846
datasets/synthetic_data/s2.csv,311,<timecave.validation_methods.CV.Block_CV object at 0x00000250F6BB06E0>,3,Tree,1.514992540283257,0.9552323942999258,1.2308503322026025
datasets/synthetic_data/s2.csv,311,<timecave.validation_methods.CV.Block_CV object at 0x00000250F6BB06E0>,3,ARMA,1.143583044690824,0.8670682598941195,1.069384423250509
datasets/synthetic_data/s2.csv,311,<timecave.validation_methods.CV.Block_CV object at 0x00000250F6BB06E0>,4,Tree,2.9180963690647457,1.3029802872676912,1.7082436503803389
datasets/synthetic_data/s2.csv,311,<timecave.validation_methods.CV.Block_CV object at 0x00000250F6BB06E0>,4,ARMA,1.1095710340562381,0.8240008336367564,1.053361777385262
datasets/synthetic_data/s2.csv,311,<timecave.validation_methods.CV.AdaptedhvBlockCV object at 0x00000250F6BB3C20>,0,Tree,2.2851749942742883,1.1527748479705517,1.5116795276361614
datasets/synthetic_data/s2.csv,311,<timecave.validation_methods.CV.AdaptedhvBlockCV object at 0x00000250F6BB3C20>,0,ARMA,0.8794356092459538,0.8006415109231096,0.9377822824333768
datasets/synthetic_data/s2.csv,311,<timecave.validation_methods.CV.AdaptedhvBlockCV object at 0x00000250F6BB3C20>,1,Tree,1.8192238293847935,1.1027538896721882,1.3487860576773447
datasets/synthetic_data/s2.csv,311,<timecave.validation_methods.CV.AdaptedhvBlockCV object at 0x00000250F6BB3C20>,1,ARMA,1.208775929748483,0.9232769613430267,1.0994434636435304
datasets/synthetic_data/s2.csv,311,<timecave.validation_methods.CV.AdaptedhvBlockCV object at 0x00000250F6BB3C20>,2,Tree,2.64671506120004,1.251545654752886,1.6268727858071879
datasets/synthetic_data/s2.csv,311,<timecave.validation_methods.CV.AdaptedhvBlockCV object at 0x00000250F6BB3C20>,2,ARMA,2.9217153049787727,1.4181107476324886,1.709302578532769
datasets/synthetic_data/s2.csv,311,<timecave.validation_methods.CV.AdaptedhvBlockCV object at 0x00000250F6BB3C20>,3,Tree,1.395814212058799,0.9386955462790733,1.1814458142711408
datasets/synthetic_data/s2.csv,311,<timecave.validation_methods.CV.AdaptedhvBlockCV object at 0x00000250F6BB3C20>,3,ARMA,1.1172061800583917,0.8575015123664933,1.056979744393615
datasets/synthetic_data/s2.csv,311,<timecave.validation_methods.CV.AdaptedhvBlockCV object at 0x00000250F6BB3C20>,4,Tree,2.1063175077604686,1.1850969509943194,1.4513157849897687
datasets/synthetic_data/s2.csv,311,<timecave.validation_methods.CV.AdaptedhvBlockCV object at 0x00000250F6BB3C20>,4,ARMA,1.062558900452645,0.7923868908374998,1.0308049769246581
datasets/synthetic_data/s2.csv,311,<timecave.validation_methods.markov.MarkovCV object at 0x00000250F2A0FDD0>,0,Tree,6.254134373420982,2.2559165421858944,2.500826737985057
datasets/synthetic_data/s2.csv,311,<timecave.validation_methods.markov.MarkovCV object at 0x00000250F2A0FDD0>,0,ARMA,1.090883257663407,0.9525267908718403,1.0444535689361243
datasets/synthetic_data/s2.csv,311,<timecave.validation_methods.markov.MarkovCV object at 0x00000250F2A0FDD0>,1,Tree,5.1861394627791855,1.8215223470954236,2.277309698477391
datasets/synthetic_data/s2.csv,311,<timecave.validation_methods.markov.MarkovCV object at 0x00000250F2A0FDD0>,1,ARMA,2.56670737276559,1.2747118038091432,1.602094682834192
datasets/synthetic_data/s2.csv,311,<timecave.validation_methods.markov.MarkovCV object at 0x00000250F2A0FDD0>,2,Tree,3.1065505070020483,1.5682935802270326,1.7625409234971108
datasets/synthetic_data/s2.csv,311,<timecave.validation_methods.markov.MarkovCV object at 0x00000250F2A0FDD0>,2,ARMA,1.8237836752127166,1.09080733040262,1.350475351575406
datasets/synthetic_data/s2.csv,311,<timecave.validation_methods.markov.MarkovCV object at 0x00000250F2A0FDD0>,3,Tree,2.4535389823295253,1.3102306095293246,1.5663776627395851
datasets/synthetic_data/s2.csv,311,<timecave.validation_methods.markov.MarkovCV object at 0x00000250F2A0FDD0>,3,ARMA,1.305026564107919,0.8635031303857825,1.1423775926145956
datasets/synthetic_data/s2.csv,311,<timecave.validation_methods.markov.MarkovCV object at 0x00000250F2A0FDD0>,4,Tree,3.340256474272401,1.5297261034181278,1.8276368551417432
datasets/synthetic_data/s2.csv,311,<timecave.validation_methods.markov.MarkovCV object at 0x00000250F2A0FDD0>,4,ARMA,1.1822042045779528,1.0026676311404161,1.0872921431602238
datasets/synthetic_data/s2.csv,311,<timecave.validation_methods.markov.MarkovCV object at 0x00000250F2A0FDD0>,5,Tree,3.323267437094171,1.4184720798489054,1.822983114868092
datasets/synthetic_data/s2.csv,311,<timecave.validation_methods.markov.MarkovCV object at 0x00000250F2A0FDD0>,5,ARMA,1.7637065127355853,0.9603932626994738,1.3280461259819198
datasets/synthetic_data/s2.csv,311,<timecave.validation_methods.markov.MarkovCV object at 0x00000250F2A0FDD0>,6,Tree,2.946895118015222,1.368852906406009,1.7166522996854146
datasets/synthetic_data/s2.csv,311,<timecave.validation_methods.markov.MarkovCV object at 0x00000250F2A0FDD0>,6,ARMA,1.1282531348792704,0.9533937073610305,1.0621926072418648
datasets/synthetic_data/s2.csv,311,<timecave.validation_methods.markov.MarkovCV object at 0x00000250F2A0FDD0>,7,Tree,2.6145368505388356,1.179449850324556,1.6169529524815605
datasets/synthetic_data/s2.csv,311,<timecave.validation_methods.markov.MarkovCV object at 0x00000250F2A0FDD0>,7,ARMA,1.636066175643965,1.1026205274654701,1.2790880249787209
datasets/synthetic_data/s2.csv,311,<timecave.validation_methods.markov.MarkovCV object at 0x00000250F2A0FDD0>,8,Tree,5.500494730907682,2.0226889142440254,2.3453133545238005
datasets/synthetic_data/s2.csv,311,<timecave.validation_methods.markov.MarkovCV object at 0x00000250F2A0FDD0>,8,ARMA,1.3188166594518895,0.9256683936050937,1.1483974309671237
datasets/synthetic_data/s2.csv,311,<timecave.validation_methods.markov.MarkovCV object at 0x00000250F2A0FDD0>,9,Tree,2.6298095165778808,1.300265881522429,1.6216687444043192
datasets/synthetic_data/s2.csv,311,<timecave.validation_methods.markov.MarkovCV object at 0x00000250F2A0FDD0>,9,ARMA,2.5404798429669735,1.279531947261583,1.5938882780693802
datasets/synthetic_data/s2.csv,312,<timecave.validation_methods.OOS.Holdout object at 0x00000250F6BB1A30>,0,Tree,2.5570246498937634,1.3063738957110897,1.599069932771473
datasets/synthetic_data/s2.csv,312,<timecave.validation_methods.OOS.Holdout object at 0x00000250F6BB1A30>,0,ARMA,1.9576016238079974,1.1074782888373411,1.39914317487811
datasets/synthetic_data/s2.csv,312,<timecave.validation_methods.OOS.Repeated_Holdout object at 0x00000250F6BB3BC0>,0,Tree,2.7162186198866562,1.2642136947640543,1.6480954522983966
datasets/synthetic_data/s2.csv,312,<timecave.validation_methods.OOS.Repeated_Holdout object at 0x00000250F6BB3BC0>,0,ARMA,1.6685169189321636,0.9738408036827401,1.2917108495836689
datasets/synthetic_data/s2.csv,312,<timecave.validation_methods.OOS.Repeated_Holdout object at 0x00000250F6BB3BC0>,1,Tree,2.8059223775457816,1.2666104312305173,1.6750887670645342
datasets/synthetic_data/s2.csv,312,<timecave.validation_methods.OOS.Repeated_Holdout object at 0x00000250F6BB3BC0>,1,ARMA,1.732884698824538,0.9703679658908306,1.3163907849968177
datasets/synthetic_data/s2.csv,312,<timecave.validation_methods.OOS.Repeated_Holdout object at 0x00000250F6BB3BC0>,2,Tree,2.4307339779002164,1.1694534872649163,1.5590811325586031
datasets/synthetic_data/s2.csv,312,<timecave.validation_methods.OOS.Repeated_Holdout object at 0x00000250F6BB3BC0>,2,ARMA,1.570304714230064,0.940205027114607,1.2531179969300832
datasets/synthetic_data/s2.csv,312,<timecave.validation_methods.OOS.Repeated_Holdout object at 0x00000250F6BB3BC0>,3,Tree,2.2699378986132017,1.233874642046995,1.5066313081219311
datasets/synthetic_data/s2.csv,312,<timecave.validation_methods.OOS.Repeated_Holdout object at 0x00000250F6BB3BC0>,3,ARMA,1.9576016238079974,1.1074782888373411,1.39914317487811
datasets/synthetic_data/s2.csv,312,<timecave.validation_methods.prequential.Growing_Window object at 0x00000250F6BB0A40>,0,Tree,5.298349086049345,1.9246358407153616,2.301814303120333
datasets/synthetic_data/s2.csv,312,<timecave.validation_methods.prequential.Growing_Window object at 0x00000250F6BB0A40>,0,ARMA,2.700145863102222,1.2693572829863489,1.643212056644614
datasets/synthetic_data/s2.csv,312,<timecave.validation_methods.prequential.Growing_Window object at 0x00000250F6BB0A40>,1,Tree,3.700814051741503,1.493489279572228,1.9237499972037695
datasets/synthetic_data/s2.csv,312,<timecave.validation_methods.prequential.Growing_Window object at 0x00000250F6BB0A40>,1,ARMA,2.1354193091009366,1.2207046753101571,1.4613073971964066
datasets/synthetic_data/s2.csv,312,<timecave.validation_methods.prequential.Growing_Window object at 0x00000250F6BB0A40>,2,Tree,2.8387320100127935,1.341018031301161,1.6848537058192303
datasets/synthetic_data/s2.csv,312,<timecave.validation_methods.prequential.Growing_Window object at 0x00000250F6BB0A40>,2,ARMA,2.519058771216171,1.2954595957455375,1.5871542997503965
datasets/synthetic_data/s2.csv,312,<timecave.validation_methods.prequential.Growing_Window object at 0x00000250F6BB0A40>,3,Tree,2.863404808414194,1.2893970582478917,1.6921598058145082
datasets/synthetic_data/s2.csv,312,<timecave.validation_methods.prequential.Growing_Window object at 0x00000250F6BB0A40>,3,ARMA,1.7772436505577884,0.9915351239096858,1.3331330205788874
datasets/synthetic_data/s2.csv,312,<timecave.validation_methods.prequential.Growing_Window object at 0x00000250F6BB29C0>,0,Tree,2.783757526407965,1.4111729153099406,1.6684596268438636
datasets/synthetic_data/s2.csv,312,<timecave.validation_methods.prequential.Growing_Window object at 0x00000250F6BB29C0>,0,ARMA,2.4777041293043003,1.3056113026017848,1.5740724663446408
datasets/synthetic_data/s2.csv,312,<timecave.validation_methods.prequential.Growing_Window object at 0x00000250F6BB29C0>,1,Tree,1.9902035579237807,1.1795121375994955,1.4107457453147894
datasets/synthetic_data/s2.csv,312,<timecave.validation_methods.prequential.Growing_Window object at 0x00000250F6BB29C0>,1,ARMA,2.614764858551834,1.3206869378840036,1.6170234564012467
datasets/synthetic_data/s2.csv,312,<timecave.validation_methods.prequential.Growing_Window object at 0x00000250F6BB29C0>,2,Tree,2.464044542846694,1.3456527360663217,1.5697275377742133
datasets/synthetic_data/s2.csv,312,<timecave.validation_methods.prequential.Growing_Window object at 0x00000250F6BB29C0>,2,ARMA,1.6281712565394122,0.962933127557293,1.2759981412758454
datasets/synthetic_data/s2.csv,312,<timecave.validation_methods.prequential.Rolling_Window object at 0x00000250F2630260>,0,Tree,4.81839547965053,1.8147102171431926,2.1950843900976857
datasets/synthetic_data/s2.csv,312,<timecave.validation_methods.prequential.Rolling_Window object at 0x00000250F2630260>,0,ARMA,2.700145863102222,1.2693572829863489,1.643212056644614
datasets/synthetic_data/s2.csv,312,<timecave.validation_methods.prequential.Rolling_Window object at 0x00000250F2630260>,1,Tree,5.435754732868582,1.922384195661987,2.3314705086851477
datasets/synthetic_data/s2.csv,312,<timecave.validation_methods.prequential.Rolling_Window object at 0x00000250F2630260>,1,ARMA,2.121197521112985,1.2162647557667612,1.4564331502382748
datasets/synthetic_data/s2.csv,312,<timecave.validation_methods.prequential.Rolling_Window object at 0x00000250F2630260>,2,Tree,4.492453365308565,1.7219066581874154,2.1195408383205465
datasets/synthetic_data/s2.csv,312,<timecave.validation_methods.prequential.Rolling_Window object at 0x00000250F2630260>,2,ARMA,2.152242776953671,1.182645016614126,1.4670524111134104
datasets/synthetic_data/s2.csv,312,<timecave.validation_methods.prequential.Rolling_Window object at 0x00000250F2630260>,3,Tree,2.210272930864295,1.1039293358933944,1.4866986684813757
datasets/synthetic_data/s2.csv,312,<timecave.validation_methods.prequential.Rolling_Window object at 0x00000250F2630260>,3,ARMA,1.904562412929229,0.9336674687293847,1.3800588440096417
datasets/synthetic_data/s2.csv,312,<timecave.validation_methods.prequential.Rolling_Window object at 0x00000250F26041D0>,0,Tree,2.4301737616122883,1.2848245138260044,1.5589014598788111
datasets/synthetic_data/s2.csv,312,<timecave.validation_methods.prequential.Rolling_Window object at 0x00000250F26041D0>,0,ARMA,2.4777041293043003,1.3056113026017848,1.5740724663446408
datasets/synthetic_data/s2.csv,312,<timecave.validation_methods.prequential.Rolling_Window object at 0x00000250F26041D0>,1,Tree,5.315565396395318,1.893064160894949,2.30555099626864
datasets/synthetic_data/s2.csv,312,<timecave.validation_methods.prequential.Rolling_Window object at 0x00000250F26041D0>,1,ARMA,2.5945811816447497,1.3219444601683699,1.6107703689988682
datasets/synthetic_data/s2.csv,312,<timecave.validation_methods.prequential.Rolling_Window object at 0x00000250F26041D0>,2,Tree,3.360544628941458,1.4332635799277047,1.8331788316859483
datasets/synthetic_data/s2.csv,312,<timecave.validation_methods.prequential.Rolling_Window object at 0x00000250F26041D0>,2,ARMA,1.737109855910635,0.9272100576594564,1.3179946342495614
datasets/synthetic_data/s2.csv,312,<timecave.validation_methods.CV.Block_CV object at 0x00000250F265B320>,0,Tree,2.663714847253987,1.2544585332656792,1.632089105182063
datasets/synthetic_data/s2.csv,312,<timecave.validation_methods.CV.Block_CV object at 0x00000250F265B320>,0,ARMA,1.7107878920676816,1.0937845885734445,1.30797090643014
datasets/synthetic_data/s2.csv,312,<timecave.validation_methods.CV.Block_CV object at 0x00000250F265B320>,1,Tree,4.466664054487753,1.6507852356767132,2.113448379896645
datasets/synthetic_data/s2.csv,312,<timecave.validation_methods.CV.Block_CV object at 0x00000250F265B320>,1,ARMA,2.567657233838166,1.2619097266856447,1.6023910989013157
datasets/synthetic_data/s2.csv,312,<timecave.validation_methods.CV.Block_CV object at 0x00000250F265B320>,2,Tree,2.537250997276676,1.3306810814019374,1.5928750727149559
datasets/synthetic_data/s2.csv,312,<timecave.validation_methods.CV.Block_CV object at 0x00000250F265B320>,2,ARMA,1.9865909226589737,1.1423578887895118,1.4094647646035618
datasets/synthetic_data/s2.csv,312,<timecave.validation_methods.CV.Block_CV object at 0x00000250F265B320>,3,Tree,4.376094670226835,1.7489649617013268,2.0919117262032914
datasets/synthetic_data/s2.csv,312,<timecave.validation_methods.CV.Block_CV object at 0x00000250F265B320>,3,ARMA,2.4230009426672634,1.283242517974191,1.5565991592787347
datasets/synthetic_data/s2.csv,312,<timecave.validation_methods.CV.Block_CV object at 0x00000250F265B320>,4,Tree,2.914380603492361,1.3296019945713766,1.707155705696572
datasets/synthetic_data/s2.csv,312,<timecave.validation_methods.CV.Block_CV object at 0x00000250F265B320>,4,ARMA,1.7772436505577884,0.9915351239096858,1.3331330205788874
datasets/synthetic_data/s2.csv,312,<timecave.validation_methods.CV.AdaptedhvBlockCV object at 0x00000250F6A34320>,0,Tree,2.9935702049639166,1.4507626027788307,1.7301936900139003
datasets/synthetic_data/s2.csv,312,<timecave.validation_methods.CV.AdaptedhvBlockCV object at 0x00000250F6A34320>,0,ARMA,1.7083001815644536,1.0936838002260894,1.3070195796408153
datasets/synthetic_data/s2.csv,312,<timecave.validation_methods.CV.AdaptedhvBlockCV object at 0x00000250F6A34320>,1,Tree,5.037444520822329,1.8227221603436858,2.244425209451705
datasets/synthetic_data/s2.csv,312,<timecave.validation_methods.CV.AdaptedhvBlockCV object at 0x00000250F6A34320>,1,ARMA,2.5711907930463926,1.2618518029786112,1.6034933093238626
datasets/synthetic_data/s2.csv,312,<timecave.validation_methods.CV.AdaptedhvBlockCV object at 0x00000250F6A34320>,2,Tree,2.644392590986748,1.4013751506080663,1.6261588455580678
datasets/synthetic_data/s2.csv,312,<timecave.validation_methods.CV.AdaptedhvBlockCV object at 0x00000250F6A34320>,2,ARMA,2.004149547269165,1.1461555509359895,1.4156798886998307
datasets/synthetic_data/s2.csv,312,<timecave.validation_methods.CV.AdaptedhvBlockCV object at 0x00000250F6A34320>,3,Tree,4.904419949473088,1.8398924309633269,2.214592501900313
datasets/synthetic_data/s2.csv,312,<timecave.validation_methods.CV.AdaptedhvBlockCV object at 0x00000250F6A34320>,3,ARMA,2.4250921855337646,1.2838870937595102,1.557270748949509
datasets/synthetic_data/s2.csv,312,<timecave.validation_methods.CV.AdaptedhvBlockCV object at 0x00000250F6A34320>,4,Tree,2.8198109992636216,1.3222005825757506,1.6792292872814067
datasets/synthetic_data/s2.csv,312,<timecave.validation_methods.CV.AdaptedhvBlockCV object at 0x00000250F6A34320>,4,ARMA,1.8102738847473332,0.991941480246581,1.345464189321787
datasets/synthetic_data/s2.csv,312,<timecave.validation_methods.markov.MarkovCV object at 0x00000250F6A36C30>,0,Tree,2.012129968327663,1.13997248568977,1.4184956708878822
datasets/synthetic_data/s2.csv,312,<timecave.validation_methods.markov.MarkovCV object at 0x00000250F6A36C30>,0,ARMA,2.285271573815589,1.2519118887758258,1.5117114717483588
datasets/synthetic_data/s2.csv,312,<timecave.validation_methods.markov.MarkovCV object at 0x00000250F6A36C30>,1,Tree,4.014235776959212,1.6526371370512762,2.0035557833410107
datasets/synthetic_data/s2.csv,312,<timecave.validation_methods.markov.MarkovCV object at 0x00000250F6A36C30>,1,ARMA,1.5652227436494495,0.9272689568702202,1.2510886234194
datasets/synthetic_data/s2.csv,312,<timecave.validation_methods.markov.MarkovCV object at 0x00000250F6A36C30>,2,Tree,3.4402050640740818,1.5047433151257261,1.8547789798447905
datasets/synthetic_data/s2.csv,312,<timecave.validation_methods.markov.MarkovCV object at 0x00000250F6A36C30>,2,ARMA,2.381512741694056,1.2180361232880565,1.5432150665717517
datasets/synthetic_data/s2.csv,312,<timecave.validation_methods.markov.MarkovCV object at 0x00000250F6A36C30>,3,Tree,3.1888839387270993,1.4634426594799623,1.785744645442651
datasets/synthetic_data/s2.csv,312,<timecave.validation_methods.markov.MarkovCV object at 0x00000250F6A36C30>,3,ARMA,1.097729864310289,0.8325003356183568,1.04772604449364
datasets/synthetic_data/s2.csv,312,<timecave.validation_methods.markov.MarkovCV object at 0x00000250F6A36C30>,4,Tree,2.795543924139406,1.4763631152893828,1.6719880155489768
datasets/synthetic_data/s2.csv,312,<timecave.validation_methods.markov.MarkovCV object at 0x00000250F6A36C30>,4,ARMA,2.0865070201585714,1.1646265689664033,1.444474651961249
datasets/synthetic_data/s2.csv,312,<timecave.validation_methods.markov.MarkovCV object at 0x00000250F6A36C30>,5,Tree,3.8340923530979514,1.41675609254171,1.9580838473104136
datasets/synthetic_data/s2.csv,312,<timecave.validation_methods.markov.MarkovCV object at 0x00000250F6A36C30>,5,ARMA,4.108095373077385,1.6382808698401363,2.0268436972488493
datasets/synthetic_data/s2.csv,312,<timecave.validation_methods.markov.MarkovCV object at 0x00000250F6A36C30>,6,Tree,5.4210020788419975,2.0506540440913126,2.328304550277304
datasets/synthetic_data/s2.csv,312,<timecave.validation_methods.markov.MarkovCV object at 0x00000250F6A36C30>,6,ARMA,2.4503540294735626,1.291791642587854,1.5653606707316887
datasets/synthetic_data/s2.csv,312,<timecave.validation_methods.markov.MarkovCV object at 0x00000250F6A36C30>,7,Tree,7.535528530514066,2.0818638646561953,2.7450917162299087
datasets/synthetic_data/s2.csv,312,<timecave.validation_methods.markov.MarkovCV object at 0x00000250F6A36C30>,7,ARMA,1.7579149890102637,1.1876103925606667,1.3258638651876231
datasets/synthetic_data/s2.csv,312,<timecave.validation_methods.markov.MarkovCV object at 0x00000250F6A36C30>,8,Tree,5.086046789886855,1.982159810749323,2.2552265495703208
datasets/synthetic_data/s2.csv,312,<timecave.validation_methods.markov.MarkovCV object at 0x00000250F6A36C30>,8,ARMA,3.287247813529109,1.4978565528953611,1.8130768912346518
datasets/synthetic_data/s2.csv,312,<timecave.validation_methods.markov.MarkovCV object at 0x00000250F6A36C30>,9,Tree,5.371256884896794,1.84013652749168,2.3175972223181476
datasets/synthetic_data/s2.csv,312,<timecave.validation_methods.markov.MarkovCV object at 0x00000250F6A36C30>,9,ARMA,3.0196899952297898,1.5384861143553232,1.7377255235593998
datasets/synthetic_data/s2.csv,313,<timecave.validation_methods.OOS.Holdout object at 0x00000250F6A34620>,0,Tree,3.079955915370912,1.3528258515118732,1.7549803176591219
datasets/synthetic_data/s2.csv,313,<timecave.validation_methods.OOS.Holdout object at 0x00000250F6A34620>,0,ARMA,2.5777258276570465,1.306367029879353,1.6055297654223188
datasets/synthetic_data/s2.csv,313,<timecave.validation_methods.OOS.Repeated_Holdout object at 0x00000250F6A36F30>,0,Tree,3.1885107024519677,1.4840627985948909,1.7856401380042866
datasets/synthetic_data/s2.csv,313,<timecave.validation_methods.OOS.Repeated_Holdout object at 0x00000250F6A36F30>,0,ARMA,2.903606118357228,1.3950187615699177,1.703997100454466
datasets/synthetic_data/s2.csv,313,<timecave.validation_methods.OOS.Repeated_Holdout object at 0x00000250F6A36F30>,1,Tree,3.0737467533083,1.501428844937934,1.7532104133013526
datasets/synthetic_data/s2.csv,313,<timecave.validation_methods.OOS.Repeated_Holdout object at 0x00000250F6A36F30>,1,ARMA,3.05647291921288,1.4075712456809037,1.748277128836524
datasets/synthetic_data/s2.csv,313,<timecave.validation_methods.OOS.Repeated_Holdout object at 0x00000250F6A36F30>,2,Tree,3.0972427213512885,1.462679722647708,1.7598984974569665
datasets/synthetic_data/s2.csv,313,<timecave.validation_methods.OOS.Repeated_Holdout object at 0x00000250F6A36F30>,2,ARMA,2.596012879150068,1.3055452080035608,1.6112147216153618
datasets/synthetic_data/s2.csv,313,<timecave.validation_methods.OOS.Repeated_Holdout object at 0x00000250F6A36F30>,3,Tree,2.5203236787509393,1.20673826996548,1.5875527325890435
datasets/synthetic_data/s2.csv,313,<timecave.validation_methods.OOS.Repeated_Holdout object at 0x00000250F6A36F30>,3,ARMA,2.5777258276570465,1.306367029879353,1.6055297654223188
datasets/synthetic_data/s2.csv,313,<timecave.validation_methods.prequential.Growing_Window object at 0x00000250F6A36D80>,0,Tree,4.248157914323462,1.7054977406985259,2.0611059929861595
datasets/synthetic_data/s2.csv,313,<timecave.validation_methods.prequential.Growing_Window object at 0x00000250F6A36D80>,0,ARMA,2.5382550518421896,1.3433018914621195,1.5931902120720518
datasets/synthetic_data/s2.csv,313,<timecave.validation_methods.prequential.Growing_Window object at 0x00000250F6A36D80>,1,Tree,2.5286357190106,1.3151108537939518,1.5901684561739362
datasets/synthetic_data/s2.csv,313,<timecave.validation_methods.prequential.Growing_Window object at 0x00000250F6A36D80>,1,ARMA,2.0957495399400994,1.1796707268569002,1.4476703837338454
datasets/synthetic_data/s2.csv,313,<timecave.validation_methods.prequential.Growing_Window object at 0x00000250F6A36D80>,2,Tree,3.6779716249107937,1.5120386826250947,1.917803854650103
datasets/synthetic_data/s2.csv,313,<timecave.validation_methods.prequential.Growing_Window object at 0x00000250F6A36D80>,2,ARMA,1.6041503118617135,1.0643505523843493,1.2665505563781154
datasets/synthetic_data/s2.csv,313,<timecave.validation_methods.prequential.Growing_Window object at 0x00000250F6A36D80>,3,Tree,3.1128069893076638,1.4889981783423318,1.764314878163097
datasets/synthetic_data/s2.csv,313,<timecave.validation_methods.prequential.Growing_Window object at 0x00000250F6A36D80>,3,ARMA,3.133206159551845,1.445559122631658,1.7700864836362784
datasets/synthetic_data/s2.csv,313,<timecave.validation_methods.prequential.Growing_Window object at 0x00000250F6BB0F50>,0,Tree,3.1201704953422134,1.5036383130289859,1.766400434596361
datasets/synthetic_data/s2.csv,313,<timecave.validation_methods.prequential.Growing_Window object at 0x00000250F6BB0F50>,0,ARMA,2.1493839184918784,1.2200548191960034,1.466077732759037
datasets/synthetic_data/s2.csv,313,<timecave.validation_methods.prequential.Growing_Window object at 0x00000250F6BB0F50>,1,Tree,1.8358506619399189,1.0605338021221353,1.3549356670853119
datasets/synthetic_data/s2.csv,313,<timecave.validation_methods.prequential.Growing_Window object at 0x00000250F6BB0F50>,1,ARMA,1.5550845826578192,1.049238785889405,1.2470303054287892
datasets/synthetic_data/s2.csv,313,<timecave.validation_methods.prequential.Growing_Window object at 0x00000250F6BB0F50>,2,Tree,3.0608270793158647,1.4223986547719134,1.7495219573688878
datasets/synthetic_data/s2.csv,313,<timecave.validation_methods.prequential.Growing_Window object at 0x00000250F6BB0F50>,2,ARMA,2.812527890773711,1.398894773433255,1.6770592985263553
datasets/synthetic_data/s2.csv,313,<timecave.validation_methods.prequential.Rolling_Window object at 0x00000250F6BB0410>,0,Tree,7.3147611198827365,2.1505829994202905,2.704581505498168
datasets/synthetic_data/s2.csv,313,<timecave.validation_methods.prequential.Rolling_Window object at 0x00000250F6BB0410>,0,ARMA,2.5382550518421896,1.3433018914621195,1.5931902120720518
datasets/synthetic_data/s2.csv,313,<timecave.validation_methods.prequential.Rolling_Window object at 0x00000250F6BB0410>,1,Tree,3.0212139085071383,1.359864148581712,1.7381639475340462
datasets/synthetic_data/s2.csv,313,<timecave.validation_methods.prequential.Rolling_Window object at 0x00000250F6BB0410>,1,ARMA,2.2891231863092525,1.2472417749407145,1.5129848599074784
datasets/synthetic_data/s2.csv,313,<timecave.validation_methods.prequential.Rolling_Window object at 0x00000250F6BB0410>,2,Tree,2.5808097497231697,1.273427563206756,1.6064898847248212
datasets/synthetic_data/s2.csv,313,<timecave.validation_methods.prequential.Rolling_Window object at 0x00000250F6BB0410>,2,ARMA,1.6807986156434134,1.0791109858556946,1.296456175751195
datasets/synthetic_data/s2.csv,313,<timecave.validation_methods.prequential.Rolling_Window object at 0x00000250F6BB0410>,3,Tree,5.223149703110806,1.9879917654295924,2.285421121612121
datasets/synthetic_data/s2.csv,313,<timecave.validation_methods.prequential.Rolling_Window object at 0x00000250F6BB0410>,3,ARMA,3.2545881876489187,1.4506555449423872,1.8040477232182408
datasets/synthetic_data/s2.csv,313,<timecave.validation_methods.prequential.Rolling_Window object at 0x00000250F6BB31A0>,0,Tree,3.036489109083588,1.4927676382523287,1.7425524695353043
datasets/synthetic_data/s2.csv,313,<timecave.validation_methods.prequential.Rolling_Window object at 0x00000250F6BB31A0>,0,ARMA,2.1493839184918784,1.2200548191960034,1.466077732759037
datasets/synthetic_data/s2.csv,313,<timecave.validation_methods.prequential.Rolling_Window object at 0x00000250F6BB31A0>,1,Tree,3.204484087110634,1.4729693999147568,1.7901072836873868
datasets/synthetic_data/s2.csv,313,<timecave.validation_methods.prequential.Rolling_Window object at 0x00000250F6BB31A0>,1,ARMA,2.0472827276503205,1.185998806961298,1.4308328790079994
datasets/synthetic_data/s2.csv,313,<timecave.validation_methods.prequential.Rolling_Window object at 0x00000250F6BB31A0>,2,Tree,2.4513243011417454,1.3826842909217048,1.5656705595819784
datasets/synthetic_data/s2.csv,313,<timecave.validation_methods.prequential.Rolling_Window object at 0x00000250F6BB31A0>,2,ARMA,2.8671348767100406,1.4176351881799714,1.6932616090581043
datasets/synthetic_data/s2.csv,313,<timecave.validation_methods.CV.Block_CV object at 0x00000250F6BB0710>,0,Tree,2.185324232622408,1.1201339911746322,1.4782842191616632
datasets/synthetic_data/s2.csv,313,<timecave.validation_methods.CV.Block_CV object at 0x00000250F6BB0710>,0,ARMA,2.034257925252674,1.105574460757548,1.4262741409885666
datasets/synthetic_data/s2.csv,313,<timecave.validation_methods.CV.Block_CV object at 0x00000250F6BB0710>,1,Tree,2.784643228960659,1.4454727472110245,1.6687250309624588
datasets/synthetic_data/s2.csv,313,<timecave.validation_methods.CV.Block_CV object at 0x00000250F6BB0710>,1,ARMA,2.671809964142713,1.387059857184625,1.634567210041457
datasets/synthetic_data/s2.csv,313,<timecave.validation_methods.CV.Block_CV object at 0x00000250F6BB0710>,2,Tree,2.552125467955608,1.4577894224918657,1.597537313478345
datasets/synthetic_data/s2.csv,313,<timecave.validation_methods.CV.Block_CV object at 0x00000250F6BB0710>,2,ARMA,1.908768372199999,1.130906951688258,1.3815818369535693
datasets/synthetic_data/s2.csv,313,<timecave.validation_methods.CV.Block_CV object at 0x00000250F6BB0710>,3,Tree,2.595458885917115,1.3552165312227031,1.6110427945641652
datasets/synthetic_data/s2.csv,313,<timecave.validation_methods.CV.Block_CV object at 0x00000250F6BB0710>,3,ARMA,1.659317649793285,1.0903421611949504,1.2881450422189595
datasets/synthetic_data/s2.csv,313,<timecave.validation_methods.CV.Block_CV object at 0x00000250F6BB0710>,4,Tree,3.287896710262468,1.5229211764442678,1.8132558314431166
datasets/synthetic_data/s2.csv,313,<timecave.validation_methods.CV.Block_CV object at 0x00000250F6BB0710>,4,ARMA,3.133206159551845,1.445559122631658,1.7700864836362784
datasets/synthetic_data/s2.csv,313,<timecave.validation_methods.CV.AdaptedhvBlockCV object at 0x00000250F6BB1070>,0,Tree,2.185179629263485,1.220158246103593,1.4782353091654539
datasets/synthetic_data/s2.csv,313,<timecave.validation_methods.CV.AdaptedhvBlockCV object at 0x00000250F6BB1070>,0,ARMA,2.0354353761138944,1.1064250404630878,1.4266868528566086
datasets/synthetic_data/s2.csv,313,<timecave.validation_methods.CV.AdaptedhvBlockCV object at 0x00000250F6BB1070>,1,Tree,2.2810706629798854,1.2997138080772872,1.5103213773829347
datasets/synthetic_data/s2.csv,313,<timecave.validation_methods.CV.AdaptedhvBlockCV object at 0x00000250F6BB1070>,1,ARMA,2.643601705606064,1.3797925976402303,1.6259156514426154
datasets/synthetic_data/s2.csv,313,<timecave.validation_methods.CV.AdaptedhvBlockCV object at 0x00000250F6BB1070>,2,Tree,3.46107263658562,1.6069790770861312,1.860395827931685
datasets/synthetic_data/s2.csv,313,<timecave.validation_methods.CV.AdaptedhvBlockCV object at 0x00000250F6BB1070>,2,ARMA,1.9197407733823295,1.1380873670375344,1.3855471025491446
datasets/synthetic_data/s2.csv,313,<timecave.validation_methods.CV.AdaptedhvBlockCV object at 0x00000250F6BB1070>,3,Tree,3.8633822508993347,1.5712464471806786,1.9655488421556293
datasets/synthetic_data/s2.csv,313,<timecave.validation_methods.CV.AdaptedhvBlockCV object at 0x00000250F6BB1070>,3,ARMA,1.6584619956628301,1.086144152913823,1.287812872921695
datasets/synthetic_data/s2.csv,313,<timecave.validation_methods.CV.AdaptedhvBlockCV object at 0x00000250F6BB1070>,4,Tree,3.1655430260293964,1.5369552980631351,1.7791972982301307
datasets/synthetic_data/s2.csv,313,<timecave.validation_methods.CV.AdaptedhvBlockCV object at 0x00000250F6BB1070>,4,ARMA,3.3333536544062556,1.4744962004506816,1.825747423497088
datasets/synthetic_data/s2.csv,313,<timecave.validation_methods.markov.MarkovCV object at 0x00000250F6BB2AB0>,0,Tree,3.132650075332698,1.3260053074120037,1.7699293984034217
datasets/synthetic_data/s2.csv,313,<timecave.validation_methods.markov.MarkovCV object at 0x00000250F6BB2AB0>,0,ARMA,1.9980093578722096,1.1891701900793588,1.4135095888858376
datasets/synthetic_data/s2.csv,313,<timecave.validation_methods.markov.MarkovCV object at 0x00000250F6BB2AB0>,1,Tree,4.313764267808236,1.8142672976803946,2.076960343340295
datasets/synthetic_data/s2.csv,313,<timecave.validation_methods.markov.MarkovCV object at 0x00000250F6BB2AB0>,1,ARMA,1.3511250844088158,1.016224448012538,1.1623790622722072
datasets/synthetic_data/s2.csv,313,<timecave.validation_methods.markov.MarkovCV object at 0x00000250F6BB2AB0>,2,Tree,2.797217483248614,1.458740598149738,1.6724884104975477
datasets/synthetic_data/s2.csv,313,<timecave.validation_methods.markov.MarkovCV object at 0x00000250F6BB2AB0>,2,ARMA,2.028730079583386,1.2403192196527042,1.4243349604581732
datasets/synthetic_data/s2.csv,313,<timecave.validation_methods.markov.MarkovCV object at 0x00000250F6BB2AB0>,3,Tree,4.157675457776016,1.7334303707191954,2.0390378755128644
datasets/synthetic_data/s2.csv,313,<timecave.validation_methods.markov.MarkovCV object at 0x00000250F6BB2AB0>,3,ARMA,4.168328291301545,1.4550227654751118,2.041648424999159
datasets/synthetic_data/s2.csv,313,<timecave.validation_methods.markov.MarkovCV object at 0x00000250F6BB2AB0>,4,Tree,6.054584046327775,1.9778689902301616,2.460606438731675
datasets/synthetic_data/s2.csv,313,<timecave.validation_methods.markov.MarkovCV object at 0x00000250F6BB2AB0>,4,ARMA,4.649134786826172,1.7577351396942222,2.156185239450955
datasets/synthetic_data/s2.csv,313,<timecave.validation_methods.markov.MarkovCV object at 0x00000250F6BB2AB0>,5,Tree,11.85703969539543,2.9824398881084053,3.4434052470476706
datasets/synthetic_data/s2.csv,313,<timecave.validation_methods.markov.MarkovCV object at 0x00000250F6BB2AB0>,5,ARMA,2.7668281831756127,1.3372400410124585,1.6633785447623197
datasets/synthetic_data/s2.csv,313,<timecave.validation_methods.markov.MarkovCV object at 0x00000250F6BB2AB0>,6,Tree,3.94169709350589,1.7910772732251714,1.9853707697822818
datasets/synthetic_data/s2.csv,313,<timecave.validation_methods.markov.MarkovCV object at 0x00000250F6BB2AB0>,6,ARMA,2.0908432959522827,1.1376326728394144,1.4459748600692484
datasets/synthetic_data/s2.csv,313,<timecave.validation_methods.markov.MarkovCV object at 0x00000250F6BB2AB0>,7,Tree,4.191487057494598,1.5824752314291888,2.0473121543855
datasets/synthetic_data/s2.csv,313,<timecave.validation_methods.markov.MarkovCV object at 0x00000250F6BB2AB0>,7,ARMA,1.16864057035885,0.9576049775931053,1.0810368034247724
datasets/synthetic_data/s2.csv,313,<timecave.validation_methods.markov.MarkovCV object at 0x00000250F6BB2AB0>,8,Tree,4.482230636736856,1.6551943384453294,2.1171279216752246
datasets/synthetic_data/s2.csv,313,<timecave.validation_methods.markov.MarkovCV object at 0x00000250F6BB2AB0>,8,ARMA,2.4281814587743344,1.3147676172211442,1.5582623202703498
datasets/synthetic_data/s2.csv,313,<timecave.validation_methods.markov.MarkovCV object at 0x00000250F6BB2AB0>,9,Tree,4.1600777184210065,1.3869990590530064,2.0396268576435754
datasets/synthetic_data/s2.csv,313,<timecave.validation_methods.markov.MarkovCV object at 0x00000250F6BB2AB0>,9,ARMA,3.075453436543662,1.5477168674414243,1.7536970766194662
datasets/synthetic_data/s2.csv,314,<timecave.validation_methods.OOS.Holdout object at 0x00000250F25E6DE0>,0,Tree,2.461116753623728,1.2012158988752784,1.5687946817935507
datasets/synthetic_data/s2.csv,314,<timecave.validation_methods.OOS.Holdout object at 0x00000250F25E6DE0>,0,ARMA,1.5845513993422886,1.0253594333533513,1.258789656512274
datasets/synthetic_data/s2.csv,314,<timecave.validation_methods.OOS.Repeated_Holdout object at 0x00000250F6BB14C0>,0,Tree,3.050649694783969,1.3919571544406302,1.74661091682835
datasets/synthetic_data/s2.csv,314,<timecave.validation_methods.OOS.Repeated_Holdout object at 0x00000250F6BB14C0>,0,ARMA,1.6373348484980368,1.0463387612582267,1.2795838575482408
datasets/synthetic_data/s2.csv,314,<timecave.validation_methods.OOS.Repeated_Holdout object at 0x00000250F6BB14C0>,1,Tree,2.89208303805677,1.3125804235345762,1.7006125478946608
datasets/synthetic_data/s2.csv,314,<timecave.validation_methods.OOS.Repeated_Holdout object at 0x00000250F6BB14C0>,1,ARMA,1.7471532754724328,1.0720436682614567,1.3217992568739145
datasets/synthetic_data/s2.csv,314,<timecave.validation_methods.OOS.Repeated_Holdout object at 0x00000250F6BB14C0>,2,Tree,2.5969697417872646,1.2482413457015837,1.6115116325324073
datasets/synthetic_data/s2.csv,314,<timecave.validation_methods.OOS.Repeated_Holdout object at 0x00000250F6BB14C0>,2,ARMA,1.560369228628717,1.020302066455116,1.2491474006812475
datasets/synthetic_data/s2.csv,314,<timecave.validation_methods.OOS.Repeated_Holdout object at 0x00000250F6BB14C0>,3,Tree,2.4991479011551174,1.2731413066541863,1.5808693498057065
datasets/synthetic_data/s2.csv,314,<timecave.validation_methods.OOS.Repeated_Holdout object at 0x00000250F6BB14C0>,3,ARMA,1.5845513993422886,1.0253594333533513,1.258789656512274
datasets/synthetic_data/s2.csv,314,<timecave.validation_methods.prequential.Growing_Window object at 0x00000250F6BB0470>,0,Tree,2.9261946371320846,1.4948653669325538,1.7106123573539636
datasets/synthetic_data/s2.csv,314,<timecave.validation_methods.prequential.Growing_Window object at 0x00000250F6BB0470>,0,ARMA,1.067058500322442,0.8517634967297172,1.0329852372238637
datasets/synthetic_data/s2.csv,314,<timecave.validation_methods.prequential.Growing_Window object at 0x00000250F6BB0470>,1,Tree,1.4771405363654224,1.0073783204549545,1.2153767055384197
datasets/synthetic_data/s2.csv,314,<timecave.validation_methods.prequential.Growing_Window object at 0x00000250F6BB0470>,1,ARMA,0.9261002466709705,0.8020931663055988,0.9623410241026673
datasets/synthetic_data/s2.csv,314,<timecave.validation_methods.prequential.Growing_Window object at 0x00000250F6BB0470>,2,Tree,1.5615095642317405,1.0820293293907024,1.2496037628911576
datasets/synthetic_data/s2.csv,314,<timecave.validation_methods.prequential.Growing_Window object at 0x00000250F6BB0470>,2,ARMA,1.9072110112226068,1.0788659972541406,1.381018106768556
datasets/synthetic_data/s2.csv,314,<timecave.validation_methods.prequential.Growing_Window object at 0x00000250F6BB0470>,3,Tree,3.3104113440162366,1.4220460519367748,1.819453583913653
datasets/synthetic_data/s2.csv,314,<timecave.validation_methods.prequential.Growing_Window object at 0x00000250F6BB0470>,3,ARMA,1.8152541217540756,1.1066434695161103,1.3473136686585183
datasets/synthetic_data/s2.csv,314,<timecave.validation_methods.prequential.Growing_Window object at 0x00000250F6BB3EF0>,0,Tree,2.9381121099496417,1.5317303628221837,1.7140922116238793
datasets/synthetic_data/s2.csv,314,<timecave.validation_methods.prequential.Growing_Window object at 0x00000250F6BB3EF0>,0,ARMA,0.9709693145384963,0.8291190948980116,0.9853777522039435
datasets/synthetic_data/s2.csv,314,<timecave.validation_methods.prequential.Growing_Window object at 0x00000250F6BB3EF0>,1,Tree,1.4875715941206578,1.0063717263054317,1.2196604421398023
datasets/synthetic_data/s2.csv,314,<timecave.validation_methods.prequential.Growing_Window object at 0x00000250F6BB3EF0>,1,ARMA,1.988006409671768,1.112869214402751,1.40996681154975
datasets/synthetic_data/s2.csv,314,<timecave.validation_methods.prequential.Growing_Window object at 0x00000250F6BB3EF0>,2,Tree,2.6856522086431442,1.3240077347629224,1.6387959630909348
datasets/synthetic_data/s2.csv,314,<timecave.validation_methods.prequential.Growing_Window object at 0x00000250F6BB3EF0>,2,ARMA,1.6948396481602028,1.0729866138209134,1.3018600724195373
datasets/synthetic_data/s2.csv,314,<timecave.validation_methods.prequential.Rolling_Window object at 0x00000250F6BB11F0>,0,Tree,2.750925485979055,1.348807259943698,1.6585914162261466
datasets/synthetic_data/s2.csv,314,<timecave.validation_methods.prequential.Rolling_Window object at 0x00000250F6BB11F0>,0,ARMA,1.067058500322442,0.8517634967297172,1.0329852372238637
datasets/synthetic_data/s2.csv,314,<timecave.validation_methods.prequential.Rolling_Window object at 0x00000250F6BB11F0>,1,Tree,1.8380325295266746,1.0912777656578305,1.3557405834180352
datasets/synthetic_data/s2.csv,314,<timecave.validation_methods.prequential.Rolling_Window object at 0x00000250F6BB11F0>,1,ARMA,0.9606017149548014,0.8068879398225359,0.980102910389925
datasets/synthetic_data/s2.csv,314,<timecave.validation_methods.prequential.Rolling_Window object at 0x00000250F6BB11F0>,2,Tree,2.8937595373594953,1.4645301839145772,1.7011053869056718
datasets/synthetic_data/s2.csv,314,<timecave.validation_methods.prequential.Rolling_Window object at 0x00000250F6BB11F0>,2,ARMA,1.920463905333069,1.0806168513442735,1.3858080333628713
datasets/synthetic_data/s2.csv,314,<timecave.validation_methods.prequential.Rolling_Window object at 0x00000250F6BB11F0>,3,Tree,3.1324787964359473,1.435963061923363,1.7698810119428785
datasets/synthetic_data/s2.csv,314,<timecave.validation_methods.prequential.Rolling_Window object at 0x00000250F6BB11F0>,3,ARMA,1.9511182014566133,1.1452532880625854,1.3968243273427812
datasets/synthetic_data/s2.csv,314,<timecave.validation_methods.prequential.Rolling_Window object at 0x00000250F6BB0D70>,0,Tree,2.8128722541423996,1.4698208568041566,1.6771619641949909
datasets/synthetic_data/s2.csv,314,<timecave.validation_methods.prequential.Rolling_Window object at 0x00000250F6BB0D70>,0,ARMA,0.9709693145384963,0.8291190948980116,0.9853777522039435
datasets/synthetic_data/s2.csv,314,<timecave.validation_methods.prequential.Rolling_Window object at 0x00000250F6BB0D70>,1,Tree,2.0689809715757175,1.184908728903702,1.4383952765410895
datasets/synthetic_data/s2.csv,314,<timecave.validation_methods.prequential.Rolling_Window object at 0x00000250F6BB0D70>,1,ARMA,1.9767050122015322,1.1233472703060063,1.4059534175076827
datasets/synthetic_data/s2.csv,314,<timecave.validation_methods.prequential.Rolling_Window object at 0x00000250F6BB0D70>,2,Tree,3.0548876342329416,1.490095463390571,1.7478236851104123
datasets/synthetic_data/s2.csv,314,<timecave.validation_methods.prequential.Rolling_Window object at 0x00000250F6BB0D70>,2,ARMA,1.8011516559210015,1.09545413572188,1.3420699146918544
datasets/synthetic_data/s2.csv,314,<timecave.validation_methods.CV.Block_CV object at 0x00000250F6BB0D10>,0,Tree,1.723107104658732,1.1666820480164806,1.312671742919277
datasets/synthetic_data/s2.csv,314,<timecave.validation_methods.CV.Block_CV object at 0x00000250F6BB0D10>,0,ARMA,1.8635607960287668,1.2218893914728959,1.3651229966668816
datasets/synthetic_data/s2.csv,314,<timecave.validation_methods.CV.Block_CV object at 0x00000250F6BB0D10>,1,Tree,1.9550902499328406,1.1013272526730224,1.3982454183485962
datasets/synthetic_data/s2.csv,314,<timecave.validation_methods.CV.Block_CV object at 0x00000250F6BB0D10>,1,ARMA,1.138706006524775,0.8796045152891006,1.0671016851850506
datasets/synthetic_data/s2.csv,314,<timecave.validation_methods.CV.Block_CV object at 0x00000250F6BB0D10>,2,Tree,2.7659179039043007,1.3861949741712525,1.6631048986471961
datasets/synthetic_data/s2.csv,314,<timecave.validation_methods.CV.Block_CV object at 0x00000250F6BB0D10>,2,ARMA,1.0980321391717667,0.86100696964297,1.047870287379009
datasets/synthetic_data/s2.csv,314,<timecave.validation_methods.CV.Block_CV object at 0x00000250F6BB0D10>,3,Tree,2.0923506557564053,1.1543131165673055,1.446495992305684
datasets/synthetic_data/s2.csv,314,<timecave.validation_methods.CV.Block_CV object at 0x00000250F6BB0D10>,3,ARMA,1.8953891936829923,1.066449584473597,1.3767313440475568
datasets/synthetic_data/s2.csv,314,<timecave.validation_methods.CV.Block_CV object at 0x00000250F6BB0D10>,4,Tree,3.0801103332142996,1.3893866293957626,1.7550243112886783
datasets/synthetic_data/s2.csv,314,<timecave.validation_methods.CV.Block_CV object at 0x00000250F6BB0D10>,4,ARMA,1.8152541217540756,1.1066434695161103,1.3473136686585183
datasets/synthetic_data/s2.csv,314,<timecave.validation_methods.CV.AdaptedhvBlockCV object at 0x00000250F6BB1EB0>,0,Tree,1.8285970289264242,1.1741681359022578,1.35225627339141
datasets/synthetic_data/s2.csv,314,<timecave.validation_methods.CV.AdaptedhvBlockCV object at 0x00000250F6BB1EB0>,0,ARMA,1.862852110646835,1.2217678969888133,1.3648634036587086
datasets/synthetic_data/s2.csv,314,<timecave.validation_methods.CV.AdaptedhvBlockCV object at 0x00000250F6BB1EB0>,1,Tree,1.6679326291760637,1.0463005208384832,1.2914846608365365
datasets/synthetic_data/s2.csv,314,<timecave.validation_methods.CV.AdaptedhvBlockCV object at 0x00000250F6BB1EB0>,1,ARMA,1.1534447807198773,0.8810089951932829,1.0739854657861425
datasets/synthetic_data/s2.csv,314,<timecave.validation_methods.CV.AdaptedhvBlockCV object at 0x00000250F6BB1EB0>,2,Tree,2.5579394266772404,1.312821790346228,1.5993559412079728
datasets/synthetic_data/s2.csv,314,<timecave.validation_methods.CV.AdaptedhvBlockCV object at 0x00000250F6BB1EB0>,2,ARMA,1.1022836210982199,0.8644115371616118,1.0498969573716366
datasets/synthetic_data/s2.csv,314,<timecave.validation_methods.CV.AdaptedhvBlockCV object at 0x00000250F6BB1EB0>,3,Tree,2.364205040153829,1.2658081192754878,1.5375971644594786
datasets/synthetic_data/s2.csv,314,<timecave.validation_methods.CV.AdaptedhvBlockCV object at 0x00000250F6BB1EB0>,3,ARMA,1.8907091745797608,1.0632897281679474,1.3750306085974089
datasets/synthetic_data/s2.csv,314,<timecave.validation_methods.CV.AdaptedhvBlockCV object at 0x00000250F6BB1EB0>,4,Tree,3.186167615226887,1.374090330261917,1.7849839257614861
datasets/synthetic_data/s2.csv,314,<timecave.validation_methods.CV.AdaptedhvBlockCV object at 0x00000250F6BB1EB0>,4,ARMA,1.8075555736286726,1.1194666776418358,1.3444536338709017
datasets/synthetic_data/s2.csv,314,<timecave.validation_methods.markov.MarkovCV object at 0x00000250F2A0FE90>,0,Tree,7.423872742078126,2.2456221566515064,2.7246784658153933
datasets/synthetic_data/s2.csv,314,<timecave.validation_methods.markov.MarkovCV object at 0x00000250F2A0FE90>,0,ARMA,2.115346766071372,1.2368315289793126,1.4544231729697419
datasets/synthetic_data/s2.csv,314,<timecave.validation_methods.markov.MarkovCV object at 0x00000250F2A0FE90>,1,Tree,5.374593040160468,1.870934796173484,2.318316854996415
datasets/synthetic_data/s2.csv,314,<timecave.validation_methods.markov.MarkovCV object at 0x00000250F2A0FE90>,1,ARMA,3.059794145587173,1.4180645787684896,1.7492267278964078
datasets/synthetic_data/s2.csv,314,<timecave.validation_methods.markov.MarkovCV object at 0x00000250F2A0FE90>,2,Tree,2.3678312092064355,1.3723626318044493,1.5387758801093925
datasets/synthetic_data/s2.csv,314,<timecave.validation_methods.markov.MarkovCV object at 0x00000250F2A0FE90>,2,ARMA,2.2495125789994335,1.364618460528286,1.4998375175329604
datasets/synthetic_data/s2.csv,314,<timecave.validation_methods.markov.MarkovCV object at 0x00000250F2A0FE90>,3,Tree,3.018949429767885,1.3952638716529477,1.7375124257880532
datasets/synthetic_data/s2.csv,314,<timecave.validation_methods.markov.MarkovCV object at 0x00000250F2A0FE90>,3,ARMA,1.2531155511647838,0.9173286841585434,1.1194264384785557
datasets/synthetic_data/s2.csv,314,<timecave.validation_methods.markov.MarkovCV object at 0x00000250F2A0FE90>,4,Tree,1.87217806844592,1.0920990111814957,1.3682755820542585
datasets/synthetic_data/s2.csv,314,<timecave.validation_methods.markov.MarkovCV object at 0x00000250F2A0FE90>,4,ARMA,2.0690902821402686,1.2068857239119049,1.4384332734403318
datasets/synthetic_data/s2.csv,314,<timecave.validation_methods.markov.MarkovCV object at 0x00000250F2A0FE90>,5,Tree,3.860816897529405,1.4452992138108771,1.9648961543881664
datasets/synthetic_data/s2.csv,314,<timecave.validation_methods.markov.MarkovCV object at 0x00000250F2A0FE90>,5,ARMA,2.4091611667648203,1.312682978668826,1.552147276119383
datasets/synthetic_data/s2.csv,314,<timecave.validation_methods.markov.MarkovCV object at 0x00000250F2A0FE90>,6,Tree,2.0336829650979844,1.2260470606057359,1.4260725665610374
datasets/synthetic_data/s2.csv,314,<timecave.validation_methods.markov.MarkovCV object at 0x00000250F2A0FE90>,6,ARMA,1.8517594415078906,1.1434465962815477,1.3607936807274976
datasets/synthetic_data/s2.csv,314,<timecave.validation_methods.markov.MarkovCV object at 0x00000250F2A0FE90>,7,Tree,3.1969947676928223,1.4915324194761725,1.7880141967257481
datasets/synthetic_data/s2.csv,314,<timecave.validation_methods.markov.MarkovCV object at 0x00000250F2A0FE90>,7,ARMA,1.3971963732896824,0.9757349057899175,1.1820306143622856
datasets/synthetic_data/s2.csv,314,<timecave.validation_methods.markov.MarkovCV object at 0x00000250F2A0FE90>,8,Tree,1.6520052569754518,1.125631445834309,1.2853035660790224
datasets/synthetic_data/s2.csv,314,<timecave.validation_methods.markov.MarkovCV object at 0x00000250F2A0FE90>,8,ARMA,0.9950923299781961,0.7368252606110892,0.9975431469255834
datasets/synthetic_data/s2.csv,314,<timecave.validation_methods.markov.MarkovCV object at 0x00000250F2A0FE90>,9,Tree,2.6169251717635116,1.3351785020117186,1.617691309169803
datasets/synthetic_data/s2.csv,314,<timecave.validation_methods.markov.MarkovCV object at 0x00000250F2A0FE90>,9,ARMA,1.0043168178437973,0.9012240759661809,1.002156084571559
datasets/synthetic_data/s2.csv,315,<timecave.validation_methods.OOS.Holdout object at 0x00000250F265A390>,0,Tree,1.8184053134301525,1.0589271785228844,1.348482596635994
datasets/synthetic_data/s2.csv,315,<timecave.validation_methods.OOS.Holdout object at 0x00000250F265A390>,0,ARMA,1.5183383070800902,0.9351534493847705,1.2322087108441047
datasets/synthetic_data/s2.csv,315,<timecave.validation_methods.OOS.Repeated_Holdout object at 0x00000250F6BB25D0>,0,Tree,2.4930178222785773,1.257615447885426,1.5789293278290124
datasets/synthetic_data/s2.csv,315,<timecave.validation_methods.OOS.Repeated_Holdout object at 0x00000250F6BB25D0>,0,ARMA,1.251979835028307,0.828765098527503,1.118919047575966
datasets/synthetic_data/s2.csv,315,<timecave.validation_methods.OOS.Repeated_Holdout object at 0x00000250F6BB25D0>,1,Tree,2.451245609188309,1.1864522979217982,1.5656454289488118
datasets/synthetic_data/s2.csv,315,<timecave.validation_methods.OOS.Repeated_Holdout object at 0x00000250F6BB25D0>,1,ARMA,1.3277623907858076,0.8751095730968017,1.1522857244563118
datasets/synthetic_data/s2.csv,315,<timecave.validation_methods.OOS.Repeated_Holdout object at 0x00000250F6BB25D0>,2,Tree,1.8648824750321638,1.0488904249175535,1.3656069987489678
datasets/synthetic_data/s2.csv,315,<timecave.validation_methods.OOS.Repeated_Holdout object at 0x00000250F6BB25D0>,2,ARMA,1.3144010264607926,0.8884875561757908,1.1464732994975473
datasets/synthetic_data/s2.csv,315,<timecave.validation_methods.OOS.Repeated_Holdout object at 0x00000250F6BB25D0>,3,Tree,1.9743228773844197,1.1310721022486963,1.4051060021878847
datasets/synthetic_data/s2.csv,315,<timecave.validation_methods.OOS.Repeated_Holdout object at 0x00000250F6BB25D0>,3,ARMA,1.5183383070800902,0.9351534493847705,1.2322087108441047
datasets/synthetic_data/s2.csv,315,<timecave.validation_methods.prequential.Growing_Window object at 0x00000250F6BB23C0>,0,Tree,1.7472742571331839,1.115249575994741,1.3218450200886578
datasets/synthetic_data/s2.csv,315,<timecave.validation_methods.prequential.Growing_Window object at 0x00000250F6BB23C0>,0,ARMA,1.2473401548927288,0.8750715734560066,1.116843836394654
datasets/synthetic_data/s2.csv,315,<timecave.validation_methods.prequential.Growing_Window object at 0x00000250F6BB23C0>,1,Tree,2.120452468308277,1.1991381994263324,1.456177347821438
datasets/synthetic_data/s2.csv,315,<timecave.validation_methods.prequential.Growing_Window object at 0x00000250F6BB23C0>,1,ARMA,1.9746959299616775,1.0805330319702362,1.4052387448265429
datasets/synthetic_data/s2.csv,315,<timecave.validation_methods.prequential.Growing_Window object at 0x00000250F6BB23C0>,2,Tree,2.2427352285054303,1.2361078838454662,1.4975764516395917
datasets/synthetic_data/s2.csv,315,<timecave.validation_methods.prequential.Growing_Window object at 0x00000250F6BB23C0>,2,ARMA,1.364552353314217,0.8632226288979525,1.1681405537495122
datasets/synthetic_data/s2.csv,315,<timecave.validation_methods.prequential.Growing_Window object at 0x00000250F6BB23C0>,3,Tree,2.3154379147556883,1.1963740411741115,1.5216563063831754
datasets/synthetic_data/s2.csv,315,<timecave.validation_methods.prequential.Growing_Window object at 0x00000250F6BB23C0>,3,ARMA,1.1855743024481509,0.814515645157648,1.0888408067519102
datasets/synthetic_data/s2.csv,315,<timecave.validation_methods.prequential.Growing_Window object at 0x00000250F6BB2600>,0,Tree,1.9829966687213432,1.1668750780179837,1.408189145222098
datasets/synthetic_data/s2.csv,315,<timecave.validation_methods.prequential.Growing_Window object at 0x00000250F6BB2600>,0,ARMA,2.2392339674121495,1.1518941886992995,1.4964070193006145
datasets/synthetic_data/s2.csv,315,<timecave.validation_methods.prequential.Growing_Window object at 0x00000250F6BB2600>,1,Tree,2.247363936327413,1.218385001471182,1.499121054594129
datasets/synthetic_data/s2.csv,315,<timecave.validation_methods.prequential.Growing_Window object at 0x00000250F6BB2600>,1,ARMA,1.5338534766875378,0.9358951242824595,1.2384883837515546
datasets/synthetic_data/s2.csv,315,<timecave.validation_methods.prequential.Growing_Window object at 0x00000250F6BB2600>,2,Tree,3.066196442857018,1.3645467178894197,1.7510558080361167
datasets/synthetic_data/s2.csv,315,<timecave.validation_methods.prequential.Growing_Window object at 0x00000250F6BB2600>,2,ARMA,1.3553005084298086,0.897881322811275,1.164173744949528
datasets/synthetic_data/s2.csv,315,<timecave.validation_methods.prequential.Rolling_Window object at 0x00000250F6BB2090>,0,Tree,1.414543456898222,0.9783291862360715,1.1893458104765922
datasets/synthetic_data/s2.csv,315,<timecave.validation_methods.prequential.Rolling_Window object at 0x00000250F6BB2090>,0,ARMA,1.2473401548927288,0.8750715734560066,1.116843836394654
datasets/synthetic_data/s2.csv,315,<timecave.validation_methods.prequential.Rolling_Window object at 0x00000250F6BB2090>,1,Tree,0.985416642044175,0.8018884018542608,0.9926815411017649
datasets/synthetic_data/s2.csv,315,<timecave.validation_methods.prequential.Rolling_Window object at 0x00000250F6BB2090>,1,ARMA,2.273449727776866,1.130842413885433,1.507796315082666
datasets/synthetic_data/s2.csv,315,<timecave.validation_methods.prequential.Rolling_Window object at 0x00000250F6BB2090>,2,Tree,2.000322083882494,1.1672895001541908,1.414327431637559
datasets/synthetic_data/s2.csv,315,<timecave.validation_methods.prequential.Rolling_Window object at 0x00000250F6BB2090>,2,ARMA,1.3392198102899824,0.8641822731702445,1.1572466505849055
datasets/synthetic_data/s2.csv,315,<timecave.validation_methods.prequential.Rolling_Window object at 0x00000250F6BB2090>,3,Tree,1.9635576217431263,1.162208296529295,1.401270003155397
datasets/synthetic_data/s2.csv,315,<timecave.validation_methods.prequential.Rolling_Window object at 0x00000250F6BB2090>,3,ARMA,0.9456643674502621,0.750155294948224,0.9724527584670949
datasets/synthetic_data/s2.csv,315,<timecave.validation_methods.prequential.Rolling_Window object at 0x00000250F6BB2030>,0,Tree,2.0119092286245017,1.163933281262073,1.418417861077793
datasets/synthetic_data/s2.csv,315,<timecave.validation_methods.prequential.Rolling_Window object at 0x00000250F6BB2030>,0,ARMA,2.2392339674121495,1.1518941886992995,1.4964070193006145
datasets/synthetic_data/s2.csv,315,<timecave.validation_methods.prequential.Rolling_Window object at 0x00000250F6BB2030>,1,Tree,2.326447872656446,1.2763472358112955,1.5252697704525735
datasets/synthetic_data/s2.csv,315,<timecave.validation_methods.prequential.Rolling_Window object at 0x00000250F6BB2030>,1,ARMA,1.6060875014237317,0.986744560180744,1.2673150758291056
datasets/synthetic_data/s2.csv,315,<timecave.validation_methods.prequential.Rolling_Window object at 0x00000250F6BB2030>,2,Tree,1.871924657602828,1.125269746208827,1.3681829766529139
datasets/synthetic_data/s2.csv,315,<timecave.validation_methods.prequential.Rolling_Window object at 0x00000250F6BB2030>,2,ARMA,1.20997559375622,0.8572273020181513,1.0999889061968853
datasets/synthetic_data/s2.csv,315,<timecave.validation_methods.CV.Block_CV object at 0x00000250F6BB1400>,0,Tree,1.6840886275116065,1.0556567928383875,1.2977244035278086
datasets/synthetic_data/s2.csv,315,<timecave.validation_methods.CV.Block_CV object at 0x00000250F6BB1400>,0,ARMA,1.511725670071771,1.0202113589889557,1.2295225374395424
datasets/synthetic_data/s2.csv,315,<timecave.validation_methods.CV.Block_CV object at 0x00000250F6BB1400>,1,Tree,1.1807304917219332,0.832983138077074,1.08661423316738
datasets/synthetic_data/s2.csv,315,<timecave.validation_methods.CV.Block_CV object at 0x00000250F6BB1400>,1,ARMA,1.7964843350389907,1.0400775697680542,1.3403299351424598
datasets/synthetic_data/s2.csv,315,<timecave.validation_methods.CV.Block_CV object at 0x00000250F6BB1400>,2,Tree,1.5017657683477432,0.8628017413602868,1.2254655312768872
datasets/synthetic_data/s2.csv,315,<timecave.validation_methods.CV.Block_CV object at 0x00000250F6BB1400>,2,ARMA,2.022934895082588,1.1395106800692778,1.4222991580826405
datasets/synthetic_data/s2.csv,315,<timecave.validation_methods.CV.Block_CV object at 0x00000250F6BB1400>,3,Tree,1.6933263424064295,1.0532744460169452,1.3012787335565081
datasets/synthetic_data/s2.csv,315,<timecave.validation_methods.CV.Block_CV object at 0x00000250F6BB1400>,3,ARMA,1.2395629157576644,0.8242781781097056,1.113356598650075
datasets/synthetic_data/s2.csv,315,<timecave.validation_methods.CV.Block_CV object at 0x00000250F6BB1400>,4,Tree,2.1047516506536526,1.1691374193164643,1.450776223493359
datasets/synthetic_data/s2.csv,315,<timecave.validation_methods.CV.Block_CV object at 0x00000250F6BB1400>,4,ARMA,1.1855743024481509,0.814515645157648,1.0888408067519102
datasets/synthetic_data/s2.csv,315,<timecave.validation_methods.CV.AdaptedhvBlockCV object at 0x00000250F6BB1D90>,0,Tree,2.1364807500311307,1.2415143695264832,1.4616705340230167
datasets/synthetic_data/s2.csv,315,<timecave.validation_methods.CV.AdaptedhvBlockCV object at 0x00000250F6BB1D90>,0,ARMA,1.5014521478308471,1.0172705056828817,1.225337564849314
datasets/synthetic_data/s2.csv,315,<timecave.validation_methods.CV.AdaptedhvBlockCV object at 0x00000250F6BB1D90>,1,Tree,1.7253226908873989,1.09054081430929,1.313515394233124
datasets/synthetic_data/s2.csv,315,<timecave.validation_methods.CV.AdaptedhvBlockCV object at 0x00000250F6BB1D90>,1,ARMA,1.7881554658337202,1.0393557561979785,1.3372193035675637
datasets/synthetic_data/s2.csv,315,<timecave.validation_methods.CV.AdaptedhvBlockCV object at 0x00000250F6BB1D90>,2,Tree,1.2703084512147396,0.8151101285545193,1.1270796117465436
datasets/synthetic_data/s2.csv,315,<timecave.validation_methods.CV.AdaptedhvBlockCV object at 0x00000250F6BB1D90>,2,ARMA,2.05072517564598,1.1519292483430874,1.4320353262562973
datasets/synthetic_data/s2.csv,315,<timecave.validation_methods.CV.AdaptedhvBlockCV object at 0x00000250F6BB1D90>,3,Tree,1.9253879611579687,1.145192000873395,1.3875834970040428
datasets/synthetic_data/s2.csv,315,<timecave.validation_methods.CV.AdaptedhvBlockCV object at 0x00000250F6BB1D90>,3,ARMA,1.24589670768919,0.8264791879360789,1.1161974322176118
datasets/synthetic_data/s2.csv,315,<timecave.validation_methods.CV.AdaptedhvBlockCV object at 0x00000250F6BB1D90>,4,Tree,2.7130279447414303,1.2662063947939004,1.6471271792856284
datasets/synthetic_data/s2.csv,315,<timecave.validation_methods.CV.AdaptedhvBlockCV object at 0x00000250F6BB1D90>,4,ARMA,1.216078592973047,0.8310369510150897,1.1027595354260362
datasets/synthetic_data/s2.csv,315,<timecave.validation_methods.markov.MarkovCV object at 0x00000250F6BB3C80>,0,Tree,3.262147486615479,1.4299099758098148,1.8061416020388543
datasets/synthetic_data/s2.csv,315,<timecave.validation_methods.markov.MarkovCV object at 0x00000250F6BB3C80>,0,ARMA,1.466945285158873,0.9339749857311063,1.211175167000576
datasets/synthetic_data/s2.csv,315,<timecave.validation_methods.markov.MarkovCV object at 0x00000250F6BB3C80>,1,Tree,0.8389463219228531,0.7826163115027082,0.915940130097406
datasets/synthetic_data/s2.csv,315,<timecave.validation_methods.markov.MarkovCV object at 0x00000250F6BB3C80>,1,ARMA,1.0034884046024477,0.8772225286246598,1.001742683827762
datasets/synthetic_data/s2.csv,315,<timecave.validation_methods.markov.MarkovCV object at 0x00000250F6BB3C80>,2,Tree,5.6156717632311155,1.8835823418428832,2.3697408641518414
datasets/synthetic_data/s2.csv,315,<timecave.validation_methods.markov.MarkovCV object at 0x00000250F6BB3C80>,2,ARMA,1.9199642363323903,0.9859396529805435,1.3856277408930546
datasets/synthetic_data/s2.csv,315,<timecave.validation_methods.markov.MarkovCV object at 0x00000250F6BB3C80>,3,Tree,5.828655946802629,2.1026721352671554,2.414260952507543
datasets/synthetic_data/s2.csv,315,<timecave.validation_methods.markov.MarkovCV object at 0x00000250F6BB3C80>,3,ARMA,2.3240241265412735,1.164375453201559,1.5244750330986971
datasets/synthetic_data/s2.csv,315,<timecave.validation_methods.markov.MarkovCV object at 0x00000250F6BB3C80>,4,Tree,2.6439076865111844,1.3129415007140726,1.6260097436704322
datasets/synthetic_data/s2.csv,315,<timecave.validation_methods.markov.MarkovCV object at 0x00000250F6BB3C80>,4,ARMA,2.5522613923696893,1.2883259566598613,1.5975798547708622
datasets/synthetic_data/s2.csv,315,<timecave.validation_methods.markov.MarkovCV object at 0x00000250F6BB3C80>,5,Tree,5.858559775403766,1.7852799324246078,2.420446193453547
datasets/synthetic_data/s2.csv,315,<timecave.validation_methods.markov.MarkovCV object at 0x00000250F6BB3C80>,5,ARMA,1.7653072482890073,1.0472960914829006,1.328648654945696
datasets/synthetic_data/s2.csv,315,<timecave.validation_methods.markov.MarkovCV object at 0x00000250F6BB3C80>,6,Tree,1.5149951070392857,0.8853316296883331,1.2308513748780905
datasets/synthetic_data/s2.csv,315,<timecave.validation_methods.markov.MarkovCV object at 0x00000250F6BB3C80>,6,ARMA,1.1320900149111435,0.846965768805104,1.0639971874545269
datasets/synthetic_data/s2.csv,315,<timecave.validation_methods.markov.MarkovCV object at 0x00000250F6BB3C80>,7,Tree,1.8914137762839356,1.252366794421385,1.375286797829433
datasets/synthetic_data/s2.csv,315,<timecave.validation_methods.markov.MarkovCV object at 0x00000250F6BB3C80>,7,ARMA,1.3397819278036536,0.89161452075109,1.1574894936040039
datasets/synthetic_data/s2.csv,315,<timecave.validation_methods.markov.MarkovCV object at 0x00000250F6BB3C80>,8,Tree,5.154806434773823,1.7382728829181802,2.270419880721146
datasets/synthetic_data/s2.csv,315,<timecave.validation_methods.markov.MarkovCV object at 0x00000250F6BB3C80>,8,ARMA,1.5436433519196378,1.0711754073966837,1.2424344457232492
datasets/synthetic_data/s2.csv,315,<timecave.validation_methods.markov.MarkovCV object at 0x00000250F6BB3C80>,9,Tree,6.530105478995169,2.2210018881856395,2.555407106313037
datasets/synthetic_data/s2.csv,315,<timecave.validation_methods.markov.MarkovCV object at 0x00000250F6BB3C80>,9,ARMA,1.6239523744810211,0.8930975795574865,1.27434389961306
datasets/synthetic_data/s2.csv,316,<timecave.validation_methods.OOS.Holdout object at 0x00000250F6BB33E0>,0,Tree,2.8053779994502595,1.2839076132186287,1.6749262668697567
datasets/synthetic_data/s2.csv,316,<timecave.validation_methods.OOS.Holdout object at 0x00000250F6BB33E0>,0,ARMA,1.357624402563557,0.9539960754384399,1.1651714047999793
datasets/synthetic_data/s2.csv,316,<timecave.validation_methods.OOS.Repeated_Holdout object at 0x00000250F6BB2A20>,0,Tree,2.8498668244432213,1.2163275908180367,1.688154857956823
datasets/synthetic_data/s2.csv,316,<timecave.validation_methods.OOS.Repeated_Holdout object at 0x00000250F6BB2A20>,0,ARMA,1.4760177275835134,0.9837550452907594,1.2149146997149691
datasets/synthetic_data/s2.csv,316,<timecave.validation_methods.OOS.Repeated_Holdout object at 0x00000250F6BB2A20>,1,Tree,3.835678650597443,1.5203485011885696,1.9584888691533182
datasets/synthetic_data/s2.csv,316,<timecave.validation_methods.OOS.Repeated_Holdout object at 0x00000250F6BB2A20>,1,ARMA,1.191364475783654,0.8774394474652917,1.0914964387407107
datasets/synthetic_data/s2.csv,316,<timecave.validation_methods.OOS.Repeated_Holdout object at 0x00000250F6BB2A20>,2,Tree,3.0843340713050997,1.2345508887477024,1.7562272265584256
datasets/synthetic_data/s2.csv,316,<timecave.validation_methods.OOS.Repeated_Holdout object at 0x00000250F6BB2A20>,2,ARMA,1.4594431015212725,0.9967620663521406,1.208074129149893
datasets/synthetic_data/s2.csv,316,<timecave.validation_methods.OOS.Repeated_Holdout object at 0x00000250F6BB2A20>,3,Tree,3.2984933467602415,1.3513975445847406,1.8161754724586063
datasets/synthetic_data/s2.csv,316,<timecave.validation_methods.OOS.Repeated_Holdout object at 0x00000250F6BB2A20>,3,ARMA,1.357624402563557,0.9539960754384399,1.1651714047999793
datasets/synthetic_data/s2.csv,316,<timecave.validation_methods.prequential.Growing_Window object at 0x00000250F6BB3B00>,0,Tree,4.27571052412167,1.629622862922302,2.067779128466498
datasets/synthetic_data/s2.csv,316,<timecave.validation_methods.prequential.Growing_Window object at 0x00000250F6BB3B00>,0,ARMA,3.238371871061337,1.4893098337781125,1.7995476851312768
datasets/synthetic_data/s2.csv,316,<timecave.validation_methods.prequential.Growing_Window object at 0x00000250F6BB3B00>,1,Tree,2.201200987233076,1.1914821862488507,1.4836444948952818
datasets/synthetic_data/s2.csv,316,<timecave.validation_methods.prequential.Growing_Window object at 0x00000250F6BB3B00>,1,ARMA,1.464523863877071,0.9966658211944258,1.210175137687546
datasets/synthetic_data/s2.csv,316,<timecave.validation_methods.prequential.Growing_Window object at 0x00000250F6BB3B00>,2,Tree,2.7968682523533746,1.313328173173778,1.6723840026600871
datasets/synthetic_data/s2.csv,316,<timecave.validation_methods.prequential.Growing_Window object at 0x00000250F6BB3B00>,2,ARMA,1.45661350333589,1.0028039006949565,1.2069024415154235
datasets/synthetic_data/s2.csv,316,<timecave.validation_methods.prequential.Growing_Window object at 0x00000250F6BB3B00>,3,Tree,3.813228886652047,1.4891600359881734,1.9527490588019871
datasets/synthetic_data/s2.csv,316,<timecave.validation_methods.prequential.Growing_Window object at 0x00000250F6BB3B00>,3,ARMA,1.0645590037035904,0.8119094161855058,1.0317746865006867
datasets/synthetic_data/s2.csv,316,<timecave.validation_methods.prequential.Growing_Window object at 0x00000250F6BB0380>,0,Tree,2.5181263495166815,1.2320596098862564,1.586860532471799
datasets/synthetic_data/s2.csv,316,<timecave.validation_methods.prequential.Growing_Window object at 0x00000250F6BB0380>,0,ARMA,1.6092786356894728,1.0273865743672617,1.2685734648373632
datasets/synthetic_data/s2.csv,316,<timecave.validation_methods.prequential.Growing_Window object at 0x00000250F6BB0380>,1,Tree,3.134822748992861,1.446842637132391,1.7705430661220474
datasets/synthetic_data/s2.csv,316,<timecave.validation_methods.prequential.Growing_Window object at 0x00000250F6BB0380>,1,ARMA,1.4975552060510657,1.0211143222224814,1.2237463814251162
datasets/synthetic_data/s2.csv,316,<timecave.validation_methods.prequential.Growing_Window object at 0x00000250F6BB0380>,2,Tree,3.0738552712068357,1.4560895697239729,1.7532413613666646
datasets/synthetic_data/s2.csv,316,<timecave.validation_methods.prequential.Growing_Window object at 0x00000250F6BB0380>,2,ARMA,1.157208990459997,0.8627977459760724,1.075736487463355
datasets/synthetic_data/s2.csv,316,<timecave.validation_methods.prequential.Rolling_Window object at 0x00000250F6BB0080>,0,Tree,4.700867426026669,1.732826362910065,2.1681483865332347
datasets/synthetic_data/s2.csv,316,<timecave.validation_methods.prequential.Rolling_Window object at 0x00000250F6BB0080>,0,ARMA,3.238371871061337,1.4893098337781125,1.7995476851312768
datasets/synthetic_data/s2.csv,316,<timecave.validation_methods.prequential.Rolling_Window object at 0x00000250F6BB0080>,1,Tree,6.292241037886896,2.0486104938961565,2.508433981169705
datasets/synthetic_data/s2.csv,316,<timecave.validation_methods.prequential.Rolling_Window object at 0x00000250F6BB0080>,1,ARMA,1.4934963934982664,1.0078588577736802,1.222086900960102
datasets/synthetic_data/s2.csv,316,<timecave.validation_methods.prequential.Rolling_Window object at 0x00000250F6BB0080>,2,Tree,3.4947736208271056,1.5946963000024827,1.869431362962306
datasets/synthetic_data/s2.csv,316,<timecave.validation_methods.prequential.Rolling_Window object at 0x00000250F6BB0080>,2,ARMA,1.3710795607543411,0.9760683656669403,1.170931065756794
datasets/synthetic_data/s2.csv,316,<timecave.validation_methods.prequential.Rolling_Window object at 0x00000250F6BB0080>,3,Tree,1.969632480483001,1.08128120266954,1.403435955248048
datasets/synthetic_data/s2.csv,316,<timecave.validation_methods.prequential.Rolling_Window object at 0x00000250F6BB0080>,3,ARMA,1.0001348477567902,0.7887745822951076,1.0000674216055587
datasets/synthetic_data/s2.csv,316,<timecave.validation_methods.prequential.Rolling_Window object at 0x00000250F6BB3CB0>,0,Tree,2.349123853928089,1.105691751571047,1.5326851776956967
datasets/synthetic_data/s2.csv,316,<timecave.validation_methods.prequential.Rolling_Window object at 0x00000250F6BB3CB0>,0,ARMA,1.6092786356894728,1.0273865743672617,1.2685734648373632
datasets/synthetic_data/s2.csv,316,<timecave.validation_methods.prequential.Rolling_Window object at 0x00000250F6BB3CB0>,1,Tree,5.751414774895193,1.9412683925423286,2.3982107444708007
datasets/synthetic_data/s2.csv,316,<timecave.validation_methods.prequential.Rolling_Window object at 0x00000250F6BB3CB0>,1,ARMA,1.5130222509047593,1.0319035417318996,1.2300496944858608
datasets/synthetic_data/s2.csv,316,<timecave.validation_methods.prequential.Rolling_Window object at 0x00000250F6BB3CB0>,2,Tree,3.1819324475875344,1.4887394452399818,1.7837971991197694
datasets/synthetic_data/s2.csv,316,<timecave.validation_methods.prequential.Rolling_Window object at 0x00000250F6BB3CB0>,2,ARMA,1.1394702167517612,0.8695830128176143,1.067459702636011
datasets/synthetic_data/s2.csv,316,<timecave.validation_methods.CV.Block_CV object at 0x00000250F2A0F4D0>,0,Tree,1.7175462620522692,1.10026882847943,1.3105518921630952
datasets/synthetic_data/s2.csv,316,<timecave.validation_methods.CV.Block_CV object at 0x00000250F2A0F4D0>,0,ARMA,1.4707093962634095,0.9691864935460918,1.2127280801001556
datasets/synthetic_data/s2.csv,316,<timecave.validation_methods.CV.Block_CV object at 0x00000250F2A0F4D0>,1,Tree,3.878341025140673,1.5573315928548852,1.969350406895805
datasets/synthetic_data/s2.csv,316,<timecave.validation_methods.CV.Block_CV object at 0x00000250F2A0F4D0>,1,ARMA,3.2251069622584945,1.4846666105719326,1.7958582801152474
datasets/synthetic_data/s2.csv,316,<timecave.validation_methods.CV.Block_CV object at 0x00000250F2A0F4D0>,2,Tree,1.5557654672709251,1.0190121821327505,1.2473032779845186
datasets/synthetic_data/s2.csv,316,<timecave.validation_methods.CV.Block_CV object at 0x00000250F2A0F4D0>,2,ARMA,1.4060160464988485,0.9726158371869644,1.1857554750026873
datasets/synthetic_data/s2.csv,316,<timecave.validation_methods.CV.Block_CV object at 0x00000250F2A0F4D0>,3,Tree,2.9963261056206223,1.2848562943336492,1.7309899207160688
datasets/synthetic_data/s2.csv,316,<timecave.validation_methods.CV.Block_CV object at 0x00000250F2A0F4D0>,3,ARMA,1.4476244436166006,1.0025397057742143,1.2031726574422312
datasets/synthetic_data/s2.csv,316,<timecave.validation_methods.CV.Block_CV object at 0x00000250F2A0F4D0>,4,Tree,3.3772546266203083,1.3596382816806505,1.8377308362816107
datasets/synthetic_data/s2.csv,316,<timecave.validation_methods.CV.Block_CV object at 0x00000250F2A0F4D0>,4,ARMA,1.0645590037035904,0.8119094161855058,1.0317746865006867
datasets/synthetic_data/s2.csv,316,<timecave.validation_methods.CV.AdaptedhvBlockCV object at 0x00000250F6C142F0>,0,Tree,1.7522244587489164,1.1070272824681995,1.323716154902144
datasets/synthetic_data/s2.csv,316,<timecave.validation_methods.CV.AdaptedhvBlockCV object at 0x00000250F6C142F0>,0,ARMA,1.4702247010685234,0.9688142260051384,1.2125282269161917
datasets/synthetic_data/s2.csv,316,<timecave.validation_methods.CV.AdaptedhvBlockCV object at 0x00000250F6C142F0>,1,Tree,2.625058696085558,1.2542103419691608,1.6202032885059696
datasets/synthetic_data/s2.csv,316,<timecave.validation_methods.CV.AdaptedhvBlockCV object at 0x00000250F6C142F0>,1,ARMA,3.23294009394107,1.4881326329979787,1.7980378455252466
datasets/synthetic_data/s2.csv,316,<timecave.validation_methods.CV.AdaptedhvBlockCV object at 0x00000250F6C142F0>,2,Tree,1.8523188718014838,1.1222473919132585,1.360999218148741
datasets/synthetic_data/s2.csv,316,<timecave.validation_methods.CV.AdaptedhvBlockCV object at 0x00000250F6C142F0>,2,ARMA,1.4003156477004464,0.9690913883505925,1.1833493346009227
datasets/synthetic_data/s2.csv,316,<timecave.validation_methods.CV.AdaptedhvBlockCV object at 0x00000250F6C142F0>,3,Tree,2.4362597000704476,1.1892854976115206,1.560852235181296
datasets/synthetic_data/s2.csv,316,<timecave.validation_methods.CV.AdaptedhvBlockCV object at 0x00000250F6C142F0>,3,ARMA,1.4512562823776207,1.0052814760439146,1.204680987804498
datasets/synthetic_data/s2.csv,316,<timecave.validation_methods.CV.AdaptedhvBlockCV object at 0x00000250F6C142F0>,4,Tree,3.015790854683386,1.26500586347083,1.7366032519500203
datasets/synthetic_data/s2.csv,316,<timecave.validation_methods.CV.AdaptedhvBlockCV object at 0x00000250F6C142F0>,4,ARMA,1.2913719131273647,0.9145032079136062,1.136385459748304
datasets/synthetic_data/s2.csv,316,<timecave.validation_methods.markov.MarkovCV object at 0x00000250F6C14290>,0,Tree,2.549187430473871,1.372709033305029,1.59661749660771
datasets/synthetic_data/s2.csv,316,<timecave.validation_methods.markov.MarkovCV object at 0x00000250F6C14290>,0,ARMA,1.468851381339212,1.0393620777048078,1.211961790379223
datasets/synthetic_data/s2.csv,316,<timecave.validation_methods.markov.MarkovCV object at 0x00000250F6C14290>,1,Tree,2.011073963620018,1.2648031240529511,1.4181233950612402
datasets/synthetic_data/s2.csv,316,<timecave.validation_methods.markov.MarkovCV object at 0x00000250F6C14290>,1,ARMA,1.798241366373454,1.1172873904356162,1.340985222280042
datasets/synthetic_data/s2.csv,316,<timecave.validation_methods.markov.MarkovCV object at 0x00000250F6C14290>,2,Tree,3.7658464854099223,1.542181745701809,1.9405789047111488
datasets/synthetic_data/s2.csv,316,<timecave.validation_methods.markov.MarkovCV object at 0x00000250F6C14290>,2,ARMA,1.3230381792069212,0.8381835196737907,1.1502339671592563
datasets/synthetic_data/s2.csv,316,<timecave.validation_methods.markov.MarkovCV object at 0x00000250F6C14290>,3,Tree,3.3917105081713728,1.5707730484877316,1.8416597156291856
datasets/synthetic_data/s2.csv,316,<timecave.validation_methods.markov.MarkovCV object at 0x00000250F6C14290>,3,ARMA,1.7308642022261944,1.0436882271192263,1.315623123172512
datasets/synthetic_data/s2.csv,316,<timecave.validation_methods.markov.MarkovCV object at 0x00000250F6C14290>,4,Tree,2.878631154249161,1.2604074319318443,1.696652926867826
datasets/synthetic_data/s2.csv,316,<timecave.validation_methods.markov.MarkovCV object at 0x00000250F6C14290>,4,ARMA,2.919309353039286,1.2828621847690527,1.7085986518311684
datasets/synthetic_data/s2.csv,316,<timecave.validation_methods.markov.MarkovCV object at 0x00000250F6C14290>,5,Tree,3.4110717530604258,1.3228422858551068,1.8469087018746828
datasets/synthetic_data/s2.csv,316,<timecave.validation_methods.markov.MarkovCV object at 0x00000250F6C14290>,5,ARMA,1.4432675364238339,0.8858137396618693,1.201360702047405
datasets/synthetic_data/s2.csv,316,<timecave.validation_methods.markov.MarkovCV object at 0x00000250F6C14290>,6,Tree,3.4273112976167783,1.481726373171815,1.8512998940249465
datasets/synthetic_data/s2.csv,316,<timecave.validation_methods.markov.MarkovCV object at 0x00000250F6C14290>,6,ARMA,1.2980652034333577,0.9125154002150486,1.139326644748273
datasets/synthetic_data/s2.csv,316,<timecave.validation_methods.markov.MarkovCV object at 0x00000250F6C14290>,7,Tree,5.173627346518332,1.8777198282831153,2.2745609129056827
datasets/synthetic_data/s2.csv,316,<timecave.validation_methods.markov.MarkovCV object at 0x00000250F6C14290>,7,ARMA,1.95544598141738,1.056151266254894,1.3983726189458159
datasets/synthetic_data/s2.csv,316,<timecave.validation_methods.markov.MarkovCV object at 0x00000250F6C14290>,8,Tree,1.352290659613888,0.8506477797627361,1.1628803290166567
datasets/synthetic_data/s2.csv,316,<timecave.validation_methods.markov.MarkovCV object at 0x00000250F6C14290>,8,ARMA,4.108521594386889,1.6163575342207173,2.0269488386209673
datasets/synthetic_data/s2.csv,316,<timecave.validation_methods.markov.MarkovCV object at 0x00000250F6C14290>,9,Tree,4.815745200643544,1.6833842197368243,2.1944806220706403
datasets/synthetic_data/s2.csv,316,<timecave.validation_methods.markov.MarkovCV object at 0x00000250F6C14290>,9,ARMA,1.728176484853566,1.1028276251293132,1.314601264586934
datasets/synthetic_data/s2.csv,317,<timecave.validation_methods.OOS.Holdout object at 0x00000250F6A37C80>,0,Tree,3.798491897880869,1.558567930595303,1.948972010543217
datasets/synthetic_data/s2.csv,317,<timecave.validation_methods.OOS.Holdout object at 0x00000250F6A37C80>,0,ARMA,1.5468390214349412,0.992505846664549,1.2437198323718013
datasets/synthetic_data/s2.csv,317,<timecave.validation_methods.OOS.Repeated_Holdout object at 0x00000250F6A34EC0>,0,Tree,2.7475128643831974,1.356874348934942,1.657562325942285
datasets/synthetic_data/s2.csv,317,<timecave.validation_methods.OOS.Repeated_Holdout object at 0x00000250F6A34EC0>,0,ARMA,1.7841391235427264,1.0727899627070248,1.3357167078174648
datasets/synthetic_data/s2.csv,317,<timecave.validation_methods.OOS.Repeated_Holdout object at 0x00000250F6A34EC0>,1,Tree,3.578783141138616,1.4991795113413462,1.8917672005663424
datasets/synthetic_data/s2.csv,317,<timecave.validation_methods.OOS.Repeated_Holdout object at 0x00000250F6A34EC0>,1,ARMA,1.5951540408299194,1.006233027544662,1.2629940779076991
datasets/synthetic_data/s2.csv,317,<timecave.validation_methods.OOS.Repeated_Holdout object at 0x00000250F6A34EC0>,2,Tree,2.617498643876688,1.2946410285983634,1.6178685496283955
datasets/synthetic_data/s2.csv,317,<timecave.validation_methods.OOS.Repeated_Holdout object at 0x00000250F6A34EC0>,2,ARMA,1.7108828853293354,1.0672401217250118,1.308007219142668
datasets/synthetic_data/s2.csv,317,<timecave.validation_methods.OOS.Repeated_Holdout object at 0x00000250F6A34EC0>,3,Tree,3.3337064847422426,1.491334243053459,1.8258440472127522
datasets/synthetic_data/s2.csv,317,<timecave.validation_methods.OOS.Repeated_Holdout object at 0x00000250F6A34EC0>,3,ARMA,1.5468390214349412,0.992505846664549,1.2437198323718013
datasets/synthetic_data/s2.csv,317,<timecave.validation_methods.prequential.Growing_Window object at 0x00000250F6A37980>,0,Tree,2.3165647251837083,1.226264409969812,1.5220265192117082
datasets/synthetic_data/s2.csv,317,<timecave.validation_methods.prequential.Growing_Window object at 0x00000250F6A37980>,0,ARMA,2.636782340038992,1.235175529433912,1.6238172126317025
datasets/synthetic_data/s2.csv,317,<timecave.validation_methods.prequential.Growing_Window object at 0x00000250F6A37980>,1,Tree,2.211207470293061,1.2621108824125682,1.487012935482762
datasets/synthetic_data/s2.csv,317,<timecave.validation_methods.prequential.Growing_Window object at 0x00000250F6A37980>,1,ARMA,2.0698585762062542,1.1901503732105985,1.4387003079885172
datasets/synthetic_data/s2.csv,317,<timecave.validation_methods.prequential.Growing_Window object at 0x00000250F6A37980>,2,Tree,2.1160822464188924,1.1535503268402634,1.4546759936215667
datasets/synthetic_data/s2.csv,317,<timecave.validation_methods.prequential.Growing_Window object at 0x00000250F6A37980>,2,ARMA,1.871365930865823,1.1161907377140285,1.367978775736606
datasets/synthetic_data/s2.csv,317,<timecave.validation_methods.prequential.Growing_Window object at 0x00000250F6A37980>,3,Tree,3.312577566094947,1.4640555121299474,1.8200487812404773
datasets/synthetic_data/s2.csv,317,<timecave.validation_methods.prequential.Growing_Window object at 0x00000250F6A37980>,3,ARMA,1.6196012115059393,1.0013383284135475,1.2726355375778013
datasets/synthetic_data/s2.csv,317,<timecave.validation_methods.prequential.Growing_Window object at 0x00000250F6BB3EC0>,0,Tree,2.362565250101154,1.210162365517356,1.5370638406068742
datasets/synthetic_data/s2.csv,317,<timecave.validation_methods.prequential.Growing_Window object at 0x00000250F6BB3EC0>,0,ARMA,1.801285298582488,1.1210309740844207,1.3421197035221888
datasets/synthetic_data/s2.csv,317,<timecave.validation_methods.prequential.Growing_Window object at 0x00000250F6BB3EC0>,1,Tree,3.214413006419904,1.4583074387838704,1.7928784137302518
datasets/synthetic_data/s2.csv,317,<timecave.validation_methods.prequential.Growing_Window object at 0x00000250F6BB3EC0>,1,ARMA,1.8409563415472867,1.0899797377248115,1.3568184630035394
datasets/synthetic_data/s2.csv,317,<timecave.validation_methods.prequential.Growing_Window object at 0x00000250F6BB3EC0>,2,Tree,2.9816788714396694,1.4439106152868548,1.7267538537497664
datasets/synthetic_data/s2.csv,317,<timecave.validation_methods.prequential.Growing_Window object at 0x00000250F6BB3EC0>,2,ARMA,1.7576719651929622,1.0646972030060273,1.3257722146707414
datasets/synthetic_data/s2.csv,317,<timecave.validation_methods.prequential.Rolling_Window object at 0x00000250F6BB11C0>,0,Tree,2.292881599962304,1.2392306604554089,1.5142264031386798
datasets/synthetic_data/s2.csv,317,<timecave.validation_methods.prequential.Rolling_Window object at 0x00000250F6BB11C0>,0,ARMA,2.636782340038992,1.235175529433912,1.6238172126317025
datasets/synthetic_data/s2.csv,317,<timecave.validation_methods.prequential.Rolling_Window object at 0x00000250F6BB11C0>,1,Tree,1.6650852760573656,1.0084531545174684,1.2903818334343387
datasets/synthetic_data/s2.csv,317,<timecave.validation_methods.prequential.Rolling_Window object at 0x00000250F6BB11C0>,1,ARMA,2.446698487579182,1.281158046936965,1.564192599259817
datasets/synthetic_data/s2.csv,317,<timecave.validation_methods.prequential.Rolling_Window object at 0x00000250F6BB11C0>,2,Tree,4.020282305602771,1.6959491916088156,2.0050641649590095
datasets/synthetic_data/s2.csv,317,<timecave.validation_methods.prequential.Rolling_Window object at 0x00000250F6BB11C0>,2,ARMA,1.970644601989963,1.1474416643261192,1.4037964959316442
datasets/synthetic_data/s2.csv,317,<timecave.validation_methods.prequential.Rolling_Window object at 0x00000250F6BB11C0>,3,Tree,3.8130751095278335,1.7205846403802827,1.952709683882331
datasets/synthetic_data/s2.csv,317,<timecave.validation_methods.prequential.Rolling_Window object at 0x00000250F6BB11C0>,3,ARMA,1.7598734313585906,1.0333954059892494,1.3266022129329464
datasets/synthetic_data/s2.csv,317,<timecave.validation_methods.prequential.Rolling_Window object at 0x00000250F6BB3410>,0,Tree,2.5569447566199384,1.2474484045463707,1.5990449514069136
datasets/synthetic_data/s2.csv,317,<timecave.validation_methods.prequential.Rolling_Window object at 0x00000250F6BB3410>,0,ARMA,1.801285298582488,1.1210309740844207,1.3421197035221888
datasets/synthetic_data/s2.csv,317,<timecave.validation_methods.prequential.Rolling_Window object at 0x00000250F6BB3410>,1,Tree,2.0702947381883754,1.209853344748723,1.4388518819490683
datasets/synthetic_data/s2.csv,317,<timecave.validation_methods.prequential.Rolling_Window object at 0x00000250F6BB3410>,1,ARMA,1.8191694098727997,1.07953915578869,1.348765884011306
datasets/synthetic_data/s2.csv,317,<timecave.validation_methods.prequential.Rolling_Window object at 0x00000250F6BB3410>,2,Tree,1.6919543509886499,1.0257040949701302,1.3007514562700477
datasets/synthetic_data/s2.csv,317,<timecave.validation_methods.prequential.Rolling_Window object at 0x00000250F6BB3410>,2,ARMA,1.6244012911541,1.0310445848270904,1.27452002383411
datasets/synthetic_data/s2.csv,317,<timecave.validation_methods.CV.Block_CV object at 0x00000250F29F71A0>,0,Tree,2.80245499889773,1.3330359757252819,1.6740534635720956
datasets/synthetic_data/s2.csv,317,<timecave.validation_methods.CV.Block_CV object at 0x00000250F29F71A0>,0,ARMA,2.1338935552625298,1.1767118538430812,1.4607852529590137
datasets/synthetic_data/s2.csv,317,<timecave.validation_methods.CV.Block_CV object at 0x00000250F29F71A0>,1,Tree,2.1874576976125053,1.1093658709389331,1.4790056448886546
datasets/synthetic_data/s2.csv,317,<timecave.validation_methods.CV.Block_CV object at 0x00000250F29F71A0>,1,ARMA,3.314720127175673,1.3237504983529127,1.8206372860006117
datasets/synthetic_data/s2.csv,317,<timecave.validation_methods.CV.Block_CV object at 0x00000250F29F71A0>,2,Tree,1.908691140672677,1.024438162713133,1.3815538862717867
datasets/synthetic_data/s2.csv,317,<timecave.validation_methods.CV.Block_CV object at 0x00000250F29F71A0>,2,ARMA,1.795046331173744,1.0960534574164873,1.3397933912263278
datasets/synthetic_data/s2.csv,317,<timecave.validation_methods.CV.Block_CV object at 0x00000250F29F71A0>,3,Tree,1.8548716194468395,1.15329611669206,1.3619367163884082
datasets/synthetic_data/s2.csv,317,<timecave.validation_methods.CV.Block_CV object at 0x00000250F29F71A0>,3,ARMA,2.2245647430855695,1.1988592120916988,1.4914974834325299
datasets/synthetic_data/s2.csv,317,<timecave.validation_methods.CV.Block_CV object at 0x00000250F29F71A0>,4,Tree,3.8845172406753097,1.4397421188037842,1.9709178675620427
datasets/synthetic_data/s2.csv,317,<timecave.validation_methods.CV.Block_CV object at 0x00000250F29F71A0>,4,ARMA,1.6196012115059393,1.0013383284135475,1.2726355375778013
datasets/synthetic_data/s2.csv,317,<timecave.validation_methods.CV.AdaptedhvBlockCV object at 0x00000250F2607E00>,0,Tree,3.4451436364714945,1.5623381619621928,1.856109812611176
datasets/synthetic_data/s2.csv,317,<timecave.validation_methods.CV.AdaptedhvBlockCV object at 0x00000250F2607E00>,0,ARMA,2.13167384346158,1.1754426502352304,1.4600252886376934
datasets/synthetic_data/s2.csv,317,<timecave.validation_methods.CV.AdaptedhvBlockCV object at 0x00000250F2607E00>,1,Tree,2.3003086849550396,1.2125256655212813,1.5166768558117578
datasets/synthetic_data/s2.csv,317,<timecave.validation_methods.CV.AdaptedhvBlockCV object at 0x00000250F2607E00>,1,ARMA,3.3411796702725773,1.3245016924650121,1.8278894031840596
datasets/synthetic_data/s2.csv,317,<timecave.validation_methods.CV.AdaptedhvBlockCV object at 0x00000250F2607E00>,2,Tree,2.2027799985457466,1.094975877829439,1.4841765388745864
datasets/synthetic_data/s2.csv,317,<timecave.validation_methods.CV.AdaptedhvBlockCV object at 0x00000250F2607E00>,2,ARMA,1.799147896675715,1.100455011626819,1.3413231887489738
datasets/synthetic_data/s2.csv,317,<timecave.validation_methods.CV.AdaptedhvBlockCV object at 0x00000250F2607E00>,3,Tree,1.7595294603227378,1.1016589149934723,1.326472562973972
datasets/synthetic_data/s2.csv,317,<timecave.validation_methods.CV.AdaptedhvBlockCV object at 0x00000250F2607E00>,3,ARMA,2.2293280516466556,1.1991395731935155,1.493093450406456
datasets/synthetic_data/s2.csv,317,<timecave.validation_methods.CV.AdaptedhvBlockCV object at 0x00000250F2607E00>,4,Tree,3.491483647331475,1.4422772678424012,1.868551216138181
datasets/synthetic_data/s2.csv,317,<timecave.validation_methods.CV.AdaptedhvBlockCV object at 0x00000250F2607E00>,4,ARMA,1.8271272785107104,1.0806975006093453,1.3517127204072286
datasets/synthetic_data/s2.csv,317,<timecave.validation_methods.markov.MarkovCV object at 0x00000250F6C16000>,0,Tree,4.448587608582448,1.6710303307928753,2.109167515533664
datasets/synthetic_data/s2.csv,317,<timecave.validation_methods.markov.MarkovCV object at 0x00000250F6C16000>,0,ARMA,1.8595384808118949,1.0523709371726513,1.3636489580577162
datasets/synthetic_data/s2.csv,317,<timecave.validation_methods.markov.MarkovCV object at 0x00000250F6C16000>,1,Tree,7.917900088123554,2.4343255969911444,2.8138763455638123
datasets/synthetic_data/s2.csv,317,<timecave.validation_methods.markov.MarkovCV object at 0x00000250F6C16000>,1,ARMA,3.0173605945732516,1.4270986733834197,1.7370551501242704
datasets/synthetic_data/s2.csv,317,<timecave.validation_methods.markov.MarkovCV object at 0x00000250F6C16000>,2,Tree,2.1637004539210607,1.0270229971443636,1.4709522269336488
datasets/synthetic_data/s2.csv,317,<timecave.validation_methods.markov.MarkovCV object at 0x00000250F6C16000>,2,ARMA,1.3137864148793703,0.8765992060543576,1.14620522371841
datasets/synthetic_data/s2.csv,317,<timecave.validation_methods.markov.MarkovCV object at 0x00000250F6C16000>,3,Tree,2.42314684114854,1.3068063014737528,1.5566460230728565
datasets/synthetic_data/s2.csv,317,<timecave.validation_methods.markov.MarkovCV object at 0x00000250F6C16000>,3,ARMA,1.8235843676526275,1.1055402987383494,1.350401557927355
datasets/synthetic_data/s2.csv,317,<timecave.validation_methods.markov.MarkovCV object at 0x00000250F6C16000>,4,Tree,4.728059328073882,2.0134649756188376,2.17441011036876
datasets/synthetic_data/s2.csv,317,<timecave.validation_methods.markov.MarkovCV object at 0x00000250F6C16000>,4,ARMA,1.6029642155206478,0.9932237145259927,1.2660822309473614
datasets/synthetic_data/s2.csv,317,<timecave.validation_methods.markov.MarkovCV object at 0x00000250F6C16000>,5,Tree,2.833709952163195,1.2725963075471556,1.6833626918056592
datasets/synthetic_data/s2.csv,317,<timecave.validation_methods.markov.MarkovCV object at 0x00000250F6C16000>,5,ARMA,2.1185136243014475,1.2046010740544264,1.4555114648471332
datasets/synthetic_data/s2.csv,317,<timecave.validation_methods.markov.MarkovCV object at 0x00000250F6C16000>,6,Tree,4.268260639182755,1.724387340330251,2.0659769212609214
datasets/synthetic_data/s2.csv,317,<timecave.validation_methods.markov.MarkovCV object at 0x00000250F6C16000>,6,ARMA,2.452721933705323,1.3157049989662675,1.566116832712465
datasets/synthetic_data/s2.csv,317,<timecave.validation_methods.markov.MarkovCV object at 0x00000250F6C16000>,7,Tree,4.9858726204382995,1.6661410199640254,2.2329067648332965
datasets/synthetic_data/s2.csv,317,<timecave.validation_methods.markov.MarkovCV object at 0x00000250F6C16000>,7,ARMA,2.059978556207847,1.236347372118386,1.4352625391223193
datasets/synthetic_data/s2.csv,317,<timecave.validation_methods.markov.MarkovCV object at 0x00000250F6C16000>,8,Tree,4.985696780841156,2.037878456391271,2.232867389891562
datasets/synthetic_data/s2.csv,317,<timecave.validation_methods.markov.MarkovCV object at 0x00000250F6C16000>,8,ARMA,3.1529940218992434,1.4549862437556549,1.7756672047146795
datasets/synthetic_data/s2.csv,317,<timecave.validation_methods.markov.MarkovCV object at 0x00000250F6C16000>,9,Tree,2.9559742721089113,1.5448413861839538,1.7192947019370797
datasets/synthetic_data/s2.csv,317,<timecave.validation_methods.markov.MarkovCV object at 0x00000250F6C16000>,9,ARMA,2.111843194557936,1.0488882890864812,1.4532182198685564
datasets/synthetic_data/s2.csv,318,<timecave.validation_methods.OOS.Holdout object at 0x00000250F26072C0>,0,Tree,2.082332106485895,1.2005526908664383,1.4430287961388348
datasets/synthetic_data/s2.csv,318,<timecave.validation_methods.OOS.Holdout object at 0x00000250F26072C0>,0,ARMA,1.9780880759085206,1.099963378002036,1.406445191220945
datasets/synthetic_data/s2.csv,318,<timecave.validation_methods.OOS.Repeated_Holdout object at 0x00000250F6A37800>,0,Tree,2.002628190222028,1.137895217452271,1.4151424628715046
datasets/synthetic_data/s2.csv,318,<timecave.validation_methods.OOS.Repeated_Holdout object at 0x00000250F6A37800>,0,ARMA,2.0560391243894345,1.1713595587912025,1.4338895091287314
datasets/synthetic_data/s2.csv,318,<timecave.validation_methods.OOS.Repeated_Holdout object at 0x00000250F6A37800>,1,Tree,2.1413668036833142,1.2392232408050938,1.4633409731444391
datasets/synthetic_data/s2.csv,318,<timecave.validation_methods.OOS.Repeated_Holdout object at 0x00000250F6A37800>,1,ARMA,1.8799551663907017,1.1227264240038994,1.3711145708476378
datasets/synthetic_data/s2.csv,318,<timecave.validation_methods.OOS.Repeated_Holdout object at 0x00000250F6A37800>,2,Tree,1.7815058706042535,1.1144715652480306,1.334730635972762
datasets/synthetic_data/s2.csv,318,<timecave.validation_methods.OOS.Repeated_Holdout object at 0x00000250F6A37800>,2,ARMA,2.203757483759164,1.180637666360311,1.4845058045555646
datasets/synthetic_data/s2.csv,318,<timecave.validation_methods.OOS.Repeated_Holdout object at 0x00000250F6A37800>,3,Tree,2.0130752861296357,1.1767260978799396,1.4188288431412845
datasets/synthetic_data/s2.csv,318,<timecave.validation_methods.OOS.Repeated_Holdout object at 0x00000250F6A37800>,3,ARMA,1.9780880759085206,1.099963378002036,1.406445191220945
datasets/synthetic_data/s2.csv,318,<timecave.validation_methods.prequential.Growing_Window object at 0x00000250F6A34500>,0,Tree,2.054309402139257,1.2012825987983948,1.433286224778309
datasets/synthetic_data/s2.csv,318,<timecave.validation_methods.prequential.Growing_Window object at 0x00000250F6A34500>,0,ARMA,2.118431985215667,1.2186335994546273,1.4554834197666653
datasets/synthetic_data/s2.csv,318,<timecave.validation_methods.prequential.Growing_Window object at 0x00000250F6A34500>,1,Tree,2.125268814537828,1.1507849576281932,1.4578301734213859
datasets/synthetic_data/s2.csv,318,<timecave.validation_methods.prequential.Growing_Window object at 0x00000250F6A34500>,1,ARMA,1.3530571081110923,0.9111068223654134,1.1632098297861364
datasets/synthetic_data/s2.csv,318,<timecave.validation_methods.prequential.Growing_Window object at 0x00000250F6A34500>,2,Tree,2.7745067629322246,1.366028579093334,1.6656850731552542
datasets/synthetic_data/s2.csv,318,<timecave.validation_methods.prequential.Growing_Window object at 0x00000250F6A34500>,2,ARMA,2.054636473240734,1.1006807992288978,1.433400318557497
datasets/synthetic_data/s2.csv,318,<timecave.validation_methods.prequential.Growing_Window object at 0x00000250F6A34500>,3,Tree,2.090935577298672,1.1606730614984433,1.4460067694511918
datasets/synthetic_data/s2.csv,318,<timecave.validation_methods.prequential.Growing_Window object at 0x00000250F6A34500>,3,ARMA,1.910032926418495,1.1096486896050408,1.3820394084173198
datasets/synthetic_data/s2.csv,318,<timecave.validation_methods.prequential.Growing_Window object at 0x00000250F6A36030>,0,Tree,1.81381470637241,1.1171923404830943,1.3467793829623358
datasets/synthetic_data/s2.csv,318,<timecave.validation_methods.prequential.Growing_Window object at 0x00000250F6A36030>,0,ARMA,1.4568001694133432,0.9499354109741969,1.2069797717498596
datasets/synthetic_data/s2.csv,318,<timecave.validation_methods.prequential.Growing_Window object at 0x00000250F6A36030>,1,Tree,3.5577566473228868,1.4589456229175324,1.886201645456521
datasets/synthetic_data/s2.csv,318,<timecave.validation_methods.prequential.Growing_Window object at 0x00000250F6A36030>,1,ARMA,2.0623665295720595,1.0937045796791103,1.436094192444235
datasets/synthetic_data/s2.csv,318,<timecave.validation_methods.prequential.Growing_Window object at 0x00000250F6A36030>,2,Tree,1.8379902445908758,1.1594982185024674,1.3557249885544176
datasets/synthetic_data/s2.csv,318,<timecave.validation_methods.prequential.Growing_Window object at 0x00000250F6A36030>,2,ARMA,1.901754455055586,1.1003827734622575,1.3790411360998576
datasets/synthetic_data/s2.csv,318,<timecave.validation_methods.prequential.Rolling_Window object at 0x00000250F26207D0>,0,Tree,2.297509791168254,1.2545034388642466,1.5157538689273578
datasets/synthetic_data/s2.csv,318,<timecave.validation_methods.prequential.Rolling_Window object at 0x00000250F26207D0>,0,ARMA,2.118431985215667,1.2186335994546273,1.4554834197666653
datasets/synthetic_data/s2.csv,318,<timecave.validation_methods.prequential.Rolling_Window object at 0x00000250F26207D0>,1,Tree,2.233006327135044,1.205586792972763,1.494324706057905
datasets/synthetic_data/s2.csv,318,<timecave.validation_methods.prequential.Rolling_Window object at 0x00000250F26207D0>,1,ARMA,1.3089344307217732,0.8963106483975919,1.144086723426932
datasets/synthetic_data/s2.csv,318,<timecave.validation_methods.prequential.Rolling_Window object at 0x00000250F26207D0>,2,Tree,2.1243637240764737,1.129766999888895,1.4575197165309544
datasets/synthetic_data/s2.csv,318,<timecave.validation_methods.prequential.Rolling_Window object at 0x00000250F26207D0>,2,ARMA,2.4077710056215222,1.2213786182355144,1.5516993928018152
datasets/synthetic_data/s2.csv,318,<timecave.validation_methods.prequential.Rolling_Window object at 0x00000250F26207D0>,3,Tree,2.5920056427725067,1.3123522271320909,1.6099706962465208
datasets/synthetic_data/s2.csv,318,<timecave.validation_methods.prequential.Rolling_Window object at 0x00000250F26207D0>,3,ARMA,1.9512750177985945,1.173153872771934,1.3968804593803275
datasets/synthetic_data/s2.csv,318,<timecave.validation_methods.prequential.Rolling_Window object at 0x00000250F2A0F830>,0,Tree,1.6446510454397354,1.0650364381840707,1.282439489972036
datasets/synthetic_data/s2.csv,318,<timecave.validation_methods.prequential.Rolling_Window object at 0x00000250F2A0F830>,0,ARMA,1.4568001694133432,0.9499354109741969,1.2069797717498596
datasets/synthetic_data/s2.csv,318,<timecave.validation_methods.prequential.Rolling_Window object at 0x00000250F2A0F830>,1,Tree,2.129670606855345,0.9833965491401877,1.4593390993375546
datasets/synthetic_data/s2.csv,318,<timecave.validation_methods.prequential.Rolling_Window object at 0x00000250F2A0F830>,1,ARMA,2.1034248504924955,1.121164364432401,1.4503188788995665
datasets/synthetic_data/s2.csv,318,<timecave.validation_methods.prequential.Rolling_Window object at 0x00000250F2A0F830>,2,Tree,2.5461976021872053,1.2428346070864789,1.5956809211703966
datasets/synthetic_data/s2.csv,318,<timecave.validation_methods.prequential.Rolling_Window object at 0x00000250F2A0F830>,2,ARMA,2.0907520492618676,1.0900994747723358,1.4459433077620532
datasets/synthetic_data/s2.csv,318,<timecave.validation_methods.CV.Block_CV object at 0x00000250F6BB2D50>,0,Tree,1.9972408932628805,1.1776468380249352,1.4132377341632512
datasets/synthetic_data/s2.csv,318,<timecave.validation_methods.CV.Block_CV object at 0x00000250F6BB2D50>,0,ARMA,0.8837868786286971,0.8140099108064434,0.940099398270575
datasets/synthetic_data/s2.csv,318,<timecave.validation_methods.CV.Block_CV object at 0x00000250F6BB2D50>,1,Tree,1.3912350768452475,1.010561513011622,1.1795062852080305
datasets/synthetic_data/s2.csv,318,<timecave.validation_methods.CV.Block_CV object at 0x00000250F6BB2D50>,1,ARMA,2.0341143056578783,1.2011178358933416,1.4262237922773124
datasets/synthetic_data/s2.csv,318,<timecave.validation_methods.CV.Block_CV object at 0x00000250F6BB2D50>,2,Tree,1.4573459303853682,0.953355146072718,1.2072058359639288
datasets/synthetic_data/s2.csv,318,<timecave.validation_methods.CV.Block_CV object at 0x00000250F6BB2D50>,2,ARMA,1.4254041068994368,0.9438226699236981,1.1939028883872578
datasets/synthetic_data/s2.csv,318,<timecave.validation_methods.CV.Block_CV object at 0x00000250F6BB2D50>,3,Tree,2.749771734912596,1.4978908667208815,1.6582435692360142
datasets/synthetic_data/s2.csv,318,<timecave.validation_methods.CV.Block_CV object at 0x00000250F6BB2D50>,3,ARMA,2.0410049237625323,1.0869869081188979,1.4286374360776537
datasets/synthetic_data/s2.csv,318,<timecave.validation_methods.CV.Block_CV object at 0x00000250F6BB2D50>,4,Tree,2.049087782180487,1.1502332342105415,1.431463510600423
datasets/synthetic_data/s2.csv,318,<timecave.validation_methods.CV.Block_CV object at 0x00000250F6BB2D50>,4,ARMA,1.910032926418495,1.1096486896050408,1.3820394084173198
datasets/synthetic_data/s2.csv,318,<timecave.validation_methods.CV.AdaptedhvBlockCV object at 0x00000250F6C153D0>,0,Tree,2.032710833488221,1.1936585846470464,1.4257316835534732
datasets/synthetic_data/s2.csv,318,<timecave.validation_methods.CV.AdaptedhvBlockCV object at 0x00000250F6C153D0>,0,ARMA,0.8840781243901217,0.8142951964164581,0.9402542870894669
datasets/synthetic_data/s2.csv,318,<timecave.validation_methods.CV.AdaptedhvBlockCV object at 0x00000250F6C153D0>,1,Tree,1.9453166839126694,1.1389590806104695,1.394746100160409
datasets/synthetic_data/s2.csv,318,<timecave.validation_methods.CV.AdaptedhvBlockCV object at 0x00000250F6C153D0>,1,ARMA,2.037952539995624,1.2017099714375319,1.4275687514076596
datasets/synthetic_data/s2.csv,318,<timecave.validation_methods.CV.AdaptedhvBlockCV object at 0x00000250F6C153D0>,2,Tree,1.7228263235116914,1.0339650716429165,1.3125647883101585
datasets/synthetic_data/s2.csv,318,<timecave.validation_methods.CV.AdaptedhvBlockCV object at 0x00000250F6C153D0>,2,ARMA,1.425873519177926,0.9448233745447254,1.1940994594998886
datasets/synthetic_data/s2.csv,318,<timecave.validation_methods.CV.AdaptedhvBlockCV object at 0x00000250F6C153D0>,3,Tree,2.2793160196728257,1.2476506868696984,1.5097403815467167
datasets/synthetic_data/s2.csv,318,<timecave.validation_methods.CV.AdaptedhvBlockCV object at 0x00000250F6C153D0>,3,ARMA,2.0211340122770522,1.0791305589056184,1.4216659285067825
datasets/synthetic_data/s2.csv,318,<timecave.validation_methods.CV.AdaptedhvBlockCV object at 0x00000250F6C153D0>,4,Tree,2.103179394923164,1.1956869487084958,1.4502342551888519
datasets/synthetic_data/s2.csv,318,<timecave.validation_methods.CV.AdaptedhvBlockCV object at 0x00000250F6C153D0>,4,ARMA,1.8859639792675411,1.123835490630132,1.3733040374467487
datasets/synthetic_data/s2.csv,318,<timecave.validation_methods.markov.MarkovCV object at 0x00000250F6C179E0>,0,Tree,3.920820270889384,1.8493453228459338,1.9801061261683384
datasets/synthetic_data/s2.csv,318,<timecave.validation_methods.markov.MarkovCV object at 0x00000250F6C179E0>,0,ARMA,2.4950413626857806,1.2706467911193757,1.57956999296827
datasets/synthetic_data/s2.csv,318,<timecave.validation_methods.markov.MarkovCV object at 0x00000250F6C179E0>,1,Tree,7.278670652123424,2.2270232133344154,2.6979011568483053
datasets/synthetic_data/s2.csv,318,<timecave.validation_methods.markov.MarkovCV object at 0x00000250F6C179E0>,1,ARMA,2.5869316004571363,1.352640924421032,1.608394106075105
datasets/synthetic_data/s2.csv,318,<timecave.validation_methods.markov.MarkovCV object at 0x00000250F6C179E0>,2,Tree,2.1503381062215783,1.1938385626161057,1.466403118593785
datasets/synthetic_data/s2.csv,318,<timecave.validation_methods.markov.MarkovCV object at 0x00000250F6C179E0>,2,ARMA,2.100299522670761,1.209147402145541,1.4492410160738485
datasets/synthetic_data/s2.csv,318,<timecave.validation_methods.markov.MarkovCV object at 0x00000250F6C179E0>,3,Tree,5.0012511185768425,1.8541832677965182,2.236347718619992
datasets/synthetic_data/s2.csv,318,<timecave.validation_methods.markov.MarkovCV object at 0x00000250F6C179E0>,3,ARMA,2.203179115240761,1.3233277411570077,1.484310990069386
datasets/synthetic_data/s2.csv,318,<timecave.validation_methods.markov.MarkovCV object at 0x00000250F6C179E0>,4,Tree,5.979236919849964,1.8481859081916332,2.4452478238104955
datasets/synthetic_data/s2.csv,318,<timecave.validation_methods.markov.MarkovCV object at 0x00000250F6C179E0>,4,ARMA,1.597488373844938,1.0073789234026411,1.2639178667322248
datasets/synthetic_data/s2.csv,318,<timecave.validation_methods.markov.MarkovCV object at 0x00000250F6C179E0>,5,Tree,2.7860166723628255,1.4304701845320296,1.6691365050117457
datasets/synthetic_data/s2.csv,318,<timecave.validation_methods.markov.MarkovCV object at 0x00000250F6C179E0>,5,ARMA,1.466543729073859,0.9605280851738949,1.2110093843871974
datasets/synthetic_data/s2.csv,318,<timecave.validation_methods.markov.MarkovCV object at 0x00000250F6C179E0>,6,Tree,2.4976211668105677,1.3740257713652158,1.580386397945315
datasets/synthetic_data/s2.csv,318,<timecave.validation_methods.markov.MarkovCV object at 0x00000250F6C179E0>,6,ARMA,1.8333887225998522,0.9381551062587702,1.354026854460373
datasets/synthetic_data/s2.csv,318,<timecave.validation_methods.markov.MarkovCV object at 0x00000250F6C179E0>,7,Tree,1.504885138978841,0.878009802193715,1.226737599887947
datasets/synthetic_data/s2.csv,318,<timecave.validation_methods.markov.MarkovCV object at 0x00000250F6C179E0>,7,ARMA,1.6807846178678176,1.0324423061355499,1.296450777263764
datasets/synthetic_data/s2.csv,318,<timecave.validation_methods.markov.MarkovCV object at 0x00000250F6C179E0>,8,Tree,3.021243475513869,1.2608745001725898,1.7381724527542912
datasets/synthetic_data/s2.csv,318,<timecave.validation_methods.markov.MarkovCV object at 0x00000250F6C179E0>,8,ARMA,1.226042994148155,0.853870776988765,1.1072682575366075
datasets/synthetic_data/s2.csv,318,<timecave.validation_methods.markov.MarkovCV object at 0x00000250F6C179E0>,9,Tree,3.2580071104602397,1.399762244366559,1.8049950444420173
datasets/synthetic_data/s2.csv,318,<timecave.validation_methods.markov.MarkovCV object at 0x00000250F6C179E0>,9,ARMA,1.991129970311758,1.0614048049313296,1.4110740484863855
datasets/synthetic_data/s2.csv,319,<timecave.validation_methods.OOS.Holdout object at 0x00000250F2A0C770>,0,Tree,3.011325446542536,1.289848788330872,1.735317102590341
datasets/synthetic_data/s2.csv,319,<timecave.validation_methods.OOS.Holdout object at 0x00000250F2A0C770>,0,ARMA,1.2612936203749399,0.8649941418927284,1.1230732925214364
datasets/synthetic_data/s2.csv,319,<timecave.validation_methods.OOS.Repeated_Holdout object at 0x00000250F2A0FDA0>,0,Tree,3.0299696606387596,1.5036721761827334,1.740680803777292
datasets/synthetic_data/s2.csv,319,<timecave.validation_methods.OOS.Repeated_Holdout object at 0x00000250F2A0FDA0>,0,ARMA,1.4339171465849527,0.9291149926466274,1.19746279549093
datasets/synthetic_data/s2.csv,319,<timecave.validation_methods.OOS.Repeated_Holdout object at 0x00000250F2A0FDA0>,1,Tree,2.579258206738212,1.4033210805270304,1.6060069136645123
datasets/synthetic_data/s2.csv,319,<timecave.validation_methods.OOS.Repeated_Holdout object at 0x00000250F2A0FDA0>,1,ARMA,1.4874625765653806,0.9434136933677244,1.2196157495561382
datasets/synthetic_data/s2.csv,319,<timecave.validation_methods.OOS.Repeated_Holdout object at 0x00000250F2A0FDA0>,2,Tree,3.4852942718251243,1.4438241546579014,1.8668942851230554
datasets/synthetic_data/s2.csv,319,<timecave.validation_methods.OOS.Repeated_Holdout object at 0x00000250F2A0FDA0>,2,ARMA,1.271497232864246,0.8656578158473341,1.127606860951212
datasets/synthetic_data/s2.csv,319,<timecave.validation_methods.OOS.Repeated_Holdout object at 0x00000250F2A0FDA0>,3,Tree,2.081589581757737,1.2056614406153041,1.4427714932579367
datasets/synthetic_data/s2.csv,319,<timecave.validation_methods.OOS.Repeated_Holdout object at 0x00000250F2A0FDA0>,3,ARMA,1.2612936203749399,0.8649941418927284,1.1230732925214364
datasets/synthetic_data/s2.csv,319,<timecave.validation_methods.prequential.Growing_Window object at 0x00000250F2658CE0>,0,Tree,2.6611543955066925,1.3132554504173979,1.63130450729062
datasets/synthetic_data/s2.csv,319,<timecave.validation_methods.prequential.Growing_Window object at 0x00000250F2658CE0>,0,ARMA,1.4830946204130049,0.9411540065852081,1.2178237230457472
datasets/synthetic_data/s2.csv,319,<timecave.validation_methods.prequential.Growing_Window object at 0x00000250F2658CE0>,1,Tree,2.5898379174712636,1.3431895985191955,1.6092973365637762
datasets/synthetic_data/s2.csv,319,<timecave.validation_methods.prequential.Growing_Window object at 0x00000250F2658CE0>,1,ARMA,2.105184671151638,1.126944217912363,1.4509254533406044
datasets/synthetic_data/s2.csv,319,<timecave.validation_methods.prequential.Growing_Window object at 0x00000250F2658CE0>,2,Tree,2.2398000874752517,1.2025021744494806,1.4965961671323535
datasets/synthetic_data/s2.csv,319,<timecave.validation_methods.prequential.Growing_Window object at 0x00000250F2658CE0>,2,ARMA,1.6920126414564778,1.0605603575985754,1.3007738625358667
datasets/synthetic_data/s2.csv,319,<timecave.validation_methods.prequential.Growing_Window object at 0x00000250F2658CE0>,3,Tree,2.8921534302917205,1.3959718114202322,1.700633243909962
datasets/synthetic_data/s2.csv,319,<timecave.validation_methods.prequential.Growing_Window object at 0x00000250F2658CE0>,3,ARMA,1.4741298646852072,0.9271130673450396,1.2141374982617115
datasets/synthetic_data/s2.csv,319,<timecave.validation_methods.prequential.Growing_Window object at 0x00000250F6C16FC0>,0,Tree,2.253314598201464,1.28160812272816,1.501104459456924
datasets/synthetic_data/s2.csv,319,<timecave.validation_methods.prequential.Growing_Window object at 0x00000250F6C16FC0>,0,ARMA,2.446812657486986,1.2291564554471202,1.5642290936710601
datasets/synthetic_data/s2.csv,319,<timecave.validation_methods.prequential.Growing_Window object at 0x00000250F6C16FC0>,1,Tree,3.4185799740294223,1.586718021956511,1.8489402299775464
datasets/synthetic_data/s2.csv,319,<timecave.validation_methods.prequential.Growing_Window object at 0x00000250F6C16FC0>,1,ARMA,1.7402760143137157,1.0728369788517076,1.3191952146341783
datasets/synthetic_data/s2.csv,319,<timecave.validation_methods.prequential.Growing_Window object at 0x00000250F6C16FC0>,2,Tree,1.4952507157676431,0.9022368677885174,1.2228044470673318
datasets/synthetic_data/s2.csv,319,<timecave.validation_methods.prequential.Growing_Window object at 0x00000250F6C16FC0>,2,ARMA,1.5742212619449798,0.9615690813484148,1.2546797447735338
datasets/synthetic_data/s2.csv,319,<timecave.validation_methods.prequential.Rolling_Window object at 0x00000250F6C16C60>,0,Tree,3.2999772898372246,1.5559094337899813,1.8165839616811619
datasets/synthetic_data/s2.csv,319,<timecave.validation_methods.prequential.Rolling_Window object at 0x00000250F6C16C60>,0,ARMA,1.4830946204130049,0.9411540065852081,1.2178237230457472
datasets/synthetic_data/s2.csv,319,<timecave.validation_methods.prequential.Rolling_Window object at 0x00000250F6C16C60>,1,Tree,3.822495642833502,1.4329552654029778,1.9551203653058045
datasets/synthetic_data/s2.csv,319,<timecave.validation_methods.prequential.Rolling_Window object at 0x00000250F6C16C60>,1,ARMA,1.9973100544784352,1.0926783901127743,1.4132622030176973
datasets/synthetic_data/s2.csv,319,<timecave.validation_methods.prequential.Rolling_Window object at 0x00000250F6C16C60>,2,Tree,3.2227821909998955,1.3809716227730557,1.7952109043229143
datasets/synthetic_data/s2.csv,319,<timecave.validation_methods.prequential.Rolling_Window object at 0x00000250F6C16C60>,2,ARMA,1.8351079551499678,1.1042257911505056,1.3546615648013225
datasets/synthetic_data/s2.csv,319,<timecave.validation_methods.prequential.Rolling_Window object at 0x00000250F6C16C60>,3,Tree,3.7135362777445198,1.5880456173143305,1.927053781746768
datasets/synthetic_data/s2.csv,319,<timecave.validation_methods.prequential.Rolling_Window object at 0x00000250F6C16C60>,3,ARMA,1.4274781890935173,0.9479460466258234,1.1947711869197035
datasets/synthetic_data/s2.csv,319,<timecave.validation_methods.prequential.Rolling_Window object at 0x00000250F6C173E0>,0,Tree,2.901079543811191,1.4663173990929992,1.7032555720769538
datasets/synthetic_data/s2.csv,319,<timecave.validation_methods.prequential.Rolling_Window object at 0x00000250F6C173E0>,0,ARMA,2.446812657486986,1.2291564554471202,1.5642290936710601
datasets/synthetic_data/s2.csv,319,<timecave.validation_methods.prequential.Rolling_Window object at 0x00000250F6C173E0>,1,Tree,3.735463512969549,1.6422319760043864,1.9327347239001913
datasets/synthetic_data/s2.csv,319,<timecave.validation_methods.prequential.Rolling_Window object at 0x00000250F6C173E0>,1,ARMA,1.7609603359748571,1.0884175999852737,1.327011807021647
datasets/synthetic_data/s2.csv,319,<timecave.validation_methods.prequential.Rolling_Window object at 0x00000250F6C173E0>,2,Tree,3.3251983527685947,1.5027130453755955,1.8235126412417861
datasets/synthetic_data/s2.csv,319,<timecave.validation_methods.prequential.Rolling_Window object at 0x00000250F6C173E0>,2,ARMA,1.972811666967219,1.0873415104019766,1.4045681425147087
datasets/synthetic_data/s2.csv,319,<timecave.validation_methods.CV.Block_CV object at 0x00000250F6C16B10>,0,Tree,2.6207737310696055,1.2543830352017136,1.6188803943063879
datasets/synthetic_data/s2.csv,319,<timecave.validation_methods.CV.Block_CV object at 0x00000250F6C16B10>,0,ARMA,1.6157159499078673,0.9947480260667956,1.271108158225675
datasets/synthetic_data/s2.csv,319,<timecave.validation_methods.CV.Block_CV object at 0x00000250F6C16B10>,1,Tree,2.0761478746631896,1.2236052892707596,1.4408844071136275
datasets/synthetic_data/s2.csv,319,<timecave.validation_methods.CV.Block_CV object at 0x00000250F6C16B10>,1,ARMA,1.4961079464139533,0.9340027972875702,1.2231549151329741
datasets/synthetic_data/s2.csv,319,<timecave.validation_methods.CV.Block_CV object at 0x00000250F6C16B10>,2,Tree,4.213116097710212,1.6609344989246182,2.0525876589588594
datasets/synthetic_data/s2.csv,319,<timecave.validation_methods.CV.Block_CV object at 0x00000250F6C16B10>,2,ARMA,2.40900072968262,1.2358735409862294,1.5520955929589582
datasets/synthetic_data/s2.csv,319,<timecave.validation_methods.CV.Block_CV object at 0x00000250F6C16B10>,3,Tree,2.7521329040704634,1.2801933689740508,1.65895536530386
datasets/synthetic_data/s2.csv,319,<timecave.validation_methods.CV.Block_CV object at 0x00000250F6C16B10>,3,ARMA,1.635944043572096,1.0171129766912452,1.2790402822319928
datasets/synthetic_data/s2.csv,319,<timecave.validation_methods.CV.Block_CV object at 0x00000250F6C16B10>,4,Tree,2.8050742762015064,1.3966736184225368,1.6748355967680848
datasets/synthetic_data/s2.csv,319,<timecave.validation_methods.CV.Block_CV object at 0x00000250F6C16B10>,4,ARMA,1.4741298646852072,0.9271130673450396,1.2141374982617115
datasets/synthetic_data/s2.csv,319,<timecave.validation_methods.CV.AdaptedhvBlockCV object at 0x00000250F6C14C80>,0,Tree,2.665021445623523,1.3102284596125453,1.6324893401255405
datasets/synthetic_data/s2.csv,319,<timecave.validation_methods.CV.AdaptedhvBlockCV object at 0x00000250F6C14C80>,0,ARMA,1.6224898453170844,0.9965804517224475,1.2737699342177473
datasets/synthetic_data/s2.csv,319,<timecave.validation_methods.CV.AdaptedhvBlockCV object at 0x00000250F6C14C80>,1,Tree,2.0185108091500115,1.1808315994594407,1.420743048249757
datasets/synthetic_data/s2.csv,319,<timecave.validation_methods.CV.AdaptedhvBlockCV object at 0x00000250F6C14C80>,1,ARMA,1.4839514754638337,0.9337756251113469,1.2181754698990757
datasets/synthetic_data/s2.csv,319,<timecave.validation_methods.CV.AdaptedhvBlockCV object at 0x00000250F6C14C80>,2,Tree,1.7590678109414537,1.118813194650709,1.3262985376382852
datasets/synthetic_data/s2.csv,319,<timecave.validation_methods.CV.AdaptedhvBlockCV object at 0x00000250F6C14C80>,2,ARMA,2.4119756179543628,1.2392747479684862,1.553053642973855
datasets/synthetic_data/s2.csv,319,<timecave.validation_methods.CV.AdaptedhvBlockCV object at 0x00000250F6C14C80>,3,Tree,2.120631823193411,1.0784507459421273,1.4562389306681136
datasets/synthetic_data/s2.csv,319,<timecave.validation_methods.CV.AdaptedhvBlockCV object at 0x00000250F6C14C80>,3,ARMA,1.6456597928448993,1.0182684808047675,1.2828327220822282
datasets/synthetic_data/s2.csv,319,<timecave.validation_methods.CV.AdaptedhvBlockCV object at 0x00000250F6C14C80>,4,Tree,2.924778600703943,1.3973505250499327,1.7101984097478113
datasets/synthetic_data/s2.csv,319,<timecave.validation_methods.CV.AdaptedhvBlockCV object at 0x00000250F6C14C80>,4,ARMA,1.4859674422011693,0.9296247453044655,1.2190026424094287
datasets/synthetic_data/s2.csv,319,<timecave.validation_methods.markov.MarkovCV object at 0x00000250F6C16E40>,0,Tree,3.9954654026934966,1.9206103593170816,1.9988660292009308
datasets/synthetic_data/s2.csv,319,<timecave.validation_methods.markov.MarkovCV object at 0x00000250F6C16E40>,0,ARMA,1.9501702087465627,1.1024715742171805,1.396484947554596
datasets/synthetic_data/s2.csv,319,<timecave.validation_methods.markov.MarkovCV object at 0x00000250F6C16E40>,1,Tree,4.107111448169329,1.888799640430499,2.02660095928363
datasets/synthetic_data/s2.csv,319,<timecave.validation_methods.markov.MarkovCV object at 0x00000250F6C16E40>,1,ARMA,3.0164400941487117,1.4517653398415071,1.7367901698675956
datasets/synthetic_data/s2.csv,319,<timecave.validation_methods.markov.MarkovCV object at 0x00000250F6C16E40>,2,Tree,4.665000049453093,1.6964086930019304,2.159861118093729
datasets/synthetic_data/s2.csv,319,<timecave.validation_methods.markov.MarkovCV object at 0x00000250F6C16E40>,2,ARMA,2.425173118293129,1.1880952930953772,1.5572967341817452
datasets/synthetic_data/s2.csv,319,<timecave.validation_methods.markov.MarkovCV object at 0x00000250F6C16E40>,3,Tree,7.55525626921288,2.181516202354787,2.748682642505839
datasets/synthetic_data/s2.csv,319,<timecave.validation_methods.markov.MarkovCV object at 0x00000250F6C16E40>,3,ARMA,2.9883042924515366,1.4437502397500679,1.7286712505423165
datasets/synthetic_data/s2.csv,319,<timecave.validation_methods.markov.MarkovCV object at 0x00000250F6C16E40>,4,Tree,2.5972042101130595,1.2033039106018344,1.6115843788375026
datasets/synthetic_data/s2.csv,319,<timecave.validation_methods.markov.MarkovCV object at 0x00000250F6C16E40>,4,ARMA,1.1633926215084793,0.9852386126739843,1.078606796524331
datasets/synthetic_data/s2.csv,319,<timecave.validation_methods.markov.MarkovCV object at 0x00000250F6C16E40>,5,Tree,3.5015009055870596,1.427828839547649,1.8712297842828014
datasets/synthetic_data/s2.csv,319,<timecave.validation_methods.markov.MarkovCV object at 0x00000250F6C16E40>,5,ARMA,1.4304693737445493,0.9864411859477534,1.1960223132302128
datasets/synthetic_data/s2.csv,319,<timecave.validation_methods.markov.MarkovCV object at 0x00000250F6C16E40>,6,Tree,4.101691478283111,1.4490393970604354,2.025263310851977
datasets/synthetic_data/s2.csv,319,<timecave.validation_methods.markov.MarkovCV object at 0x00000250F6C16E40>,6,ARMA,1.989830075519307,1.1024343762592244,1.4106133685455087
datasets/synthetic_data/s2.csv,319,<timecave.validation_methods.markov.MarkovCV object at 0x00000250F6C16E40>,7,Tree,4.979642181501371,1.6904724306221541,2.2315111878503706
datasets/synthetic_data/s2.csv,319,<timecave.validation_methods.markov.MarkovCV object at 0x00000250F6C16E40>,7,ARMA,1.816848494526761,1.041651308425782,1.3479052246084517
datasets/synthetic_data/s2.csv,319,<timecave.validation_methods.markov.MarkovCV object at 0x00000250F6C16E40>,8,Tree,2.9004940563039026,1.5152265455121523,1.7030836903405253
datasets/synthetic_data/s2.csv,319,<timecave.validation_methods.markov.MarkovCV object at 0x00000250F6C16E40>,8,ARMA,2.720611924341534,1.3391797212489736,1.649427756630018
datasets/synthetic_data/s2.csv,319,<timecave.validation_methods.markov.MarkovCV object at 0x00000250F6C16E40>,9,Tree,3.854695407680028,1.5642569777706183,1.9633378231165486
datasets/synthetic_data/s2.csv,319,<timecave.validation_methods.markov.MarkovCV object at 0x00000250F6C16E40>,9,ARMA,1.447538280522107,0.9302031393360155,1.2031368502884894
datasets/synthetic_data/s2.csv,320,<timecave.validation_methods.OOS.Holdout object at 0x00000250F6ACAA80>,0,Tree,2.0336207646314097,1.1865066675034122,1.4260507580838102
datasets/synthetic_data/s2.csv,320,<timecave.validation_methods.OOS.Holdout object at 0x00000250F6ACAA80>,0,ARMA,1.9484185978652109,1.0995755029282488,1.3958576567348158
datasets/synthetic_data/s2.csv,320,<timecave.validation_methods.OOS.Repeated_Holdout object at 0x00000250F6ACBA70>,0,Tree,1.4090762552951466,0.895574374802503,1.187045178287308
datasets/synthetic_data/s2.csv,320,<timecave.validation_methods.OOS.Repeated_Holdout object at 0x00000250F6ACBA70>,0,ARMA,1.5043336173818618,0.9554618191837572,1.2265127872883599
datasets/synthetic_data/s2.csv,320,<timecave.validation_methods.OOS.Repeated_Holdout object at 0x00000250F6ACBA70>,1,Tree,1.539572408294698,1.0529178405189332,1.240795071030949
datasets/synthetic_data/s2.csv,320,<timecave.validation_methods.OOS.Repeated_Holdout object at 0x00000250F6ACBA70>,1,ARMA,1.0981116425755908,0.8317987510281935,1.0479082224009844
datasets/synthetic_data/s2.csv,320,<timecave.validation_methods.OOS.Repeated_Holdout object at 0x00000250F6ACBA70>,2,Tree,1.6556741916601219,1.0373482106656162,1.2867300383763962
datasets/synthetic_data/s2.csv,320,<timecave.validation_methods.OOS.Repeated_Holdout object at 0x00000250F6ACBA70>,2,ARMA,1.75164629299358,1.0177027526368279,1.3234977495234286
datasets/synthetic_data/s2.csv,320,<timecave.validation_methods.OOS.Repeated_Holdout object at 0x00000250F6ACBA70>,3,Tree,2.2749585026004793,1.261053900371497,1.5082965565831141
datasets/synthetic_data/s2.csv,320,<timecave.validation_methods.OOS.Repeated_Holdout object at 0x00000250F6ACBA70>,3,ARMA,1.9484185978652109,1.0995755029282488,1.3958576567348158
datasets/synthetic_data/s2.csv,320,<timecave.validation_methods.prequential.Growing_Window object at 0x00000250F6A46B40>,0,Tree,3.564127052715728,1.572925771477621,1.887889576409523
datasets/synthetic_data/s2.csv,320,<timecave.validation_methods.prequential.Growing_Window object at 0x00000250F6A46B40>,0,ARMA,2.2506583968817275,1.1991095754750365,1.5002194495745373
datasets/synthetic_data/s2.csv,320,<timecave.validation_methods.prequential.Growing_Window object at 0x00000250F6A46B40>,1,Tree,2.5603504081971926,1.2366098500639875,1.6001094988147506
datasets/synthetic_data/s2.csv,320,<timecave.validation_methods.prequential.Growing_Window object at 0x00000250F6A46B40>,1,ARMA,2.3680987469190886,1.1343830732746283,1.5388628096484394
datasets/synthetic_data/s2.csv,320,<timecave.validation_methods.prequential.Growing_Window object at 0x00000250F6A46B40>,2,Tree,2.5345911109094335,1.2394558007937098,1.5920399212675018
datasets/synthetic_data/s2.csv,320,<timecave.validation_methods.prequential.Growing_Window object at 0x00000250F6A46B40>,2,ARMA,2.9082832118871926,1.492392310900752,1.7053689371767016
datasets/synthetic_data/s2.csv,320,<timecave.validation_methods.prequential.Growing_Window object at 0x00000250F6A46B40>,3,Tree,1.874883681837202,1.1470646159372901,1.36926391971643
datasets/synthetic_data/s2.csv,320,<timecave.validation_methods.prequential.Growing_Window object at 0x00000250F6A46B40>,3,ARMA,1.0942667110252735,0.8196268344006279,1.0460720391183742
datasets/synthetic_data/s2.csv,320,<timecave.validation_methods.prequential.Growing_Window object at 0x00000250F6A468A0>,0,Tree,2.6598734330366343,1.3694107824923345,1.6309118409762786
datasets/synthetic_data/s2.csv,320,<timecave.validation_methods.prequential.Growing_Window object at 0x00000250F6A468A0>,0,ARMA,2.4232839919317017,1.1590876251609932,1.5566900757478033
datasets/synthetic_data/s2.csv,320,<timecave.validation_methods.prequential.Growing_Window object at 0x00000250F6A468A0>,1,Tree,2.643336888386047,1.3299410542073884,1.6258342130691084
datasets/synthetic_data/s2.csv,320,<timecave.validation_methods.prequential.Growing_Window object at 0x00000250F6A468A0>,1,ARMA,3.0662252140522246,1.525192197963119,1.7510640234018358
datasets/synthetic_data/s2.csv,320,<timecave.validation_methods.prequential.Growing_Window object at 0x00000250F6A468A0>,2,Tree,2.5902526488435798,1.2917567853461538,1.6094261862053754
datasets/synthetic_data/s2.csv,320,<timecave.validation_methods.prequential.Growing_Window object at 0x00000250F6A468A0>,2,ARMA,1.1370040392236531,0.8310529575580248,1.0663039150371967
datasets/synthetic_data/s2.csv,320,<timecave.validation_methods.prequential.Rolling_Window object at 0x00000250F2A0C3B0>,0,Tree,3.446494201722614,1.5079320774113472,1.8564735930582514
datasets/synthetic_data/s2.csv,320,<timecave.validation_methods.prequential.Rolling_Window object at 0x00000250F2A0C3B0>,0,ARMA,2.2506583968817275,1.1991095754750365,1.5002194495745373
datasets/synthetic_data/s2.csv,320,<timecave.validation_methods.prequential.Rolling_Window object at 0x00000250F2A0C3B0>,1,Tree,2.7395950070177006,1.2824386302693496,1.6551721985998016
datasets/synthetic_data/s2.csv,320,<timecave.validation_methods.prequential.Rolling_Window object at 0x00000250F2A0C3B0>,1,ARMA,2.5354573746375397,1.1637147018228333,1.5923119589570192
datasets/synthetic_data/s2.csv,320,<timecave.validation_methods.prequential.Rolling_Window object at 0x00000250F2A0C3B0>,2,Tree,3.717151054685018,1.528958511164995,1.9279914560715818
datasets/synthetic_data/s2.csv,320,<timecave.validation_methods.prequential.Rolling_Window object at 0x00000250F2A0C3B0>,2,ARMA,3.030536814283349,1.4875573885227604,1.740843707597942
datasets/synthetic_data/s2.csv,320,<timecave.validation_methods.prequential.Rolling_Window object at 0x00000250F2A0C3B0>,3,Tree,3.485599676508082,1.571720476771412,1.8669760781831357
datasets/synthetic_data/s2.csv,320,<timecave.validation_methods.prequential.Rolling_Window object at 0x00000250F2A0C3B0>,3,ARMA,1.0584483170854375,0.8218133651432062,1.0288091742813326
datasets/synthetic_data/s2.csv,320,<timecave.validation_methods.prequential.Rolling_Window object at 0x00000250F6C412E0>,0,Tree,2.412078413980023,1.2658480896230617,1.5530867374296977
datasets/synthetic_data/s2.csv,320,<timecave.validation_methods.prequential.Rolling_Window object at 0x00000250F6C412E0>,0,ARMA,2.4232839919317017,1.1590876251609932,1.5566900757478033
datasets/synthetic_data/s2.csv,320,<timecave.validation_methods.prequential.Rolling_Window object at 0x00000250F6C412E0>,1,Tree,6.216225299854792,2.018292237126124,2.493235909386593
datasets/synthetic_data/s2.csv,320,<timecave.validation_methods.prequential.Rolling_Window object at 0x00000250F6C412E0>,1,ARMA,3.0970451183013523,1.540184986522974,1.7598423560936793
datasets/synthetic_data/s2.csv,320,<timecave.validation_methods.prequential.Rolling_Window object at 0x00000250F6C412E0>,2,Tree,1.762748575997228,1.1254544060540075,1.3276854205711637
datasets/synthetic_data/s2.csv,320,<timecave.validation_methods.prequential.Rolling_Window object at 0x00000250F6C412E0>,2,ARMA,1.0650523998603778,0.9055125672874378,1.032013759530549
datasets/synthetic_data/s2.csv,320,<timecave.validation_methods.CV.Block_CV object at 0x00000250F6C43F80>,0,Tree,3.140920742920675,1.2961788843792017,1.7722642982694976
datasets/synthetic_data/s2.csv,320,<timecave.validation_methods.CV.Block_CV object at 0x00000250F6C43F80>,0,ARMA,1.7406375296260197,0.9861186664662324,1.3193322286770757
datasets/synthetic_data/s2.csv,320,<timecave.validation_methods.CV.Block_CV object at 0x00000250F6C43F80>,1,Tree,2.5503292677107456,1.294234611743131,1.5969750366586029
datasets/synthetic_data/s2.csv,320,<timecave.validation_methods.CV.Block_CV object at 0x00000250F6C43F80>,1,ARMA,2.622807384312119,1.3084016465562587,1.6195083773516328
datasets/synthetic_data/s2.csv,320,<timecave.validation_methods.CV.Block_CV object at 0x00000250F6C43F80>,2,Tree,2.3691682613887015,1.361045034860749,1.5392102719864826
datasets/synthetic_data/s2.csv,320,<timecave.validation_methods.CV.Block_CV object at 0x00000250F6C43F80>,2,ARMA,2.0875804147775505,1.056021684280334,1.4448461560932881
datasets/synthetic_data/s2.csv,320,<timecave.validation_methods.CV.Block_CV object at 0x00000250F6C43F80>,3,Tree,2.447666744625263,1.186031553144788,1.5645020756219095
datasets/synthetic_data/s2.csv,320,<timecave.validation_methods.CV.Block_CV object at 0x00000250F6C43F80>,3,ARMA,2.961639995930815,1.5152627695616143,1.7209416015457395
datasets/synthetic_data/s2.csv,320,<timecave.validation_methods.CV.Block_CV object at 0x00000250F6C43F80>,4,Tree,1.3776275656594754,1.0200964578107816,1.1737238029704755
datasets/synthetic_data/s2.csv,320,<timecave.validation_methods.CV.Block_CV object at 0x00000250F6C43F80>,4,ARMA,1.0942667110252735,0.8196268344006279,1.0460720391183742
datasets/synthetic_data/s2.csv,320,<timecave.validation_methods.CV.AdaptedhvBlockCV object at 0x00000250F6C40680>,0,Tree,3.116203465014269,1.3070854797619615,1.765277163794476
datasets/synthetic_data/s2.csv,320,<timecave.validation_methods.CV.AdaptedhvBlockCV object at 0x00000250F6C40680>,0,ARMA,1.7417805678559253,0.986675728668827,1.3197653457550418
datasets/synthetic_data/s2.csv,320,<timecave.validation_methods.CV.AdaptedhvBlockCV object at 0x00000250F6C40680>,1,Tree,2.4997369915615972,1.253108768267557,1.5810556573256986
datasets/synthetic_data/s2.csv,320,<timecave.validation_methods.CV.AdaptedhvBlockCV object at 0x00000250F6C40680>,1,ARMA,2.627938318471817,1.3102022324885434,1.6210917057562835
datasets/synthetic_data/s2.csv,320,<timecave.validation_methods.CV.AdaptedhvBlockCV object at 0x00000250F6C40680>,2,Tree,2.8995835017305778,1.3969857212665857,1.7028163440989688
datasets/synthetic_data/s2.csv,320,<timecave.validation_methods.CV.AdaptedhvBlockCV object at 0x00000250F6C40680>,2,ARMA,2.0861261501824737,1.0587596841056064,1.444342809094321
datasets/synthetic_data/s2.csv,320,<timecave.validation_methods.CV.AdaptedhvBlockCV object at 0x00000250F6C40680>,3,Tree,2.5598462941407965,1.2378532511668585,1.5999519661979844
datasets/synthetic_data/s2.csv,320,<timecave.validation_methods.CV.AdaptedhvBlockCV object at 0x00000250F6C40680>,3,ARMA,2.9630654343582754,1.5160474374294148,1.7213556966409573
datasets/synthetic_data/s2.csv,320,<timecave.validation_methods.CV.AdaptedhvBlockCV object at 0x00000250F6C40680>,4,Tree,1.2365178209442402,0.9446738012822817,1.1119882287795317
datasets/synthetic_data/s2.csv,320,<timecave.validation_methods.CV.AdaptedhvBlockCV object at 0x00000250F6C40680>,4,ARMA,1.14629382803815,0.8374605207774263,1.0706511234002185
datasets/synthetic_data/s2.csv,320,<timecave.validation_methods.markov.MarkovCV object at 0x00000250F6C42900>,0,Tree,3.4835587557994856,1.5513772504790935,1.8664294135593464
datasets/synthetic_data/s2.csv,320,<timecave.validation_methods.markov.MarkovCV object at 0x00000250F6C42900>,0,ARMA,2.087882645088218,1.1895599738769032,1.44495074140547
datasets/synthetic_data/s2.csv,320,<timecave.validation_methods.markov.MarkovCV object at 0x00000250F6C42900>,1,Tree,3.6466206727747332,1.6646176275348619,1.9096127022971787
datasets/synthetic_data/s2.csv,320,<timecave.validation_methods.markov.MarkovCV object at 0x00000250F6C42900>,1,ARMA,2.63893670076796,1.3615939240580885,1.62448044025404
datasets/synthetic_data/s2.csv,320,<timecave.validation_methods.markov.MarkovCV object at 0x00000250F6C42900>,2,Tree,4.467716764848098,1.6787163859526812,2.113697415631693
datasets/synthetic_data/s2.csv,320,<timecave.validation_methods.markov.MarkovCV object at 0x00000250F6C42900>,2,ARMA,3.042830804310593,1.378187190337709,1.7443711773331365
datasets/synthetic_data/s2.csv,320,<timecave.validation_methods.markov.MarkovCV object at 0x00000250F6C42900>,3,Tree,10.659201132845997,3.1082106325478684,3.2648432018775413
datasets/synthetic_data/s2.csv,320,<timecave.validation_methods.markov.MarkovCV object at 0x00000250F6C42900>,3,ARMA,2.1767285852674134,1.27643648120077,1.4753740492727305
datasets/synthetic_data/s2.csv,320,<timecave.validation_methods.markov.MarkovCV object at 0x00000250F6C42900>,4,Tree,3.093311226883418,1.5817286392093282,1.758781176520666
datasets/synthetic_data/s2.csv,320,<timecave.validation_methods.markov.MarkovCV object at 0x00000250F6C42900>,4,ARMA,3.079099269415779,1.3514776196043838,1.754736239272381
datasets/synthetic_data/s2.csv,320,<timecave.validation_methods.markov.MarkovCV object at 0x00000250F6C42900>,5,Tree,3.7660449402157825,1.719084088550841,1.940630036925066
datasets/synthetic_data/s2.csv,320,<timecave.validation_methods.markov.MarkovCV object at 0x00000250F6C42900>,5,ARMA,1.3962470373289024,0.9938596462994966,1.1816289761718364
datasets/synthetic_data/s2.csv,320,<timecave.validation_methods.markov.MarkovCV object at 0x00000250F6C42900>,6,Tree,2.950797755450276,1.3072529729903175,1.7177886236234876
datasets/synthetic_data/s2.csv,320,<timecave.validation_methods.markov.MarkovCV object at 0x00000250F6C42900>,6,ARMA,1.6770411352563395,1.1742765729845757,1.2950062298137177
datasets/synthetic_data/s2.csv,320,<timecave.validation_methods.markov.MarkovCV object at 0x00000250F6C42900>,7,Tree,3.5794681459757034,1.4152017662668912,1.8919482408289354
datasets/synthetic_data/s2.csv,320,<timecave.validation_methods.markov.MarkovCV object at 0x00000250F6C42900>,7,ARMA,3.3875332546521393,1.3742037481300913,1.8405252659640778
datasets/synthetic_data/s2.csv,320,<timecave.validation_methods.markov.MarkovCV object at 0x00000250F6C42900>,8,Tree,10.542468153467626,3.0818421313500552,3.2469167148954754
datasets/synthetic_data/s2.csv,320,<timecave.validation_methods.markov.MarkovCV object at 0x00000250F6C42900>,8,ARMA,2.3356546599595562,1.2785010814102937,1.5282848752636258
datasets/synthetic_data/s2.csv,320,<timecave.validation_methods.markov.MarkovCV object at 0x00000250F6C42900>,9,Tree,3.8020211375562583,1.5773548922014882,1.9498772108920752
datasets/synthetic_data/s2.csv,320,<timecave.validation_methods.markov.MarkovCV object at 0x00000250F6C42900>,9,ARMA,2.325887744007977,1.3661302854370552,1.5250861431433886
datasets/synthetic_data/s2.csv,321,<timecave.validation_methods.OOS.Holdout object at 0x00000250F6AC8800>,0,Tree,2.0875292347317744,1.1457725962009364,1.4448284447406807
datasets/synthetic_data/s2.csv,321,<timecave.validation_methods.OOS.Holdout object at 0x00000250F6AC8800>,0,ARMA,1.9445830476476258,1.0630708710920704,1.3944830754253081
datasets/synthetic_data/s2.csv,321,<timecave.validation_methods.OOS.Repeated_Holdout object at 0x00000250F29F49B0>,0,Tree,2.618404373928848,1.330282420577305,1.6181484400168138
datasets/synthetic_data/s2.csv,321,<timecave.validation_methods.OOS.Repeated_Holdout object at 0x00000250F29F49B0>,0,ARMA,2.370368547493137,1.1865962633077904,1.5396001258421412
datasets/synthetic_data/s2.csv,321,<timecave.validation_methods.OOS.Repeated_Holdout object at 0x00000250F29F49B0>,1,Tree,2.6352558556628716,1.2400237259339966,1.6233471149642862
datasets/synthetic_data/s2.csv,321,<timecave.validation_methods.OOS.Repeated_Holdout object at 0x00000250F29F49B0>,1,ARMA,2.2284569228564495,1.1445455556235375,1.4928017024563074
datasets/synthetic_data/s2.csv,321,<timecave.validation_methods.OOS.Repeated_Holdout object at 0x00000250F29F49B0>,2,Tree,2.3247741127844574,1.2255706641752462,1.5247209950625253
datasets/synthetic_data/s2.csv,321,<timecave.validation_methods.OOS.Repeated_Holdout object at 0x00000250F29F49B0>,2,ARMA,2.041290704855285,1.0958573934078013,1.4287374513378184
datasets/synthetic_data/s2.csv,321,<timecave.validation_methods.OOS.Repeated_Holdout object at 0x00000250F29F49B0>,3,Tree,2.1675231852497925,1.144572582136283,1.4722510605361412
datasets/synthetic_data/s2.csv,321,<timecave.validation_methods.OOS.Repeated_Holdout object at 0x00000250F29F49B0>,3,ARMA,1.9445830476476258,1.0630708710920704,1.3944830754253081
datasets/synthetic_data/s2.csv,321,<timecave.validation_methods.prequential.Growing_Window object at 0x00000250F29F7FE0>,0,Tree,2.197387104995676,1.1013263405956761,1.4823586290084043
datasets/synthetic_data/s2.csv,321,<timecave.validation_methods.prequential.Growing_Window object at 0x00000250F29F7FE0>,0,ARMA,1.058571449461189,0.7924558700349214,1.0288690147249984
datasets/synthetic_data/s2.csv,321,<timecave.validation_methods.prequential.Growing_Window object at 0x00000250F29F7FE0>,1,Tree,1.9227055732753546,1.1268503777070298,1.3866165920236764
datasets/synthetic_data/s2.csv,321,<timecave.validation_methods.prequential.Growing_Window object at 0x00000250F29F7FE0>,1,ARMA,1.1022699699874492,0.8582635786773787,1.0498904561845723
datasets/synthetic_data/s2.csv,321,<timecave.validation_methods.prequential.Growing_Window object at 0x00000250F29F7FE0>,2,Tree,1.5128273232263523,0.9663228325364908,1.2299704562412677
datasets/synthetic_data/s2.csv,321,<timecave.validation_methods.prequential.Growing_Window object at 0x00000250F29F7FE0>,2,ARMA,1.0092747814342908,0.7829830737566922,1.0046266875980803
datasets/synthetic_data/s2.csv,321,<timecave.validation_methods.prequential.Growing_Window object at 0x00000250F29F7FE0>,3,Tree,1.8699701903661048,1.1189357854907283,1.3674685335926764
datasets/synthetic_data/s2.csv,321,<timecave.validation_methods.prequential.Growing_Window object at 0x00000250F29F7FE0>,3,ARMA,2.2253635769253868,1.1318535747829483,1.4917652553017136
datasets/synthetic_data/s2.csv,321,<timecave.validation_methods.prequential.Growing_Window object at 0x00000250F29F4740>,0,Tree,1.6215157483650613,1.0011529297841693,1.2733875091130198
datasets/synthetic_data/s2.csv,321,<timecave.validation_methods.prequential.Growing_Window object at 0x00000250F29F4740>,0,ARMA,1.2476707038552883,0.9146174890945431,1.1169918101111074
datasets/synthetic_data/s2.csv,321,<timecave.validation_methods.prequential.Growing_Window object at 0x00000250F29F4740>,1,Tree,1.286017123557316,0.917086904337822,1.1340269501018554
datasets/synthetic_data/s2.csv,321,<timecave.validation_methods.prequential.Growing_Window object at 0x00000250F29F4740>,1,ARMA,1.1597224296082993,0.8637267644741791,1.0769040948981015
datasets/synthetic_data/s2.csv,321,<timecave.validation_methods.prequential.Growing_Window object at 0x00000250F29F4740>,2,Tree,2.1689311290786146,1.2323823505388263,1.472729143148398
datasets/synthetic_data/s2.csv,321,<timecave.validation_methods.prequential.Growing_Window object at 0x00000250F29F4740>,2,ARMA,2.313592461200067,1.1376112117312573,1.521049789191684
datasets/synthetic_data/s2.csv,321,<timecave.validation_methods.prequential.Rolling_Window object at 0x00000250F0476840>,0,Tree,1.87820727367138,1.020414728597726,1.3704770241311526
datasets/synthetic_data/s2.csv,321,<timecave.validation_methods.prequential.Rolling_Window object at 0x00000250F0476840>,0,ARMA,1.058571449461189,0.7924558700349214,1.0288690147249984
datasets/synthetic_data/s2.csv,321,<timecave.validation_methods.prequential.Rolling_Window object at 0x00000250F0476840>,1,Tree,2.1432820375315482,1.1281573778868172,1.4639952313896205
datasets/synthetic_data/s2.csv,321,<timecave.validation_methods.prequential.Rolling_Window object at 0x00000250F0476840>,1,ARMA,1.126330296281128,0.8781124854714976,1.061287094183816
datasets/synthetic_data/s2.csv,321,<timecave.validation_methods.prequential.Rolling_Window object at 0x00000250F0476840>,2,Tree,2.4145805871034476,1.3340485123540355,1.553892077045072
datasets/synthetic_data/s2.csv,321,<timecave.validation_methods.prequential.Rolling_Window object at 0x00000250F0476840>,2,ARMA,1.0515111891252047,0.8246526208750141,1.0254321962593163
datasets/synthetic_data/s2.csv,321,<timecave.validation_methods.prequential.Rolling_Window object at 0x00000250F0476840>,3,Tree,3.006620499722182,1.2861839122016663,1.733960927968731
datasets/synthetic_data/s2.csv,321,<timecave.validation_methods.prequential.Rolling_Window object at 0x00000250F0476840>,3,ARMA,2.2313801441307604,1.1016095259950813,1.4937804872640292
datasets/synthetic_data/s2.csv,321,<timecave.validation_methods.prequential.Rolling_Window object at 0x00000250F6C43AA0>,0,Tree,1.4236744426270291,0.8742654217001039,1.193178294567509
datasets/synthetic_data/s2.csv,321,<timecave.validation_methods.prequential.Rolling_Window object at 0x00000250F6C43AA0>,0,ARMA,1.2476707038552883,0.9146174890945431,1.1169918101111074
datasets/synthetic_data/s2.csv,321,<timecave.validation_methods.prequential.Rolling_Window object at 0x00000250F6C43AA0>,1,Tree,1.0274984539344583,0.901223409341398,1.0136559840174861
datasets/synthetic_data/s2.csv,321,<timecave.validation_methods.prequential.Rolling_Window object at 0x00000250F6C43AA0>,1,ARMA,1.1012377886401974,0.8446685325291159,1.0493987748421463
datasets/synthetic_data/s2.csv,321,<timecave.validation_methods.prequential.Rolling_Window object at 0x00000250F6C43AA0>,2,Tree,2.904342820061564,1.3685978367807907,1.7042132554529565
datasets/synthetic_data/s2.csv,321,<timecave.validation_methods.prequential.Rolling_Window object at 0x00000250F6C43AA0>,2,ARMA,2.406529838471176,1.1782850352251346,1.5512994032330367
datasets/synthetic_data/s2.csv,321,<timecave.validation_methods.CV.Block_CV object at 0x00000250F6C43E60>,0,Tree,1.2604263416315629,0.7914500658278035,1.1226871076268592
datasets/synthetic_data/s2.csv,321,<timecave.validation_methods.CV.Block_CV object at 0x00000250F6C43E60>,0,ARMA,0.4667605564477678,0.5694911363021773,0.6831987678909908
datasets/synthetic_data/s2.csv,321,<timecave.validation_methods.CV.Block_CV object at 0x00000250F6C43E60>,1,Tree,2.513670469364967,1.186638105976608,1.585455918455309
datasets/synthetic_data/s2.csv,321,<timecave.validation_methods.CV.Block_CV object at 0x00000250F6C43E60>,1,ARMA,1.2451184214409783,0.8965528809365337,1.1158487448758359
datasets/synthetic_data/s2.csv,321,<timecave.validation_methods.CV.Block_CV object at 0x00000250F6C43E60>,2,Tree,1.0407317085792316,0.8710991764311471,1.0201625892862527
datasets/synthetic_data/s2.csv,321,<timecave.validation_methods.CV.Block_CV object at 0x00000250F6C43E60>,2,ARMA,1.2328709148495185,0.9101519779029467,1.1103472046389447
datasets/synthetic_data/s2.csv,321,<timecave.validation_methods.CV.Block_CV object at 0x00000250F6C43E60>,3,Tree,2.751122051595207,1.223279283963314,1.658650671960557
datasets/synthetic_data/s2.csv,321,<timecave.validation_methods.CV.Block_CV object at 0x00000250F6C43E60>,3,ARMA,1.2064054488243334,0.8815163140763336,1.098364897847857
datasets/synthetic_data/s2.csv,321,<timecave.validation_methods.CV.Block_CV object at 0x00000250F6C43E60>,4,Tree,1.6846900753086842,1.0939659473801162,1.2979561145542187
datasets/synthetic_data/s2.csv,321,<timecave.validation_methods.CV.Block_CV object at 0x00000250F6C43E60>,4,ARMA,2.2253635769253868,1.1318535747829483,1.4917652553017136
datasets/synthetic_data/s2.csv,321,<timecave.validation_methods.CV.AdaptedhvBlockCV object at 0x00000250F6C41EE0>,0,Tree,0.9905891313034672,0.7309520562551426,0.9952834426953294
datasets/synthetic_data/s2.csv,321,<timecave.validation_methods.CV.AdaptedhvBlockCV object at 0x00000250F6C41EE0>,0,ARMA,0.4667495039577193,0.5694576958691571,0.6831906790623825
datasets/synthetic_data/s2.csv,321,<timecave.validation_methods.CV.AdaptedhvBlockCV object at 0x00000250F6C41EE0>,1,Tree,2.3785195302168485,1.2275504687431615,1.5422449643998999
datasets/synthetic_data/s2.csv,321,<timecave.validation_methods.CV.AdaptedhvBlockCV object at 0x00000250F6C41EE0>,1,ARMA,1.2440706903480645,0.8934621072541435,1.1153791688695214
datasets/synthetic_data/s2.csv,321,<timecave.validation_methods.CV.AdaptedhvBlockCV object at 0x00000250F6C41EE0>,2,Tree,1.585069813612145,1.0830076294903368,1.258995557423514
datasets/synthetic_data/s2.csv,321,<timecave.validation_methods.CV.AdaptedhvBlockCV object at 0x00000250F6C41EE0>,2,ARMA,1.2346035434966276,0.9144043189356221,1.111127150013277
datasets/synthetic_data/s2.csv,321,<timecave.validation_methods.CV.AdaptedhvBlockCV object at 0x00000250F6C41EE0>,3,Tree,1.817906136535154,1.1212156998347291,1.3482974955606624
datasets/synthetic_data/s2.csv,321,<timecave.validation_methods.CV.AdaptedhvBlockCV object at 0x00000250F6C41EE0>,3,ARMA,1.2217628170691068,0.8861543293919807,1.1053338034589852
datasets/synthetic_data/s2.csv,321,<timecave.validation_methods.CV.AdaptedhvBlockCV object at 0x00000250F6C41EE0>,4,Tree,2.343330509133327,1.239467477294806,1.5307940779652
datasets/synthetic_data/s2.csv,321,<timecave.validation_methods.CV.AdaptedhvBlockCV object at 0x00000250F6C41EE0>,4,ARMA,2.38091327896468,1.1655914515235302,1.543020829076743
datasets/synthetic_data/s2.csv,321,<timecave.validation_methods.markov.MarkovCV object at 0x00000250F6BB3200>,0,Tree,2.8906348251629694,1.4929202317500112,1.700186703030867
datasets/synthetic_data/s2.csv,321,<timecave.validation_methods.markov.MarkovCV object at 0x00000250F6BB3200>,0,ARMA,1.5306023064038563,0.9104334987118645,1.2371751316623918
datasets/synthetic_data/s2.csv,321,<timecave.validation_methods.markov.MarkovCV object at 0x00000250F6BB3200>,1,Tree,2.9428744634443693,1.4358687542040989,1.715480825729151
datasets/synthetic_data/s2.csv,321,<timecave.validation_methods.markov.MarkovCV object at 0x00000250F6BB3200>,1,ARMA,2.849043483573874,1.4007637128583117,1.6879109821237237
datasets/synthetic_data/s2.csv,321,<timecave.validation_methods.markov.MarkovCV object at 0x00000250F6BB3200>,2,Tree,6.261638537646029,1.9610361595525243,2.5023266248925276
datasets/synthetic_data/s2.csv,321,<timecave.validation_methods.markov.MarkovCV object at 0x00000250F6BB3200>,2,ARMA,3.2171690169578993,1.4416971223456825,1.793646848450915
datasets/synthetic_data/s2.csv,321,<timecave.validation_methods.markov.MarkovCV object at 0x00000250F6BB3200>,3,Tree,10.600958816119526,2.8022384269858267,3.255911364905305
datasets/synthetic_data/s2.csv,321,<timecave.validation_methods.markov.MarkovCV object at 0x00000250F6BB3200>,3,ARMA,1.9716910953941282,1.0602699650811862,1.4041691833230525
datasets/synthetic_data/s2.csv,321,<timecave.validation_methods.markov.MarkovCV object at 0x00000250F6BB3200>,4,Tree,2.753935278164962,1.3263504619933988,1.6594985020074475
datasets/synthetic_data/s2.csv,321,<timecave.validation_methods.markov.MarkovCV object at 0x00000250F6BB3200>,4,ARMA,1.0041942355393643,0.9057298144754986,1.0020949234176193
datasets/synthetic_data/s2.csv,321,<timecave.validation_methods.markov.MarkovCV object at 0x00000250F6BB3200>,5,Tree,1.8437629427592113,1.023002067948995,1.3578523273019092
datasets/synthetic_data/s2.csv,321,<timecave.validation_methods.markov.MarkovCV object at 0x00000250F6BB3200>,5,ARMA,0.9171558512309764,0.6665606312474436,0.9576825419892421
datasets/synthetic_data/s2.csv,321,<timecave.validation_methods.markov.MarkovCV object at 0x00000250F6BB3200>,6,Tree,1.5926720458506787,1.066905295183233,1.2620111116193387
datasets/synthetic_data/s2.csv,321,<timecave.validation_methods.markov.MarkovCV object at 0x00000250F6BB3200>,6,ARMA,2.0963251555802116,1.0942567766575466,1.447869177647004
datasets/synthetic_data/s2.csv,321,<timecave.validation_methods.markov.MarkovCV object at 0x00000250F6BB3200>,7,Tree,2.1405633462794755,1.1837174192737565,1.4630664189569371
datasets/synthetic_data/s2.csv,321,<timecave.validation_methods.markov.MarkovCV object at 0x00000250F6BB3200>,7,ARMA,2.3372659913413796,1.3785278693083305,1.5288119542119558
datasets/synthetic_data/s2.csv,321,<timecave.validation_methods.markov.MarkovCV object at 0x00000250F6BB3200>,8,Tree,0.8332836541063938,0.7408585687904122,0.9128437183364926
datasets/synthetic_data/s2.csv,321,<timecave.validation_methods.markov.MarkovCV object at 0x00000250F6BB3200>,8,ARMA,1.273207928770223,0.8750808122202991,1.128365157548842
datasets/synthetic_data/s2.csv,321,<timecave.validation_methods.markov.MarkovCV object at 0x00000250F6BB3200>,9,Tree,0.8942182715280403,0.743824398842289,0.9456311498295942
datasets/synthetic_data/s2.csv,321,<timecave.validation_methods.markov.MarkovCV object at 0x00000250F6BB3200>,9,ARMA,0.8444099356554213,0.7101433509430752,0.9189178068007069
datasets/synthetic_data/s2.csv,322,<timecave.validation_methods.OOS.Holdout object at 0x00000250F6ACB1D0>,0,Tree,2.1871217873685334,1.2521274066326988,1.478892081041931
datasets/synthetic_data/s2.csv,322,<timecave.validation_methods.OOS.Holdout object at 0x00000250F6ACB1D0>,0,ARMA,1.7982427818380347,1.0737845108313515,1.3409857500503257
datasets/synthetic_data/s2.csv,322,<timecave.validation_methods.OOS.Repeated_Holdout object at 0x00000250F6C42EA0>,0,Tree,1.763430509072695,1.0335449912111512,1.3279422084837484
datasets/synthetic_data/s2.csv,322,<timecave.validation_methods.OOS.Repeated_Holdout object at 0x00000250F6C42EA0>,0,ARMA,2.162608943907719,1.1961405184625167,1.4705811585586561
datasets/synthetic_data/s2.csv,322,<timecave.validation_methods.OOS.Repeated_Holdout object at 0x00000250F6C42EA0>,1,Tree,2.6249316042841224,1.3304084056178975,1.6201640670883064
datasets/synthetic_data/s2.csv,322,<timecave.validation_methods.OOS.Repeated_Holdout object at 0x00000250F6C42EA0>,1,ARMA,2.229160335926479,1.2153493383604408,1.4930372855111418
datasets/synthetic_data/s2.csv,322,<timecave.validation_methods.OOS.Repeated_Holdout object at 0x00000250F6C42EA0>,2,Tree,2.228905903532859,1.2466213497609338,1.492952076770336
datasets/synthetic_data/s2.csv,322,<timecave.validation_methods.OOS.Repeated_Holdout object at 0x00000250F6C42EA0>,2,ARMA,1.9678770800847878,1.1294755047826046,1.4028104220046227
datasets/synthetic_data/s2.csv,322,<timecave.validation_methods.OOS.Repeated_Holdout object at 0x00000250F6C42EA0>,3,Tree,2.221391715123176,1.2618965507138442,1.490433398419123
datasets/synthetic_data/s2.csv,322,<timecave.validation_methods.OOS.Repeated_Holdout object at 0x00000250F6C42EA0>,3,ARMA,1.7982427818380347,1.0737845108313515,1.3409857500503257
datasets/synthetic_data/s2.csv,322,<timecave.validation_methods.prequential.Growing_Window object at 0x00000250F6C40650>,0,Tree,3.664320985485531,1.486263287819932,1.9142416215006743
datasets/synthetic_data/s2.csv,322,<timecave.validation_methods.prequential.Growing_Window object at 0x00000250F6C40650>,0,ARMA,1.9728430039946643,1.0616163292582517,1.404579297866327
datasets/synthetic_data/s2.csv,322,<timecave.validation_methods.prequential.Growing_Window object at 0x00000250F6C40650>,1,Tree,3.3243175503317963,1.4713156080978076,1.8232711126795698
datasets/synthetic_data/s2.csv,322,<timecave.validation_methods.prequential.Growing_Window object at 0x00000250F6C40650>,1,ARMA,1.6268250846042802,1.0360725662665062,1.275470534588816
datasets/synthetic_data/s2.csv,322,<timecave.validation_methods.prequential.Growing_Window object at 0x00000250F6C40650>,2,Tree,4.499396356226326,1.7231310235262487,2.1211780585859183
datasets/synthetic_data/s2.csv,322,<timecave.validation_methods.prequential.Growing_Window object at 0x00000250F6C40650>,2,ARMA,1.8162669949904262,0.9830282506991883,1.3476895024412805
datasets/synthetic_data/s2.csv,322,<timecave.validation_methods.prequential.Growing_Window object at 0x00000250F6C40650>,3,Tree,2.4161358631834853,1.219728231453489,1.5543924418188237
datasets/synthetic_data/s2.csv,322,<timecave.validation_methods.prequential.Growing_Window object at 0x00000250F6C40650>,3,ARMA,2.2783283839438475,1.2143004558269888,1.5094132581714814
datasets/synthetic_data/s2.csv,322,<timecave.validation_methods.prequential.Growing_Window object at 0x00000250F6C43E30>,0,Tree,1.7353640960985348,1.0418280814020635,1.3173321889707754
datasets/synthetic_data/s2.csv,322,<timecave.validation_methods.prequential.Growing_Window object at 0x00000250F6C43E30>,0,ARMA,1.5374195739207572,1.0068050425745865,1.2399272454143255
datasets/synthetic_data/s2.csv,322,<timecave.validation_methods.prequential.Growing_Window object at 0x00000250F6C43E30>,1,Tree,3.308117266311955,1.3867884172894864,1.8188230442547055
datasets/synthetic_data/s2.csv,322,<timecave.validation_methods.prequential.Growing_Window object at 0x00000250F6C43E30>,1,ARMA,1.8240787951418194,0.9916929436461994,1.3505846123593366
datasets/synthetic_data/s2.csv,322,<timecave.validation_methods.prequential.Growing_Window object at 0x00000250F6C43E30>,2,Tree,1.7336475690169157,1.1064739849049092,1.3166805113682345
datasets/synthetic_data/s2.csv,322,<timecave.validation_methods.prequential.Growing_Window object at 0x00000250F6C43E30>,2,ARMA,2.3015549583936585,1.2334662301611699,1.5170876567929945
datasets/synthetic_data/s2.csv,322,<timecave.validation_methods.prequential.Rolling_Window object at 0x00000250F6C42690>,0,Tree,3.632337721443062,1.4667877197969867,1.9058692823599057
datasets/synthetic_data/s2.csv,322,<timecave.validation_methods.prequential.Rolling_Window object at 0x00000250F6C42690>,0,ARMA,1.9728430039946643,1.0616163292582517,1.404579297866327
datasets/synthetic_data/s2.csv,322,<timecave.validation_methods.prequential.Rolling_Window object at 0x00000250F6C42690>,1,Tree,2.27586657548352,1.2340255290531705,1.5085975525247017
datasets/synthetic_data/s2.csv,322,<timecave.validation_methods.prequential.Rolling_Window object at 0x00000250F6C42690>,1,ARMA,1.666287180182716,1.0391850459514802,1.2908474658853835
datasets/synthetic_data/s2.csv,322,<timecave.validation_methods.prequential.Rolling_Window object at 0x00000250F6C42690>,2,Tree,2.096676299257823,1.1084818707983717,1.4479904347950034
datasets/synthetic_data/s2.csv,322,<timecave.validation_methods.prequential.Rolling_Window object at 0x00000250F6C42690>,2,ARMA,1.7696066466688216,0.9648749263026248,1.3302656301163394
datasets/synthetic_data/s2.csv,322,<timecave.validation_methods.prequential.Rolling_Window object at 0x00000250F6C42690>,3,Tree,4.3550279004149735,1.5560375370681034,2.0868703602320324
datasets/synthetic_data/s2.csv,322,<timecave.validation_methods.prequential.Rolling_Window object at 0x00000250F6C42690>,3,ARMA,2.264429458916818,1.2130203668828008,1.5048021328124233
datasets/synthetic_data/s2.csv,322,<timecave.validation_methods.prequential.Rolling_Window object at 0x00000250F6C42510>,0,Tree,2.2895669671279135,1.1157380638052057,1.5131315101893534
datasets/synthetic_data/s2.csv,322,<timecave.validation_methods.prequential.Rolling_Window object at 0x00000250F6C42510>,0,ARMA,1.5374195739207572,1.0068050425745865,1.2399272454143255
datasets/synthetic_data/s2.csv,322,<timecave.validation_methods.prequential.Rolling_Window object at 0x00000250F6C42510>,1,Tree,2.37335482467661,1.207827905907662,1.5405696429167395
datasets/synthetic_data/s2.csv,322,<timecave.validation_methods.prequential.Rolling_Window object at 0x00000250F6C42510>,1,ARMA,1.808867015141699,0.990843838715207,1.3449412682870947
datasets/synthetic_data/s2.csv,322,<timecave.validation_methods.prequential.Rolling_Window object at 0x00000250F6C42510>,2,Tree,3.577717906052402,1.588064661563584,1.8914856346407714
datasets/synthetic_data/s2.csv,322,<timecave.validation_methods.prequential.Rolling_Window object at 0x00000250F6C42510>,2,ARMA,2.2667617155447886,1.2281216765853316,1.5055768713502438
datasets/synthetic_data/s2.csv,322,<timecave.validation_methods.CV.Block_CV object at 0x00000250F6C41520>,0,Tree,2.289771969748057,1.238363240866515,1.5131992498504805
datasets/synthetic_data/s2.csv,322,<timecave.validation_methods.CV.Block_CV object at 0x00000250F6C41520>,0,ARMA,1.7369148081880563,1.154627855706407,1.3179206380461823
datasets/synthetic_data/s2.csv,322,<timecave.validation_methods.CV.Block_CV object at 0x00000250F6C41520>,1,Tree,3.856056527711525,1.4407195215907762,1.9636844267120734
datasets/synthetic_data/s2.csv,322,<timecave.validation_methods.CV.Block_CV object at 0x00000250F6C41520>,1,ARMA,2.3595364855751733,1.2061923052712171,1.5360782810700675
datasets/synthetic_data/s2.csv,322,<timecave.validation_methods.CV.Block_CV object at 0x00000250F6C41520>,2,Tree,4.36273890761514,1.5248917488957343,2.088717048241609
datasets/synthetic_data/s2.csv,322,<timecave.validation_methods.CV.Block_CV object at 0x00000250F6C41520>,2,ARMA,2.428757356316842,1.1814462676628956,1.5584470976959217
datasets/synthetic_data/s2.csv,322,<timecave.validation_methods.CV.Block_CV object at 0x00000250F6C41520>,3,Tree,4.336004433469807,1.5877220073585845,2.082307478128484
datasets/synthetic_data/s2.csv,322,<timecave.validation_methods.CV.Block_CV object at 0x00000250F6C41520>,3,ARMA,2.177773566063939,1.1639720550835524,1.4757281477507769
datasets/synthetic_data/s2.csv,322,<timecave.validation_methods.CV.Block_CV object at 0x00000250F6C41520>,4,Tree,2.5924661865956176,1.3009458049315983,1.6101137185291037
datasets/synthetic_data/s2.csv,322,<timecave.validation_methods.CV.Block_CV object at 0x00000250F6C41520>,4,ARMA,2.2783283839438475,1.2143004558269888,1.5094132581714814
datasets/synthetic_data/s2.csv,322,<timecave.validation_methods.CV.AdaptedhvBlockCV object at 0x00000250F6C40BF0>,0,Tree,1.8228313600444153,1.099750789457176,1.3501227203644917
datasets/synthetic_data/s2.csv,322,<timecave.validation_methods.CV.AdaptedhvBlockCV object at 0x00000250F6C40BF0>,0,ARMA,1.7366386502541045,1.1545123832811004,1.31781586356141
datasets/synthetic_data/s2.csv,322,<timecave.validation_methods.CV.AdaptedhvBlockCV object at 0x00000250F6C40BF0>,1,Tree,3.3085256882694236,1.3704964402653657,1.818935317230776
datasets/synthetic_data/s2.csv,322,<timecave.validation_methods.CV.AdaptedhvBlockCV object at 0x00000250F6C40BF0>,1,ARMA,2.3422269292374267,1.1969345610659006,1.530433575571781
datasets/synthetic_data/s2.csv,322,<timecave.validation_methods.CV.AdaptedhvBlockCV object at 0x00000250F6C40BF0>,2,Tree,4.323958014226167,1.552135393750365,2.079412901332048
datasets/synthetic_data/s2.csv,322,<timecave.validation_methods.CV.AdaptedhvBlockCV object at 0x00000250F6C40BF0>,2,ARMA,2.4227533073710097,1.1802268006312915,1.5565196135516601
datasets/synthetic_data/s2.csv,322,<timecave.validation_methods.CV.AdaptedhvBlockCV object at 0x00000250F6C40BF0>,3,Tree,4.517690184147065,1.6647316941254013,2.1254858701358295
datasets/synthetic_data/s2.csv,322,<timecave.validation_methods.CV.AdaptedhvBlockCV object at 0x00000250F6C40BF0>,3,ARMA,2.1776182113598366,1.1639709833070333,1.4756755101850259
datasets/synthetic_data/s2.csv,322,<timecave.validation_methods.CV.AdaptedhvBlockCV object at 0x00000250F6C40BF0>,4,Tree,2.5139664119421608,1.3207886188037707,1.5855492461422196
datasets/synthetic_data/s2.csv,322,<timecave.validation_methods.CV.AdaptedhvBlockCV object at 0x00000250F6C40BF0>,4,ARMA,2.2539773581992826,1.2080309198415748,1.5013252006808127
datasets/synthetic_data/s2.csv,322,<timecave.validation_methods.markov.MarkovCV object at 0x00000250F6C42240>,0,Tree,0.9809218002356852,0.8076383780306078,0.9904149636569942
datasets/synthetic_data/s2.csv,322,<timecave.validation_methods.markov.MarkovCV object at 0x00000250F6C42240>,0,ARMA,1.278140578890692,0.8049408923530059,1.130548795448782
datasets/synthetic_data/s2.csv,322,<timecave.validation_methods.markov.MarkovCV object at 0x00000250F6C42240>,1,Tree,2.8600155275934944,1.4718697631899649,1.6911580433518016
datasets/synthetic_data/s2.csv,322,<timecave.validation_methods.markov.MarkovCV object at 0x00000250F6C42240>,1,ARMA,1.2750740308527462,0.9151182083354171,1.1291917600003758
datasets/synthetic_data/s2.csv,322,<timecave.validation_methods.markov.MarkovCV object at 0x00000250F6C42240>,2,Tree,4.8797421335268965,1.806685938301679,2.2090138373325994
datasets/synthetic_data/s2.csv,322,<timecave.validation_methods.markov.MarkovCV object at 0x00000250F6C42240>,2,ARMA,2.610328640838714,1.2228482827139922,1.6156511507249063
datasets/synthetic_data/s2.csv,322,<timecave.validation_methods.markov.MarkovCV object at 0x00000250F6C42240>,3,Tree,3.1996761338241195,1.3775406087703732,1.7887638563611798
datasets/synthetic_data/s2.csv,322,<timecave.validation_methods.markov.MarkovCV object at 0x00000250F6C42240>,3,ARMA,1.474022226891381,1.0056781872081382,1.214093170597455
datasets/synthetic_data/s2.csv,322,<timecave.validation_methods.markov.MarkovCV object at 0x00000250F6C42240>,4,Tree,3.624844005883204,1.826684955661802,1.9039023099631986
datasets/synthetic_data/s2.csv,322,<timecave.validation_methods.markov.MarkovCV object at 0x00000250F6C42240>,4,ARMA,2.6006375318344173,1.3775078369429994,1.6126492277722446
datasets/synthetic_data/s2.csv,322,<timecave.validation_methods.markov.MarkovCV object at 0x00000250F6C42240>,5,Tree,4.720244910927121,2.0074827658368184,2.172612462204689
datasets/synthetic_data/s2.csv,322,<timecave.validation_methods.markov.MarkovCV object at 0x00000250F6C42240>,5,ARMA,1.967127714073135,1.229220163420102,1.402543302031397
datasets/synthetic_data/s2.csv,322,<timecave.validation_methods.markov.MarkovCV object at 0x00000250F6C42240>,6,Tree,3.314672878417053,1.415802229037276,1.8206243100697774
datasets/synthetic_data/s2.csv,322,<timecave.validation_methods.markov.MarkovCV object at 0x00000250F6C42240>,6,ARMA,1.2804283562141139,0.9075470896002392,1.1315601425528004
datasets/synthetic_data/s2.csv,322,<timecave.validation_methods.markov.MarkovCV object at 0x00000250F6C42240>,7,Tree,4.450812231633557,1.7895407992986803,2.1096948195493956
datasets/synthetic_data/s2.csv,322,<timecave.validation_methods.markov.MarkovCV object at 0x00000250F6C42240>,7,ARMA,2.3283536110021665,1.3281244909605663,1.5258943642998903
datasets/synthetic_data/s2.csv,322,<timecave.validation_methods.markov.MarkovCV object at 0x00000250F6C42240>,8,Tree,3.9008213757050823,1.6319285069034393,1.9750497147426649
datasets/synthetic_data/s2.csv,322,<timecave.validation_methods.markov.MarkovCV object at 0x00000250F6C42240>,8,ARMA,2.624236785860222,1.1758124587691394,1.6199496244822622
datasets/synthetic_data/s2.csv,322,<timecave.validation_methods.markov.MarkovCV object at 0x00000250F6C42240>,9,Tree,3.313540000010032,1.485078682766545,1.8203131598738806
datasets/synthetic_data/s2.csv,322,<timecave.validation_methods.markov.MarkovCV object at 0x00000250F6C42240>,9,ARMA,2.1809517504814133,1.1266760505617714,1.4768045742349978
datasets/synthetic_data/s2.csv,323,<timecave.validation_methods.OOS.Holdout object at 0x00000250F29F7D40>,0,Tree,2.0956600076197787,1.2102928669501032,1.4476394605079603
datasets/synthetic_data/s2.csv,323,<timecave.validation_methods.OOS.Holdout object at 0x00000250F29F7D40>,0,ARMA,1.2947793887498065,0.9070219099394766,1.1378837325271007
datasets/synthetic_data/s2.csv,323,<timecave.validation_methods.OOS.Repeated_Holdout object at 0x00000250F29F7320>,0,Tree,2.7722989648793286,1.3513815806020952,1.6650222115273203
datasets/synthetic_data/s2.csv,323,<timecave.validation_methods.OOS.Repeated_Holdout object at 0x00000250F29F7320>,0,ARMA,1.3464915983819707,0.9307559865129347,1.1603842460073175
datasets/synthetic_data/s2.csv,323,<timecave.validation_methods.OOS.Repeated_Holdout object at 0x00000250F29F7320>,1,Tree,2.572302810324817,1.2874582666932894,1.6038400201780778
datasets/synthetic_data/s2.csv,323,<timecave.validation_methods.OOS.Repeated_Holdout object at 0x00000250F29F7320>,1,ARMA,1.2456110728888792,0.9027404715931342,1.1160694749382223
datasets/synthetic_data/s2.csv,323,<timecave.validation_methods.OOS.Repeated_Holdout object at 0x00000250F29F7320>,2,Tree,1.7857519079126831,1.1080205998081352,1.336320286425632
datasets/synthetic_data/s2.csv,323,<timecave.validation_methods.OOS.Repeated_Holdout object at 0x00000250F29F7320>,2,ARMA,1.3247952937139622,0.9211938399356878,1.150997521158913
datasets/synthetic_data/s2.csv,323,<timecave.validation_methods.OOS.Repeated_Holdout object at 0x00000250F29F7320>,3,Tree,2.200883887586295,1.2198096592812406,1.4835376259422255
datasets/synthetic_data/s2.csv,323,<timecave.validation_methods.OOS.Repeated_Holdout object at 0x00000250F29F7320>,3,ARMA,1.2947793887498065,0.9070219099394766,1.1378837325271007
datasets/synthetic_data/s2.csv,323,<timecave.validation_methods.prequential.Growing_Window object at 0x00000250F2668230>,0,Tree,2.5308859077074515,1.352306110727358,1.5908758303863477
datasets/synthetic_data/s2.csv,323,<timecave.validation_methods.prequential.Growing_Window object at 0x00000250F2668230>,0,ARMA,1.6384866841656074,1.0562831788631235,1.2800338605543242
datasets/synthetic_data/s2.csv,323,<timecave.validation_methods.prequential.Growing_Window object at 0x00000250F2668230>,1,Tree,2.008070593830397,1.0497610256749403,1.4170640754145158
datasets/synthetic_data/s2.csv,323,<timecave.validation_methods.prequential.Growing_Window object at 0x00000250F2668230>,1,ARMA,1.4273993565020762,1.0185709332926272,1.1947381957994296
datasets/synthetic_data/s2.csv,323,<timecave.validation_methods.prequential.Growing_Window object at 0x00000250F2668230>,2,Tree,0.893104260654098,0.8177955532712221,0.9450419359235325
datasets/synthetic_data/s2.csv,323,<timecave.validation_methods.prequential.Growing_Window object at 0x00000250F2668230>,2,ARMA,1.122964229656988,0.842231996742437,1.059700065894585
datasets/synthetic_data/s2.csv,323,<timecave.validation_methods.prequential.Growing_Window object at 0x00000250F2668230>,3,Tree,2.651053318003564,1.336117623313026,1.6282055515209264
datasets/synthetic_data/s2.csv,323,<timecave.validation_methods.prequential.Growing_Window object at 0x00000250F2668230>,3,ARMA,1.1698181448256835,0.8417919607688966,1.0815813167883788
datasets/synthetic_data/s2.csv,323,<timecave.validation_methods.prequential.Growing_Window object at 0x00000250F6C16720>,0,Tree,2.7140834135257057,1.270708672831157,1.6474475449997508
datasets/synthetic_data/s2.csv,323,<timecave.validation_methods.prequential.Growing_Window object at 0x00000250F6C16720>,0,ARMA,1.6500811519636702,1.1206898575300883,1.2845548458371367
datasets/synthetic_data/s2.csv,323,<timecave.validation_methods.prequential.Growing_Window object at 0x00000250F6C16720>,1,Tree,1.9575736447340664,1.1989683761864038,1.3991331761966286
datasets/synthetic_data/s2.csv,323,<timecave.validation_methods.prequential.Growing_Window object at 0x00000250F6C16720>,1,ARMA,1.1364205357547488,0.8481456851584754,1.0660302696240613
datasets/synthetic_data/s2.csv,323,<timecave.validation_methods.prequential.Growing_Window object at 0x00000250F6C16720>,2,Tree,2.11351531915266,1.2100914762918025,1.4537934238235706
datasets/synthetic_data/s2.csv,323,<timecave.validation_methods.prequential.Growing_Window object at 0x00000250F6C16720>,2,ARMA,1.231001682800641,0.8807539088197368,1.1095051522190607
datasets/synthetic_data/s2.csv,323,<timecave.validation_methods.prequential.Rolling_Window object at 0x00000250F6C163F0>,0,Tree,2.319880288918195,1.287668808199094,1.5231153235780261
datasets/synthetic_data/s2.csv,323,<timecave.validation_methods.prequential.Rolling_Window object at 0x00000250F6C163F0>,0,ARMA,1.6384866841656074,1.0562831788631235,1.2800338605543242
datasets/synthetic_data/s2.csv,323,<timecave.validation_methods.prequential.Rolling_Window object at 0x00000250F6C163F0>,1,Tree,2.663264076813733,1.3629144946632896,1.6319510031902713
datasets/synthetic_data/s2.csv,323,<timecave.validation_methods.prequential.Rolling_Window object at 0x00000250F6C163F0>,1,ARMA,1.3116803074722443,0.9337963593261014,1.1452861247182926
datasets/synthetic_data/s2.csv,323,<timecave.validation_methods.prequential.Rolling_Window object at 0x00000250F6C163F0>,2,Tree,2.131025314865027,1.1400710931281306,1.4598031767553552
datasets/synthetic_data/s2.csv,323,<timecave.validation_methods.prequential.Rolling_Window object at 0x00000250F6C163F0>,2,ARMA,1.1349207426165966,0.8444774596290899,1.0653265896506088
datasets/synthetic_data/s2.csv,323,<timecave.validation_methods.prequential.Rolling_Window object at 0x00000250F6C163F0>,3,Tree,3.0348811489095984,1.3768237560760257,1.7420910277335104
datasets/synthetic_data/s2.csv,323,<timecave.validation_methods.prequential.Rolling_Window object at 0x00000250F6C163F0>,3,ARMA,1.251945654175552,0.8950724623423715,1.1189037734209104
datasets/synthetic_data/s2.csv,323,<timecave.validation_methods.prequential.Rolling_Window object at 0x00000250F6C14AD0>,0,Tree,2.152578261652462,1.2017648858088237,1.467166746369499
datasets/synthetic_data/s2.csv,323,<timecave.validation_methods.prequential.Rolling_Window object at 0x00000250F6C14AD0>,0,ARMA,1.6500811519636702,1.1206898575300883,1.2845548458371367
datasets/synthetic_data/s2.csv,323,<timecave.validation_methods.prequential.Rolling_Window object at 0x00000250F6C14AD0>,1,Tree,2.5887056047031303,1.173552520091947,1.6089454946340258
datasets/synthetic_data/s2.csv,323,<timecave.validation_methods.prequential.Rolling_Window object at 0x00000250F6C14AD0>,1,ARMA,1.2778939407755465,0.888801697900221,1.1304397112520184
datasets/synthetic_data/s2.csv,323,<timecave.validation_methods.prequential.Rolling_Window object at 0x00000250F6C14AD0>,2,Tree,2.7133102545891514,1.429702279713486,1.6472128747035555
datasets/synthetic_data/s2.csv,323,<timecave.validation_methods.prequential.Rolling_Window object at 0x00000250F6C14AD0>,2,ARMA,1.24738661947273,0.8915646645970061,1.116864637936366
datasets/synthetic_data/s2.csv,323,<timecave.validation_methods.CV.Block_CV object at 0x00000250F6C15700>,0,Tree,1.948388164229838,1.1582294887920015,1.3958467552814808
datasets/synthetic_data/s2.csv,323,<timecave.validation_methods.CV.Block_CV object at 0x00000250F6C15700>,0,ARMA,1.4871297199116782,1.010119847574721,1.219479282280629
datasets/synthetic_data/s2.csv,323,<timecave.validation_methods.CV.Block_CV object at 0x00000250F6C15700>,1,Tree,2.711160609346799,1.2851318648431131,1.64656023556589
datasets/synthetic_data/s2.csv,323,<timecave.validation_methods.CV.Block_CV object at 0x00000250F6C15700>,1,ARMA,1.60305005692806,1.0538087448349085,1.266116130901135
datasets/synthetic_data/s2.csv,323,<timecave.validation_methods.CV.Block_CV object at 0x00000250F6C15700>,2,Tree,2.6300807243917883,1.207275917854022,1.6217523622279044
datasets/synthetic_data/s2.csv,323,<timecave.validation_methods.CV.Block_CV object at 0x00000250F6C15700>,2,ARMA,1.4608937052087665,1.01878312658704,1.2086743586296378
datasets/synthetic_data/s2.csv,323,<timecave.validation_methods.CV.Block_CV object at 0x00000250F6C15700>,3,Tree,2.2483521606877668,1.3100842805464732,1.4994506196229893
datasets/synthetic_data/s2.csv,323,<timecave.validation_methods.CV.Block_CV object at 0x00000250F6C15700>,3,ARMA,1.193545496496836,0.8561706011291287,1.0924950784771692
datasets/synthetic_data/s2.csv,323,<timecave.validation_methods.CV.Block_CV object at 0x00000250F6C15700>,4,Tree,2.429489829981673,1.2138893604624916,1.5586820811126536
datasets/synthetic_data/s2.csv,323,<timecave.validation_methods.CV.Block_CV object at 0x00000250F6C15700>,4,ARMA,1.1698181448256835,0.8417919607688966,1.0815813167883788
datasets/synthetic_data/s2.csv,323,<timecave.validation_methods.CV.AdaptedhvBlockCV object at 0x00000250F6C14E00>,0,Tree,2.43263989812293,1.2634359683270615,1.5596922446825623
datasets/synthetic_data/s2.csv,323,<timecave.validation_methods.CV.AdaptedhvBlockCV object at 0x00000250F6C14E00>,0,ARMA,1.5003871880876563,1.0153209377287071,1.2249029300673815
datasets/synthetic_data/s2.csv,323,<timecave.validation_methods.CV.AdaptedhvBlockCV object at 0x00000250F6C14E00>,1,Tree,2.1355434304056735,1.1890056855038849,1.4613498658451622
datasets/synthetic_data/s2.csv,323,<timecave.validation_methods.CV.AdaptedhvBlockCV object at 0x00000250F6C14E00>,1,ARMA,1.5938659398067374,1.0559221033430408,1.2624840354660876
datasets/synthetic_data/s2.csv,323,<timecave.validation_methods.CV.AdaptedhvBlockCV object at 0x00000250F6C14E00>,2,Tree,2.345664314860934,1.2205893152893963,1.5315561742426995
datasets/synthetic_data/s2.csv,323,<timecave.validation_methods.CV.AdaptedhvBlockCV object at 0x00000250F6C14E00>,2,ARMA,1.4565790716885583,1.0139041759830434,1.2068881769611293
datasets/synthetic_data/s2.csv,323,<timecave.validation_methods.CV.AdaptedhvBlockCV object at 0x00000250F6C14E00>,3,Tree,2.9312973910990197,1.315908606875082,1.7121032069063535
datasets/synthetic_data/s2.csv,323,<timecave.validation_methods.CV.AdaptedhvBlockCV object at 0x00000250F6C14E00>,3,ARMA,1.1886373868749114,0.8545625637213758,1.090246479872745
datasets/synthetic_data/s2.csv,323,<timecave.validation_methods.CV.AdaptedhvBlockCV object at 0x00000250F6C14E00>,4,Tree,2.40056759146563,1.2379357774748219,1.5493765170111589
datasets/synthetic_data/s2.csv,323,<timecave.validation_methods.CV.AdaptedhvBlockCV object at 0x00000250F6C14E00>,4,ARMA,1.2093518846893394,0.8750095482132719,1.099705362671902
datasets/synthetic_data/s2.csv,323,<timecave.validation_methods.markov.MarkovCV object at 0x00000250F2A0D190>,0,Tree,1.4302939763810945,1.1458952239179858,1.1959489856934093
datasets/synthetic_data/s2.csv,323,<timecave.validation_methods.markov.MarkovCV object at 0x00000250F2A0D190>,0,ARMA,1.4872828179211446,1.0725176609822986,1.219542052543144
datasets/synthetic_data/s2.csv,323,<timecave.validation_methods.markov.MarkovCV object at 0x00000250F2A0D190>,1,Tree,1.8352285028188455,1.068771733922652,1.3547060577183692
datasets/synthetic_data/s2.csv,323,<timecave.validation_methods.markov.MarkovCV object at 0x00000250F2A0D190>,1,ARMA,0.9310778918063246,0.8336570622402389,0.9649237751275096
datasets/synthetic_data/s2.csv,323,<timecave.validation_methods.markov.MarkovCV object at 0x00000250F2A0D190>,2,Tree,1.2501324834423007,0.8500339606282005,1.1180932355766673
datasets/synthetic_data/s2.csv,323,<timecave.validation_methods.markov.MarkovCV object at 0x00000250F2A0D190>,2,ARMA,1.2326963352063962,0.8541489397321399,1.1102685869673141
datasets/synthetic_data/s2.csv,323,<timecave.validation_methods.markov.MarkovCV object at 0x00000250F2A0D190>,3,Tree,2.0235373694179013,1.183271782182082,1.4225109382419179
datasets/synthetic_data/s2.csv,323,<timecave.validation_methods.markov.MarkovCV object at 0x00000250F2A0D190>,3,ARMA,1.31458291989953,0.8881282045365739,1.1465526241300614
datasets/synthetic_data/s2.csv,323,<timecave.validation_methods.markov.MarkovCV object at 0x00000250F2A0D190>,4,Tree,2.8813966344728277,1.38963863214732,1.6974677123506143
datasets/synthetic_data/s2.csv,323,<timecave.validation_methods.markov.MarkovCV object at 0x00000250F2A0D190>,4,ARMA,1.9081566446841485,1.151723973944885,1.3813604325751294
datasets/synthetic_data/s2.csv,323,<timecave.validation_methods.markov.MarkovCV object at 0x00000250F2A0D190>,5,Tree,2.1160884556404786,1.138993839509403,1.4546781278483838
datasets/synthetic_data/s2.csv,323,<timecave.validation_methods.markov.MarkovCV object at 0x00000250F2A0D190>,5,ARMA,1.5057734782802386,0.9936581366517248,1.2270996203569775
datasets/synthetic_data/s2.csv,323,<timecave.validation_methods.markov.MarkovCV object at 0x00000250F2A0D190>,6,Tree,2.8017675916311444,1.294217458106534,1.6738481387602473
datasets/synthetic_data/s2.csv,323,<timecave.validation_methods.markov.MarkovCV object at 0x00000250F2A0D190>,6,ARMA,2.9883004563527793,1.376299265476536,1.7286701409906922
datasets/synthetic_data/s2.csv,323,<timecave.validation_methods.markov.MarkovCV object at 0x00000250F2A0D190>,7,Tree,3.499140730985493,1.4522791251439124,1.8705990299862483
datasets/synthetic_data/s2.csv,323,<timecave.validation_methods.markov.MarkovCV object at 0x00000250F2A0D190>,7,ARMA,1.5354598667341268,1.0411067742927071,1.2391367425486692
datasets/synthetic_data/s2.csv,323,<timecave.validation_methods.markov.MarkovCV object at 0x00000250F2A0D190>,8,Tree,3.681385499828915,1.533220539989375,1.9186936961977321
datasets/synthetic_data/s2.csv,323,<timecave.validation_methods.markov.MarkovCV object at 0x00000250F2A0D190>,8,ARMA,2.0158248559755627,1.1471552597895336,1.4197974700553466
datasets/synthetic_data/s2.csv,323,<timecave.validation_methods.markov.MarkovCV object at 0x00000250F2A0D190>,9,Tree,2.570967400805875,1.4530903720210715,1.6034236498211802
datasets/synthetic_data/s2.csv,323,<timecave.validation_methods.markov.MarkovCV object at 0x00000250F2A0D190>,9,ARMA,2.299536432079906,1.138891833612485,1.51642224729127
datasets/synthetic_data/s2.csv,324,<timecave.validation_methods.OOS.Holdout object at 0x00000250F2A0F7A0>,0,Tree,2.7163856961929427,1.3309784623630747,1.6481461392100345
datasets/synthetic_data/s2.csv,324,<timecave.validation_methods.OOS.Holdout object at 0x00000250F2A0F7A0>,0,ARMA,1.6223434150522504,1.0114835238594526,1.2737124538341653
datasets/synthetic_data/s2.csv,324,<timecave.validation_methods.OOS.Repeated_Holdout object at 0x00000250F2A0D280>,0,Tree,2.535113800722995,1.2838789007799045,1.592204070062313
datasets/synthetic_data/s2.csv,324,<timecave.validation_methods.OOS.Repeated_Holdout object at 0x00000250F2A0D280>,0,ARMA,1.5880096507131019,0.98790673329332,1.2601625493217539
datasets/synthetic_data/s2.csv,324,<timecave.validation_methods.OOS.Repeated_Holdout object at 0x00000250F2A0D280>,1,Tree,1.9557246406630446,1.1582709979458947,1.3984722523750854
datasets/synthetic_data/s2.csv,324,<timecave.validation_methods.OOS.Repeated_Holdout object at 0x00000250F2A0D280>,1,ARMA,1.719250444694934,1.0550542163806822,1.3112019084393272
datasets/synthetic_data/s2.csv,324,<timecave.validation_methods.OOS.Repeated_Holdout object at 0x00000250F2A0D280>,2,Tree,2.004200823732118,1.1801572314184943,1.4156979987737914
datasets/synthetic_data/s2.csv,324,<timecave.validation_methods.OOS.Repeated_Holdout object at 0x00000250F2A0D280>,2,ARMA,1.5764364434706244,1.0107996378027473,1.2555622021511417
datasets/synthetic_data/s2.csv,324,<timecave.validation_methods.OOS.Repeated_Holdout object at 0x00000250F2A0D280>,3,Tree,2.6833478305364142,1.3361590326421289,1.6380927417385178
datasets/synthetic_data/s2.csv,324,<timecave.validation_methods.OOS.Repeated_Holdout object at 0x00000250F2A0D280>,3,ARMA,1.6223434150522504,1.0114835238594526,1.2737124538341653
datasets/synthetic_data/s2.csv,324,<timecave.validation_methods.prequential.Growing_Window object at 0x00000250F6A35C70>,0,Tree,2.9529935460037278,1.3858464653391924,1.7184276376978251
datasets/synthetic_data/s2.csv,324,<timecave.validation_methods.prequential.Growing_Window object at 0x00000250F6A35C70>,0,ARMA,2.290512284197061,1.2024369592703066,1.5134438490400168
datasets/synthetic_data/s2.csv,324,<timecave.validation_methods.prequential.Growing_Window object at 0x00000250F6A35C70>,1,Tree,2.4944383544276967,1.364307129150841,1.57937910408733
datasets/synthetic_data/s2.csv,324,<timecave.validation_methods.prequential.Growing_Window object at 0x00000250F6A35C70>,1,ARMA,2.1470610328664055,1.183347502450842,1.4652853076675565
datasets/synthetic_data/s2.csv,324,<timecave.validation_methods.prequential.Growing_Window object at 0x00000250F6A35C70>,2,Tree,5.174172184842654,1.9031273743868866,2.2746806775551276
datasets/synthetic_data/s2.csv,324,<timecave.validation_methods.prequential.Growing_Window object at 0x00000250F6A35C70>,2,ARMA,1.8719916011836593,1.075289017253735,1.368207440845013
datasets/synthetic_data/s2.csv,324,<timecave.validation_methods.prequential.Growing_Window object at 0x00000250F6A35C70>,3,Tree,1.8190536225173797,1.0828616606948782,1.3487229598836745
datasets/synthetic_data/s2.csv,324,<timecave.validation_methods.prequential.Growing_Window object at 0x00000250F6A35C70>,3,ARMA,1.779507988371259,1.0828803479960936,1.3339820045155253
datasets/synthetic_data/s2.csv,324,<timecave.validation_methods.prequential.Growing_Window object at 0x00000250F6C15A90>,0,Tree,4.0224491899349415,1.6954083538030669,2.0056044450327044
datasets/synthetic_data/s2.csv,324,<timecave.validation_methods.prequential.Growing_Window object at 0x00000250F6C15A90>,0,ARMA,2.350984188923925,1.258008812581914,1.5332919451050164
datasets/synthetic_data/s2.csv,324,<timecave.validation_methods.prequential.Growing_Window object at 0x00000250F6C15A90>,1,Tree,3.1089389263295164,1.4459157032636465,1.7632183433510202
datasets/synthetic_data/s2.csv,324,<timecave.validation_methods.prequential.Growing_Window object at 0x00000250F6C15A90>,1,ARMA,1.8896875045230543,1.0936284113415324,1.374659050282307
datasets/synthetic_data/s2.csv,324,<timecave.validation_methods.prequential.Growing_Window object at 0x00000250F6C15A90>,2,Tree,2.503961656428839,1.2084441754216702,1.5823911199285843
datasets/synthetic_data/s2.csv,324,<timecave.validation_methods.prequential.Growing_Window object at 0x00000250F6C15A90>,2,ARMA,1.89095021386475,1.1176698276559607,1.3751182545020446
datasets/synthetic_data/s2.csv,324,<timecave.validation_methods.prequential.Rolling_Window object at 0x00000250F6C14F80>,0,Tree,2.7437489633699355,1.3350322838980577,1.6564265644362068
datasets/synthetic_data/s2.csv,324,<timecave.validation_methods.prequential.Rolling_Window object at 0x00000250F6C14F80>,0,ARMA,2.290512284197061,1.2024369592703066,1.5134438490400168
datasets/synthetic_data/s2.csv,324,<timecave.validation_methods.prequential.Rolling_Window object at 0x00000250F6C14F80>,1,Tree,2.8265702537084474,1.3067788572344294,1.6812406888094422
datasets/synthetic_data/s2.csv,324,<timecave.validation_methods.prequential.Rolling_Window object at 0x00000250F6C14F80>,1,ARMA,2.1249802206881174,1.1715885502349113,1.4577311894475324
datasets/synthetic_data/s2.csv,324,<timecave.validation_methods.prequential.Rolling_Window object at 0x00000250F6C14F80>,2,Tree,4.4920896500723035,1.6635750936354026,2.1194550361053435
datasets/synthetic_data/s2.csv,324,<timecave.validation_methods.prequential.Rolling_Window object at 0x00000250F6C14F80>,2,ARMA,2.1052919298659356,1.1692040311637748,1.4509624150424902
datasets/synthetic_data/s2.csv,324,<timecave.validation_methods.prequential.Rolling_Window object at 0x00000250F6C14F80>,3,Tree,1.9744488922725256,1.2452939852638312,1.4051508432451392
datasets/synthetic_data/s2.csv,324,<timecave.validation_methods.prequential.Rolling_Window object at 0x00000250F6C14F80>,3,ARMA,1.77803609592873,1.0806310158978643,1.3334301991213227
datasets/synthetic_data/s2.csv,324,<timecave.validation_methods.prequential.Rolling_Window object at 0x00000250F6C15DC0>,0,Tree,3.686243779034393,1.6328638201263315,1.9199593170258564
datasets/synthetic_data/s2.csv,324,<timecave.validation_methods.prequential.Rolling_Window object at 0x00000250F6C15DC0>,0,ARMA,2.350984188923925,1.258008812581914,1.5332919451050164
datasets/synthetic_data/s2.csv,324,<timecave.validation_methods.prequential.Rolling_Window object at 0x00000250F6C15DC0>,1,Tree,3.803254261613718,1.4360544253594436,1.9501933908240274
datasets/synthetic_data/s2.csv,324,<timecave.validation_methods.prequential.Rolling_Window object at 0x00000250F6C15DC0>,1,ARMA,1.9016096227088863,1.0926058946463735,1.3789886231252548
datasets/synthetic_data/s2.csv,324,<timecave.validation_methods.prequential.Rolling_Window object at 0x00000250F6C15DC0>,2,Tree,2.785679102820823,1.3887463062547707,1.6690353809373912
datasets/synthetic_data/s2.csv,324,<timecave.validation_methods.prequential.Rolling_Window object at 0x00000250F6C15DC0>,2,ARMA,2.074878954051538,1.1888897847353248,1.4404440128139442
datasets/synthetic_data/s2.csv,324,<timecave.validation_methods.CV.Block_CV object at 0x00000250F6C17B90>,0,Tree,2.114037687420204,1.1657931352008193,1.453973069702532
datasets/synthetic_data/s2.csv,324,<timecave.validation_methods.CV.Block_CV object at 0x00000250F6C17B90>,0,ARMA,0.9492901594899941,0.7987323893851785,0.9743152259356281
datasets/synthetic_data/s2.csv,324,<timecave.validation_methods.CV.Block_CV object at 0x00000250F6C17B90>,1,Tree,2.524586598552363,1.2020828716392407,1.588894772649329
datasets/synthetic_data/s2.csv,324,<timecave.validation_methods.CV.Block_CV object at 0x00000250F6C17B90>,1,ARMA,2.222046964980829,1.1679546388469682,1.4906532007750257
datasets/synthetic_data/s2.csv,324,<timecave.validation_methods.CV.Block_CV object at 0x00000250F6C17B90>,2,Tree,2.1174002154960125,1.268683688062761,1.455128934320259
datasets/synthetic_data/s2.csv,324,<timecave.validation_methods.CV.Block_CV object at 0x00000250F6C17B90>,2,ARMA,2.252247559765538,1.2067213074224794,1.500748999588385
datasets/synthetic_data/s2.csv,324,<timecave.validation_methods.CV.Block_CV object at 0x00000250F6C17B90>,3,Tree,2.368297603676374,1.2694200113757153,1.5389274198858027
datasets/synthetic_data/s2.csv,324,<timecave.validation_methods.CV.Block_CV object at 0x00000250F6C17B90>,3,ARMA,1.991517187483449,1.1134531832140162,1.411211248354919
datasets/synthetic_data/s2.csv,324,<timecave.validation_methods.CV.Block_CV object at 0x00000250F6C17B90>,4,Tree,2.091777858036012,1.1727323632338165,1.4462979838318284
datasets/synthetic_data/s2.csv,324,<timecave.validation_methods.CV.Block_CV object at 0x00000250F6C17B90>,4,ARMA,1.779507988371259,1.0828803479960936,1.3339820045155253
datasets/synthetic_data/s2.csv,324,<timecave.validation_methods.CV.AdaptedhvBlockCV object at 0x00000250F6C16E10>,0,Tree,2.4492189154764996,1.1527495965705536,1.5649980560615722
datasets/synthetic_data/s2.csv,324,<timecave.validation_methods.CV.AdaptedhvBlockCV object at 0x00000250F6C16E10>,0,ARMA,0.9582565700542764,0.8014485584517969,0.9789058024418266
datasets/synthetic_data/s2.csv,324,<timecave.validation_methods.CV.AdaptedhvBlockCV object at 0x00000250F6C16E10>,1,Tree,2.9355087872528434,1.4283491776914727,1.7133326551644439
datasets/synthetic_data/s2.csv,324,<timecave.validation_methods.CV.AdaptedhvBlockCV object at 0x00000250F6C16E10>,1,ARMA,2.1833464562759506,1.1661968736337922,1.4776151245422302
datasets/synthetic_data/s2.csv,324,<timecave.validation_methods.CV.AdaptedhvBlockCV object at 0x00000250F6C16E10>,2,Tree,2.0493038379125,1.2399010100536931,1.4315389753382546
datasets/synthetic_data/s2.csv,324,<timecave.validation_methods.CV.AdaptedhvBlockCV object at 0x00000250F6C16E10>,2,ARMA,2.2699756772000614,1.208959543692157,1.5066438455056528
datasets/synthetic_data/s2.csv,324,<timecave.validation_methods.CV.AdaptedhvBlockCV object at 0x00000250F6C16E10>,3,Tree,2.875258757695867,1.2815384655270166,1.6956587975462125
datasets/synthetic_data/s2.csv,324,<timecave.validation_methods.CV.AdaptedhvBlockCV object at 0x00000250F6C16E10>,3,ARMA,1.9920894947783696,1.1136029124221285,1.4114140054492763
datasets/synthetic_data/s2.csv,324,<timecave.validation_methods.CV.AdaptedhvBlockCV object at 0x00000250F6C16E10>,4,Tree,2.0201035973006523,1.1747118873836848,1.4213034852911084
datasets/synthetic_data/s2.csv,324,<timecave.validation_methods.CV.AdaptedhvBlockCV object at 0x00000250F6C16E10>,4,ARMA,1.7423109211577081,1.0854129569302935,1.3199662575830142
datasets/synthetic_data/s2.csv,324,<timecave.validation_methods.markov.MarkovCV object at 0x00000250F6C16960>,0,Tree,6.0590066265159495,2.029638326744527,2.46150495155219
datasets/synthetic_data/s2.csv,324,<timecave.validation_methods.markov.MarkovCV object at 0x00000250F6C16960>,0,ARMA,2.8330386057549717,1.4437781287634208,1.6831632736472633
datasets/synthetic_data/s2.csv,324,<timecave.validation_methods.markov.MarkovCV object at 0x00000250F6C16960>,1,Tree,4.3229982963101765,1.5206037712873106,2.0791821219677167
datasets/synthetic_data/s2.csv,324,<timecave.validation_methods.markov.MarkovCV object at 0x00000250F6C16960>,1,ARMA,2.670911210153961,1.4290777309379303,1.6342922658306749
datasets/synthetic_data/s2.csv,324,<timecave.validation_methods.markov.MarkovCV object at 0x00000250F6C16960>,2,Tree,5.28928821752591,2.003930986576783,2.2998452594741914
datasets/synthetic_data/s2.csv,324,<timecave.validation_methods.markov.MarkovCV object at 0x00000250F6C16960>,2,ARMA,2.881451984970232,1.3484040626104514,1.6974840161162732
datasets/synthetic_data/s2.csv,324,<timecave.validation_methods.markov.MarkovCV object at 0x00000250F6C16960>,3,Tree,3.5243857887900005,1.4861723700298104,1.877334756720282
datasets/synthetic_data/s2.csv,324,<timecave.validation_methods.markov.MarkovCV object at 0x00000250F6C16960>,3,ARMA,5.065077530952047,1.8890670567509948,2.2505727117673953
datasets/synthetic_data/s2.csv,324,<timecave.validation_methods.markov.MarkovCV object at 0x00000250F6C16960>,4,Tree,3.2489614150731057,1.49516190769576,1.8024875630841688
datasets/synthetic_data/s2.csv,324,<timecave.validation_methods.markov.MarkovCV object at 0x00000250F6C16960>,4,ARMA,1.913615350548929,1.152081342219719,1.3833348656594069
datasets/synthetic_data/s2.csv,324,<timecave.validation_methods.markov.MarkovCV object at 0x00000250F6C16960>,5,Tree,1.764749083818087,0.9194687720386155,1.3284385886513863
datasets/synthetic_data/s2.csv,324,<timecave.validation_methods.markov.MarkovCV object at 0x00000250F6C16960>,5,ARMA,0.9348620142399648,0.7854635193437318,0.9668826269201266
datasets/synthetic_data/s2.csv,324,<timecave.validation_methods.markov.MarkovCV object at 0x00000250F6C16960>,6,Tree,3.000582467701293,1.5149663855728903,1.7322189433502027
datasets/synthetic_data/s2.csv,324,<timecave.validation_methods.markov.MarkovCV object at 0x00000250F6C16960>,6,ARMA,0.7666070485929375,0.6964608496492535,0.8755609907898693
datasets/synthetic_data/s2.csv,324,<timecave.validation_methods.markov.MarkovCV object at 0x00000250F6C16960>,7,Tree,1.7140297678787157,1.1214692124537264,1.3092095966187827
datasets/synthetic_data/s2.csv,324,<timecave.validation_methods.markov.MarkovCV object at 0x00000250F6C16960>,7,ARMA,1.9183610464501557,1.187162223625795,1.385049113371131
datasets/synthetic_data/s2.csv,324,<timecave.validation_methods.markov.MarkovCV object at 0x00000250F6C16960>,8,Tree,2.9518881779994333,1.4613978292565952,1.7181059856712662
datasets/synthetic_data/s2.csv,324,<timecave.validation_methods.markov.MarkovCV object at 0x00000250F6C16960>,8,ARMA,2.6745960234563446,1.3407253113445226,1.635419219483599
datasets/synthetic_data/s2.csv,324,<timecave.validation_methods.markov.MarkovCV object at 0x00000250F6C16960>,9,Tree,2.5582061174763546,1.4020941846903998,1.5994393134709284
datasets/synthetic_data/s2.csv,324,<timecave.validation_methods.markov.MarkovCV object at 0x00000250F6C16960>,9,ARMA,1.0497543640262408,0.9163576804352085,1.0245752115029139
datasets/synthetic_data/s2.csv,325,<timecave.validation_methods.OOS.Holdout object at 0x00000250F2606180>,0,Tree,3.0143370806279393,1.4328768092829307,1.736184633219618
datasets/synthetic_data/s2.csv,325,<timecave.validation_methods.OOS.Holdout object at 0x00000250F2606180>,0,ARMA,1.9728820515092969,1.156230812042197,1.404593197872358
datasets/synthetic_data/s2.csv,325,<timecave.validation_methods.OOS.Repeated_Holdout object at 0x00000250F6C43800>,0,Tree,3.400674866204316,1.3961331252731486,1.844091881171954
datasets/synthetic_data/s2.csv,325,<timecave.validation_methods.OOS.Repeated_Holdout object at 0x00000250F6C43800>,0,ARMA,1.8853065095304697,1.1009396393168862,1.3730646414246015
datasets/synthetic_data/s2.csv,325,<timecave.validation_methods.OOS.Repeated_Holdout object at 0x00000250F6C43800>,1,Tree,2.278196540156064,1.1939359722071958,1.5093695836858725
datasets/synthetic_data/s2.csv,325,<timecave.validation_methods.OOS.Repeated_Holdout object at 0x00000250F6C43800>,1,ARMA,2.0576800338293535,1.1564638109852,1.4344615832532266
datasets/synthetic_data/s2.csv,325,<timecave.validation_methods.OOS.Repeated_Holdout object at 0x00000250F6C43800>,2,Tree,3.319960778902864,1.4935602089655255,1.8220759531103152
datasets/synthetic_data/s2.csv,325,<timecave.validation_methods.OOS.Repeated_Holdout object at 0x00000250F6C43800>,2,ARMA,1.8220163650383532,1.0947726612968731,1.3498208640550617
datasets/synthetic_data/s2.csv,325,<timecave.validation_methods.OOS.Repeated_Holdout object at 0x00000250F6C43800>,3,Tree,3.5052436027159595,1.5105335956784136,1.872229580664711
datasets/synthetic_data/s2.csv,325,<timecave.validation_methods.OOS.Repeated_Holdout object at 0x00000250F6C43800>,3,ARMA,1.9728820515092969,1.156230812042197,1.404593197872358
datasets/synthetic_data/s2.csv,325,<timecave.validation_methods.prequential.Growing_Window object at 0x00000250F6C41CD0>,0,Tree,2.0158307391398953,1.151958651545071,1.4197995418860703
datasets/synthetic_data/s2.csv,325,<timecave.validation_methods.prequential.Growing_Window object at 0x00000250F6C41CD0>,0,ARMA,2.008282847234269,1.1799358349248612,1.4171389653926918
datasets/synthetic_data/s2.csv,325,<timecave.validation_methods.prequential.Growing_Window object at 0x00000250F6C41CD0>,1,Tree,3.380508323216666,1.4357176777901652,1.8386158715774936
datasets/synthetic_data/s2.csv,325,<timecave.validation_methods.prequential.Growing_Window object at 0x00000250F6C41CD0>,1,ARMA,2.0883533883118996,1.1177979595727703,1.4451136247063412
datasets/synthetic_data/s2.csv,325,<timecave.validation_methods.prequential.Growing_Window object at 0x00000250F6C41CD0>,2,Tree,1.6056178501151843,0.9967869421266584,1.267129768459089
datasets/synthetic_data/s2.csv,325,<timecave.validation_methods.prequential.Growing_Window object at 0x00000250F6C41CD0>,2,ARMA,1.3355252076283557,0.9636910587056254,1.1556492580486328
datasets/synthetic_data/s2.csv,325,<timecave.validation_methods.prequential.Growing_Window object at 0x00000250F6C41CD0>,3,Tree,1.9140769553301165,1.063604780299176,1.3835017005158021
datasets/synthetic_data/s2.csv,325,<timecave.validation_methods.prequential.Growing_Window object at 0x00000250F6C41CD0>,3,ARMA,2.109473093455385,1.1624949233593624,1.4524025245968781
datasets/synthetic_data/s2.csv,325,<timecave.validation_methods.prequential.Growing_Window object at 0x00000250F6C414F0>,0,Tree,2.7919407710690383,1.3462964588828032,1.670910162477037
datasets/synthetic_data/s2.csv,325,<timecave.validation_methods.prequential.Growing_Window object at 0x00000250F6C414F0>,0,ARMA,2.172868772057985,1.1492951651332608,1.4740653893426794
datasets/synthetic_data/s2.csv,325,<timecave.validation_methods.prequential.Growing_Window object at 0x00000250F6C414F0>,1,Tree,2.288245608723769,1.2747982676957679,1.512694816783534
datasets/synthetic_data/s2.csv,325,<timecave.validation_methods.prequential.Growing_Window object at 0x00000250F6C414F0>,1,ARMA,1.2386818639773725,0.9556062780418764,1.1129608546473557
datasets/synthetic_data/s2.csv,325,<timecave.validation_methods.prequential.Growing_Window object at 0x00000250F6C414F0>,2,Tree,2.7172299124167494,1.1947608792279913,1.6484022301661538
datasets/synthetic_data/s2.csv,325,<timecave.validation_methods.prequential.Growing_Window object at 0x00000250F6C414F0>,2,ARMA,2.0775225880966715,1.1694790483890225,1.4413613662425782
datasets/synthetic_data/s2.csv,325,<timecave.validation_methods.prequential.Rolling_Window object at 0x00000250F6C432C0>,0,Tree,2.0407382468486,1.1587808020560826,1.4285441004213346
datasets/synthetic_data/s2.csv,325,<timecave.validation_methods.prequential.Rolling_Window object at 0x00000250F6C432C0>,0,ARMA,2.008282847234269,1.1799358349248612,1.4171389653926918
datasets/synthetic_data/s2.csv,325,<timecave.validation_methods.prequential.Rolling_Window object at 0x00000250F6C432C0>,1,Tree,3.224800570384085,1.4355092341649291,1.7957729729517828
datasets/synthetic_data/s2.csv,325,<timecave.validation_methods.prequential.Rolling_Window object at 0x00000250F6C432C0>,1,ARMA,2.3292911258333135,1.1862937607305368,1.5262015351300475
datasets/synthetic_data/s2.csv,325,<timecave.validation_methods.prequential.Rolling_Window object at 0x00000250F6C432C0>,2,Tree,2.288332760346911,1.2728353975487383,1.5127236232527443
datasets/synthetic_data/s2.csv,325,<timecave.validation_methods.prequential.Rolling_Window object at 0x00000250F6C432C0>,2,ARMA,1.4293583077309753,0.9951938616975986,1.1955577391874368
datasets/synthetic_data/s2.csv,325,<timecave.validation_methods.prequential.Rolling_Window object at 0x00000250F6C432C0>,3,Tree,3.043101844740738,1.304344030601878,1.7444488656136465
datasets/synthetic_data/s2.csv,325,<timecave.validation_methods.prequential.Rolling_Window object at 0x00000250F6C432C0>,3,ARMA,2.0902133196801813,1.1565804940507374,1.4457570057517208
datasets/synthetic_data/s2.csv,325,<timecave.validation_methods.prequential.Rolling_Window object at 0x00000250F6C43F50>,0,Tree,2.2786940391852846,1.2701475216834586,1.5095343782720831
datasets/synthetic_data/s2.csv,325,<timecave.validation_methods.prequential.Rolling_Window object at 0x00000250F6C43F50>,0,ARMA,2.172868772057985,1.1492951651332608,1.4740653893426794
datasets/synthetic_data/s2.csv,325,<timecave.validation_methods.prequential.Rolling_Window object at 0x00000250F6C43F50>,1,Tree,2.001333973183065,1.1205420498393512,1.4146851144982988
datasets/synthetic_data/s2.csv,325,<timecave.validation_methods.prequential.Rolling_Window object at 0x00000250F6C43F50>,1,ARMA,1.2360578257433725,0.9460838609253541,1.1117813749759313
datasets/synthetic_data/s2.csv,325,<timecave.validation_methods.prequential.Rolling_Window object at 0x00000250F6C43F50>,2,Tree,3.294447946564551,1.544580018324712,1.8150614167472545
datasets/synthetic_data/s2.csv,325,<timecave.validation_methods.prequential.Rolling_Window object at 0x00000250F6C43F50>,2,ARMA,2.4059714294751116,1.2871033172733477,1.5511194117395062
datasets/synthetic_data/s2.csv,325,<timecave.validation_methods.CV.Block_CV object at 0x00000250F6C43350>,0,Tree,2.172891621242389,1.2123568402279188,1.4740731397194609
datasets/synthetic_data/s2.csv,325,<timecave.validation_methods.CV.Block_CV object at 0x00000250F6C43350>,0,ARMA,1.666963350369962,1.0991906246153103,1.2911093487268852
datasets/synthetic_data/s2.csv,325,<timecave.validation_methods.CV.Block_CV object at 0x00000250F6C43350>,1,Tree,3.307198095577157,1.3831544663713018,1.818570343862771
datasets/synthetic_data/s2.csv,325,<timecave.validation_methods.CV.Block_CV object at 0x00000250F6C43350>,1,ARMA,1.7479646663233717,1.1039452012019613,1.3221061479031748
datasets/synthetic_data/s2.csv,325,<timecave.validation_methods.CV.Block_CV object at 0x00000250F6C43350>,2,Tree,2.3959487167843756,1.2676634793596075,1.5478852401855816
datasets/synthetic_data/s2.csv,325,<timecave.validation_methods.CV.Block_CV object at 0x00000250F6C43350>,2,ARMA,2.122761499432505,1.1253034012553182,1.4569699720421505
datasets/synthetic_data/s2.csv,325,<timecave.validation_methods.CV.Block_CV object at 0x00000250F6C43350>,3,Tree,2.6308313378799677,1.2626490468289135,1.6219837662196153
datasets/synthetic_data/s2.csv,325,<timecave.validation_methods.CV.Block_CV object at 0x00000250F6C43350>,3,ARMA,1.2518931465718794,0.951604789250883,1.1188803093145752
datasets/synthetic_data/s2.csv,325,<timecave.validation_methods.CV.Block_CV object at 0x00000250F6C43350>,4,Tree,2.4869212777235723,1.272940899008852,1.5769975515908616
datasets/synthetic_data/s2.csv,325,<timecave.validation_methods.CV.Block_CV object at 0x00000250F6C43350>,4,ARMA,2.109473093455385,1.1624949233593624,1.4524025245968781
datasets/synthetic_data/s2.csv,325,<timecave.validation_methods.CV.AdaptedhvBlockCV object at 0x00000250F6C41250>,0,Tree,2.7967204699341974,1.378792197644094,1.6723398189166572
datasets/synthetic_data/s2.csv,325,<timecave.validation_methods.CV.AdaptedhvBlockCV object at 0x00000250F6C41250>,0,ARMA,1.6530721009137221,1.096276483526984,1.285718515427744
datasets/synthetic_data/s2.csv,325,<timecave.validation_methods.CV.AdaptedhvBlockCV object at 0x00000250F6C41250>,1,Tree,2.4566794563729895,1.208701148985223,1.5673798060371293
datasets/synthetic_data/s2.csv,325,<timecave.validation_methods.CV.AdaptedhvBlockCV object at 0x00000250F6C41250>,1,ARMA,1.7387088615796604,1.0999795724128099,1.3186011002496776
datasets/synthetic_data/s2.csv,325,<timecave.validation_methods.CV.AdaptedhvBlockCV object at 0x00000250F6C41250>,2,Tree,2.2783976393457426,1.144574534024041,1.5094361991636953
datasets/synthetic_data/s2.csv,325,<timecave.validation_methods.CV.AdaptedhvBlockCV object at 0x00000250F6C41250>,2,ARMA,2.1220396121631007,1.1237486700044474,1.4567222151677033
datasets/synthetic_data/s2.csv,325,<timecave.validation_methods.CV.AdaptedhvBlockCV object at 0x00000250F6C41250>,3,Tree,1.3617138696805438,0.9360920306699536,1.166924963174815
datasets/synthetic_data/s2.csv,325,<timecave.validation_methods.CV.AdaptedhvBlockCV object at 0x00000250F6C41250>,3,ARMA,1.2505046645595077,0.949892621813507,1.1182596588268343
datasets/synthetic_data/s2.csv,325,<timecave.validation_methods.CV.AdaptedhvBlockCV object at 0x00000250F6C41250>,4,Tree,2.5960064007434323,1.1946380305938118,1.6112127112034067
datasets/synthetic_data/s2.csv,325,<timecave.validation_methods.CV.AdaptedhvBlockCV object at 0x00000250F6C41250>,4,ARMA,2.1125283657561043,1.1728202252853452,1.4534539434588576
datasets/synthetic_data/s2.csv,325,<timecave.validation_methods.markov.MarkovCV object at 0x00000250F6C418B0>,0,Tree,5.526329356614591,1.8272548500705077,2.3508146155353447
datasets/synthetic_data/s2.csv,325,<timecave.validation_methods.markov.MarkovCV object at 0x00000250F6C418B0>,0,ARMA,2.4463868283768306,1.2827790308314713,1.564092973060371
datasets/synthetic_data/s2.csv,325,<timecave.validation_methods.markov.MarkovCV object at 0x00000250F6C418B0>,1,Tree,3.7843788642583633,1.6723737880822296,1.9453480059512136
datasets/synthetic_data/s2.csv,325,<timecave.validation_methods.markov.MarkovCV object at 0x00000250F6C418B0>,1,ARMA,2.5870639985011197,1.3600378807490858,1.608435264006954
datasets/synthetic_data/s2.csv,325,<timecave.validation_methods.markov.MarkovCV object at 0x00000250F6C418B0>,2,Tree,3.1565099309834532,1.5206343373835327,1.776656953658599
datasets/synthetic_data/s2.csv,325,<timecave.validation_methods.markov.MarkovCV object at 0x00000250F6C418B0>,2,ARMA,1.405015952372521,0.9405193106151106,1.1853336881960796
datasets/synthetic_data/s2.csv,325,<timecave.validation_methods.markov.MarkovCV object at 0x00000250F6C418B0>,3,Tree,1.1951663148064167,0.9205915336340112,1.0932366234289888
datasets/synthetic_data/s2.csv,325,<timecave.validation_methods.markov.MarkovCV object at 0x00000250F6C418B0>,3,ARMA,1.6341845630675313,1.109827634036937,1.2783522844144064
datasets/synthetic_data/s2.csv,325,<timecave.validation_methods.markov.MarkovCV object at 0x00000250F6C418B0>,4,Tree,2.5644445900543453,1.3024599741005491,1.6013883320588873
datasets/synthetic_data/s2.csv,325,<timecave.validation_methods.markov.MarkovCV object at 0x00000250F6C418B0>,4,ARMA,1.3545131263482557,1.0356278436532678,1.1638355237525
datasets/synthetic_data/s2.csv,325,<timecave.validation_methods.markov.MarkovCV object at 0x00000250F6C418B0>,5,Tree,2.1452699238712825,1.1548308668479919,1.4646739991790947
datasets/synthetic_data/s2.csv,325,<timecave.validation_methods.markov.MarkovCV object at 0x00000250F6C418B0>,5,ARMA,1.4426750178365149,0.9704429011750745,1.2011140736152062
datasets/synthetic_data/s2.csv,325,<timecave.validation_methods.markov.MarkovCV object at 0x00000250F6C418B0>,6,Tree,5.58852092188087,2.0528312469385694,2.364005271119519
datasets/synthetic_data/s2.csv,325,<timecave.validation_methods.markov.MarkovCV object at 0x00000250F6C418B0>,6,ARMA,3.051235886714182,1.342076472891704,1.7467787171574374
datasets/synthetic_data/s2.csv,325,<timecave.validation_methods.markov.MarkovCV object at 0x00000250F6C418B0>,7,Tree,8.654902957285797,2.737641374468974,2.9419216436346156
datasets/synthetic_data/s2.csv,325,<timecave.validation_methods.markov.MarkovCV object at 0x00000250F6C418B0>,7,ARMA,1.8037768453054095,1.0712420262131195,1.3430475960685122
datasets/synthetic_data/s2.csv,325,<timecave.validation_methods.markov.MarkovCV object at 0x00000250F6C418B0>,8,Tree,4.493765096760729,1.7069204696449936,2.1198502533812924
datasets/synthetic_data/s2.csv,325,<timecave.validation_methods.markov.MarkovCV object at 0x00000250F6C418B0>,8,ARMA,3.5328035868149352,1.3716606801794706,1.8795753740712116
datasets/synthetic_data/s2.csv,325,<timecave.validation_methods.markov.MarkovCV object at 0x00000250F6C418B0>,9,Tree,4.560618785449374,1.6644241450045187,2.13556053190945
datasets/synthetic_data/s2.csv,325,<timecave.validation_methods.markov.MarkovCV object at 0x00000250F6C418B0>,9,ARMA,2.0609224286588033,1.1082977389133737,1.4355913167259
datasets/synthetic_data/s2.csv,326,<timecave.validation_methods.OOS.Holdout object at 0x00000250F2A0E060>,0,Tree,1.9415425784541456,1.021479336538574,1.3933924710770278
datasets/synthetic_data/s2.csv,326,<timecave.validation_methods.OOS.Holdout object at 0x00000250F2A0E060>,0,ARMA,1.8270560249013574,1.1124448958065596,1.3516863633629501
datasets/synthetic_data/s2.csv,326,<timecave.validation_methods.OOS.Repeated_Holdout object at 0x00000250F2A0EBD0>,0,Tree,3.104814147699113,1.4938254555424546,1.7620482818864849
datasets/synthetic_data/s2.csv,326,<timecave.validation_methods.OOS.Repeated_Holdout object at 0x00000250F2A0EBD0>,0,ARMA,2.104714843884974,1.2129985240634427,1.4507635382394244
datasets/synthetic_data/s2.csv,326,<timecave.validation_methods.OOS.Repeated_Holdout object at 0x00000250F2A0EBD0>,1,Tree,2.2213261502009987,1.124003497767713,1.4904114030028752
datasets/synthetic_data/s2.csv,326,<timecave.validation_methods.OOS.Repeated_Holdout object at 0x00000250F2A0EBD0>,1,ARMA,2.063020612476122,1.1598127711753135,1.436321904197009
datasets/synthetic_data/s2.csv,326,<timecave.validation_methods.OOS.Repeated_Holdout object at 0x00000250F2A0EBD0>,2,Tree,2.3432158395198224,1.1975757219844907,1.5307566232160559
datasets/synthetic_data/s2.csv,326,<timecave.validation_methods.OOS.Repeated_Holdout object at 0x00000250F2A0EBD0>,2,ARMA,1.9359375135455112,1.1597761917904141,1.3913797158020924
datasets/synthetic_data/s2.csv,326,<timecave.validation_methods.OOS.Repeated_Holdout object at 0x00000250F2A0EBD0>,3,Tree,1.697932832691282,1.0378066731711264,1.3030475174341425
datasets/synthetic_data/s2.csv,326,<timecave.validation_methods.OOS.Repeated_Holdout object at 0x00000250F2A0EBD0>,3,ARMA,1.8270560249013574,1.1124448958065596,1.3516863633629501
datasets/synthetic_data/s2.csv,326,<timecave.validation_methods.prequential.Growing_Window object at 0x00000250F2A0C440>,0,Tree,2.4462685493220473,1.3555719282325298,1.5640551618539698
datasets/synthetic_data/s2.csv,326,<timecave.validation_methods.prequential.Growing_Window object at 0x00000250F2A0C440>,0,ARMA,1.13865082859488,0.9492745499070929,1.067075830761282
datasets/synthetic_data/s2.csv,326,<timecave.validation_methods.prequential.Growing_Window object at 0x00000250F2A0C440>,1,Tree,1.4479463891720081,0.9745357747388423,1.2033064402603386
datasets/synthetic_data/s2.csv,326,<timecave.validation_methods.prequential.Growing_Window object at 0x00000250F2A0C440>,1,ARMA,1.164820494661486,0.868784405353154,1.079268499800437
datasets/synthetic_data/s2.csv,326,<timecave.validation_methods.prequential.Growing_Window object at 0x00000250F2A0C440>,2,Tree,1.9741512954580256,1.1346318217884654,1.405044944283999
datasets/synthetic_data/s2.csv,326,<timecave.validation_methods.prequential.Growing_Window object at 0x00000250F2A0C440>,2,ARMA,1.4854965656141652,1.0378076222556736,1.2188094870053174
datasets/synthetic_data/s2.csv,326,<timecave.validation_methods.prequential.Growing_Window object at 0x00000250F2A0C440>,3,Tree,1.1705641400136346,0.8309539430756985,1.0819261250259347
datasets/synthetic_data/s2.csv,326,<timecave.validation_methods.prequential.Growing_Window object at 0x00000250F2A0C440>,3,ARMA,2.1530836886526714,1.1883983302837904,1.467338982189416
datasets/synthetic_data/s2.csv,326,<timecave.validation_methods.prequential.Growing_Window object at 0x00000250F2A0C5F0>,0,Tree,2.86971017729445,1.3446681302783334,1.6940218939832066
datasets/synthetic_data/s2.csv,326,<timecave.validation_methods.prequential.Growing_Window object at 0x00000250F2A0C5F0>,0,ARMA,1.2228914425235287,0.8911557540264791,1.1058442216350044
datasets/synthetic_data/s2.csv,326,<timecave.validation_methods.prequential.Growing_Window object at 0x00000250F2A0C5F0>,1,Tree,1.5924684778323293,0.9853438654840677,1.2619304568130247
datasets/synthetic_data/s2.csv,326,<timecave.validation_methods.prequential.Growing_Window object at 0x00000250F2A0C5F0>,1,ARMA,1.3643932727218586,0.9752068747836801,1.168072460390133
datasets/synthetic_data/s2.csv,326,<timecave.validation_methods.prequential.Growing_Window object at 0x00000250F2A0C5F0>,2,Tree,2.1803042081550124,1.1467098925192614,1.4765853203100092
datasets/synthetic_data/s2.csv,326,<timecave.validation_methods.prequential.Growing_Window object at 0x00000250F2A0C5F0>,2,ARMA,2.576601005218512,1.295095097823669,1.6051794308483123
datasets/synthetic_data/s2.csv,326,<timecave.validation_methods.prequential.Rolling_Window object at 0x00000250F6AC8B60>,0,Tree,2.38655598591058,1.3445143442917793,1.5448482080484736
datasets/synthetic_data/s2.csv,326,<timecave.validation_methods.prequential.Rolling_Window object at 0x00000250F6AC8B60>,0,ARMA,1.13865082859488,0.9492745499070929,1.067075830761282
datasets/synthetic_data/s2.csv,326,<timecave.validation_methods.prequential.Rolling_Window object at 0x00000250F6AC8B60>,1,Tree,1.622639852643727,1.1192673723579876,1.2738288160674207
datasets/synthetic_data/s2.csv,326,<timecave.validation_methods.prequential.Rolling_Window object at 0x00000250F6AC8B60>,1,ARMA,1.21668316923556,0.8811734295021492,1.1030336210812253
datasets/synthetic_data/s2.csv,326,<timecave.validation_methods.prequential.Rolling_Window object at 0x00000250F6AC8B60>,2,Tree,2.035156637243189,1.093350662291334,1.4265891620376165
datasets/synthetic_data/s2.csv,326,<timecave.validation_methods.prequential.Rolling_Window object at 0x00000250F6AC8B60>,2,ARMA,2.753369968342225,1.4361035634213897,1.659328167766167
datasets/synthetic_data/s2.csv,326,<timecave.validation_methods.prequential.Rolling_Window object at 0x00000250F6AC8B60>,3,Tree,1.7247799427443677,1.0942485852913226,1.3133087766189517
datasets/synthetic_data/s2.csv,326,<timecave.validation_methods.prequential.Rolling_Window object at 0x00000250F6AC8B60>,3,ARMA,2.1320253462644128,1.201084466326786,1.4601456592629425
datasets/synthetic_data/s2.csv,326,<timecave.validation_methods.prequential.Rolling_Window object at 0x00000250F6C40E00>,0,Tree,2.285808485791462,1.2218181408777529,1.5118890454631457
datasets/synthetic_data/s2.csv,326,<timecave.validation_methods.prequential.Rolling_Window object at 0x00000250F6C40E00>,0,ARMA,1.2228914425235287,0.8911557540264791,1.1058442216350044
datasets/synthetic_data/s2.csv,326,<timecave.validation_methods.prequential.Rolling_Window object at 0x00000250F6C40E00>,1,Tree,1.404653174887983,0.9801390170422712,1.1851806507397862
datasets/synthetic_data/s2.csv,326,<timecave.validation_methods.prequential.Rolling_Window object at 0x00000250F6C40E00>,1,ARMA,1.2816312594477868,0.9318990422197859,1.1320915419911002
datasets/synthetic_data/s2.csv,326,<timecave.validation_methods.prequential.Rolling_Window object at 0x00000250F6C40E00>,2,Tree,2.757530845521861,1.1573613948981123,1.6605814781340484
datasets/synthetic_data/s2.csv,326,<timecave.validation_methods.prequential.Rolling_Window object at 0x00000250F6C40E00>,2,ARMA,3.9870539719853006,1.5955831519126642,1.9967608700055448
datasets/synthetic_data/s2.csv,326,<timecave.validation_methods.CV.Block_CV object at 0x00000250F6C40B00>,0,Tree,3.027870567133769,1.4604727964770463,1.7400777474393978
datasets/synthetic_data/s2.csv,326,<timecave.validation_methods.CV.Block_CV object at 0x00000250F6C40B00>,0,ARMA,1.74789185535748,1.0964939788626262,1.3220786116405787
datasets/synthetic_data/s2.csv,326,<timecave.validation_methods.CV.Block_CV object at 0x00000250F6C40B00>,1,Tree,2.7327843709091777,1.299444300034333,1.6531135384205096
datasets/synthetic_data/s2.csv,326,<timecave.validation_methods.CV.Block_CV object at 0x00000250F6C40B00>,1,ARMA,1.1355507291050262,0.9477250474332338,1.065622226262678
datasets/synthetic_data/s2.csv,326,<timecave.validation_methods.CV.Block_CV object at 0x00000250F6C40B00>,2,Tree,1.616329105358728,1.04616894722696,1.2713493246778118
datasets/synthetic_data/s2.csv,326,<timecave.validation_methods.CV.Block_CV object at 0x00000250F6C40B00>,2,ARMA,1.1851598496454694,0.8754972308277643,1.0886504717518242
datasets/synthetic_data/s2.csv,326,<timecave.validation_methods.CV.Block_CV object at 0x00000250F6C40B00>,3,Tree,1.9500780002293163,1.0865156390489954,1.3964519326598093
datasets/synthetic_data/s2.csv,326,<timecave.validation_methods.CV.Block_CV object at 0x00000250F6C40B00>,3,ARMA,1.3038304653011528,0.9565573229282114,1.1418539597081374
datasets/synthetic_data/s2.csv,326,<timecave.validation_methods.CV.Block_CV object at 0x00000250F6C40B00>,4,Tree,1.21695836354151,0.8770143976678157,1.1031583583246378
datasets/synthetic_data/s2.csv,326,<timecave.validation_methods.CV.Block_CV object at 0x00000250F6C40B00>,4,ARMA,2.1530836886526714,1.1883983302837904,1.467338982189416
datasets/synthetic_data/s2.csv,326,<timecave.validation_methods.CV.AdaptedhvBlockCV object at 0x00000250F6BB2E70>,0,Tree,3.159859489339607,1.479750045249222,1.777599361312781
datasets/synthetic_data/s2.csv,326,<timecave.validation_methods.CV.AdaptedhvBlockCV object at 0x00000250F6BB2E70>,0,ARMA,1.7478910047544596,1.0964924608504143,1.3220782899489953
datasets/synthetic_data/s2.csv,326,<timecave.validation_methods.CV.AdaptedhvBlockCV object at 0x00000250F6BB2E70>,1,Tree,2.284607254981624,1.122569219085575,1.5114917316947598
datasets/synthetic_data/s2.csv,326,<timecave.validation_methods.CV.AdaptedhvBlockCV object at 0x00000250F6BB2E70>,1,ARMA,1.1306257247219604,0.9465407722826986,1.0633088566930873
datasets/synthetic_data/s2.csv,326,<timecave.validation_methods.CV.AdaptedhvBlockCV object at 0x00000250F6BB2E70>,2,Tree,1.156592865288124,0.8480452637665349,1.0754500756837224
datasets/synthetic_data/s2.csv,326,<timecave.validation_methods.CV.AdaptedhvBlockCV object at 0x00000250F6BB2E70>,2,ARMA,1.178314047136093,0.8702430439257312,1.0855017490248888
datasets/synthetic_data/s2.csv,326,<timecave.validation_methods.CV.AdaptedhvBlockCV object at 0x00000250F6BB2E70>,3,Tree,2.074633481396736,1.1210598825646145,1.440358803005951
datasets/synthetic_data/s2.csv,326,<timecave.validation_methods.CV.AdaptedhvBlockCV object at 0x00000250F6BB2E70>,3,ARMA,1.3011061305712062,0.9420719804859355,1.14066039230404
datasets/synthetic_data/s2.csv,326,<timecave.validation_methods.CV.AdaptedhvBlockCV object at 0x00000250F6BB2E70>,4,Tree,2.2943743654024904,1.1413174046466392,1.5147192364931827
datasets/synthetic_data/s2.csv,326,<timecave.validation_methods.CV.AdaptedhvBlockCV object at 0x00000250F6BB2E70>,4,ARMA,2.394377319340915,1.2256481813602211,1.547377561987027
datasets/synthetic_data/s2.csv,326,<timecave.validation_methods.markov.MarkovCV object at 0x00000250F6C438F0>,0,Tree,1.1860600716024314,0.8777174530634084,1.0890638510217991
datasets/synthetic_data/s2.csv,326,<timecave.validation_methods.markov.MarkovCV object at 0x00000250F6C438F0>,0,ARMA,1.923121654713334,1.1971337021009711,1.386766618690158
datasets/synthetic_data/s2.csv,326,<timecave.validation_methods.markov.MarkovCV object at 0x00000250F6C438F0>,1,Tree,2.7677460811147205,1.3631136458897475,1.6636544356069625
datasets/synthetic_data/s2.csv,326,<timecave.validation_methods.markov.MarkovCV object at 0x00000250F6C438F0>,1,ARMA,1.9715624593215937,1.114885834120192,1.4041233775283402
datasets/synthetic_data/s2.csv,326,<timecave.validation_methods.markov.MarkovCV object at 0x00000250F6C438F0>,2,Tree,6.626113030805502,2.3649233293369765,2.5741237403834147
datasets/synthetic_data/s2.csv,326,<timecave.validation_methods.markov.MarkovCV object at 0x00000250F6C438F0>,2,ARMA,1.6736886698684246,1.1130387106147213,1.2937112003335307
datasets/synthetic_data/s2.csv,326,<timecave.validation_methods.markov.MarkovCV object at 0x00000250F6C438F0>,3,Tree,1.2182663042462274,0.7783499627517155,1.1037510155131127
datasets/synthetic_data/s2.csv,326,<timecave.validation_methods.markov.MarkovCV object at 0x00000250F6C438F0>,3,ARMA,2.045317985734731,1.2471822891765307,1.430146141390708
datasets/synthetic_data/s2.csv,326,<timecave.validation_methods.markov.MarkovCV object at 0x00000250F6C438F0>,4,Tree,3.167732074055665,1.5050260649114373,1.779812370463714
datasets/synthetic_data/s2.csv,326,<timecave.validation_methods.markov.MarkovCV object at 0x00000250F6C438F0>,4,ARMA,2.486000415192316,1.4252144612302782,1.5767055575446913
datasets/synthetic_data/s2.csv,326,<timecave.validation_methods.markov.MarkovCV object at 0x00000250F6C438F0>,5,Tree,3.640268410661481,1.6665346347138301,1.9079487442437968
datasets/synthetic_data/s2.csv,326,<timecave.validation_methods.markov.MarkovCV object at 0x00000250F6C438F0>,5,ARMA,2.02614410752453,1.0859324124518597,1.4234268887176924
datasets/synthetic_data/s2.csv,326,<timecave.validation_methods.markov.MarkovCV object at 0x00000250F6C438F0>,6,Tree,1.7017487053416915,1.0130987731809993,1.3045109065629508
datasets/synthetic_data/s2.csv,326,<timecave.validation_methods.markov.MarkovCV object at 0x00000250F6C438F0>,6,ARMA,2.2138991012577343,1.2223305570925618,1.4879177064803464
datasets/synthetic_data/s2.csv,326,<timecave.validation_methods.markov.MarkovCV object at 0x00000250F6C438F0>,7,Tree,0.6509374001419027,0.6524299960348288,0.8068069162704933
datasets/synthetic_data/s2.csv,326,<timecave.validation_methods.markov.MarkovCV object at 0x00000250F6C438F0>,7,ARMA,0.7616194787763563,0.7003032733421745,0.8727081292026311
datasets/synthetic_data/s2.csv,326,<timecave.validation_methods.markov.MarkovCV object at 0x00000250F6C438F0>,8,Tree,2.6900231565168973,1.4724463336475018,1.6401290060592482
datasets/synthetic_data/s2.csv,326,<timecave.validation_methods.markov.MarkovCV object at 0x00000250F6C438F0>,8,ARMA,3.4451748942212914,1.4466908911472613,1.856118232823893
datasets/synthetic_data/s2.csv,326,<timecave.validation_methods.markov.MarkovCV object at 0x00000250F6C438F0>,9,Tree,4.697461471425329,1.7670842838623948,2.1673627918337366
datasets/synthetic_data/s2.csv,326,<timecave.validation_methods.markov.MarkovCV object at 0x00000250F6C438F0>,9,ARMA,4.022338294889996,1.7270213128617544,2.0055767985519766
datasets/synthetic_data/s2.csv,327,<timecave.validation_methods.OOS.Holdout object at 0x00000250F6BB08C0>,0,Tree,3.3976603185425973,1.5145451960905336,1.843274347063561
datasets/synthetic_data/s2.csv,327,<timecave.validation_methods.OOS.Holdout object at 0x00000250F6BB08C0>,0,ARMA,1.9587859615800702,1.1093662163014508,1.399566347687765
datasets/synthetic_data/s2.csv,327,<timecave.validation_methods.OOS.Repeated_Holdout object at 0x00000250F6BB0140>,0,Tree,2.4538550720679098,1.2441570000100879,1.5664785578066205
datasets/synthetic_data/s2.csv,327,<timecave.validation_methods.OOS.Repeated_Holdout object at 0x00000250F6BB0140>,0,ARMA,1.3505983000048762,0.922552992641382,1.1621524426704426
datasets/synthetic_data/s2.csv,327,<timecave.validation_methods.OOS.Repeated_Holdout object at 0x00000250F6BB0140>,1,Tree,4.546116328051068,1.727044840738506,2.1321623596834898
datasets/synthetic_data/s2.csv,327,<timecave.validation_methods.OOS.Repeated_Holdout object at 0x00000250F6BB0140>,1,ARMA,1.4596600448419828,0.9730517152681101,1.2081639147243153
datasets/synthetic_data/s2.csv,327,<timecave.validation_methods.OOS.Repeated_Holdout object at 0x00000250F6BB0140>,2,Tree,2.840309019904659,1.3564566273659555,1.6853216369300723
datasets/synthetic_data/s2.csv,327,<timecave.validation_methods.OOS.Repeated_Holdout object at 0x00000250F6BB0140>,2,ARMA,1.7226879795792127,1.0429308770246577,1.3125120874030884
datasets/synthetic_data/s2.csv,327,<timecave.validation_methods.OOS.Repeated_Holdout object at 0x00000250F6BB0140>,3,Tree,3.2522472396796327,1.4742750887403289,1.8033988021731724
datasets/synthetic_data/s2.csv,327,<timecave.validation_methods.OOS.Repeated_Holdout object at 0x00000250F6BB0140>,3,ARMA,1.9587859615800702,1.1093662163014508,1.399566347687765
datasets/synthetic_data/s2.csv,327,<timecave.validation_methods.prequential.Growing_Window object at 0x00000250F6AC9E80>,0,Tree,1.5365594099520448,0.9560367718405308,1.239580336223532
datasets/synthetic_data/s2.csv,327,<timecave.validation_methods.prequential.Growing_Window object at 0x00000250F6AC9E80>,0,ARMA,1.410955810770978,1.0808335769059976,1.1878366094589685
datasets/synthetic_data/s2.csv,327,<timecave.validation_methods.prequential.Growing_Window object at 0x00000250F6AC9E80>,1,Tree,1.8414299195632868,1.1688538620205167,1.3569929696071703
datasets/synthetic_data/s2.csv,327,<timecave.validation_methods.prequential.Growing_Window object at 0x00000250F6AC9E80>,1,ARMA,1.73469950055877,1.0496982644669746,1.3170799142644192
datasets/synthetic_data/s2.csv,327,<timecave.validation_methods.prequential.Growing_Window object at 0x00000250F6AC9E80>,2,Tree,3.3421358857906425,1.5520297853593914,1.8281509472115924
datasets/synthetic_data/s2.csv,327,<timecave.validation_methods.prequential.Growing_Window object at 0x00000250F6AC9E80>,2,ARMA,2.5762671415907414,1.316653644420176,1.6050754317447955
datasets/synthetic_data/s2.csv,327,<timecave.validation_methods.prequential.Growing_Window object at 0x00000250F6AC9E80>,3,Tree,3.9827438833095985,1.5841059942860016,1.995681308052365
datasets/synthetic_data/s2.csv,327,<timecave.validation_methods.prequential.Growing_Window object at 0x00000250F6AC9E80>,3,ARMA,1.4978151883595543,0.9922627574667316,1.2238526007487807
datasets/synthetic_data/s2.csv,327,<timecave.validation_methods.prequential.Growing_Window object at 0x00000250F6C42300>,0,Tree,2.5941322809301783,1.3064635096020365,1.6106310194858966
datasets/synthetic_data/s2.csv,327,<timecave.validation_methods.prequential.Growing_Window object at 0x00000250F6C42300>,0,ARMA,1.736611764885804,1.065193303277126,1.3178056627916743
datasets/synthetic_data/s2.csv,327,<timecave.validation_methods.prequential.Growing_Window object at 0x00000250F6C42300>,1,Tree,3.9311375819913876,1.6012475876825465,1.9827096565032882
datasets/synthetic_data/s2.csv,327,<timecave.validation_methods.prequential.Growing_Window object at 0x00000250F6C42300>,1,ARMA,2.6308116766173786,1.3112007905046563,1.6219777053391882
datasets/synthetic_data/s2.csv,327,<timecave.validation_methods.prequential.Growing_Window object at 0x00000250F6C42300>,2,Tree,3.5493244823633994,1.7016952563639978,1.8839650958453025
datasets/synthetic_data/s2.csv,327,<timecave.validation_methods.prequential.Growing_Window object at 0x00000250F6C42300>,2,ARMA,1.5417005641760488,1.0233565781612075,1.2416523523821186
datasets/synthetic_data/s2.csv,327,<timecave.validation_methods.prequential.Rolling_Window object at 0x00000250F6C426F0>,0,Tree,1.6011128099906733,0.9382863686225578,1.2653508643813673
datasets/synthetic_data/s2.csv,327,<timecave.validation_methods.prequential.Rolling_Window object at 0x00000250F6C426F0>,0,ARMA,1.410955810770978,1.0808335769059976,1.1878366094589685
datasets/synthetic_data/s2.csv,327,<timecave.validation_methods.prequential.Rolling_Window object at 0x00000250F6C426F0>,1,Tree,2.2401623454751194,1.238351581653363,1.496717189543542
datasets/synthetic_data/s2.csv,327,<timecave.validation_methods.prequential.Rolling_Window object at 0x00000250F6C426F0>,1,ARMA,1.7637208328587815,1.067457646212576,1.3280515173963627
datasets/synthetic_data/s2.csv,327,<timecave.validation_methods.prequential.Rolling_Window object at 0x00000250F6C426F0>,2,Tree,3.4456863845042385,1.5041709631935358,1.8562560126513363
datasets/synthetic_data/s2.csv,327,<timecave.validation_methods.prequential.Rolling_Window object at 0x00000250F6C426F0>,2,ARMA,2.6108432058950526,1.3233105301120176,1.6158103867394382
datasets/synthetic_data/s2.csv,327,<timecave.validation_methods.prequential.Rolling_Window object at 0x00000250F6C426F0>,3,Tree,4.309819940315281,1.7052674390999871,2.076010582900598
datasets/synthetic_data/s2.csv,327,<timecave.validation_methods.prequential.Rolling_Window object at 0x00000250F6C426F0>,3,ARMA,1.541090767198805,0.9864725162651646,1.241406769434904
datasets/synthetic_data/s2.csv,327,<timecave.validation_methods.prequential.Rolling_Window object at 0x00000250F6C42420>,0,Tree,2.801737851603931,1.3510288752308113,1.6738392550074608
datasets/synthetic_data/s2.csv,327,<timecave.validation_methods.prequential.Rolling_Window object at 0x00000250F6C42420>,0,ARMA,1.736611764885804,1.065193303277126,1.3178056627916743
datasets/synthetic_data/s2.csv,327,<timecave.validation_methods.prequential.Rolling_Window object at 0x00000250F6C42420>,1,Tree,2.6833804445250515,1.3068387150488432,1.638102696574623
datasets/synthetic_data/s2.csv,327,<timecave.validation_methods.prequential.Rolling_Window object at 0x00000250F6C42420>,1,ARMA,2.658734422510287,1.3304634904481238,1.6305626091966807
datasets/synthetic_data/s2.csv,327,<timecave.validation_methods.prequential.Rolling_Window object at 0x00000250F6C42420>,2,Tree,2.9446939866435287,1.3982490210831744,1.7160110683336307
datasets/synthetic_data/s2.csv,327,<timecave.validation_methods.prequential.Rolling_Window object at 0x00000250F6C42420>,2,ARMA,1.5990396429019356,1.0502680336427646,1.2645313926122734
datasets/synthetic_data/s2.csv,327,<timecave.validation_methods.CV.Block_CV object at 0x00000250F6C40050>,0,Tree,2.463701009743525,1.3406697997639105,1.5696181095233086
datasets/synthetic_data/s2.csv,327,<timecave.validation_methods.CV.Block_CV object at 0x00000250F6C40050>,0,ARMA,1.7194531065515954,1.0133844180109393,1.3112791871114235
datasets/synthetic_data/s2.csv,327,<timecave.validation_methods.CV.Block_CV object at 0x00000250F6C40050>,1,Tree,2.1914454737712976,1.172766604793599,1.480353158462972
datasets/synthetic_data/s2.csv,327,<timecave.validation_methods.CV.Block_CV object at 0x00000250F6C40050>,1,ARMA,1.3170662596073335,1.0229103260509618,1.1476350724892184
datasets/synthetic_data/s2.csv,327,<timecave.validation_methods.CV.Block_CV object at 0x00000250F6C40050>,2,Tree,1.836288513632125,1.0941588899075265,1.355097234013901
datasets/synthetic_data/s2.csv,327,<timecave.validation_methods.CV.Block_CV object at 0x00000250F6C40050>,2,ARMA,1.707542842880553,1.0417791243529955,1.3067298278070159
datasets/synthetic_data/s2.csv,327,<timecave.validation_methods.CV.Block_CV object at 0x00000250F6C40050>,3,Tree,3.020191945905924,1.406289959332901,1.7378699450493769
datasets/synthetic_data/s2.csv,327,<timecave.validation_methods.CV.Block_CV object at 0x00000250F6C40050>,3,ARMA,2.7936505497916166,1.3676719360046499,1.6714217151250659
datasets/synthetic_data/s2.csv,327,<timecave.validation_methods.CV.Block_CV object at 0x00000250F6C40050>,4,Tree,3.9961926335452227,1.569016790184782,1.9990479317778307
datasets/synthetic_data/s2.csv,327,<timecave.validation_methods.CV.Block_CV object at 0x00000250F6C40050>,4,ARMA,1.4978151883595543,0.9922627574667316,1.2238526007487807
datasets/synthetic_data/s2.csv,327,<timecave.validation_methods.CV.AdaptedhvBlockCV object at 0x00000250F6C42C00>,0,Tree,2.94156118405328,1.44062201480268,1.7150980100429478
datasets/synthetic_data/s2.csv,327,<timecave.validation_methods.CV.AdaptedhvBlockCV object at 0x00000250F6C42C00>,0,ARMA,1.7187995388158774,1.0140432152728192,1.3110299534396144
datasets/synthetic_data/s2.csv,327,<timecave.validation_methods.CV.AdaptedhvBlockCV object at 0x00000250F6C42C00>,1,Tree,1.475904154892318,1.0378300856148546,1.2148679578013069
datasets/synthetic_data/s2.csv,327,<timecave.validation_methods.CV.AdaptedhvBlockCV object at 0x00000250F6C42C00>,1,ARMA,1.316391985636657,1.0216044852548296,1.147341268165953
datasets/synthetic_data/s2.csv,327,<timecave.validation_methods.CV.AdaptedhvBlockCV object at 0x00000250F6C42C00>,2,Tree,2.982219811534886,1.396268188324412,1.7269104816216982
datasets/synthetic_data/s2.csv,327,<timecave.validation_methods.CV.AdaptedhvBlockCV object at 0x00000250F6C42C00>,2,ARMA,1.715769100229513,1.0467953841352213,1.3098736962888877
datasets/synthetic_data/s2.csv,327,<timecave.validation_methods.CV.AdaptedhvBlockCV object at 0x00000250F6C42C00>,3,Tree,3.8583781957476897,1.5649317750361647,1.964275488761108
datasets/synthetic_data/s2.csv,327,<timecave.validation_methods.CV.AdaptedhvBlockCV object at 0x00000250F6C42C00>,3,ARMA,2.8025122733067547,1.3697047191355924,1.6740705699900331
datasets/synthetic_data/s2.csv,327,<timecave.validation_methods.CV.AdaptedhvBlockCV object at 0x00000250F6C42C00>,4,Tree,4.411167656477774,1.6232212202143783,2.1002779950467922
datasets/synthetic_data/s2.csv,327,<timecave.validation_methods.CV.AdaptedhvBlockCV object at 0x00000250F6C42C00>,4,ARMA,1.4779760785045237,0.9726076368915995,1.2157203948706807
datasets/synthetic_data/s2.csv,327,<timecave.validation_methods.markov.MarkovCV object at 0x00000250F6C437D0>,0,Tree,5.429901216342195,1.8189324308014634,2.330214843387235
datasets/synthetic_data/s2.csv,327,<timecave.validation_methods.markov.MarkovCV object at 0x00000250F6C437D0>,0,ARMA,1.0307929266026667,0.7894957264987632,1.0152797282535817
datasets/synthetic_data/s2.csv,327,<timecave.validation_methods.markov.MarkovCV object at 0x00000250F6C437D0>,1,Tree,4.115544908872072,1.624109636147741,2.0286805832540695
datasets/synthetic_data/s2.csv,327,<timecave.validation_methods.markov.MarkovCV object at 0x00000250F6C437D0>,1,ARMA,1.6579267919485283,1.0013641536064912,1.2876050605478873
datasets/synthetic_data/s2.csv,327,<timecave.validation_methods.markov.MarkovCV object at 0x00000250F6C437D0>,2,Tree,4.841211012748552,1.8137245838948592,2.2002752129559955
datasets/synthetic_data/s2.csv,327,<timecave.validation_methods.markov.MarkovCV object at 0x00000250F6C437D0>,2,ARMA,2.983262731744426,1.4720418646955955,1.7272124165094536
datasets/synthetic_data/s2.csv,327,<timecave.validation_methods.markov.MarkovCV object at 0x00000250F6C437D0>,3,Tree,3.770900177893787,1.7264488294776204,1.9418805776601678
datasets/synthetic_data/s2.csv,327,<timecave.validation_methods.markov.MarkovCV object at 0x00000250F6C437D0>,3,ARMA,1.8553187464430902,1.0161285508149756,1.362100857661829
datasets/synthetic_data/s2.csv,327,<timecave.validation_methods.markov.MarkovCV object at 0x00000250F6C437D0>,4,Tree,3.8712719477031667,1.7045339685892649,1.9675548144087796
datasets/synthetic_data/s2.csv,327,<timecave.validation_methods.markov.MarkovCV object at 0x00000250F6C437D0>,4,ARMA,2.2740531427019186,1.168473952840624,1.5079964000958088
datasets/synthetic_data/s2.csv,327,<timecave.validation_methods.markov.MarkovCV object at 0x00000250F6C437D0>,5,Tree,6.57368838735396,2.1403935024298124,2.563920511122363
datasets/synthetic_data/s2.csv,327,<timecave.validation_methods.markov.MarkovCV object at 0x00000250F6C437D0>,5,ARMA,3.1534346697481612,1.5033767882190094,1.7757912798941662
datasets/synthetic_data/s2.csv,327,<timecave.validation_methods.markov.MarkovCV object at 0x00000250F6C437D0>,6,Tree,4.466453217216608,1.785482235643486,2.113398499388274
datasets/synthetic_data/s2.csv,327,<timecave.validation_methods.markov.MarkovCV object at 0x00000250F6C437D0>,6,ARMA,2.2278243500981314,1.1929953495351395,1.4925898130759607
datasets/synthetic_data/s2.csv,327,<timecave.validation_methods.markov.MarkovCV object at 0x00000250F6C437D0>,7,Tree,5.086764568705123,1.9828751543077692,2.255385680699672
datasets/synthetic_data/s2.csv,327,<timecave.validation_methods.markov.MarkovCV object at 0x00000250F6C437D0>,7,ARMA,1.7689951135648048,1.0969064852257184,1.3300357564986005
datasets/synthetic_data/s2.csv,327,<timecave.validation_methods.markov.MarkovCV object at 0x00000250F6C437D0>,8,Tree,2.281376202854791,1.3604508889858962,1.5104225246118357
datasets/synthetic_data/s2.csv,327,<timecave.validation_methods.markov.MarkovCV object at 0x00000250F6C437D0>,8,ARMA,1.1088930414193263,0.8442106605465687,1.0530399049510546
datasets/synthetic_data/s2.csv,327,<timecave.validation_methods.markov.MarkovCV object at 0x00000250F6C437D0>,9,Tree,4.72650943816085,1.9337383512874304,2.1740536879665253
datasets/synthetic_data/s2.csv,327,<timecave.validation_methods.markov.MarkovCV object at 0x00000250F6C437D0>,9,ARMA,1.5860539948815195,1.0097763926675114,1.2593863564774392
datasets/synthetic_data/s2.csv,328,<timecave.validation_methods.OOS.Holdout object at 0x00000250F6AC9580>,0,Tree,2.487125216743269,1.2575827346618844,1.577062210803134
datasets/synthetic_data/s2.csv,328,<timecave.validation_methods.OOS.Holdout object at 0x00000250F6AC9580>,0,ARMA,1.4303300986360903,0.946568354431041,1.1959640875193913
datasets/synthetic_data/s2.csv,328,<timecave.validation_methods.OOS.Repeated_Holdout object at 0x00000250F6C40FB0>,0,Tree,2.819875933155055,1.251594295472579,1.679248621602845
datasets/synthetic_data/s2.csv,328,<timecave.validation_methods.OOS.Repeated_Holdout object at 0x00000250F6C40FB0>,0,ARMA,1.6352009382013648,1.0336468975755724,1.2787497558949386
datasets/synthetic_data/s2.csv,328,<timecave.validation_methods.OOS.Repeated_Holdout object at 0x00000250F6C40FB0>,1,Tree,2.567125168388613,1.1488415176152402,1.6022250679566254
datasets/synthetic_data/s2.csv,328,<timecave.validation_methods.OOS.Repeated_Holdout object at 0x00000250F6C40FB0>,1,ARMA,1.7581252432985464,1.088151055430101,1.3259431523630816
datasets/synthetic_data/s2.csv,328,<timecave.validation_methods.OOS.Repeated_Holdout object at 0x00000250F6C40FB0>,2,Tree,2.2377635961534543,1.122550337801702,1.4959156380469636
datasets/synthetic_data/s2.csv,328,<timecave.validation_methods.OOS.Repeated_Holdout object at 0x00000250F6C40FB0>,2,ARMA,1.557459589968348,1.0093649880188602,1.2479822073925366
datasets/synthetic_data/s2.csv,328,<timecave.validation_methods.OOS.Repeated_Holdout object at 0x00000250F6C40FB0>,3,Tree,3.1792533357767776,1.3666310759269598,1.7830460834697397
datasets/synthetic_data/s2.csv,328,<timecave.validation_methods.OOS.Repeated_Holdout object at 0x00000250F6C40FB0>,3,ARMA,1.4303300986360903,0.946568354431041,1.1959640875193913
datasets/synthetic_data/s2.csv,328,<timecave.validation_methods.prequential.Growing_Window object at 0x00000250F6C40200>,0,Tree,7.131154700676475,1.971504313842451,2.6704221952111755
datasets/synthetic_data/s2.csv,328,<timecave.validation_methods.prequential.Growing_Window object at 0x00000250F6C40200>,0,ARMA,3.0649685587191935,1.3304053532672544,1.750705160419422
datasets/synthetic_data/s2.csv,328,<timecave.validation_methods.prequential.Growing_Window object at 0x00000250F6C40200>,1,Tree,1.8924123871156848,1.0786634903457903,1.3756498054067703
datasets/synthetic_data/s2.csv,328,<timecave.validation_methods.prequential.Growing_Window object at 0x00000250F6C40200>,1,ARMA,1.3872674542475725,0.9456491954210249,1.1778231846281395
datasets/synthetic_data/s2.csv,328,<timecave.validation_methods.prequential.Growing_Window object at 0x00000250F6C40200>,2,Tree,1.6461795366956449,1.0203847498131717,1.2830352827165918
datasets/synthetic_data/s2.csv,328,<timecave.validation_methods.prequential.Growing_Window object at 0x00000250F6C40200>,2,ARMA,0.941511958642723,0.7642159748167963,0.9703153913252758
datasets/synthetic_data/s2.csv,328,<timecave.validation_methods.prequential.Growing_Window object at 0x00000250F6C40200>,3,Tree,2.6484491969285444,1.1678518609558426,1.6274056645251498
datasets/synthetic_data/s2.csv,328,<timecave.validation_methods.prequential.Growing_Window object at 0x00000250F6C40200>,3,ARMA,1.6765052028446654,1.0581198566606669,1.2947992905638563
datasets/synthetic_data/s2.csv,328,<timecave.validation_methods.prequential.Growing_Window object at 0x00000250F6C40C20>,0,Tree,4.60906564978429,1.8186642957735903,2.1468734591922947
datasets/synthetic_data/s2.csv,328,<timecave.validation_methods.prequential.Growing_Window object at 0x00000250F6C40C20>,0,ARMA,1.342271197222411,0.8964630240388507,1.1585642827320421
datasets/synthetic_data/s2.csv,328,<timecave.validation_methods.prequential.Growing_Window object at 0x00000250F6C40C20>,1,Tree,3.1206941157060974,1.2939338895216894,1.7665486451570185
datasets/synthetic_data/s2.csv,328,<timecave.validation_methods.prequential.Growing_Window object at 0x00000250F6C40C20>,1,ARMA,1.023633957528126,0.8294901627867843,1.0117479713486586
datasets/synthetic_data/s2.csv,328,<timecave.validation_methods.prequential.Growing_Window object at 0x00000250F6C40C20>,2,Tree,1.6345998263469113,1.0990050823062973,1.2785146953973237
datasets/synthetic_data/s2.csv,328,<timecave.validation_methods.prequential.Growing_Window object at 0x00000250F6C40C20>,2,ARMA,2.0698797982028743,1.114790417770218,1.4387076833752137
datasets/synthetic_data/s2.csv,328,<timecave.validation_methods.prequential.Rolling_Window object at 0x00000250F6C42CC0>,0,Tree,6.372477059080729,1.8602507665611294,2.524376568398766
datasets/synthetic_data/s2.csv,328,<timecave.validation_methods.prequential.Rolling_Window object at 0x00000250F6C42CC0>,0,ARMA,3.0649685587191935,1.3304053532672544,1.750705160419422
datasets/synthetic_data/s2.csv,328,<timecave.validation_methods.prequential.Rolling_Window object at 0x00000250F6C42CC0>,1,Tree,3.7143500802227645,1.4892286936558397,1.9272649221689178
datasets/synthetic_data/s2.csv,328,<timecave.validation_methods.prequential.Rolling_Window object at 0x00000250F6C42CC0>,1,ARMA,1.424017507359486,0.9698458591539452,1.1933220467918482
datasets/synthetic_data/s2.csv,328,<timecave.validation_methods.prequential.Rolling_Window object at 0x00000250F6C42CC0>,2,Tree,1.5215669849153632,0.9371403610963972,1.2335181331927647
datasets/synthetic_data/s2.csv,328,<timecave.validation_methods.prequential.Rolling_Window object at 0x00000250F6C42CC0>,2,ARMA,1.6446571275286723,1.0235782432022351,1.2824418612664952
datasets/synthetic_data/s2.csv,328,<timecave.validation_methods.prequential.Rolling_Window object at 0x00000250F6C42CC0>,3,Tree,1.8739561518996444,1.0795725595817016,1.368925181264354
datasets/synthetic_data/s2.csv,328,<timecave.validation_methods.prequential.Rolling_Window object at 0x00000250F6C42CC0>,3,ARMA,1.7374420277003915,1.0711551453003803,1.3181206423163214
datasets/synthetic_data/s2.csv,328,<timecave.validation_methods.prequential.Rolling_Window object at 0x00000250F6C42330>,0,Tree,4.524068557976933,1.8018268057601683,2.1269857916725567
datasets/synthetic_data/s2.csv,328,<timecave.validation_methods.prequential.Rolling_Window object at 0x00000250F6C42330>,0,ARMA,1.342271197222411,0.8964630240388507,1.1585642827320421
datasets/synthetic_data/s2.csv,328,<timecave.validation_methods.prequential.Rolling_Window object at 0x00000250F6C42330>,1,Tree,3.520708714024451,1.4215457075490237,1.8763551673455778
datasets/synthetic_data/s2.csv,328,<timecave.validation_methods.prequential.Rolling_Window object at 0x00000250F6C42330>,1,ARMA,1.0228890033158646,0.8276499134677934,1.0113797522769894
datasets/synthetic_data/s2.csv,328,<timecave.validation_methods.prequential.Rolling_Window object at 0x00000250F6C42330>,2,Tree,2.2474935862357173,1.174134570597218,1.4991642959448164
datasets/synthetic_data/s2.csv,328,<timecave.validation_methods.prequential.Rolling_Window object at 0x00000250F6C42330>,2,ARMA,2.572813866950294,1.3312921081965852,1.6039993350841184
datasets/synthetic_data/s2.csv,328,<timecave.validation_methods.CV.Block_CV object at 0x00000250F6C43A40>,0,Tree,2.547548703554336,1.2267439794177077,1.5961042270335406
datasets/synthetic_data/s2.csv,328,<timecave.validation_methods.CV.Block_CV object at 0x00000250F6C43A40>,0,ARMA,2.0139891279057904,1.1149853879171445,1.4191508474809118
datasets/synthetic_data/s2.csv,328,<timecave.validation_methods.CV.Block_CV object at 0x00000250F6C43A40>,1,Tree,4.113664613762746,1.4838610187331145,2.028217102226176
datasets/synthetic_data/s2.csv,328,<timecave.validation_methods.CV.Block_CV object at 0x00000250F6C43A40>,1,ARMA,3.16025554415062,1.3537982250690865,1.7777107594180275
datasets/synthetic_data/s2.csv,328,<timecave.validation_methods.CV.Block_CV object at 0x00000250F6C43A40>,2,Tree,3.003710692869034,1.32338279645471,1.7331216613005083
datasets/synthetic_data/s2.csv,328,<timecave.validation_methods.CV.Block_CV object at 0x00000250F6C43A40>,2,ARMA,1.4384523732778602,0.9657131213610075,1.199354982179113
datasets/synthetic_data/s2.csv,328,<timecave.validation_methods.CV.Block_CV object at 0x00000250F6C43A40>,3,Tree,1.9752470609521522,1.0766096249324393,1.4054348298488095
datasets/synthetic_data/s2.csv,328,<timecave.validation_methods.CV.Block_CV object at 0x00000250F6C43A40>,3,ARMA,0.9410333687342707,0.7822349349054241,0.9700687443342717
datasets/synthetic_data/s2.csv,328,<timecave.validation_methods.CV.Block_CV object at 0x00000250F6C43A40>,4,Tree,2.7011462810394704,1.2104392621000133,1.6435164377150204
datasets/synthetic_data/s2.csv,328,<timecave.validation_methods.CV.Block_CV object at 0x00000250F6C43A40>,4,ARMA,1.6765052028446654,1.0581198566606669,1.2947992905638563
datasets/synthetic_data/s2.csv,328,<timecave.validation_methods.CV.AdaptedhvBlockCV object at 0x00000250F6C412B0>,0,Tree,3.172296479893433,1.4521731394404365,1.7810941805231506
datasets/synthetic_data/s2.csv,328,<timecave.validation_methods.CV.AdaptedhvBlockCV object at 0x00000250F6C412B0>,0,ARMA,2.014900291144582,1.1155810213943584,1.4194718352769744
datasets/synthetic_data/s2.csv,328,<timecave.validation_methods.CV.AdaptedhvBlockCV object at 0x00000250F6C412B0>,1,Tree,4.139753869496677,1.5728098671974615,2.0346385107671283
datasets/synthetic_data/s2.csv,328,<timecave.validation_methods.CV.AdaptedhvBlockCV object at 0x00000250F6C412B0>,1,ARMA,3.1649646904252435,1.3580693779043047,1.7790347636921668
datasets/synthetic_data/s2.csv,328,<timecave.validation_methods.CV.AdaptedhvBlockCV object at 0x00000250F6C412B0>,2,Tree,2.4007467906285123,1.2048468713332867,1.5494343453752768
datasets/synthetic_data/s2.csv,328,<timecave.validation_methods.CV.AdaptedhvBlockCV object at 0x00000250F6C412B0>,2,ARMA,1.4433210369776384,0.9677718876395338,1.2013829684899142
datasets/synthetic_data/s2.csv,328,<timecave.validation_methods.CV.AdaptedhvBlockCV object at 0x00000250F6C412B0>,3,Tree,1.7940601156905294,1.0895615493761748,1.3394252930606205
datasets/synthetic_data/s2.csv,328,<timecave.validation_methods.CV.AdaptedhvBlockCV object at 0x00000250F6C412B0>,3,ARMA,0.9053532574455202,0.7766729769846743,0.9515005293984445
datasets/synthetic_data/s2.csv,328,<timecave.validation_methods.CV.AdaptedhvBlockCV object at 0x00000250F6C412B0>,4,Tree,2.5013718629245747,1.130598013489499,1.581572591734118
datasets/synthetic_data/s2.csv,328,<timecave.validation_methods.CV.AdaptedhvBlockCV object at 0x00000250F6C412B0>,4,ARMA,1.7695383807365064,1.068959604719145,1.3302399711091628
datasets/synthetic_data/s2.csv,328,<timecave.validation_methods.markov.MarkovCV object at 0x00000250F6C43C80>,0,Tree,2.436994728240375,1.3773634230758942,1.5610876747448796
datasets/synthetic_data/s2.csv,328,<timecave.validation_methods.markov.MarkovCV object at 0x00000250F6C43C80>,0,ARMA,2.967983781061576,1.3115870364386946,1.7227837302057318
datasets/synthetic_data/s2.csv,328,<timecave.validation_methods.markov.MarkovCV object at 0x00000250F6C43C80>,1,Tree,3.6160277076358165,1.6382943169961557,1.9015855772580461
datasets/synthetic_data/s2.csv,328,<timecave.validation_methods.markov.MarkovCV object at 0x00000250F6C43C80>,1,ARMA,2.4899547433651765,1.2717293206695772,1.5779590436272979
datasets/synthetic_data/s2.csv,328,<timecave.validation_methods.markov.MarkovCV object at 0x00000250F6C43C80>,2,Tree,2.594217150463003,1.3125756340121353,1.610657365941932
datasets/synthetic_data/s2.csv,328,<timecave.validation_methods.markov.MarkovCV object at 0x00000250F6C43C80>,2,ARMA,1.989375315148926,1.1085228856049927,1.4104521669127692
datasets/synthetic_data/s2.csv,328,<timecave.validation_methods.markov.MarkovCV object at 0x00000250F6C43C80>,3,Tree,3.554141482114511,1.3256014170008952,1.885243083030544
datasets/synthetic_data/s2.csv,328,<timecave.validation_methods.markov.MarkovCV object at 0x00000250F6C43C80>,3,ARMA,2.869472838209263,1.4113873318802599,1.6939518405814442
datasets/synthetic_data/s2.csv,328,<timecave.validation_methods.markov.MarkovCV object at 0x00000250F6C43C80>,4,Tree,2.3036971069804153,1.274585599063993,1.517793499452549
datasets/synthetic_data/s2.csv,328,<timecave.validation_methods.markov.MarkovCV object at 0x00000250F6C43C80>,4,ARMA,1.6698943642156783,0.9741020349017208,1.2922439259736058
datasets/synthetic_data/s2.csv,328,<timecave.validation_methods.markov.MarkovCV object at 0x00000250F6C43C80>,5,Tree,2.098156795418628,1.1940263768537358,1.4485015690079968
datasets/synthetic_data/s2.csv,328,<timecave.validation_methods.markov.MarkovCV object at 0x00000250F6C43C80>,5,ARMA,2.8194749903324903,1.2339249754180557,1.6791292357446732
datasets/synthetic_data/s2.csv,328,<timecave.validation_methods.markov.MarkovCV object at 0x00000250F6C43C80>,6,Tree,4.721241158548242,1.6691886853688542,2.172841724228491
datasets/synthetic_data/s2.csv,328,<timecave.validation_methods.markov.MarkovCV object at 0x00000250F6C43C80>,6,ARMA,2.151960629143677,1.2031785039583445,1.4669562464994235
datasets/synthetic_data/s2.csv,328,<timecave.validation_methods.markov.MarkovCV object at 0x00000250F6C43C80>,7,Tree,2.112228895672817,1.1909769555337322,1.4533509196587096
datasets/synthetic_data/s2.csv,328,<timecave.validation_methods.markov.MarkovCV object at 0x00000250F6C43C80>,7,ARMA,3.0348240739929855,1.417895276373625,1.7420746465042725
datasets/synthetic_data/s2.csv,328,<timecave.validation_methods.markov.MarkovCV object at 0x00000250F6C43C80>,8,Tree,6.144909254509336,1.8754119776423221,2.478892747681782
datasets/synthetic_data/s2.csv,328,<timecave.validation_methods.markov.MarkovCV object at 0x00000250F6C43C80>,8,ARMA,2.837400504217294,1.2661516052448734,1.6844585195893942
datasets/synthetic_data/s2.csv,328,<timecave.validation_methods.markov.MarkovCV object at 0x00000250F6C43C80>,9,Tree,9.120493516211626,2.3937395582816943,3.0200154827768064
datasets/synthetic_data/s2.csv,328,<timecave.validation_methods.markov.MarkovCV object at 0x00000250F6C43C80>,9,ARMA,2.91485000005487,1.3415503383382148,1.7072931792913806
datasets/synthetic_data/s2.csv,329,<timecave.validation_methods.OOS.Holdout object at 0x00000250F6AA0E60>,0,Tree,2.101497737189845,1.1363712273305335,1.4496543509367483
datasets/synthetic_data/s2.csv,329,<timecave.validation_methods.OOS.Holdout object at 0x00000250F6AA0E60>,0,ARMA,1.353179120334542,0.8634168988800924,1.1632622749554555
datasets/synthetic_data/s2.csv,329,<timecave.validation_methods.OOS.Repeated_Holdout object at 0x00000250F6C43DD0>,0,Tree,1.8147624166558278,1.0030307151880506,1.3471311801958368
datasets/synthetic_data/s2.csv,329,<timecave.validation_methods.OOS.Repeated_Holdout object at 0x00000250F6C43DD0>,0,ARMA,1.2745749493026226,0.8569807802496421,1.1289707477621476
datasets/synthetic_data/s2.csv,329,<timecave.validation_methods.OOS.Repeated_Holdout object at 0x00000250F6C43DD0>,1,Tree,2.686497364201787,1.3432587288267075,1.6390538014970062
datasets/synthetic_data/s2.csv,329,<timecave.validation_methods.OOS.Repeated_Holdout object at 0x00000250F6C43DD0>,1,ARMA,1.3199923318075402,0.8814595565359984,1.1489091921503372
datasets/synthetic_data/s2.csv,329,<timecave.validation_methods.OOS.Repeated_Holdout object at 0x00000250F6C43DD0>,2,Tree,1.8481343784756201,1.0803060372199251,1.3594610617725027
datasets/synthetic_data/s2.csv,329,<timecave.validation_methods.OOS.Repeated_Holdout object at 0x00000250F6C43DD0>,2,ARMA,1.241652643888598,0.8445752353127653,1.1142946844926607
datasets/synthetic_data/s2.csv,329,<timecave.validation_methods.OOS.Repeated_Holdout object at 0x00000250F6C43DD0>,3,Tree,2.2345154400219145,1.1734396632876793,1.4948295688880102
datasets/synthetic_data/s2.csv,329,<timecave.validation_methods.OOS.Repeated_Holdout object at 0x00000250F6C43DD0>,3,ARMA,1.353179120334542,0.8634168988800924,1.1632622749554555
datasets/synthetic_data/s2.csv,329,<timecave.validation_methods.prequential.Growing_Window object at 0x00000250F6C427E0>,0,Tree,3.442758355293898,1.4932098839785557,1.8554671528469313
datasets/synthetic_data/s2.csv,329,<timecave.validation_methods.prequential.Growing_Window object at 0x00000250F6C427E0>,0,ARMA,1.632131101969247,0.9884445784227827,1.2775488648068405
datasets/synthetic_data/s2.csv,329,<timecave.validation_methods.prequential.Growing_Window object at 0x00000250F6C427E0>,1,Tree,2.059508078709658,1.139854785523921,1.4350986303072197
datasets/synthetic_data/s2.csv,329,<timecave.validation_methods.prequential.Growing_Window object at 0x00000250F6C427E0>,1,ARMA,1.2152319183146596,0.8970001896318848,1.1023755795166452
datasets/synthetic_data/s2.csv,329,<timecave.validation_methods.prequential.Growing_Window object at 0x00000250F6C427E0>,2,Tree,3.341491445379405,1.592874339765414,1.827974684009438
datasets/synthetic_data/s2.csv,329,<timecave.validation_methods.prequential.Growing_Window object at 0x00000250F6C427E0>,2,ARMA,1.8035730110886679,1.0220881324582418,1.3429717089680884
datasets/synthetic_data/s2.csv,329,<timecave.validation_methods.prequential.Growing_Window object at 0x00000250F6C427E0>,3,Tree,2.2649622547239527,1.2097030815527134,1.5049791542489726
datasets/synthetic_data/s2.csv,329,<timecave.validation_methods.prequential.Growing_Window object at 0x00000250F6C427E0>,3,ARMA,1.3197852931603617,0.8814636706179071,1.1488190863492658
datasets/synthetic_data/s2.csv,329,<timecave.validation_methods.prequential.Growing_Window object at 0x00000250F6C423F0>,0,Tree,1.706923681040671,0.9455827542962839,1.3064928936051168
datasets/synthetic_data/s2.csv,329,<timecave.validation_methods.prequential.Growing_Window object at 0x00000250F6C423F0>,0,ARMA,1.1520324076846524,0.8569341215616693,1.0733277261324485
datasets/synthetic_data/s2.csv,329,<timecave.validation_methods.prequential.Growing_Window object at 0x00000250F6C423F0>,1,Tree,2.986297940735573,1.3929132071744985,1.7280908369456662
datasets/synthetic_data/s2.csv,329,<timecave.validation_methods.prequential.Growing_Window object at 0x00000250F6C423F0>,1,ARMA,1.874907029154518,1.0344680470487615,1.369272445189239
datasets/synthetic_data/s2.csv,329,<timecave.validation_methods.prequential.Growing_Window object at 0x00000250F6C423F0>,2,Tree,2.116731495432031,1.2030453608363727,1.454899135827646
datasets/synthetic_data/s2.csv,329,<timecave.validation_methods.prequential.Growing_Window object at 0x00000250F6C423F0>,2,ARMA,1.3301594794731029,0.8686715526109834,1.1533254005150078
datasets/synthetic_data/s2.csv,329,<timecave.validation_methods.prequential.Rolling_Window object at 0x00000250F6C42150>,0,Tree,3.5892019310198773,1.4274808826988359,1.8945189180950073
datasets/synthetic_data/s2.csv,329,<timecave.validation_methods.prequential.Rolling_Window object at 0x00000250F6C42150>,0,ARMA,1.632131101969247,0.9884445784227827,1.2775488648068405
datasets/synthetic_data/s2.csv,329,<timecave.validation_methods.prequential.Rolling_Window object at 0x00000250F6C42150>,1,Tree,3.352585233225335,1.495903629548793,1.8310066174717488
datasets/synthetic_data/s2.csv,329,<timecave.validation_methods.prequential.Rolling_Window object at 0x00000250F6C42150>,1,ARMA,1.2083770244308705,0.8946568688667407,1.0992620362911067
datasets/synthetic_data/s2.csv,329,<timecave.validation_methods.prequential.Rolling_Window object at 0x00000250F6C42150>,2,Tree,2.0520076501003524,1.1376442229451695,1.4324830365838028
datasets/synthetic_data/s2.csv,329,<timecave.validation_methods.prequential.Rolling_Window object at 0x00000250F6C42150>,2,ARMA,1.9419519014203757,1.0666892597744055,1.3935393433342222
datasets/synthetic_data/s2.csv,329,<timecave.validation_methods.prequential.Rolling_Window object at 0x00000250F6C42150>,3,Tree,1.873850156841435,1.1045775725892601,1.3688864660158764
datasets/synthetic_data/s2.csv,329,<timecave.validation_methods.prequential.Rolling_Window object at 0x00000250F6C42150>,3,ARMA,1.3432647862484468,0.8626740795528735,1.1589930052629511
datasets/synthetic_data/s2.csv,329,<timecave.validation_methods.prequential.Rolling_Window object at 0x00000250F6C43A70>,0,Tree,1.8222187309393703,0.9771162972040967,1.3498958222542101
datasets/synthetic_data/s2.csv,329,<timecave.validation_methods.prequential.Rolling_Window object at 0x00000250F6C43A70>,0,ARMA,1.1520324076846524,0.8569341215616693,1.0733277261324485
datasets/synthetic_data/s2.csv,329,<timecave.validation_methods.prequential.Rolling_Window object at 0x00000250F6C43A70>,1,Tree,2.9811200096502013,1.497928607995432,1.7265920217730073
datasets/synthetic_data/s2.csv,329,<timecave.validation_methods.prequential.Rolling_Window object at 0x00000250F6C43A70>,1,ARMA,1.937345794437728,1.0483042160093803,1.391885697332122
datasets/synthetic_data/s2.csv,329,<timecave.validation_methods.prequential.Rolling_Window object at 0x00000250F6C43A70>,2,Tree,2.3803273206653106,1.334816418463609,1.5428309436439596
datasets/synthetic_data/s2.csv,329,<timecave.validation_methods.prequential.Rolling_Window object at 0x00000250F6C43A70>,2,ARMA,1.3963419760915232,0.9116233806872676,1.1816691483200885
datasets/synthetic_data/s2.csv,329,<timecave.validation_methods.CV.Block_CV object at 0x00000250F6C43860>,0,Tree,1.8287883956348905,1.0483475006362613,1.3523270298396355
datasets/synthetic_data/s2.csv,329,<timecave.validation_methods.CV.Block_CV object at 0x00000250F6C43860>,0,ARMA,1.3609450950242499,0.9288297670943466,1.1665955147454707
datasets/synthetic_data/s2.csv,329,<timecave.validation_methods.CV.Block_CV object at 0x00000250F6C43860>,1,Tree,2.6560309569298446,1.2298732122280365,1.629733400568892
datasets/synthetic_data/s2.csv,329,<timecave.validation_methods.CV.Block_CV object at 0x00000250F6C43860>,1,ARMA,1.6353884104310672,0.9896292725895688,1.2788230567326613
datasets/synthetic_data/s2.csv,329,<timecave.validation_methods.CV.Block_CV object at 0x00000250F6C43860>,2,Tree,2.0885955687493114,1.175004921618831,1.4451974151476024
datasets/synthetic_data/s2.csv,329,<timecave.validation_methods.CV.Block_CV object at 0x00000250F6C43860>,2,ARMA,1.1396903790704296,0.8461370045118988,1.0675628220720454
datasets/synthetic_data/s2.csv,329,<timecave.validation_methods.CV.Block_CV object at 0x00000250F6C43860>,3,Tree,3.282317125576208,1.5232967612300496,1.8117166239719191
datasets/synthetic_data/s2.csv,329,<timecave.validation_methods.CV.Block_CV object at 0x00000250F6C43860>,3,ARMA,1.886430251726886,1.0452376863608097,1.373473789967208
datasets/synthetic_data/s2.csv,329,<timecave.validation_methods.CV.Block_CV object at 0x00000250F6C43860>,4,Tree,2.266121962543752,1.207723041682178,1.5053643952690499
datasets/synthetic_data/s2.csv,329,<timecave.validation_methods.CV.Block_CV object at 0x00000250F6C43860>,4,ARMA,1.3197852931603617,0.8814636706179071,1.1488190863492658
datasets/synthetic_data/s2.csv,329,<timecave.validation_methods.CV.AdaptedhvBlockCV object at 0x00000250F6C43500>,0,Tree,2.6287010081773783,1.3257044335123496,1.621326928221874
datasets/synthetic_data/s2.csv,329,<timecave.validation_methods.CV.AdaptedhvBlockCV object at 0x00000250F6C43500>,0,ARMA,1.3590037166304603,0.9302797807219407,1.1657631477407666
datasets/synthetic_data/s2.csv,329,<timecave.validation_methods.CV.AdaptedhvBlockCV object at 0x00000250F6C43500>,1,Tree,3.0642306336289344,1.2650219781674408,1.7504943969144644
datasets/synthetic_data/s2.csv,329,<timecave.validation_methods.CV.AdaptedhvBlockCV object at 0x00000250F6C43500>,1,ARMA,1.6356826257366706,0.9897638631619309,1.2789380851849985
datasets/synthetic_data/s2.csv,329,<timecave.validation_methods.CV.AdaptedhvBlockCV object at 0x00000250F6C43500>,2,Tree,2.5665465501255262,1.334041536171189,1.602044490682305
datasets/synthetic_data/s2.csv,329,<timecave.validation_methods.CV.AdaptedhvBlockCV object at 0x00000250F6C43500>,2,ARMA,1.1398924944595263,0.8483335867140043,1.0676574799342373
datasets/synthetic_data/s2.csv,329,<timecave.validation_methods.CV.AdaptedhvBlockCV object at 0x00000250F6C43500>,3,Tree,3.2820870423729156,1.5222071713872714,1.8116531241860059
datasets/synthetic_data/s2.csv,329,<timecave.validation_methods.CV.AdaptedhvBlockCV object at 0x00000250F6C43500>,3,ARMA,1.8793462515125843,1.0448582005114422,1.3708925018077034
datasets/synthetic_data/s2.csv,329,<timecave.validation_methods.CV.AdaptedhvBlockCV object at 0x00000250F6C43500>,4,Tree,2.1511616549344184,1.1464865946535634,1.466683897414306
datasets/synthetic_data/s2.csv,329,<timecave.validation_methods.CV.AdaptedhvBlockCV object at 0x00000250F6C43500>,4,ARMA,1.5026140277704179,0.8897651290880357,1.2258115792283975
datasets/synthetic_data/s2.csv,329,<timecave.validation_methods.markov.MarkovCV object at 0x00000250F6C42390>,0,Tree,2.1848689068069396,1.1407472420702311,1.4781302063103032
datasets/synthetic_data/s2.csv,329,<timecave.validation_methods.markov.MarkovCV object at 0x00000250F6C42390>,0,ARMA,1.3980135196875267,0.9339445960278393,1.1823762174906627
datasets/synthetic_data/s2.csv,329,<timecave.validation_methods.markov.MarkovCV object at 0x00000250F6C42390>,1,Tree,1.6871420504209802,0.9789806940438923,1.2989003235125396
datasets/synthetic_data/s2.csv,329,<timecave.validation_methods.markov.MarkovCV object at 0x00000250F6C42390>,1,ARMA,1.6880171372308646,0.9601916058972079,1.299237136642447
datasets/synthetic_data/s2.csv,329,<timecave.validation_methods.markov.MarkovCV object at 0x00000250F6C42390>,2,Tree,2.7464126395989616,1.375160254488194,1.657230412344331
datasets/synthetic_data/s2.csv,329,<timecave.validation_methods.markov.MarkovCV object at 0x00000250F6C42390>,2,ARMA,2.0823248624295907,1.127037566439172,1.4430262861187217
datasets/synthetic_data/s2.csv,329,<timecave.validation_methods.markov.MarkovCV object at 0x00000250F6C42390>,3,Tree,3.2601818827456492,1.531113184821904,1.8055973755922579
datasets/synthetic_data/s2.csv,329,<timecave.validation_methods.markov.MarkovCV object at 0x00000250F6C42390>,3,ARMA,1.7566999202938693,1.0006014908506013,1.3254055682295398
datasets/synthetic_data/s2.csv,329,<timecave.validation_methods.markov.MarkovCV object at 0x00000250F6C42390>,4,Tree,3.314189910499374,1.6295457668555182,1.8204916672424991
datasets/synthetic_data/s2.csv,329,<timecave.validation_methods.markov.MarkovCV object at 0x00000250F6C42390>,4,ARMA,2.07139495460274,1.190566577432651,1.4392341555850945
datasets/synthetic_data/s2.csv,329,<timecave.validation_methods.markov.MarkovCV object at 0x00000250F6C42390>,5,Tree,3.3070849395498416,1.6280064661589952,1.818539232337274
datasets/synthetic_data/s2.csv,329,<timecave.validation_methods.markov.MarkovCV object at 0x00000250F6C42390>,5,ARMA,2.0597752349588214,1.1774593035694552,1.4351917066924618
datasets/synthetic_data/s2.csv,329,<timecave.validation_methods.markov.MarkovCV object at 0x00000250F6C42390>,6,Tree,2.129020643831193,1.2566118586539625,1.4591163914613505
datasets/synthetic_data/s2.csv,329,<timecave.validation_methods.markov.MarkovCV object at 0x00000250F6C42390>,6,ARMA,1.3250769053459335,0.8469846396931794,1.1511198483850122
datasets/synthetic_data/s2.csv,329,<timecave.validation_methods.markov.MarkovCV object at 0x00000250F6C42390>,7,Tree,2.2195218345667627,1.2548989634703296,1.4898059721207868
datasets/synthetic_data/s2.csv,329,<timecave.validation_methods.markov.MarkovCV object at 0x00000250F6C42390>,7,ARMA,1.215575990610871,0.7950517735173734,1.10253162794129
datasets/synthetic_data/s2.csv,329,<timecave.validation_methods.markov.MarkovCV object at 0x00000250F6C42390>,8,Tree,2.4556957502652157,1.0631616571525841,1.5670659687024078
datasets/synthetic_data/s2.csv,329,<timecave.validation_methods.markov.MarkovCV object at 0x00000250F6C42390>,8,ARMA,1.0875251593425699,0.7464587607292805,1.0428447436423938
datasets/synthetic_data/s2.csv,329,<timecave.validation_methods.markov.MarkovCV object at 0x00000250F6C42390>,9,Tree,2.1154707953571745,1.172836344214285,1.454465810996317
datasets/synthetic_data/s2.csv,329,<timecave.validation_methods.markov.MarkovCV object at 0x00000250F6C42390>,9,ARMA,1.911046510476014,0.9733312667392129,1.3824060584632918
datasets/synthetic_data/s2.csv,330,<timecave.validation_methods.OOS.Holdout object at 0x00000250F6AC9A00>,0,Tree,1.6096476614080297,0.9476469613691494,1.2687189055925783
datasets/synthetic_data/s2.csv,330,<timecave.validation_methods.OOS.Holdout object at 0x00000250F6AC9A00>,0,ARMA,1.329371804708629,0.8802342142620506,1.15298387009907
datasets/synthetic_data/s2.csv,330,<timecave.validation_methods.OOS.Repeated_Holdout object at 0x00000250F6C40410>,0,Tree,1.7487316916503224,1.0562180663930414,1.3223961931472437
datasets/synthetic_data/s2.csv,330,<timecave.validation_methods.OOS.Repeated_Holdout object at 0x00000250F6C40410>,0,ARMA,1.278887291893538,0.8810022454300843,1.1308789908268426
datasets/synthetic_data/s2.csv,330,<timecave.validation_methods.OOS.Repeated_Holdout object at 0x00000250F6C40410>,1,Tree,1.8477193742993006,1.0797425616767533,1.3593084176518957
datasets/synthetic_data/s2.csv,330,<timecave.validation_methods.OOS.Repeated_Holdout object at 0x00000250F6C40410>,1,ARMA,1.3735665851379117,0.923165742230843,1.1719925704277787
datasets/synthetic_data/s2.csv,330,<timecave.validation_methods.OOS.Repeated_Holdout object at 0x00000250F6C40410>,2,Tree,2.371565290190644,1.2490030155993868,1.5399887305401438
datasets/synthetic_data/s2.csv,330,<timecave.validation_methods.OOS.Repeated_Holdout object at 0x00000250F6C40410>,2,ARMA,1.3061388756970984,0.8668849426270834,1.142864329523456
datasets/synthetic_data/s2.csv,330,<timecave.validation_methods.OOS.Repeated_Holdout object at 0x00000250F6C40410>,3,Tree,1.652208701245859,0.9913302915738831,1.285382706140805
datasets/synthetic_data/s2.csv,330,<timecave.validation_methods.OOS.Repeated_Holdout object at 0x00000250F6C40410>,3,ARMA,1.329371804708629,0.8802342142620506,1.15298387009907
datasets/synthetic_data/s2.csv,330,<timecave.validation_methods.prequential.Growing_Window object at 0x00000250F6C42DE0>,0,Tree,3.2736618920123175,1.5016055618486872,1.8093263641511217
datasets/synthetic_data/s2.csv,330,<timecave.validation_methods.prequential.Growing_Window object at 0x00000250F6C42DE0>,0,ARMA,2.698279654675365,1.3791443716938936,1.6426441046907772
datasets/synthetic_data/s2.csv,330,<timecave.validation_methods.prequential.Growing_Window object at 0x00000250F6C42DE0>,1,Tree,5.291988870669339,1.9072868809354147,2.3004323225579446
datasets/synthetic_data/s2.csv,330,<timecave.validation_methods.prequential.Growing_Window object at 0x00000250F6C42DE0>,1,ARMA,2.211558014767035,1.1870186577576298,1.4871307994816847
datasets/synthetic_data/s2.csv,330,<timecave.validation_methods.prequential.Growing_Window object at 0x00000250F6C42DE0>,2,Tree,3.0808402375312145,1.3415306637476248,1.7552322460378895
datasets/synthetic_data/s2.csv,330,<timecave.validation_methods.prequential.Growing_Window object at 0x00000250F6C42DE0>,2,ARMA,2.2118821537035904,1.0872375675814028,1.4872397768025136
datasets/synthetic_data/s2.csv,330,<timecave.validation_methods.prequential.Growing_Window object at 0x00000250F6C42DE0>,3,Tree,1.9637102720965514,1.061765440539334,1.401324470669285
datasets/synthetic_data/s2.csv,330,<timecave.validation_methods.prequential.Growing_Window object at 0x00000250F6C42DE0>,3,ARMA,1.4022730231274634,0.9163576567809689,1.1841760946444846
datasets/synthetic_data/s2.csv,330,<timecave.validation_methods.prequential.Growing_Window object at 0x00000250F6C400B0>,0,Tree,3.24192341064874,1.5929107596518226,1.8005342014659815
datasets/synthetic_data/s2.csv,330,<timecave.validation_methods.prequential.Growing_Window object at 0x00000250F6C400B0>,0,ARMA,2.2490939752283996,1.217608744884732,1.4996979613336812
datasets/synthetic_data/s2.csv,330,<timecave.validation_methods.prequential.Growing_Window object at 0x00000250F6C400B0>,1,Tree,3.433312403204584,1.538919011445689,1.8529199667564122
datasets/synthetic_data/s2.csv,330,<timecave.validation_methods.prequential.Growing_Window object at 0x00000250F6C400B0>,1,ARMA,2.208459905240429,1.0803860129834457,1.4860887945343066
datasets/synthetic_data/s2.csv,330,<timecave.validation_methods.prequential.Growing_Window object at 0x00000250F6C400B0>,2,Tree,2.5309946179392906,1.1904129664621852,1.590909996806636
datasets/synthetic_data/s2.csv,330,<timecave.validation_methods.prequential.Growing_Window object at 0x00000250F6C400B0>,2,ARMA,1.4224845616565107,0.9501501063055416,1.1926795720798233
datasets/synthetic_data/s2.csv,330,<timecave.validation_methods.prequential.Rolling_Window object at 0x00000250F6C41B50>,0,Tree,3.3866692262327414,1.5461417376798272,1.8402905276702213
datasets/synthetic_data/s2.csv,330,<timecave.validation_methods.prequential.Rolling_Window object at 0x00000250F6C41B50>,0,ARMA,2.698279654675365,1.3791443716938936,1.6426441046907772
datasets/synthetic_data/s2.csv,330,<timecave.validation_methods.prequential.Rolling_Window object at 0x00000250F6C41B50>,1,Tree,3.7853529939369364,1.5588517811305447,1.9455983639839278
datasets/synthetic_data/s2.csv,330,<timecave.validation_methods.prequential.Rolling_Window object at 0x00000250F6C41B50>,1,ARMA,2.2895083142790718,1.184475018651289,1.5131121287859244
datasets/synthetic_data/s2.csv,330,<timecave.validation_methods.prequential.Rolling_Window object at 0x00000250F6C41B50>,2,Tree,2.8923264766516326,1.3741519855330946,1.7006841201856482
datasets/synthetic_data/s2.csv,330,<timecave.validation_methods.prequential.Rolling_Window object at 0x00000250F6C41B50>,2,ARMA,2.3931306689832286,1.1143092757353283,1.546974682722128
datasets/synthetic_data/s2.csv,330,<timecave.validation_methods.prequential.Rolling_Window object at 0x00000250F6C41B50>,3,Tree,2.9423366520932244,1.3255491472124206,1.7153240662024258
datasets/synthetic_data/s2.csv,330,<timecave.validation_methods.prequential.Rolling_Window object at 0x00000250F6C41B50>,3,ARMA,1.4259162937336776,0.9367438904126337,1.1941173701666339
datasets/synthetic_data/s2.csv,330,<timecave.validation_methods.prequential.Rolling_Window object at 0x00000250F6C40440>,0,Tree,3.597730908551518,1.6929026909114142,1.896768543747897
datasets/synthetic_data/s2.csv,330,<timecave.validation_methods.prequential.Rolling_Window object at 0x00000250F6C40440>,0,ARMA,2.2490939752283996,1.217608744884732,1.4996979613336812
datasets/synthetic_data/s2.csv,330,<timecave.validation_methods.prequential.Rolling_Window object at 0x00000250F6C40440>,1,Tree,4.23566075006649,1.6340290369206867,2.0580720954491585
datasets/synthetic_data/s2.csv,330,<timecave.validation_methods.prequential.Rolling_Window object at 0x00000250F6C40440>,1,ARMA,2.2619924927468213,1.0905680966836504,1.5039921850684004
datasets/synthetic_data/s2.csv,330,<timecave.validation_methods.prequential.Rolling_Window object at 0x00000250F6C40440>,2,Tree,3.6581591380057232,1.460429944740969,1.9126314694696738
datasets/synthetic_data/s2.csv,330,<timecave.validation_methods.prequential.Rolling_Window object at 0x00000250F6C40440>,2,ARMA,1.5016204773029735,0.9990510479668255,1.225406249903669
datasets/synthetic_data/s2.csv,330,<timecave.validation_methods.CV.Block_CV object at 0x00000250F6C43D70>,0,Tree,2.231429943734925,1.1385636552678777,1.4937971561543841
datasets/synthetic_data/s2.csv,330,<timecave.validation_methods.CV.Block_CV object at 0x00000250F6C43D70>,0,ARMA,1.1512173982684002,0.853977293759369,1.0729479942049382
datasets/synthetic_data/s2.csv,330,<timecave.validation_methods.CV.Block_CV object at 0x00000250F6C43D70>,1,Tree,3.3800474416312256,1.5422747344595953,1.8384905334624995
datasets/synthetic_data/s2.csv,330,<timecave.validation_methods.CV.Block_CV object at 0x00000250F6C43D70>,1,ARMA,2.514983895327276,1.3281285964059852,1.585870075172388
datasets/synthetic_data/s2.csv,330,<timecave.validation_methods.CV.Block_CV object at 0x00000250F6C43D70>,2,Tree,3.8808390132690866,1.5940027929172482,1.9699845210734745
datasets/synthetic_data/s2.csv,330,<timecave.validation_methods.CV.Block_CV object at 0x00000250F6C43D70>,2,ARMA,2.2669711450887187,1.2125451243404755,1.50564642100618
datasets/synthetic_data/s2.csv,330,<timecave.validation_methods.CV.Block_CV object at 0x00000250F6C43D70>,3,Tree,1.727739670339386,1.1116586306828022,1.3144351145413706
datasets/synthetic_data/s2.csv,330,<timecave.validation_methods.CV.Block_CV object at 0x00000250F6C43D70>,3,ARMA,2.389350629450398,1.1207968896855522,1.5457524476611375
datasets/synthetic_data/s2.csv,330,<timecave.validation_methods.CV.Block_CV object at 0x00000250F6C43D70>,4,Tree,1.9851372228193849,1.1588701241034727,1.4089489780752833
datasets/synthetic_data/s2.csv,330,<timecave.validation_methods.CV.Block_CV object at 0x00000250F6C43D70>,4,ARMA,1.4022730231274634,0.9163576567809689,1.1841760946444846
datasets/synthetic_data/s2.csv,330,<timecave.validation_methods.CV.AdaptedhvBlockCV object at 0x00000250F6C42AB0>,0,Tree,2.1950728363249574,1.1591610790787785,1.4815778198680478
datasets/synthetic_data/s2.csv,330,<timecave.validation_methods.CV.AdaptedhvBlockCV object at 0x00000250F6C42AB0>,0,ARMA,1.1348296418073924,0.8426587202192463,1.0652838315713764
datasets/synthetic_data/s2.csv,330,<timecave.validation_methods.CV.AdaptedhvBlockCV object at 0x00000250F6C42AB0>,1,Tree,4.293317545866626,1.836761444938521,2.0720322260685586
datasets/synthetic_data/s2.csv,330,<timecave.validation_methods.CV.AdaptedhvBlockCV object at 0x00000250F6C42AB0>,1,ARMA,2.5022674658457937,1.323276361849746,1.5818557032314273
datasets/synthetic_data/s2.csv,330,<timecave.validation_methods.CV.AdaptedhvBlockCV object at 0x00000250F6C42AB0>,2,Tree,2.845387333780899,1.3804547967191445,1.6868275945635045
datasets/synthetic_data/s2.csv,330,<timecave.validation_methods.CV.AdaptedhvBlockCV object at 0x00000250F6C42AB0>,2,ARMA,2.2320811740033837,1.1989014246487797,1.4940151183985333
datasets/synthetic_data/s2.csv,330,<timecave.validation_methods.CV.AdaptedhvBlockCV object at 0x00000250F6C42AB0>,3,Tree,0.8401341424630707,0.7426223135327586,0.9165883167829878
datasets/synthetic_data/s2.csv,330,<timecave.validation_methods.CV.AdaptedhvBlockCV object at 0x00000250F6C42AB0>,3,ARMA,2.3949815341934566,1.1224229964141164,1.5475727880114256
datasets/synthetic_data/s2.csv,330,<timecave.validation_methods.CV.AdaptedhvBlockCV object at 0x00000250F6C42AB0>,4,Tree,1.9824730839375309,1.1098424399766873,1.4080032258263937
datasets/synthetic_data/s2.csv,330,<timecave.validation_methods.CV.AdaptedhvBlockCV object at 0x00000250F6C42AB0>,4,ARMA,1.3810925077903002,0.9190231837795662,1.175198922646843
datasets/synthetic_data/s2.csv,330,<timecave.validation_methods.markov.MarkovCV object at 0x00000250F6BB36B0>,0,Tree,4.313090862654509,1.6270724914276957,2.07679822386637
datasets/synthetic_data/s2.csv,330,<timecave.validation_methods.markov.MarkovCV object at 0x00000250F6BB36B0>,0,ARMA,1.4390556326851602,1.0709604384443066,1.1996064490845155
datasets/synthetic_data/s2.csv,330,<timecave.validation_methods.markov.MarkovCV object at 0x00000250F6BB36B0>,1,Tree,2.5606456126749113,1.365629183039829,1.600201741242307
datasets/synthetic_data/s2.csv,330,<timecave.validation_methods.markov.MarkovCV object at 0x00000250F6BB36B0>,1,ARMA,1.7304984411806463,1.0569012404857168,1.3154841090566798
datasets/synthetic_data/s2.csv,330,<timecave.validation_methods.markov.MarkovCV object at 0x00000250F6BB36B0>,2,Tree,2.354092155638253,1.303259245051289,1.5343051051333476
datasets/synthetic_data/s2.csv,330,<timecave.validation_methods.markov.MarkovCV object at 0x00000250F6BB36B0>,2,ARMA,1.6886190933162806,1.0689023516287672,1.299468773505651
datasets/synthetic_data/s2.csv,330,<timecave.validation_methods.markov.MarkovCV object at 0x00000250F6BB36B0>,3,Tree,5.134317267315381,1.7375869085088003,2.265903190190477
datasets/synthetic_data/s2.csv,330,<timecave.validation_methods.markov.MarkovCV object at 0x00000250F6BB36B0>,3,ARMA,2.831201079711371,1.3676590078534083,1.6826173301471048
datasets/synthetic_data/s2.csv,330,<timecave.validation_methods.markov.MarkovCV object at 0x00000250F6BB36B0>,4,Tree,3.1446429234098656,1.5176664324741642,1.773314107373498
datasets/synthetic_data/s2.csv,330,<timecave.validation_methods.markov.MarkovCV object at 0x00000250F6BB36B0>,4,ARMA,2.448514044186745,1.2556624798050808,1.564772841081652
datasets/synthetic_data/s2.csv,330,<timecave.validation_methods.markov.MarkovCV object at 0x00000250F6BB36B0>,5,Tree,2.871179388076991,1.5284667710005309,1.694455484241764
datasets/synthetic_data/s2.csv,330,<timecave.validation_methods.markov.MarkovCV object at 0x00000250F6BB36B0>,5,ARMA,1.6854659294348693,1.0857370244771098,1.2982549554825005
datasets/synthetic_data/s2.csv,330,<timecave.validation_methods.markov.MarkovCV object at 0x00000250F6BB36B0>,6,Tree,7.905459776486555,2.1918663766291746,2.811664947408662
datasets/synthetic_data/s2.csv,330,<timecave.validation_methods.markov.MarkovCV object at 0x00000250F6BB36B0>,6,ARMA,2.956468992867539,1.355152831968169,1.7194385690880436
datasets/synthetic_data/s2.csv,330,<timecave.validation_methods.markov.MarkovCV object at 0x00000250F6BB36B0>,7,Tree,3.7870803453033774,1.4358450757239618,1.9460422259815888
datasets/synthetic_data/s2.csv,330,<timecave.validation_methods.markov.MarkovCV object at 0x00000250F6BB36B0>,7,ARMA,2.1946269112726204,1.1874629309522542,1.4814273223052896
datasets/synthetic_data/s2.csv,330,<timecave.validation_methods.markov.MarkovCV object at 0x00000250F6BB36B0>,8,Tree,1.9461090698630095,1.0888407299848846,1.395030132241956
datasets/synthetic_data/s2.csv,330,<timecave.validation_methods.markov.MarkovCV object at 0x00000250F6BB36B0>,8,ARMA,1.4961430550912558,0.9539535392444192,1.2231692667375418
datasets/synthetic_data/s2.csv,330,<timecave.validation_methods.markov.MarkovCV object at 0x00000250F6BB36B0>,9,Tree,3.290812765421522,1.415705774036743,1.8140597469271849
datasets/synthetic_data/s2.csv,330,<timecave.validation_methods.markov.MarkovCV object at 0x00000250F6BB36B0>,9,ARMA,1.4968367057502354,0.9661430165321852,1.2234527803516715
datasets/synthetic_data/s2.csv,331,<timecave.validation_methods.OOS.Holdout object at 0x00000250F2A0E990>,0,Tree,3.0312696618306254,1.458370441590074,1.7410541811875428
datasets/synthetic_data/s2.csv,331,<timecave.validation_methods.OOS.Holdout object at 0x00000250F2A0E990>,0,ARMA,1.4928583701577536,0.9532749377365864,1.2218258346252766
datasets/synthetic_data/s2.csv,331,<timecave.validation_methods.OOS.Repeated_Holdout object at 0x00000250F6C40740>,0,Tree,3.0263894480325044,1.3769318645080528,1.7396521054603142
datasets/synthetic_data/s2.csv,331,<timecave.validation_methods.OOS.Repeated_Holdout object at 0x00000250F6C40740>,0,ARMA,1.2820260298103596,0.8894027018169193,1.132265883002027
datasets/synthetic_data/s2.csv,331,<timecave.validation_methods.OOS.Repeated_Holdout object at 0x00000250F6C40740>,1,Tree,2.351127823880671,1.281172503185271,1.5333387831398093
datasets/synthetic_data/s2.csv,331,<timecave.validation_methods.OOS.Repeated_Holdout object at 0x00000250F6C40740>,1,ARMA,1.3489742568111203,0.9126872139434635,1.1614535103959693
datasets/synthetic_data/s2.csv,331,<timecave.validation_methods.OOS.Repeated_Holdout object at 0x00000250F6C40740>,2,Tree,2.657295521034106,1.3246836117138205,1.6301213209556233
datasets/synthetic_data/s2.csv,331,<timecave.validation_methods.OOS.Repeated_Holdout object at 0x00000250F6C40740>,2,ARMA,1.6372801251353495,1.0242711735311567,1.279562474104078
datasets/synthetic_data/s2.csv,331,<timecave.validation_methods.OOS.Repeated_Holdout object at 0x00000250F6C40740>,3,Tree,3.0758814033223087,1.4488220519547235,1.7538190908193207
datasets/synthetic_data/s2.csv,331,<timecave.validation_methods.OOS.Repeated_Holdout object at 0x00000250F6C40740>,3,ARMA,1.4928583701577536,0.9532749377365864,1.2218258346252766
datasets/synthetic_data/s2.csv,331,<timecave.validation_methods.prequential.Growing_Window object at 0x00000250F6C42E10>,0,Tree,1.6771805844586485,1.12536984132003,1.295060069826357
datasets/synthetic_data/s2.csv,331,<timecave.validation_methods.prequential.Growing_Window object at 0x00000250F6C42E10>,0,ARMA,1.4617437642703177,1.027609094581163,1.209025956822399
datasets/synthetic_data/s2.csv,331,<timecave.validation_methods.prequential.Growing_Window object at 0x00000250F6C42E10>,1,Tree,2.508578439484556,1.251330329989061,1.583849247714111
datasets/synthetic_data/s2.csv,331,<timecave.validation_methods.prequential.Growing_Window object at 0x00000250F6C42E10>,1,ARMA,2.1371915428113306,1.2275611414332532,1.4619136577826102
datasets/synthetic_data/s2.csv,331,<timecave.validation_methods.prequential.Growing_Window object at 0x00000250F6C42E10>,2,Tree,1.5399306906669634,1.0523635749619975,1.240939438758783
datasets/synthetic_data/s2.csv,331,<timecave.validation_methods.prequential.Growing_Window object at 0x00000250F6C42E10>,2,ARMA,1.6189260328849437,1.0493831334601593,1.2723702420620122
datasets/synthetic_data/s2.csv,331,<timecave.validation_methods.prequential.Growing_Window object at 0x00000250F6C42E10>,3,Tree,2.3543506878857197,1.2776812336211265,1.5343893534190465
datasets/synthetic_data/s2.csv,331,<timecave.validation_methods.prequential.Growing_Window object at 0x00000250F6C42E10>,3,ARMA,1.3688803101872982,0.9269552445059618,1.1699915855198695
datasets/synthetic_data/s2.csv,331,<timecave.validation_methods.prequential.Growing_Window object at 0x00000250F6C43080>,0,Tree,3.2357704757695696,1.5620401105653083,1.7988247484870696
datasets/synthetic_data/s2.csv,331,<timecave.validation_methods.prequential.Growing_Window object at 0x00000250F6C43080>,0,ARMA,2.152161424173202,1.2229382141318739,1.4670246842412713
datasets/synthetic_data/s2.csv,331,<timecave.validation_methods.prequential.Growing_Window object at 0x00000250F6C43080>,1,Tree,1.738139158554326,1.1315932896475236,1.3183850570126794
datasets/synthetic_data/s2.csv,331,<timecave.validation_methods.prequential.Growing_Window object at 0x00000250F6C43080>,1,ARMA,1.6534661241932445,1.0564182932263937,1.2858717370691544
datasets/synthetic_data/s2.csv,331,<timecave.validation_methods.prequential.Growing_Window object at 0x00000250F6C43080>,2,Tree,2.5600267789615994,1.3069600283207332,1.6000083684036153
datasets/synthetic_data/s2.csv,331,<timecave.validation_methods.prequential.Growing_Window object at 0x00000250F6C43080>,2,ARMA,1.4501907867511967,0.9680031071076156,1.2042386751600351
datasets/synthetic_data/s2.csv,331,<timecave.validation_methods.prequential.Rolling_Window object at 0x00000250F6C41460>,0,Tree,1.6496339792428554,1.1199296703670665,1.2843807765779023
datasets/synthetic_data/s2.csv,331,<timecave.validation_methods.prequential.Rolling_Window object at 0x00000250F6C41460>,0,ARMA,1.4617437642703177,1.027609094581163,1.209025956822399
datasets/synthetic_data/s2.csv,331,<timecave.validation_methods.prequential.Rolling_Window object at 0x00000250F6C41460>,1,Tree,2.367945502089863,1.2159414184555744,1.5388130172603374
datasets/synthetic_data/s2.csv,331,<timecave.validation_methods.prequential.Rolling_Window object at 0x00000250F6C41460>,1,ARMA,2.1456758823008837,1.2248768094710714,1.4648125758269839
datasets/synthetic_data/s2.csv,331,<timecave.validation_methods.prequential.Rolling_Window object at 0x00000250F6C41460>,2,Tree,2.5047336418494495,1.2508533394764298,1.582635031158305
datasets/synthetic_data/s2.csv,331,<timecave.validation_methods.prequential.Rolling_Window object at 0x00000250F6C41460>,2,ARMA,1.6415567661445754,1.061535845979058,1.2812325183761828
datasets/synthetic_data/s2.csv,331,<timecave.validation_methods.prequential.Rolling_Window object at 0x00000250F6C41460>,3,Tree,3.0486385923878907,1.4038332294659097,1.7460351062873538
datasets/synthetic_data/s2.csv,331,<timecave.validation_methods.prequential.Rolling_Window object at 0x00000250F6C41460>,3,ARMA,1.3596502228271783,0.938799728812766,1.1660404035997973
datasets/synthetic_data/s2.csv,331,<timecave.validation_methods.prequential.Rolling_Window object at 0x00000250F6C430E0>,0,Tree,2.9945004827011674,1.4527792581566255,1.7304625054306053
datasets/synthetic_data/s2.csv,331,<timecave.validation_methods.prequential.Rolling_Window object at 0x00000250F6C430E0>,0,ARMA,2.152161424173202,1.2229382141318739,1.4670246842412713
datasets/synthetic_data/s2.csv,331,<timecave.validation_methods.prequential.Rolling_Window object at 0x00000250F6C430E0>,1,Tree,2.625738659661434,1.3942824624241785,1.6204131138883795
datasets/synthetic_data/s2.csv,331,<timecave.validation_methods.prequential.Rolling_Window object at 0x00000250F6C430E0>,1,ARMA,1.6294245227425868,1.0532556537776792,1.2764891392967614
datasets/synthetic_data/s2.csv,331,<timecave.validation_methods.prequential.Rolling_Window object at 0x00000250F6C430E0>,2,Tree,2.8912531429068453,1.431880087547074,1.7003685314974648
datasets/synthetic_data/s2.csv,331,<timecave.validation_methods.prequential.Rolling_Window object at 0x00000250F6C430E0>,2,ARMA,1.4377827317374618,0.9685602744724757,1.1990757823163063
datasets/synthetic_data/s2.csv,331,<timecave.validation_methods.CV.Block_CV object at 0x00000250F6C437A0>,0,Tree,2.2047807827729815,1.1073873603208237,1.484850424377143
datasets/synthetic_data/s2.csv,331,<timecave.validation_methods.CV.Block_CV object at 0x00000250F6C437A0>,0,ARMA,1.4567353275788915,0.8561871207777226,1.2069529102574348
datasets/synthetic_data/s2.csv,331,<timecave.validation_methods.CV.Block_CV object at 0x00000250F6C437A0>,1,Tree,2.43112590464758,1.348615141909897,1.5592068190742305
datasets/synthetic_data/s2.csv,331,<timecave.validation_methods.CV.Block_CV object at 0x00000250F6C437A0>,1,ARMA,1.4037668694622263,0.9978618573974669,1.1848066802066177
datasets/synthetic_data/s2.csv,331,<timecave.validation_methods.CV.Block_CV object at 0x00000250F6C437A0>,2,Tree,2.098310174364929,1.2157381806901981,1.448554512044655
datasets/synthetic_data/s2.csv,331,<timecave.validation_methods.CV.Block_CV object at 0x00000250F6C437A0>,2,ARMA,2.1717062319518528,1.2427632058926459,1.4736710053305158
datasets/synthetic_data/s2.csv,331,<timecave.validation_methods.CV.Block_CV object at 0x00000250F6C437A0>,3,Tree,2.690139747497894,1.2445829013629506,1.6401645489090093
datasets/synthetic_data/s2.csv,331,<timecave.validation_methods.CV.Block_CV object at 0x00000250F6C437A0>,3,ARMA,1.6849905314047326,1.0707475926626997,1.2980718514029694
datasets/synthetic_data/s2.csv,331,<timecave.validation_methods.CV.Block_CV object at 0x00000250F6C437A0>,4,Tree,2.180080172044625,1.1840860491138414,1.47650945545385
datasets/synthetic_data/s2.csv,331,<timecave.validation_methods.CV.Block_CV object at 0x00000250F6C437A0>,4,ARMA,1.3688803101872982,0.9269552445059618,1.1699915855198695
datasets/synthetic_data/s2.csv,331,<timecave.validation_methods.CV.AdaptedhvBlockCV object at 0x00000250F6C43F20>,0,Tree,1.5730095710752698,0.9004869186943769,1.2541967832343017
datasets/synthetic_data/s2.csv,331,<timecave.validation_methods.CV.AdaptedhvBlockCV object at 0x00000250F6C43F20>,0,ARMA,1.4598638215151503,0.8564501336043231,1.2082482449874075
datasets/synthetic_data/s2.csv,331,<timecave.validation_methods.CV.AdaptedhvBlockCV object at 0x00000250F6C43F20>,1,Tree,2.450443518152665,1.3271086671618566,1.565389254515523
datasets/synthetic_data/s2.csv,331,<timecave.validation_methods.CV.AdaptedhvBlockCV object at 0x00000250F6C43F20>,1,ARMA,1.4047246951643793,0.993000144411358,1.1852108230877658
datasets/synthetic_data/s2.csv,331,<timecave.validation_methods.CV.AdaptedhvBlockCV object at 0x00000250F6C43F20>,2,Tree,2.45639626094709,1.298684250996133,1.56728946303709
datasets/synthetic_data/s2.csv,331,<timecave.validation_methods.CV.AdaptedhvBlockCV object at 0x00000250F6C43F20>,2,ARMA,2.182973416155501,1.2475997721548875,1.4774888886741249
datasets/synthetic_data/s2.csv,331,<timecave.validation_methods.CV.AdaptedhvBlockCV object at 0x00000250F6C43F20>,3,Tree,2.4083007204588713,1.2679347077078182,1.5518700720288638
datasets/synthetic_data/s2.csv,331,<timecave.validation_methods.CV.AdaptedhvBlockCV object at 0x00000250F6C43F20>,3,ARMA,1.6724471941785009,1.0641327164974177,1.2932312995665163
datasets/synthetic_data/s2.csv,331,<timecave.validation_methods.CV.AdaptedhvBlockCV object at 0x00000250F6C43F20>,4,Tree,2.2434500301608575,1.1802451231326176,1.4978150854364025
datasets/synthetic_data/s2.csv,331,<timecave.validation_methods.CV.AdaptedhvBlockCV object at 0x00000250F6C43F20>,4,ARMA,1.3936251097155203,0.9390594327620315,1.1805190001501544
datasets/synthetic_data/s2.csv,331,<timecave.validation_methods.markov.MarkovCV object at 0x00000250F6C433B0>,0,Tree,3.773775513855578,1.7298961127242147,1.9426207848820052
datasets/synthetic_data/s2.csv,331,<timecave.validation_methods.markov.MarkovCV object at 0x00000250F6C433B0>,0,ARMA,2.8822790194730095,1.3674655741658885,1.6977276046153604
datasets/synthetic_data/s2.csv,331,<timecave.validation_methods.markov.MarkovCV object at 0x00000250F6C433B0>,1,Tree,4.637148106615307,1.6490479209481568,2.1534038419709636
datasets/synthetic_data/s2.csv,331,<timecave.validation_methods.markov.MarkovCV object at 0x00000250F6C433B0>,1,ARMA,1.3148393084852465,0.8574060690994031,1.1466644271473876
datasets/synthetic_data/s2.csv,331,<timecave.validation_methods.markov.MarkovCV object at 0x00000250F6C433B0>,2,Tree,2.1701937149425317,1.2405157554709587,1.4731577359341164
datasets/synthetic_data/s2.csv,331,<timecave.validation_methods.markov.MarkovCV object at 0x00000250F6C433B0>,2,ARMA,1.6031147141028506,1.035490394776652,1.2661416643104557
datasets/synthetic_data/s2.csv,331,<timecave.validation_methods.markov.MarkovCV object at 0x00000250F6C433B0>,3,Tree,2.3868654139108925,1.2874672926261594,1.5449483531532349
datasets/synthetic_data/s2.csv,331,<timecave.validation_methods.markov.MarkovCV object at 0x00000250F6C433B0>,3,ARMA,1.4263798983224527,1.0241659861295815,1.1943114745837673
datasets/synthetic_data/s2.csv,331,<timecave.validation_methods.markov.MarkovCV object at 0x00000250F6C433B0>,4,Tree,2.5300605827005316,1.4227855532165323,1.5906164159534288
datasets/synthetic_data/s2.csv,331,<timecave.validation_methods.markov.MarkovCV object at 0x00000250F6C433B0>,4,ARMA,2.816119707322456,1.4080099254456586,1.6781298243349518
datasets/synthetic_data/s2.csv,331,<timecave.validation_methods.markov.MarkovCV object at 0x00000250F6C433B0>,5,Tree,4.618523488498081,1.8864590429934602,2.1490750309140165
datasets/synthetic_data/s2.csv,331,<timecave.validation_methods.markov.MarkovCV object at 0x00000250F6C433B0>,5,ARMA,1.4542393297030995,1.0001658545965513,1.2059184589776788
datasets/synthetic_data/s2.csv,331,<timecave.validation_methods.markov.MarkovCV object at 0x00000250F6C433B0>,6,Tree,3.464971042000485,1.6611401361459266,1.8614432685420432
datasets/synthetic_data/s2.csv,331,<timecave.validation_methods.markov.MarkovCV object at 0x00000250F6C433B0>,6,ARMA,3.0279717499308183,1.4510192435117806,1.7401068214137942
datasets/synthetic_data/s2.csv,331,<timecave.validation_methods.markov.MarkovCV object at 0x00000250F6C433B0>,7,Tree,3.767477502758984,1.515994035521428,1.940999099113388
datasets/synthetic_data/s2.csv,331,<timecave.validation_methods.markov.MarkovCV object at 0x00000250F6C433B0>,7,ARMA,2.5399157714340954,1.277648898674976,1.5937113199805337
datasets/synthetic_data/s2.csv,331,<timecave.validation_methods.markov.MarkovCV object at 0x00000250F6C433B0>,8,Tree,1.8753942345000925,1.1533252815590358,1.3694503402825866
datasets/synthetic_data/s2.csv,331,<timecave.validation_methods.markov.MarkovCV object at 0x00000250F6C433B0>,8,ARMA,2.0086933479531277,1.11846662578207,1.417283792313003
datasets/synthetic_data/s2.csv,331,<timecave.validation_methods.markov.MarkovCV object at 0x00000250F6C433B0>,9,Tree,3.7356779539836555,1.72881491521229,1.9327901991638037
datasets/synthetic_data/s2.csv,331,<timecave.validation_methods.markov.MarkovCV object at 0x00000250F6C433B0>,9,ARMA,1.2509970092688658,0.7596385920211896,1.1184797759766896
datasets/synthetic_data/s2.csv,332,<timecave.validation_methods.OOS.Holdout object at 0x00000250F29B2F30>,0,Tree,1.7161150817042141,1.054805736782363,1.310005756363007
datasets/synthetic_data/s2.csv,332,<timecave.validation_methods.OOS.Holdout object at 0x00000250F29B2F30>,0,ARMA,0.9864107920316956,0.7946875951722396,0.9931821545072664
datasets/synthetic_data/s2.csv,332,<timecave.validation_methods.OOS.Repeated_Holdout object at 0x00000250F6C41BE0>,0,Tree,1.6485690820583658,1.0371101480910065,1.283966153003406
datasets/synthetic_data/s2.csv,332,<timecave.validation_methods.OOS.Repeated_Holdout object at 0x00000250F6C41BE0>,0,ARMA,1.0877902321730353,0.7959212885671824,1.0429718271233577
datasets/synthetic_data/s2.csv,332,<timecave.validation_methods.OOS.Repeated_Holdout object at 0x00000250F6C41BE0>,1,Tree,1.6638322024961774,1.0823567711526512,1.2898961983416253
datasets/synthetic_data/s2.csv,332,<timecave.validation_methods.OOS.Repeated_Holdout object at 0x00000250F6C41BE0>,1,ARMA,0.9442228611356901,0.7351374543841855,0.9717113054481202
datasets/synthetic_data/s2.csv,332,<timecave.validation_methods.OOS.Repeated_Holdout object at 0x00000250F6C41BE0>,2,Tree,1.717637420015298,1.0452562891083568,1.3105866701654256
datasets/synthetic_data/s2.csv,332,<timecave.validation_methods.OOS.Repeated_Holdout object at 0x00000250F6C41BE0>,2,ARMA,0.9795180374550343,0.7851727711438361,0.9897060358788534
datasets/synthetic_data/s2.csv,332,<timecave.validation_methods.OOS.Repeated_Holdout object at 0x00000250F6C41BE0>,3,Tree,1.8795323340546752,1.089506084977901,1.370960369250211
datasets/synthetic_data/s2.csv,332,<timecave.validation_methods.OOS.Repeated_Holdout object at 0x00000250F6C41BE0>,3,ARMA,0.9864107920316956,0.7946875951722396,0.9931821545072664
datasets/synthetic_data/s2.csv,332,<timecave.validation_methods.prequential.Growing_Window object at 0x00000250F6C43BF0>,0,Tree,1.7564885046413747,1.0193636447730314,1.325325810750464
datasets/synthetic_data/s2.csv,332,<timecave.validation_methods.prequential.Growing_Window object at 0x00000250F6C43BF0>,0,ARMA,1.195345221272765,0.9240107366484154,1.0933184445863726
datasets/synthetic_data/s2.csv,332,<timecave.validation_methods.prequential.Growing_Window object at 0x00000250F6C43BF0>,1,Tree,2.2458420052401746,1.1899474146541744,1.49861336082399
datasets/synthetic_data/s2.csv,332,<timecave.validation_methods.prequential.Growing_Window object at 0x00000250F6C43BF0>,1,ARMA,1.789470453939003,1.0795399277659115,1.3377109007326669
datasets/synthetic_data/s2.csv,332,<timecave.validation_methods.prequential.Growing_Window object at 0x00000250F6C43BF0>,2,Tree,3.142449422802603,1.3702071932196296,1.7726955245621294
datasets/synthetic_data/s2.csv,332,<timecave.validation_methods.prequential.Growing_Window object at 0x00000250F6C43BF0>,2,ARMA,1.7891158863556118,0.9709565787968764,1.3375783664352574
datasets/synthetic_data/s2.csv,332,<timecave.validation_methods.prequential.Growing_Window object at 0x00000250F6C43BF0>,3,Tree,1.5266969200263971,1.0142949109491377,1.2355957753352822
datasets/synthetic_data/s2.csv,332,<timecave.validation_methods.prequential.Growing_Window object at 0x00000250F6C43BF0>,3,ARMA,0.9657952805012384,0.7527296308745541,0.982748838972216
datasets/synthetic_data/s2.csv,332,<timecave.validation_methods.prequential.Growing_Window object at 0x00000250F6C424E0>,0,Tree,2.835361986135484,1.4732447916625249,1.68385331491062
datasets/synthetic_data/s2.csv,332,<timecave.validation_methods.prequential.Growing_Window object at 0x00000250F6C424E0>,0,ARMA,1.775887137647815,1.0992687480652665,1.3326241546842137
datasets/synthetic_data/s2.csv,332,<timecave.validation_methods.prequential.Growing_Window object at 0x00000250F6C424E0>,1,Tree,3.1559274926680922,1.2569141964943549,1.77649303197848
datasets/synthetic_data/s2.csv,332,<timecave.validation_methods.prequential.Growing_Window object at 0x00000250F6C424E0>,1,ARMA,2.0312606577115595,1.0622296955430328,1.4252230203415743
datasets/synthetic_data/s2.csv,332,<timecave.validation_methods.prequential.Growing_Window object at 0x00000250F6C424E0>,2,Tree,1.1801697441099486,0.8075398200467306,1.0863561773699952
datasets/synthetic_data/s2.csv,332,<timecave.validation_methods.prequential.Growing_Window object at 0x00000250F6C424E0>,2,ARMA,1.0057934627717346,0.7806891873712464,1.002892547968991
datasets/synthetic_data/s2.csv,332,<timecave.validation_methods.prequential.Rolling_Window object at 0x00000250F6C40CE0>,0,Tree,1.7880611746118806,1.045487261985691,1.3371840466487328
datasets/synthetic_data/s2.csv,332,<timecave.validation_methods.prequential.Rolling_Window object at 0x00000250F6C40CE0>,0,ARMA,1.195345221272765,0.9240107366484154,1.0933184445863726
datasets/synthetic_data/s2.csv,332,<timecave.validation_methods.prequential.Rolling_Window object at 0x00000250F6C40CE0>,1,Tree,2.2529894124887853,1.2542541925459785,1.5009961400645857
datasets/synthetic_data/s2.csv,332,<timecave.validation_methods.prequential.Rolling_Window object at 0x00000250F6C40CE0>,1,ARMA,1.7853844347645733,1.060234105704975,1.336182784937964
datasets/synthetic_data/s2.csv,332,<timecave.validation_methods.prequential.Rolling_Window object at 0x00000250F6C40CE0>,2,Tree,3.605756136653495,1.6732038007791654,1.8988828654378593
datasets/synthetic_data/s2.csv,332,<timecave.validation_methods.prequential.Rolling_Window object at 0x00000250F6C40CE0>,2,ARMA,1.7984343456836296,0.9682804859739411,1.3410571746512636
datasets/synthetic_data/s2.csv,332,<timecave.validation_methods.prequential.Rolling_Window object at 0x00000250F6C40CE0>,3,Tree,1.9702177888421473,1.1077005539290643,1.4036444666802728
datasets/synthetic_data/s2.csv,332,<timecave.validation_methods.prequential.Rolling_Window object at 0x00000250F6C40CE0>,3,ARMA,1.0303073578115316,0.762838700224608,1.0150405695397262
datasets/synthetic_data/s2.csv,332,<timecave.validation_methods.prequential.Rolling_Window object at 0x00000250F6C423C0>,0,Tree,2.8537037037702393,1.4806539779349572,1.6892908878491706
datasets/synthetic_data/s2.csv,332,<timecave.validation_methods.prequential.Rolling_Window object at 0x00000250F6C423C0>,0,ARMA,1.775887137647815,1.0992687480652665,1.3326241546842137
datasets/synthetic_data/s2.csv,332,<timecave.validation_methods.prequential.Rolling_Window object at 0x00000250F6C423C0>,1,Tree,3.051609495060353,1.3689471701249258,1.746885655977618
datasets/synthetic_data/s2.csv,332,<timecave.validation_methods.prequential.Rolling_Window object at 0x00000250F6C423C0>,1,ARMA,2.030774830154079,1.0703992773480393,1.425052571014164
datasets/synthetic_data/s2.csv,332,<timecave.validation_methods.prequential.Rolling_Window object at 0x00000250F6C423C0>,2,Tree,3.095396987187749,1.4462892244383194,1.7593740327706753
datasets/synthetic_data/s2.csv,332,<timecave.validation_methods.prequential.Rolling_Window object at 0x00000250F6C423C0>,2,ARMA,1.0209508707557609,0.7887236933602904,1.010421135346921
datasets/synthetic_data/s2.csv,332,<timecave.validation_methods.CV.Block_CV object at 0x00000250F6C42C60>,0,Tree,1.6725426286593912,1.0799446081061426,1.2932681967246358
datasets/synthetic_data/s2.csv,332,<timecave.validation_methods.CV.Block_CV object at 0x00000250F6C42C60>,0,ARMA,1.5009452074868905,0.9590781673386971,1.2251306899620507
datasets/synthetic_data/s2.csv,332,<timecave.validation_methods.CV.Block_CV object at 0x00000250F6C42C60>,1,Tree,1.3960930628977093,0.8687589016974638,1.1815638209160388
datasets/synthetic_data/s2.csv,332,<timecave.validation_methods.CV.Block_CV object at 0x00000250F6C42C60>,1,ARMA,1.1521455417983975,0.9158644387304762,1.0733804273408367
datasets/synthetic_data/s2.csv,332,<timecave.validation_methods.CV.Block_CV object at 0x00000250F6C42C60>,2,Tree,3.0193061614136503,1.4449789556800776,1.7376150786102342
datasets/synthetic_data/s2.csv,332,<timecave.validation_methods.CV.Block_CV object at 0x00000250F6C42C60>,2,ARMA,1.7906239288785661,1.0986185039208636,1.3381419688801954
datasets/synthetic_data/s2.csv,332,<timecave.validation_methods.CV.Block_CV object at 0x00000250F6C42C60>,3,Tree,2.85438025970925,1.328442194963064,1.6894911244837156
datasets/synthetic_data/s2.csv,332,<timecave.validation_methods.CV.Block_CV object at 0x00000250F6C42C60>,3,ARMA,1.8682966998949448,0.9887851140858812,1.3668565030371493
datasets/synthetic_data/s2.csv,332,<timecave.validation_methods.CV.Block_CV object at 0x00000250F6C42C60>,4,Tree,1.6684894848471075,1.070649342807328,1.2917002302574339
datasets/synthetic_data/s2.csv,332,<timecave.validation_methods.CV.Block_CV object at 0x00000250F6C42C60>,4,ARMA,0.9657952805012384,0.7527296308745541,0.982748838972216
datasets/synthetic_data/s2.csv,332,<timecave.validation_methods.CV.AdaptedhvBlockCV object at 0x00000250F6C42480>,0,Tree,1.874731880831411,1.1718803995524714,1.369208486984875
datasets/synthetic_data/s2.csv,332,<timecave.validation_methods.CV.AdaptedhvBlockCV object at 0x00000250F6C42480>,0,ARMA,1.4965657674164219,0.9572547949578807,1.2233420484134525
datasets/synthetic_data/s2.csv,332,<timecave.validation_methods.CV.AdaptedhvBlockCV object at 0x00000250F6C42480>,1,Tree,2.059223198381307,1.0838082619867562,1.434999372258158
datasets/synthetic_data/s2.csv,332,<timecave.validation_methods.CV.AdaptedhvBlockCV object at 0x00000250F6C42480>,1,ARMA,1.16617403482099,0.9221183828891375,1.079895381424048
datasets/synthetic_data/s2.csv,332,<timecave.validation_methods.CV.AdaptedhvBlockCV object at 0x00000250F6C42480>,2,Tree,2.600340638881562,1.2982831945869338,1.6125571738334
datasets/synthetic_data/s2.csv,332,<timecave.validation_methods.CV.AdaptedhvBlockCV object at 0x00000250F6C42480>,2,ARMA,1.7741154899106355,1.0922077189433435,1.3319592673616696
datasets/synthetic_data/s2.csv,332,<timecave.validation_methods.CV.AdaptedhvBlockCV object at 0x00000250F6C42480>,3,Tree,3.771823043591846,1.5422149917766592,1.9421181847642142
datasets/synthetic_data/s2.csv,332,<timecave.validation_methods.CV.AdaptedhvBlockCV object at 0x00000250F6C42480>,3,ARMA,1.8851594409569314,0.9955247871518575,1.373011085518588
datasets/synthetic_data/s2.csv,332,<timecave.validation_methods.CV.AdaptedhvBlockCV object at 0x00000250F6C42480>,4,Tree,1.2820433869669203,0.9378710168158063,1.1322735477643733
datasets/synthetic_data/s2.csv,332,<timecave.validation_methods.CV.AdaptedhvBlockCV object at 0x00000250F6C42480>,4,ARMA,0.8516199658638354,0.7425476720115953,0.9228325773745937
datasets/synthetic_data/s2.csv,332,<timecave.validation_methods.markov.MarkovCV object at 0x00000250F6C43BC0>,0,Tree,4.510215221820323,1.765365847270036,2.123726729553575
datasets/synthetic_data/s2.csv,332,<timecave.validation_methods.markov.MarkovCV object at 0x00000250F6C43BC0>,0,ARMA,3.273464293040722,1.3759796345487014,1.809271757652985
datasets/synthetic_data/s2.csv,332,<timecave.validation_methods.markov.MarkovCV object at 0x00000250F6C43BC0>,1,Tree,5.843277629697068,1.924449110556134,2.417287246004717
datasets/synthetic_data/s2.csv,332,<timecave.validation_methods.markov.MarkovCV object at 0x00000250F6C43BC0>,1,ARMA,1.7001360316515577,1.0771035019362,1.3038926457540734
datasets/synthetic_data/s2.csv,332,<timecave.validation_methods.markov.MarkovCV object at 0x00000250F6C43BC0>,2,Tree,3.0148448094229376,1.48401581929797,1.7363308467636396
datasets/synthetic_data/s2.csv,332,<timecave.validation_methods.markov.MarkovCV object at 0x00000250F6C43BC0>,2,ARMA,1.8734418735288987,1.1380241063479477,1.368737328171077
datasets/synthetic_data/s2.csv,332,<timecave.validation_methods.markov.MarkovCV object at 0x00000250F6C43BC0>,3,Tree,2.087056973950432,1.2490335680654892,1.4446650040581837
datasets/synthetic_data/s2.csv,332,<timecave.validation_methods.markov.MarkovCV object at 0x00000250F6C43BC0>,3,ARMA,0.8524763473321901,0.7759148532859435,0.9232964569043846
datasets/synthetic_data/s2.csv,332,<timecave.validation_methods.markov.MarkovCV object at 0x00000250F6C43BC0>,4,Tree,1.7202069417652888,1.1159755632386306,1.3115665982958276
datasets/synthetic_data/s2.csv,332,<timecave.validation_methods.markov.MarkovCV object at 0x00000250F6C43BC0>,4,ARMA,1.2908169828644036,0.9017365435169764,1.1361412688853458
datasets/synthetic_data/s2.csv,332,<timecave.validation_methods.markov.MarkovCV object at 0x00000250F6C43BC0>,5,Tree,1.7633854658896175,1.0253791433716988,1.3279252486076232
datasets/synthetic_data/s2.csv,332,<timecave.validation_methods.markov.MarkovCV object at 0x00000250F6C43BC0>,5,ARMA,1.043235644120069,0.9058730019653914,1.021389075778701
datasets/synthetic_data/s2.csv,332,<timecave.validation_methods.markov.MarkovCV object at 0x00000250F6C43BC0>,6,Tree,3.318811764898452,1.625178219295034,1.8217606222823162
datasets/synthetic_data/s2.csv,332,<timecave.validation_methods.markov.MarkovCV object at 0x00000250F6C43BC0>,6,ARMA,1.5799265740272659,0.9504320132239151,1.2569513013745863
datasets/synthetic_data/s2.csv,332,<timecave.validation_methods.markov.MarkovCV object at 0x00000250F6C43BC0>,7,Tree,2.5664328476161438,1.2120516704339126,1.602009003600212
datasets/synthetic_data/s2.csv,332,<timecave.validation_methods.markov.MarkovCV object at 0x00000250F6C43BC0>,7,ARMA,1.7485703768882448,1.0648084724647833,1.3223351983851315
datasets/synthetic_data/s2.csv,332,<timecave.validation_methods.markov.MarkovCV object at 0x00000250F6C43BC0>,8,Tree,1.2713725919049323,0.8395599999271037,1.1275515916821421
datasets/synthetic_data/s2.csv,332,<timecave.validation_methods.markov.MarkovCV object at 0x00000250F6C43BC0>,8,ARMA,1.229065183283652,0.8028359328184516,1.108632122610405
datasets/synthetic_data/s2.csv,332,<timecave.validation_methods.markov.MarkovCV object at 0x00000250F6C43BC0>,9,Tree,1.9410910890546687,1.0354765374106731,1.3932304508065665
datasets/synthetic_data/s2.csv,332,<timecave.validation_methods.markov.MarkovCV object at 0x00000250F6C43BC0>,9,ARMA,1.0640421220668614,0.8231711845301593,1.0315241742522865
datasets/synthetic_data/s2.csv,333,<timecave.validation_methods.OOS.Holdout object at 0x00000250F6BB28A0>,0,Tree,3.185374466422638,1.3056205736062083,1.7847617393990265
datasets/synthetic_data/s2.csv,333,<timecave.validation_methods.OOS.Holdout object at 0x00000250F6BB28A0>,0,ARMA,1.7876417200295924,1.1037605389068323,1.3370271949476542
datasets/synthetic_data/s2.csv,333,<timecave.validation_methods.OOS.Repeated_Holdout object at 0x00000250F6C43B30>,0,Tree,2.8698685804517283,1.310207464871372,1.694068646912435
datasets/synthetic_data/s2.csv,333,<timecave.validation_methods.OOS.Repeated_Holdout object at 0x00000250F6C43B30>,0,ARMA,1.8693479177677501,1.095446731591502,1.3672409874516454
datasets/synthetic_data/s2.csv,333,<timecave.validation_methods.OOS.Repeated_Holdout object at 0x00000250F6C43B30>,1,Tree,2.751772139858775,1.2874409050752216,1.658846629396092
datasets/synthetic_data/s2.csv,333,<timecave.validation_methods.OOS.Repeated_Holdout object at 0x00000250F6C43B30>,1,ARMA,1.3506969770667938,0.9490405556333341,1.1621948963348592
datasets/synthetic_data/s2.csv,333,<timecave.validation_methods.OOS.Repeated_Holdout object at 0x00000250F6C43B30>,2,Tree,3.473483965240242,1.5241552841238584,1.8637285116776643
datasets/synthetic_data/s2.csv,333,<timecave.validation_methods.OOS.Repeated_Holdout object at 0x00000250F6C43B30>,2,ARMA,1.7620682221089619,1.0796207045792856,1.3274291778128737
datasets/synthetic_data/s2.csv,333,<timecave.validation_methods.OOS.Repeated_Holdout object at 0x00000250F6C43B30>,3,Tree,2.975802089388478,1.236700815925287,1.7250513294938437
datasets/synthetic_data/s2.csv,333,<timecave.validation_methods.OOS.Repeated_Holdout object at 0x00000250F6C43B30>,3,ARMA,1.7876417200295924,1.1037605389068323,1.3370271949476542
datasets/synthetic_data/s2.csv,333,<timecave.validation_methods.prequential.Growing_Window object at 0x00000250F6C418E0>,0,Tree,3.8977561653025505,1.5759634197586023,1.9742735791431112
datasets/synthetic_data/s2.csv,333,<timecave.validation_methods.prequential.Growing_Window object at 0x00000250F6C418E0>,0,ARMA,1.8898693781232887,1.1187254387491978,1.3747252009486437
datasets/synthetic_data/s2.csv,333,<timecave.validation_methods.prequential.Growing_Window object at 0x00000250F6C418E0>,1,Tree,4.481670162801131,1.8079587486451643,2.1169955509639435
datasets/synthetic_data/s2.csv,333,<timecave.validation_methods.prequential.Growing_Window object at 0x00000250F6C418E0>,1,ARMA,1.5708578157938218,1.0152985111781578,1.253338667636893
datasets/synthetic_data/s2.csv,333,<timecave.validation_methods.prequential.Growing_Window object at 0x00000250F6C418E0>,2,Tree,3.0681203635311016,1.3855204227220317,1.7516050820693292
datasets/synthetic_data/s2.csv,333,<timecave.validation_methods.prequential.Growing_Window object at 0x00000250F6C418E0>,2,ARMA,2.8444087348913683,1.3776289922414058,1.6865374988097266
datasets/synthetic_data/s2.csv,333,<timecave.validation_methods.prequential.Growing_Window object at 0x00000250F6C418E0>,3,Tree,3.0158224076801323,1.3830409398443944,1.7366123366140562
datasets/synthetic_data/s2.csv,333,<timecave.validation_methods.prequential.Growing_Window object at 0x00000250F6C418E0>,3,ARMA,1.3288072406408515,0.9274638384338953,1.1527390167079674
datasets/synthetic_data/s2.csv,333,<timecave.validation_methods.prequential.Growing_Window object at 0x00000250F6C42CF0>,0,Tree,2.2023948475521005,1.153111709177747,1.4840467807829039
datasets/synthetic_data/s2.csv,333,<timecave.validation_methods.prequential.Growing_Window object at 0x00000250F6C42CF0>,0,ARMA,1.6469160428323337,1.0339436637970045,1.2833222677224665
datasets/synthetic_data/s2.csv,333,<timecave.validation_methods.prequential.Growing_Window object at 0x00000250F6C42CF0>,1,Tree,5.012911563604841,1.769928878825726,2.238953229436658
datasets/synthetic_data/s2.csv,333,<timecave.validation_methods.prequential.Growing_Window object at 0x00000250F6C42CF0>,1,ARMA,2.9814740553863306,1.4198648101567124,1.7266945460579675
datasets/synthetic_data/s2.csv,333,<timecave.validation_methods.prequential.Growing_Window object at 0x00000250F6C42CF0>,2,Tree,1.578962004500393,1.0392861407024945,1.2565675487216725
datasets/synthetic_data/s2.csv,333,<timecave.validation_methods.prequential.Growing_Window object at 0x00000250F6C42CF0>,2,ARMA,1.3553230669256005,0.9496131204996623,1.164183433538547
datasets/synthetic_data/s2.csv,333,<timecave.validation_methods.prequential.Rolling_Window object at 0x00000250F6C42000>,0,Tree,3.130049141762598,1.3724618537805664,1.7691944895241445
datasets/synthetic_data/s2.csv,333,<timecave.validation_methods.prequential.Rolling_Window object at 0x00000250F6C42000>,0,ARMA,1.8898693781232887,1.1187254387491978,1.3747252009486437
datasets/synthetic_data/s2.csv,333,<timecave.validation_methods.prequential.Rolling_Window object at 0x00000250F6C42000>,1,Tree,3.970676025493606,1.6473414125395067,1.9926555210305683
datasets/synthetic_data/s2.csv,333,<timecave.validation_methods.prequential.Rolling_Window object at 0x00000250F6C42000>,1,ARMA,1.6826240767255929,1.1018488154642911,1.2971600042884428
datasets/synthetic_data/s2.csv,333,<timecave.validation_methods.prequential.Rolling_Window object at 0x00000250F6C42000>,2,Tree,2.2936894420566327,1.214644497034666,1.5144931304091915
datasets/synthetic_data/s2.csv,333,<timecave.validation_methods.prequential.Rolling_Window object at 0x00000250F6C42000>,2,ARMA,3.0826149467349144,1.4608263996875892,1.7557377215105092
datasets/synthetic_data/s2.csv,333,<timecave.validation_methods.prequential.Rolling_Window object at 0x00000250F6C42000>,3,Tree,2.2420133138580445,1.2318106725798417,1.49733540459646
datasets/synthetic_data/s2.csv,333,<timecave.validation_methods.prequential.Rolling_Window object at 0x00000250F6C42000>,3,ARMA,1.576783049860265,0.991055767973257,1.2557002229275367
datasets/synthetic_data/s2.csv,333,<timecave.validation_methods.prequential.Rolling_Window object at 0x00000250F6C43FE0>,0,Tree,2.647898229403382,1.2877696891749812,1.6272363778515346
datasets/synthetic_data/s2.csv,333,<timecave.validation_methods.prequential.Rolling_Window object at 0x00000250F6C43FE0>,0,ARMA,1.6469160428323337,1.0339436637970045,1.2833222677224665
datasets/synthetic_data/s2.csv,333,<timecave.validation_methods.prequential.Rolling_Window object at 0x00000250F6C43FE0>,1,Tree,5.730455275488235,1.804472542388561,2.393836935860134
datasets/synthetic_data/s2.csv,333,<timecave.validation_methods.prequential.Rolling_Window object at 0x00000250F6C43FE0>,1,ARMA,3.2180778330105335,1.4447577367449025,1.7939001736469433
datasets/synthetic_data/s2.csv,333,<timecave.validation_methods.prequential.Rolling_Window object at 0x00000250F6C43FE0>,2,Tree,2.0709475679020657,1.1843412486601852,1.4390787219266588
datasets/synthetic_data/s2.csv,333,<timecave.validation_methods.prequential.Rolling_Window object at 0x00000250F6C43FE0>,2,ARMA,2.046607378505077,1.1670016935181053,1.4305968609308064
datasets/synthetic_data/s2.csv,333,<timecave.validation_methods.CV.Block_CV object at 0x00000250F6C415B0>,0,Tree,2.969665579363456,1.4130333531759465,1.7232717659624832
datasets/synthetic_data/s2.csv,333,<timecave.validation_methods.CV.Block_CV object at 0x00000250F6C415B0>,0,ARMA,1.5049554863502812,1.029665776662863,1.2267662720951702
datasets/synthetic_data/s2.csv,333,<timecave.validation_methods.CV.Block_CV object at 0x00000250F6C415B0>,1,Tree,3.6508255984796647,1.5855711895347584,1.9107133742347817
datasets/synthetic_data/s2.csv,333,<timecave.validation_methods.CV.Block_CV object at 0x00000250F6C415B0>,1,ARMA,1.8946016718912184,1.138764548159584,1.3764453029057198
datasets/synthetic_data/s2.csv,333,<timecave.validation_methods.CV.Block_CV object at 0x00000250F6C415B0>,2,Tree,3.6474503084034775,1.562849093741102,1.9098299160929169
datasets/synthetic_data/s2.csv,333,<timecave.validation_methods.CV.Block_CV object at 0x00000250F6C415B0>,2,ARMA,1.637152033985613,1.0255026266944869,1.2795124204108426
datasets/synthetic_data/s2.csv,333,<timecave.validation_methods.CV.Block_CV object at 0x00000250F6C415B0>,3,Tree,3.3781935095045563,1.385326441019622,1.837986264775816
datasets/synthetic_data/s2.csv,333,<timecave.validation_methods.CV.Block_CV object at 0x00000250F6C415B0>,3,ARMA,2.9966655008721785,1.4149845056826669,1.7310879529568042
datasets/synthetic_data/s2.csv,333,<timecave.validation_methods.CV.Block_CV object at 0x00000250F6C415B0>,4,Tree,3.210774423561137,1.4642174463060282,1.79186339422433
datasets/synthetic_data/s2.csv,333,<timecave.validation_methods.CV.Block_CV object at 0x00000250F6C415B0>,4,ARMA,1.3288072406408515,0.9274638384338953,1.1527390167079674
datasets/synthetic_data/s2.csv,333,<timecave.validation_methods.CV.AdaptedhvBlockCV object at 0x00000250F6C41910>,0,Tree,3.803563325025571,1.5451016936171573,1.950272628384445
datasets/synthetic_data/s2.csv,333,<timecave.validation_methods.CV.AdaptedhvBlockCV object at 0x00000250F6C41910>,0,ARMA,1.5050225674642412,1.0297673830095098,1.2267936124158134
datasets/synthetic_data/s2.csv,333,<timecave.validation_methods.CV.AdaptedhvBlockCV object at 0x00000250F6C41910>,1,Tree,3.032953764356506,1.3972469456355343,1.7415377585216194
datasets/synthetic_data/s2.csv,333,<timecave.validation_methods.CV.AdaptedhvBlockCV object at 0x00000250F6C41910>,1,ARMA,1.8818128369317535,1.13846488072969,1.3717918344019087
datasets/synthetic_data/s2.csv,333,<timecave.validation_methods.CV.AdaptedhvBlockCV object at 0x00000250F6C41910>,2,Tree,3.0832391555968033,1.4246954637529934,1.7559154750718506
datasets/synthetic_data/s2.csv,333,<timecave.validation_methods.CV.AdaptedhvBlockCV object at 0x00000250F6C41910>,2,ARMA,1.6378730821611036,1.0208535640919554,1.2797941561677424
datasets/synthetic_data/s2.csv,333,<timecave.validation_methods.CV.AdaptedhvBlockCV object at 0x00000250F6C41910>,3,Tree,2.8587099353700802,1.2928582265518846,1.6907719939039918
datasets/synthetic_data/s2.csv,333,<timecave.validation_methods.CV.AdaptedhvBlockCV object at 0x00000250F6C41910>,3,ARMA,2.980088650590893,1.4132191066362996,1.7262933269264795
datasets/synthetic_data/s2.csv,333,<timecave.validation_methods.CV.AdaptedhvBlockCV object at 0x00000250F6C41910>,4,Tree,2.66095174232217,1.3098141610527596,1.631242392264917
datasets/synthetic_data/s2.csv,333,<timecave.validation_methods.CV.AdaptedhvBlockCV object at 0x00000250F6C41910>,4,ARMA,1.4561121673231066,0.9758401396529113,1.2066947283066694
datasets/synthetic_data/s2.csv,333,<timecave.validation_methods.markov.MarkovCV object at 0x00000250F6C436E0>,0,Tree,5.80829079584477,1.8680365143327506,2.41003958387508
datasets/synthetic_data/s2.csv,333,<timecave.validation_methods.markov.MarkovCV object at 0x00000250F6C436E0>,0,ARMA,2.2879555227042414,1.3107400753295382,1.5125989298899565
datasets/synthetic_data/s2.csv,333,<timecave.validation_methods.markov.MarkovCV object at 0x00000250F6C436E0>,1,Tree,3.286954093590188,1.380116655814086,1.812995889016351
datasets/synthetic_data/s2.csv,333,<timecave.validation_methods.markov.MarkovCV object at 0x00000250F6C436E0>,1,ARMA,0.9454932029450515,0.7287983109671486,0.9723647478930175
datasets/synthetic_data/s2.csv,333,<timecave.validation_methods.markov.MarkovCV object at 0x00000250F6C436E0>,2,Tree,4.315621317853376,1.7301169972396864,2.0774073548183503
datasets/synthetic_data/s2.csv,333,<timecave.validation_methods.markov.MarkovCV object at 0x00000250F6C436E0>,2,ARMA,2.9596169210538363,1.3348515270825445,1.7203537197488883
datasets/synthetic_data/s2.csv,333,<timecave.validation_methods.markov.MarkovCV object at 0x00000250F6C436E0>,3,Tree,5.34490488730046,2.024822677472101,2.3119050342305285
datasets/synthetic_data/s2.csv,333,<timecave.validation_methods.markov.MarkovCV object at 0x00000250F6C436E0>,3,ARMA,1.918553249228481,1.0720654712939421,1.3851184964574261
datasets/synthetic_data/s2.csv,333,<timecave.validation_methods.markov.MarkovCV object at 0x00000250F6C436E0>,4,Tree,1.786039404051563,1.151436819537119,1.336427852168445
datasets/synthetic_data/s2.csv,333,<timecave.validation_methods.markov.MarkovCV object at 0x00000250F6C436E0>,4,ARMA,2.5667360624778643,1.4010599091243874,1.6021036366221333
datasets/synthetic_data/s2.csv,333,<timecave.validation_methods.markov.MarkovCV object at 0x00000250F6C436E0>,5,Tree,2.1456169568468635,1.0501053105444376,1.4647924620392008
datasets/synthetic_data/s2.csv,333,<timecave.validation_methods.markov.MarkovCV object at 0x00000250F6C436E0>,5,ARMA,2.412325964897355,1.2386278885159379,1.5531664318086955
datasets/synthetic_data/s2.csv,333,<timecave.validation_methods.markov.MarkovCV object at 0x00000250F6C436E0>,6,Tree,4.534634326836096,1.623182382261942,2.1294680854232344
datasets/synthetic_data/s2.csv,333,<timecave.validation_methods.markov.MarkovCV object at 0x00000250F6C436E0>,6,ARMA,2.936648077115371,1.3344455226856922,1.713665100629458
datasets/synthetic_data/s2.csv,333,<timecave.validation_methods.markov.MarkovCV object at 0x00000250F6C436E0>,7,Tree,2.4242080887244866,1.24148741272332,1.556986862091163
datasets/synthetic_data/s2.csv,333,<timecave.validation_methods.markov.MarkovCV object at 0x00000250F6C436E0>,7,ARMA,2.1858935349858872,1.0633056012358162,1.4784767617334698
datasets/synthetic_data/s2.csv,333,<timecave.validation_methods.markov.MarkovCV object at 0x00000250F6C436E0>,8,Tree,4.679651532686559,1.774824364383921,2.163250224242808
datasets/synthetic_data/s2.csv,333,<timecave.validation_methods.markov.MarkovCV object at 0x00000250F6C436E0>,8,ARMA,3.1198948558437194,1.495407716875448,1.7663224099364532
datasets/synthetic_data/s2.csv,333,<timecave.validation_methods.markov.MarkovCV object at 0x00000250F6C436E0>,9,Tree,4.24471336597122,1.7513526872814305,2.060270216736441
datasets/synthetic_data/s2.csv,333,<timecave.validation_methods.markov.MarkovCV object at 0x00000250F6C436E0>,9,ARMA,1.8878886157835912,1.1293539156083359,1.3740045908888336
datasets/synthetic_data/s2.csv,334,<timecave.validation_methods.OOS.Holdout object at 0x00000250E98F1790>,0,Tree,1.7548148290198735,1.0442642947892675,1.3246942398228632
datasets/synthetic_data/s2.csv,334,<timecave.validation_methods.OOS.Holdout object at 0x00000250E98F1790>,0,ARMA,1.2651615647389456,0.954725334269464,1.1247940099142357
datasets/synthetic_data/s2.csv,334,<timecave.validation_methods.OOS.Repeated_Holdout object at 0x00000250F6C40080>,0,Tree,1.7972564650548908,1.063298720248881,1.3406179414937318
datasets/synthetic_data/s2.csv,334,<timecave.validation_methods.OOS.Repeated_Holdout object at 0x00000250F6C40080>,0,ARMA,1.1638130617837223,0.9221960698732568,1.0788016786155472
datasets/synthetic_data/s2.csv,334,<timecave.validation_methods.OOS.Repeated_Holdout object at 0x00000250F6C40080>,1,Tree,1.8196060186021048,1.1133002743831881,1.3489277291990498
datasets/synthetic_data/s2.csv,334,<timecave.validation_methods.OOS.Repeated_Holdout object at 0x00000250F6C40080>,1,ARMA,1.099454460016846,0.9038019012650994,1.0485487399338411
datasets/synthetic_data/s2.csv,334,<timecave.validation_methods.OOS.Repeated_Holdout object at 0x00000250F6C40080>,2,Tree,1.8233449776846058,1.1071500706525952,1.3503129184320966
datasets/synthetic_data/s2.csv,334,<timecave.validation_methods.OOS.Repeated_Holdout object at 0x00000250F6C40080>,2,ARMA,1.3208298649225727,0.9643826712370906,1.1492736249138291
datasets/synthetic_data/s2.csv,334,<timecave.validation_methods.OOS.Repeated_Holdout object at 0x00000250F6C40080>,3,Tree,1.892478417205185,1.0750668290231702,1.3756738047971928
datasets/synthetic_data/s2.csv,334,<timecave.validation_methods.OOS.Repeated_Holdout object at 0x00000250F6C40080>,3,ARMA,1.2651615647389456,0.954725334269464,1.1247940099142357
datasets/synthetic_data/s2.csv,334,<timecave.validation_methods.prequential.Growing_Window object at 0x00000250F6C42A20>,0,Tree,2.4238761747570865,1.231837700705167,1.5568802698849666
datasets/synthetic_data/s2.csv,334,<timecave.validation_methods.prequential.Growing_Window object at 0x00000250F6C42A20>,0,ARMA,1.3243680216909783,0.8249018043154872,1.1508118967455012
datasets/synthetic_data/s2.csv,334,<timecave.validation_methods.prequential.Growing_Window object at 0x00000250F6C42A20>,1,Tree,3.4740181942031603,1.4351168804929788,1.8638718288023886
datasets/synthetic_data/s2.csv,334,<timecave.validation_methods.prequential.Growing_Window object at 0x00000250F6C42A20>,1,ARMA,1.8908929249700408,1.2233910528422598,1.3750974238104152
datasets/synthetic_data/s2.csv,334,<timecave.validation_methods.prequential.Growing_Window object at 0x00000250F6C42A20>,2,Tree,2.0999752305768857,1.1684459408701093,1.449129128330835
datasets/synthetic_data/s2.csv,334,<timecave.validation_methods.prequential.Growing_Window object at 0x00000250F6C42A20>,2,ARMA,1.661620192227338,1.0270363059964263,1.2890384758521904
datasets/synthetic_data/s2.csv,334,<timecave.validation_methods.prequential.Growing_Window object at 0x00000250F6C42A20>,3,Tree,1.632034803079529,1.080850781343951,1.2775111753247128
datasets/synthetic_data/s2.csv,334,<timecave.validation_methods.prequential.Growing_Window object at 0x00000250F6C42A20>,3,ARMA,1.1232649227778637,0.9135792148297809,1.059841932921067
datasets/synthetic_data/s2.csv,334,<timecave.validation_methods.prequential.Growing_Window object at 0x00000250F6C41A30>,0,Tree,3.1655514563483584,1.4606156589844077,1.7791996673640535
datasets/synthetic_data/s2.csv,334,<timecave.validation_methods.prequential.Growing_Window object at 0x00000250F6C41A30>,0,ARMA,1.7656049487160412,1.159194147156029,1.3287606815059065
datasets/synthetic_data/s2.csv,334,<timecave.validation_methods.prequential.Growing_Window object at 0x00000250F6C41A30>,1,Tree,3.199120530800183,1.5573898603526806,1.7886085459932766
datasets/synthetic_data/s2.csv,334,<timecave.validation_methods.prequential.Growing_Window object at 0x00000250F6C41A30>,1,ARMA,1.8052411320808885,1.0754240628648604,1.3435926213257083
datasets/synthetic_data/s2.csv,334,<timecave.validation_methods.prequential.Growing_Window object at 0x00000250F6C41A30>,2,Tree,1.8515628844004721,1.115797945895646,1.3607214573161077
datasets/synthetic_data/s2.csv,334,<timecave.validation_methods.prequential.Growing_Window object at 0x00000250F6C41A30>,2,ARMA,1.1243576569180451,0.9048937693697289,1.0603573251117027
datasets/synthetic_data/s2.csv,334,<timecave.validation_methods.prequential.Rolling_Window object at 0x00000250F6C43230>,0,Tree,2.165187435104474,1.1419114474655834,1.4714575886190109
datasets/synthetic_data/s2.csv,334,<timecave.validation_methods.prequential.Rolling_Window object at 0x00000250F6C43230>,0,ARMA,1.3243680216909783,0.8249018043154872,1.1508118967455012
datasets/synthetic_data/s2.csv,334,<timecave.validation_methods.prequential.Rolling_Window object at 0x00000250F6C43230>,1,Tree,3.8633273161349817,1.4686296045366285,1.9655348676975897
datasets/synthetic_data/s2.csv,334,<timecave.validation_methods.prequential.Rolling_Window object at 0x00000250F6C43230>,1,ARMA,1.9943182481191872,1.2385326893702082,1.4122033310112208
datasets/synthetic_data/s2.csv,334,<timecave.validation_methods.prequential.Rolling_Window object at 0x00000250F6C43230>,2,Tree,3.272352677095534,1.4997537244111792,1.8089645317406127
datasets/synthetic_data/s2.csv,334,<timecave.validation_methods.prequential.Rolling_Window object at 0x00000250F6C43230>,2,ARMA,1.5797233953648582,1.0091900168628056,1.256870476765549
datasets/synthetic_data/s2.csv,334,<timecave.validation_methods.prequential.Rolling_Window object at 0x00000250F6C43230>,3,Tree,2.60984094578949,1.3418251849584932,1.6155002153480171
datasets/synthetic_data/s2.csv,334,<timecave.validation_methods.prequential.Rolling_Window object at 0x00000250F6C43230>,3,ARMA,1.1261450848637042,0.9101012967962829,1.0611998326722938
datasets/synthetic_data/s2.csv,334,<timecave.validation_methods.prequential.Rolling_Window object at 0x00000250F6C40230>,0,Tree,3.1468236909335077,1.4478797016102736,1.7739288855344533
datasets/synthetic_data/s2.csv,334,<timecave.validation_methods.prequential.Rolling_Window object at 0x00000250F6C40230>,0,ARMA,1.7656049487160412,1.159194147156029,1.3287606815059065
datasets/synthetic_data/s2.csv,334,<timecave.validation_methods.prequential.Rolling_Window object at 0x00000250F6C40230>,1,Tree,3.5170487433291813,1.4503604808619746,1.8753796264567826
datasets/synthetic_data/s2.csv,334,<timecave.validation_methods.prequential.Rolling_Window object at 0x00000250F6C40230>,1,ARMA,1.9233557697163017,1.080079029139403,1.3868510265043978
datasets/synthetic_data/s2.csv,334,<timecave.validation_methods.prequential.Rolling_Window object at 0x00000250F6C40230>,2,Tree,3.6463381169945555,1.609783433348134,1.9095387183805819
datasets/synthetic_data/s2.csv,334,<timecave.validation_methods.prequential.Rolling_Window object at 0x00000250F6C40230>,2,ARMA,1.1074874384663702,0.9091169341333908,1.0523722908107995
datasets/synthetic_data/s2.csv,334,<timecave.validation_methods.CV.Block_CV object at 0x00000250F6C43FB0>,0,Tree,2.3207873819433513,1.1354985918791034,1.523413070031681
datasets/synthetic_data/s2.csv,334,<timecave.validation_methods.CV.Block_CV object at 0x00000250F6C43FB0>,0,ARMA,1.900956719885996,1.1293998867850916,1.3787518703109694
datasets/synthetic_data/s2.csv,334,<timecave.validation_methods.CV.Block_CV object at 0x00000250F6C43FB0>,1,Tree,2.1563755066566643,1.2602222757555401,1.4684602502814519
datasets/synthetic_data/s2.csv,334,<timecave.validation_methods.CV.Block_CV object at 0x00000250F6C43FB0>,1,ARMA,1.3241599692040742,0.835946453983058,1.1507214994098591
datasets/synthetic_data/s2.csv,334,<timecave.validation_methods.CV.Block_CV object at 0x00000250F6C43FB0>,2,Tree,1.4378746332866132,1.0291978747646005,1.199114103530858
datasets/synthetic_data/s2.csv,334,<timecave.validation_methods.CV.Block_CV object at 0x00000250F6C43FB0>,2,ARMA,1.817377816262049,1.1920657551561384,1.3481015600695851
datasets/synthetic_data/s2.csv,334,<timecave.validation_methods.CV.Block_CV object at 0x00000250F6C43FB0>,3,Tree,2.3330324055221796,1.2575954843134491,1.5274267267277275
datasets/synthetic_data/s2.csv,334,<timecave.validation_methods.CV.Block_CV object at 0x00000250F6C43FB0>,3,ARMA,1.6437218991673204,1.0214893342777793,1.2820771814392924
datasets/synthetic_data/s2.csv,334,<timecave.validation_methods.CV.Block_CV object at 0x00000250F6C43FB0>,4,Tree,1.8928057140418613,1.1552337231090664,1.3757927583912706
datasets/synthetic_data/s2.csv,334,<timecave.validation_methods.CV.Block_CV object at 0x00000250F6C43FB0>,4,ARMA,1.1232649227778637,0.9135792148297809,1.059841932921067
datasets/synthetic_data/s2.csv,334,<timecave.validation_methods.CV.AdaptedhvBlockCV object at 0x00000250F6C43D40>,0,Tree,2.36929437335977,1.1118876967555824,1.5392512378945062
datasets/synthetic_data/s2.csv,334,<timecave.validation_methods.CV.AdaptedhvBlockCV object at 0x00000250F6C43D40>,0,ARMA,1.9027123936447008,1.1278830534082425,1.379388412900696
datasets/synthetic_data/s2.csv,334,<timecave.validation_methods.CV.AdaptedhvBlockCV object at 0x00000250F6C43D40>,1,Tree,2.524952741520792,1.2492938387939656,1.5890099878606152
datasets/synthetic_data/s2.csv,334,<timecave.validation_methods.CV.AdaptedhvBlockCV object at 0x00000250F6C43D40>,1,ARMA,1.3197252814019178,0.8334911215076142,1.1487929671624553
datasets/synthetic_data/s2.csv,334,<timecave.validation_methods.CV.AdaptedhvBlockCV object at 0x00000250F6C43D40>,2,Tree,2.3649858087119138,1.1721079508890624,1.5378510359303055
datasets/synthetic_data/s2.csv,334,<timecave.validation_methods.CV.AdaptedhvBlockCV object at 0x00000250F6C43D40>,2,ARMA,1.8035542829760802,1.18307782531412,1.3429647363114492
datasets/synthetic_data/s2.csv,334,<timecave.validation_methods.CV.AdaptedhvBlockCV object at 0x00000250F6C43D40>,3,Tree,2.8962642139913686,1.4304783231947118,1.7018414185791133
datasets/synthetic_data/s2.csv,334,<timecave.validation_methods.CV.AdaptedhvBlockCV object at 0x00000250F6C43D40>,3,ARMA,1.6645953548812369,1.0305410190810766,1.2901919837300326
datasets/synthetic_data/s2.csv,334,<timecave.validation_methods.CV.AdaptedhvBlockCV object at 0x00000250F6C43D40>,4,Tree,1.6703580044602364,1.0407951232943324,1.2924233069935858
datasets/synthetic_data/s2.csv,334,<timecave.validation_methods.CV.AdaptedhvBlockCV object at 0x00000250F6C43D40>,4,ARMA,1.213972130382446,0.9573065484737446,1.1018040344736655
datasets/synthetic_data/s2.csv,334,<timecave.validation_methods.markov.MarkovCV object at 0x00000250F6C43740>,0,Tree,1.6893329441072997,1.1116166097100957,1.2997434147197284
datasets/synthetic_data/s2.csv,334,<timecave.validation_methods.markov.MarkovCV object at 0x00000250F6C43740>,0,ARMA,1.2661913510476837,0.9120387388847365,1.1252516834236168
datasets/synthetic_data/s2.csv,334,<timecave.validation_methods.markov.MarkovCV object at 0x00000250F6C43740>,1,Tree,3.190528017354501,1.6416293661250592,1.7862049203141561
datasets/synthetic_data/s2.csv,334,<timecave.validation_methods.markov.MarkovCV object at 0x00000250F6C43740>,1,ARMA,1.6273694027576575,1.0477455348792164,1.2756838960956032
datasets/synthetic_data/s2.csv,334,<timecave.validation_methods.markov.MarkovCV object at 0x00000250F6C43740>,2,Tree,1.0328994799609634,0.7848492748554574,1.0163166238731725
datasets/synthetic_data/s2.csv,334,<timecave.validation_methods.markov.MarkovCV object at 0x00000250F6C43740>,2,ARMA,0.8155071434013083,0.796627546451473,0.9030543413335148
datasets/synthetic_data/s2.csv,334,<timecave.validation_methods.markov.MarkovCV object at 0x00000250F6C43740>,3,Tree,1.6951304885198106,1.1163969469264976,1.3019717694788204
datasets/synthetic_data/s2.csv,334,<timecave.validation_methods.markov.MarkovCV object at 0x00000250F6C43740>,3,ARMA,1.9157418610256345,1.129697255512254,1.3841032696390954
datasets/synthetic_data/s2.csv,334,<timecave.validation_methods.markov.MarkovCV object at 0x00000250F6C43740>,4,Tree,2.5204242067461755,1.27581382496667,1.5875843935823304
datasets/synthetic_data/s2.csv,334,<timecave.validation_methods.markov.MarkovCV object at 0x00000250F6C43740>,4,ARMA,1.4169862845584582,0.9829031625216846,1.1903723302221276
datasets/synthetic_data/s2.csv,334,<timecave.validation_methods.markov.MarkovCV object at 0x00000250F6C43740>,5,Tree,2.9767544082997928,1.511905469687788,1.7253273336673807
datasets/synthetic_data/s2.csv,334,<timecave.validation_methods.markov.MarkovCV object at 0x00000250F6C43740>,5,ARMA,1.306464210008373,0.941407700204205,1.1430066535276044
datasets/synthetic_data/s2.csv,334,<timecave.validation_methods.markov.MarkovCV object at 0x00000250F6C43740>,6,Tree,3.365334800025229,1.5735904402226886,1.8344848868347836
datasets/synthetic_data/s2.csv,334,<timecave.validation_methods.markov.MarkovCV object at 0x00000250F6C43740>,6,ARMA,2.506019769140681,1.0575966708294384,1.5830413036748856
datasets/synthetic_data/s2.csv,334,<timecave.validation_methods.markov.MarkovCV object at 0x00000250F6C43740>,7,Tree,4.589269390030888,1.746389338844775,2.142258012012299
datasets/synthetic_data/s2.csv,334,<timecave.validation_methods.markov.MarkovCV object at 0x00000250F6C43740>,7,ARMA,1.5566255523071089,1.0889933211579086,1.2476480081766286
datasets/synthetic_data/s2.csv,334,<timecave.validation_methods.markov.MarkovCV object at 0x00000250F6C43740>,8,Tree,3.4893651781019894,1.4982180392905966,1.8679842553142652
datasets/synthetic_data/s2.csv,334,<timecave.validation_methods.markov.MarkovCV object at 0x00000250F6C43740>,8,ARMA,1.6372690485589434,1.0199660881323251,1.2795581458296232
datasets/synthetic_data/s2.csv,334,<timecave.validation_methods.markov.MarkovCV object at 0x00000250F6C43740>,9,Tree,2.5868693194430694,1.2877363120134093,1.608374744716874
datasets/synthetic_data/s2.csv,334,<timecave.validation_methods.markov.MarkovCV object at 0x00000250F6C43740>,9,ARMA,1.5245983337152755,1.0255056652531098,1.2347462628877544
datasets/synthetic_data/s2.csv,335,<timecave.validation_methods.OOS.Holdout object at 0x00000250E98F3530>,0,Tree,2.4525550985659694,1.315814728218452,1.5660635678560335
datasets/synthetic_data/s2.csv,335,<timecave.validation_methods.OOS.Holdout object at 0x00000250E98F3530>,0,ARMA,1.5729605489389031,1.0320587131460393,1.2541772398424806
datasets/synthetic_data/s2.csv,335,<timecave.validation_methods.OOS.Repeated_Holdout object at 0x00000250F6C41FA0>,0,Tree,2.233214611212447,1.1243249094251289,1.4943943961392678
datasets/synthetic_data/s2.csv,335,<timecave.validation_methods.OOS.Repeated_Holdout object at 0x00000250F6C41FA0>,0,ARMA,1.6482365155902499,1.0441805018218346,1.2838366389810854
datasets/synthetic_data/s2.csv,335,<timecave.validation_methods.OOS.Repeated_Holdout object at 0x00000250F6C41FA0>,1,Tree,2.81109367963033,1.3298953685687545,1.6766316469726825
datasets/synthetic_data/s2.csv,335,<timecave.validation_methods.OOS.Repeated_Holdout object at 0x00000250F6C41FA0>,1,ARMA,1.7111965387868215,1.054035797926749,1.3081271110969384
datasets/synthetic_data/s2.csv,335,<timecave.validation_methods.OOS.Repeated_Holdout object at 0x00000250F6C41FA0>,2,Tree,2.8344422993421943,1.3640108015147394,1.683580202824384
datasets/synthetic_data/s2.csv,335,<timecave.validation_methods.OOS.Repeated_Holdout object at 0x00000250F6C41FA0>,2,ARMA,1.6073845852566164,1.0281542747311436,1.2678267173618862
datasets/synthetic_data/s2.csv,335,<timecave.validation_methods.OOS.Repeated_Holdout object at 0x00000250F6C41FA0>,3,Tree,2.4972474662592856,1.2868899578693551,1.5802681627683592
datasets/synthetic_data/s2.csv,335,<timecave.validation_methods.OOS.Repeated_Holdout object at 0x00000250F6C41FA0>,3,ARMA,1.5729605489389031,1.0320587131460393,1.2541772398424806
datasets/synthetic_data/s2.csv,335,<timecave.validation_methods.prequential.Growing_Window object at 0x00000250F6C40D70>,0,Tree,4.415077251995872,1.92149758535016,2.1012085217788052
datasets/synthetic_data/s2.csv,335,<timecave.validation_methods.prequential.Growing_Window object at 0x00000250F6C40D70>,0,ARMA,1.0534985967554014,0.860641174724789,1.0264007973279257
datasets/synthetic_data/s2.csv,335,<timecave.validation_methods.prequential.Growing_Window object at 0x00000250F6C40D70>,1,Tree,1.9402885837110289,1.1706220501165565,1.3929424193810127
datasets/synthetic_data/s2.csv,335,<timecave.validation_methods.prequential.Growing_Window object at 0x00000250F6C40D70>,1,ARMA,1.1703085625166043,0.8724319793621067,1.0818080063100866
datasets/synthetic_data/s2.csv,335,<timecave.validation_methods.prequential.Growing_Window object at 0x00000250F6C40D70>,2,Tree,2.068632707423671,1.2206843645686607,1.4382742114853033
datasets/synthetic_data/s2.csv,335,<timecave.validation_methods.prequential.Growing_Window object at 0x00000250F6C40D70>,2,ARMA,0.9600623050632116,0.8535644618624278,0.9798276915168358
datasets/synthetic_data/s2.csv,335,<timecave.validation_methods.prequential.Growing_Window object at 0x00000250F6C40D70>,3,Tree,2.1492080099601196,1.118856403403483,1.4660177386239635
datasets/synthetic_data/s2.csv,335,<timecave.validation_methods.prequential.Growing_Window object at 0x00000250F6C40D70>,3,ARMA,1.6822563723802308,1.021216241887049,1.2970182621614204
datasets/synthetic_data/s2.csv,335,<timecave.validation_methods.prequential.Growing_Window object at 0x00000250F6C43EC0>,0,Tree,2.8684113259145314,1.4652990074809198,1.693638487374012
datasets/synthetic_data/s2.csv,335,<timecave.validation_methods.prequential.Growing_Window object at 0x00000250F6C43EC0>,0,ARMA,1.1387091228236033,0.8567775931295447,1.0671031453536266
datasets/synthetic_data/s2.csv,335,<timecave.validation_methods.prequential.Growing_Window object at 0x00000250F6C43EC0>,1,Tree,1.5822518833428614,0.9989469293627837,1.257875941157498
datasets/synthetic_data/s2.csv,335,<timecave.validation_methods.prequential.Growing_Window object at 0x00000250F6C43EC0>,1,ARMA,0.9402371286073221,0.871830609793957,0.9696582535137429
datasets/synthetic_data/s2.csv,335,<timecave.validation_methods.prequential.Growing_Window object at 0x00000250F6C43EC0>,2,Tree,2.3226310750014365,1.2358295723099288,1.524018069119076
datasets/synthetic_data/s2.csv,335,<timecave.validation_methods.prequential.Growing_Window object at 0x00000250F6C43EC0>,2,ARMA,1.777090556171737,1.0840221265581145,1.3330756003212034
datasets/synthetic_data/s2.csv,335,<timecave.validation_methods.prequential.Rolling_Window object at 0x00000250F6C43C50>,0,Tree,4.36125114020718,1.8861503213243918,2.088360874036664
datasets/synthetic_data/s2.csv,335,<timecave.validation_methods.prequential.Rolling_Window object at 0x00000250F6C43C50>,0,ARMA,1.0534985967554014,0.860641174724789,1.0264007973279257
datasets/synthetic_data/s2.csv,335,<timecave.validation_methods.prequential.Rolling_Window object at 0x00000250F6C43C50>,1,Tree,0.8125015747220048,0.7019140969739079,0.9013886923641792
datasets/synthetic_data/s2.csv,335,<timecave.validation_methods.prequential.Rolling_Window object at 0x00000250F6C43C50>,1,ARMA,1.2681240423147409,0.9174607281275639,1.1261101377373088
datasets/synthetic_data/s2.csv,335,<timecave.validation_methods.prequential.Rolling_Window object at 0x00000250F6C43C50>,2,Tree,3.1803643373471626,1.5034779623382104,1.7833576022063446
datasets/synthetic_data/s2.csv,335,<timecave.validation_methods.prequential.Rolling_Window object at 0x00000250F6C43C50>,2,ARMA,1.1455765594084586,0.8645077352589923,1.070316102564312
datasets/synthetic_data/s2.csv,335,<timecave.validation_methods.prequential.Rolling_Window object at 0x00000250F6C43C50>,3,Tree,2.8755039350894624,1.3880301482252184,1.6957310916207977
datasets/synthetic_data/s2.csv,335,<timecave.validation_methods.prequential.Rolling_Window object at 0x00000250F6C43C50>,3,ARMA,1.6858246994074775,1.0226900760381024,1.2983931220579834
datasets/synthetic_data/s2.csv,335,<timecave.validation_methods.prequential.Rolling_Window object at 0x00000250F6C434A0>,0,Tree,2.78374056362423,1.4340162307132724,1.6684545434695637
datasets/synthetic_data/s2.csv,335,<timecave.validation_methods.prequential.Rolling_Window object at 0x00000250F6C434A0>,0,ARMA,1.1387091228236033,0.8567775931295447,1.0671031453536266
datasets/synthetic_data/s2.csv,335,<timecave.validation_methods.prequential.Rolling_Window object at 0x00000250F6C434A0>,1,Tree,1.6903070235638504,0.9904946767436805,1.3001180806233912
datasets/synthetic_data/s2.csv,335,<timecave.validation_methods.prequential.Rolling_Window object at 0x00000250F6C434A0>,1,ARMA,0.9369381363843151,0.8658445833021989,0.9679556479427738
datasets/synthetic_data/s2.csv,335,<timecave.validation_methods.prequential.Rolling_Window object at 0x00000250F6C434A0>,2,Tree,3.8313376985253123,1.547641714165336,1.957380315249265
datasets/synthetic_data/s2.csv,335,<timecave.validation_methods.prequential.Rolling_Window object at 0x00000250F6C434A0>,2,ARMA,2.8603887192931747,1.3660435910150528,1.6912683758922398
datasets/synthetic_data/s2.csv,335,<timecave.validation_methods.CV.Block_CV object at 0x00000250F6C42540>,0,Tree,3.025484061378622,1.4504526812336966,1.7393918653881941
datasets/synthetic_data/s2.csv,335,<timecave.validation_methods.CV.Block_CV object at 0x00000250F6C42540>,0,ARMA,2.4237880478100373,1.261411006612211,1.55685196721141
datasets/synthetic_data/s2.csv,335,<timecave.validation_methods.CV.Block_CV object at 0x00000250F6C42540>,1,Tree,1.3646110297913598,0.9888281770991613,1.1681656688121596
datasets/synthetic_data/s2.csv,335,<timecave.validation_methods.CV.Block_CV object at 0x00000250F6C42540>,1,ARMA,0.8993912261277256,0.7901742309729846,0.9483623917721145
datasets/synthetic_data/s2.csv,335,<timecave.validation_methods.CV.Block_CV object at 0x00000250F6C42540>,2,Tree,3.008668004511427,1.4004479082996895,1.7345512400939405
datasets/synthetic_data/s2.csv,335,<timecave.validation_methods.CV.Block_CV object at 0x00000250F6C42540>,2,ARMA,1.2485314778868288,0.9067221102710336,1.1173770526938651
datasets/synthetic_data/s2.csv,335,<timecave.validation_methods.CV.Block_CV object at 0x00000250F6C42540>,3,Tree,2.221632344626717,1.242483569538523,1.490514120908191
datasets/synthetic_data/s2.csv,335,<timecave.validation_methods.CV.Block_CV object at 0x00000250F6C42540>,3,ARMA,0.9012239528641565,0.847890141481497,0.949328158680736
datasets/synthetic_data/s2.csv,335,<timecave.validation_methods.CV.Block_CV object at 0x00000250F6C42540>,4,Tree,2.3904857554532613,1.2234078057092437,1.5461195799333445
datasets/synthetic_data/s2.csv,335,<timecave.validation_methods.CV.Block_CV object at 0x00000250F6C42540>,4,ARMA,1.6822563723802308,1.021216241887049,1.2970182621614204
datasets/synthetic_data/s2.csv,335,<timecave.validation_methods.CV.AdaptedhvBlockCV object at 0x00000250F6C41D60>,0,Tree,3.1364552792798728,1.4709063182962705,1.771004031412654
datasets/synthetic_data/s2.csv,335,<timecave.validation_methods.CV.AdaptedhvBlockCV object at 0x00000250F6C41D60>,0,ARMA,2.4220174511684824,1.2613075200899382,1.5562832168883922
datasets/synthetic_data/s2.csv,335,<timecave.validation_methods.CV.AdaptedhvBlockCV object at 0x00000250F6C41D60>,1,Tree,1.2777486238045863,0.9326745670233026,1.1303754348908093
datasets/synthetic_data/s2.csv,335,<timecave.validation_methods.CV.AdaptedhvBlockCV object at 0x00000250F6C41D60>,1,ARMA,0.8850042799479221,0.7845968623123603,0.9407466608752444
datasets/synthetic_data/s2.csv,335,<timecave.validation_methods.CV.AdaptedhvBlockCV object at 0x00000250F6C41D60>,2,Tree,3.3872811437770207,1.4781025439250128,1.840456775851316
datasets/synthetic_data/s2.csv,335,<timecave.validation_methods.CV.AdaptedhvBlockCV object at 0x00000250F6C41D60>,2,ARMA,1.243861131092729,0.9047202553385253,1.1152852240986288
datasets/synthetic_data/s2.csv,335,<timecave.validation_methods.CV.AdaptedhvBlockCV object at 0x00000250F6C41D60>,3,Tree,1.6381499102601684,1.0419920519028234,1.2799023049671285
datasets/synthetic_data/s2.csv,335,<timecave.validation_methods.CV.AdaptedhvBlockCV object at 0x00000250F6C41D60>,3,ARMA,0.901700217641582,0.8464185318048308,0.9495789686179775
datasets/synthetic_data/s2.csv,335,<timecave.validation_methods.CV.AdaptedhvBlockCV object at 0x00000250F6C41D60>,4,Tree,2.57665272496443,1.2515869631112397,1.6051955410368015
datasets/synthetic_data/s2.csv,335,<timecave.validation_methods.CV.AdaptedhvBlockCV object at 0x00000250F6C41D60>,4,ARMA,1.7004802124679244,1.0419673317876628,1.3040246211126247
datasets/synthetic_data/s2.csv,335,<timecave.validation_methods.markov.MarkovCV object at 0x00000250F6C42210>,0,Tree,2.1685731356140923,1.143987690450937,1.472607597296066
datasets/synthetic_data/s2.csv,335,<timecave.validation_methods.markov.MarkovCV object at 0x00000250F6C42210>,0,ARMA,2.068231056617277,1.2566483678090221,1.4381345752805184
datasets/synthetic_data/s2.csv,335,<timecave.validation_methods.markov.MarkovCV object at 0x00000250F6C42210>,1,Tree,1.5120595552319576,1.0482693261841451,1.229658308324698
datasets/synthetic_data/s2.csv,335,<timecave.validation_methods.markov.MarkovCV object at 0x00000250F6C42210>,1,ARMA,1.2592040811914211,0.8670315091526057,1.122142629611504
datasets/synthetic_data/s2.csv,335,<timecave.validation_methods.markov.MarkovCV object at 0x00000250F6C42210>,2,Tree,3.6335870136063506,1.4933335922076874,1.9061970028321706
datasets/synthetic_data/s2.csv,335,<timecave.validation_methods.markov.MarkovCV object at 0x00000250F6C42210>,2,ARMA,1.5417560419616727,1.1146381883448813,1.241674692486592
datasets/synthetic_data/s2.csv,335,<timecave.validation_methods.markov.MarkovCV object at 0x00000250F6C42210>,3,Tree,1.9513161045066827,1.1021715116402213,1.3968951658970987
datasets/synthetic_data/s2.csv,335,<timecave.validation_methods.markov.MarkovCV object at 0x00000250F6C42210>,3,ARMA,1.5624352196817244,1.0850417075706729,1.2499740876041088
datasets/synthetic_data/s2.csv,335,<timecave.validation_methods.markov.MarkovCV object at 0x00000250F6C42210>,4,Tree,1.8664702936701922,0.9956155473862296,1.3661882350797023
datasets/synthetic_data/s2.csv,335,<timecave.validation_methods.markov.MarkovCV object at 0x00000250F6C42210>,4,ARMA,1.6740528594137065,1.0411682863433116,1.2938519464813996
datasets/synthetic_data/s2.csv,335,<timecave.validation_methods.markov.MarkovCV object at 0x00000250F6C42210>,5,Tree,1.4532482047092845,1.0730284531905008,1.205507446973798
datasets/synthetic_data/s2.csv,335,<timecave.validation_methods.markov.MarkovCV object at 0x00000250F6C42210>,5,ARMA,1.528195079521123,0.9299416673115648,1.236201876523864
datasets/synthetic_data/s2.csv,335,<timecave.validation_methods.markov.MarkovCV object at 0x00000250F6C42210>,6,Tree,4.793709567648613,1.89604418694399,2.1894541711688356
datasets/synthetic_data/s2.csv,335,<timecave.validation_methods.markov.MarkovCV object at 0x00000250F6C42210>,6,ARMA,3.2694080591145296,1.339754569968909,1.808150452565972
datasets/synthetic_data/s2.csv,335,<timecave.validation_methods.markov.MarkovCV object at 0x00000250F6C42210>,7,Tree,5.2564347375538425,1.731461584192786,2.2926915923328726
datasets/synthetic_data/s2.csv,335,<timecave.validation_methods.markov.MarkovCV object at 0x00000250F6C42210>,7,ARMA,2.1264971111890234,1.1546735796209273,1.4582513882006158
datasets/synthetic_data/s2.csv,335,<timecave.validation_methods.markov.MarkovCV object at 0x00000250F6C42210>,8,Tree,3.193779013730557,1.5330619170607158,1.787114717563077
datasets/synthetic_data/s2.csv,335,<timecave.validation_methods.markov.MarkovCV object at 0x00000250F6C42210>,8,ARMA,1.2628886324584903,0.9384033245919304,1.1237831785796093
datasets/synthetic_data/s2.csv,335,<timecave.validation_methods.markov.MarkovCV object at 0x00000250F6C42210>,9,Tree,3.4087704113869353,1.5998582630626546,1.8462855714615047
datasets/synthetic_data/s2.csv,335,<timecave.validation_methods.markov.MarkovCV object at 0x00000250F6C42210>,9,ARMA,2.1067221396905618,1.2089865438063785,1.4514551800488231
datasets/synthetic_data/s2.csv,336,<timecave.validation_methods.OOS.Holdout object at 0x00000250F6ACA5A0>,0,Tree,1.7169977443025528,1.0745541282794677,1.3103426056961411
datasets/synthetic_data/s2.csv,336,<timecave.validation_methods.OOS.Holdout object at 0x00000250F6ACA5A0>,0,ARMA,1.879012055084564,1.1128429753087017,1.3707706062958032
datasets/synthetic_data/s2.csv,336,<timecave.validation_methods.OOS.Repeated_Holdout object at 0x00000250F6C42060>,0,Tree,2.505252265742368,1.3471416670609377,1.5827988709063348
datasets/synthetic_data/s2.csv,336,<timecave.validation_methods.OOS.Repeated_Holdout object at 0x00000250F6C42060>,0,ARMA,1.3835828940903454,0.9981754788433036,1.176258004899582
datasets/synthetic_data/s2.csv,336,<timecave.validation_methods.OOS.Repeated_Holdout object at 0x00000250F6C42060>,1,Tree,2.555300711826052,1.3342023746291187,1.5985307978972603
datasets/synthetic_data/s2.csv,336,<timecave.validation_methods.OOS.Repeated_Holdout object at 0x00000250F6C42060>,1,ARMA,1.4408988542173704,1.01678689147357,1.20037446416415
datasets/synthetic_data/s2.csv,336,<timecave.validation_methods.OOS.Repeated_Holdout object at 0x00000250F6C42060>,2,Tree,2.260920944329642,1.2228913519957394,1.5036359081671473
datasets/synthetic_data/s2.csv,336,<timecave.validation_methods.OOS.Repeated_Holdout object at 0x00000250F6C42060>,2,ARMA,1.5428710504037977,1.0234664237682234,1.2421236051230158
datasets/synthetic_data/s2.csv,336,<timecave.validation_methods.OOS.Repeated_Holdout object at 0x00000250F6C42060>,3,Tree,1.836840689833387,1.1341975821096597,1.3553009591354193
datasets/synthetic_data/s2.csv,336,<timecave.validation_methods.OOS.Repeated_Holdout object at 0x00000250F6C42060>,3,ARMA,1.879012055084564,1.1128429753087017,1.3707706062958032
datasets/synthetic_data/s2.csv,336,<timecave.validation_methods.prequential.Growing_Window object at 0x00000250F6C428D0>,0,Tree,1.8211213935442063,1.054654121944221,1.3494893084215993
datasets/synthetic_data/s2.csv,336,<timecave.validation_methods.prequential.Growing_Window object at 0x00000250F6C428D0>,0,ARMA,1.7082407694749666,1.0741466967025681,1.3069968513638304
datasets/synthetic_data/s2.csv,336,<timecave.validation_methods.prequential.Growing_Window object at 0x00000250F6C428D0>,1,Tree,2.0718955197766133,1.2219419579574813,1.4394080449186788
datasets/synthetic_data/s2.csv,336,<timecave.validation_methods.prequential.Growing_Window object at 0x00000250F6C428D0>,1,ARMA,1.6168858456164323,0.9455257880163908,1.2715682622716062
datasets/synthetic_data/s2.csv,336,<timecave.validation_methods.prequential.Growing_Window object at 0x00000250F6C428D0>,2,Tree,2.4954116957380035,1.1256090000980297,1.5796872145263452
datasets/synthetic_data/s2.csv,336,<timecave.validation_methods.prequential.Growing_Window object at 0x00000250F6C428D0>,2,ARMA,2.3036873672963516,1.1417246302743562,1.5177902909481111
datasets/synthetic_data/s2.csv,336,<timecave.validation_methods.prequential.Growing_Window object at 0x00000250F6C428D0>,3,Tree,2.4344693652652376,1.3099576784174576,1.560278617832481
datasets/synthetic_data/s2.csv,336,<timecave.validation_methods.prequential.Growing_Window object at 0x00000250F6C428D0>,3,ARMA,1.4859575702760286,1.0398672905359867,1.2189985932215133
datasets/synthetic_data/s2.csv,336,<timecave.validation_methods.prequential.Growing_Window object at 0x00000250F6C41BB0>,0,Tree,1.0664760727430749,0.8721003186847723,1.0327032839799992
datasets/synthetic_data/s2.csv,336,<timecave.validation_methods.prequential.Growing_Window object at 0x00000250F6C41BB0>,0,ARMA,1.7418760185775906,1.0386549006369914,1.3198015072644789
datasets/synthetic_data/s2.csv,336,<timecave.validation_methods.prequential.Growing_Window object at 0x00000250F6C41BB0>,1,Tree,2.0807655266038285,1.1018627394079588,1.4424858843690043
datasets/synthetic_data/s2.csv,336,<timecave.validation_methods.prequential.Growing_Window object at 0x00000250F6C41BB0>,1,ARMA,2.3933408668561773,1.1816726250814802,1.5470426195991425
datasets/synthetic_data/s2.csv,336,<timecave.validation_methods.prequential.Growing_Window object at 0x00000250F6C41BB0>,2,Tree,3.6463853101781036,1.5447819000457048,1.9095510755615057
datasets/synthetic_data/s2.csv,336,<timecave.validation_methods.prequential.Growing_Window object at 0x00000250F6C41BB0>,2,ARMA,1.5296883392006153,1.0615369681022213,1.2368056998577486
datasets/synthetic_data/s2.csv,336,<timecave.validation_methods.prequential.Rolling_Window object at 0x00000250F6C422A0>,0,Tree,1.8950136535668791,1.0505002562392092,1.3765949489834979
datasets/synthetic_data/s2.csv,336,<timecave.validation_methods.prequential.Rolling_Window object at 0x00000250F6C422A0>,0,ARMA,1.7082407694749666,1.0741466967025681,1.3069968513638304
datasets/synthetic_data/s2.csv,336,<timecave.validation_methods.prequential.Rolling_Window object at 0x00000250F6C422A0>,1,Tree,3.4920134859587346,1.4575969351748312,1.8686929886845336
datasets/synthetic_data/s2.csv,336,<timecave.validation_methods.prequential.Rolling_Window object at 0x00000250F6C422A0>,1,ARMA,2.5331912160914056,1.1287212847117185,1.5916002061106318
datasets/synthetic_data/s2.csv,336,<timecave.validation_methods.prequential.Rolling_Window object at 0x00000250F6C422A0>,2,Tree,2.9690103435455693,1.3020874383601677,1.7230816415787062
datasets/synthetic_data/s2.csv,336,<timecave.validation_methods.prequential.Rolling_Window object at 0x00000250F6C422A0>,2,ARMA,2.511453592539504,1.1975649823304286,1.5847566351145226
datasets/synthetic_data/s2.csv,336,<timecave.validation_methods.prequential.Rolling_Window object at 0x00000250F6C422A0>,3,Tree,2.205855178471655,1.125767491589195,1.4852121661471989
datasets/synthetic_data/s2.csv,336,<timecave.validation_methods.prequential.Rolling_Window object at 0x00000250F6C422A0>,3,ARMA,1.4198299160564762,0.9950446760897935,1.1915661610067971
datasets/synthetic_data/s2.csv,336,<timecave.validation_methods.prequential.Rolling_Window object at 0x00000250F6C435F0>,0,Tree,1.1799287709670434,0.9097440917594614,1.0862452628053405
datasets/synthetic_data/s2.csv,336,<timecave.validation_methods.prequential.Rolling_Window object at 0x00000250F6C435F0>,0,ARMA,1.7418760185775906,1.0386549006369914,1.3198015072644789
datasets/synthetic_data/s2.csv,336,<timecave.validation_methods.prequential.Rolling_Window object at 0x00000250F6C435F0>,1,Tree,2.1074693489716596,1.1844332314710044,1.4517125572824876
datasets/synthetic_data/s2.csv,336,<timecave.validation_methods.prequential.Rolling_Window object at 0x00000250F6C435F0>,1,ARMA,3.0197637012159415,1.3293864881660542,1.7377467310330184
datasets/synthetic_data/s2.csv,336,<timecave.validation_methods.prequential.Rolling_Window object at 0x00000250F6C435F0>,2,Tree,2.149148921767529,1.1906615858367102,1.465997585866883
datasets/synthetic_data/s2.csv,336,<timecave.validation_methods.prequential.Rolling_Window object at 0x00000250F6C435F0>,2,ARMA,1.5161963698035141,1.0524854419186025,1.2313392586137721
datasets/synthetic_data/s2.csv,336,<timecave.validation_methods.CV.Block_CV object at 0x00000250F6C42F00>,0,Tree,2.2421336838832637,1.2052912236482074,1.497375598800536
datasets/synthetic_data/s2.csv,336,<timecave.validation_methods.CV.Block_CV object at 0x00000250F6C42F00>,0,ARMA,1.248541505816419,0.8736039129116446,1.1173815399479352
datasets/synthetic_data/s2.csv,336,<timecave.validation_methods.CV.Block_CV object at 0x00000250F6C42F00>,1,Tree,2.062013038882414,1.1942023104908481,1.4359711135264575
datasets/synthetic_data/s2.csv,336,<timecave.validation_methods.CV.Block_CV object at 0x00000250F6C42F00>,1,ARMA,1.7243705069769046,1.1001772507872687,1.3131528878911642
datasets/synthetic_data/s2.csv,336,<timecave.validation_methods.CV.Block_CV object at 0x00000250F6C42F00>,2,Tree,1.7072528784284742,1.1668385254311149,1.3066188726742294
datasets/synthetic_data/s2.csv,336,<timecave.validation_methods.CV.Block_CV object at 0x00000250F6C42F00>,2,ARMA,1.6613168597965926,0.9832557624551055,1.2889208120736482
datasets/synthetic_data/s2.csv,336,<timecave.validation_methods.CV.Block_CV object at 0x00000250F6C42F00>,3,Tree,1.5856906676497184,0.9427546459643289,1.259242100491291
datasets/synthetic_data/s2.csv,336,<timecave.validation_methods.CV.Block_CV object at 0x00000250F6C42F00>,3,ARMA,2.3788372206935913,1.1746149561705712,1.5423479570750536
datasets/synthetic_data/s2.csv,336,<timecave.validation_methods.CV.Block_CV object at 0x00000250F6C42F00>,4,Tree,2.500154479543499,1.294520475812985,1.5811876800505051
datasets/synthetic_data/s2.csv,336,<timecave.validation_methods.CV.Block_CV object at 0x00000250F6C42F00>,4,ARMA,1.4859575702760286,1.0398672905359867,1.2189985932215133
datasets/synthetic_data/s2.csv,336,<timecave.validation_methods.CV.AdaptedhvBlockCV object at 0x00000250F6C431A0>,0,Tree,2.2398451479145125,1.1905215844407666,1.4966112213646243
datasets/synthetic_data/s2.csv,336,<timecave.validation_methods.CV.AdaptedhvBlockCV object at 0x00000250F6C431A0>,0,ARMA,1.266513806091155,0.8794186982740597,1.125394955600546
datasets/synthetic_data/s2.csv,336,<timecave.validation_methods.CV.AdaptedhvBlockCV object at 0x00000250F6C431A0>,1,Tree,2.2468282151557903,1.2994067750201859,1.4989423655217002
datasets/synthetic_data/s2.csv,336,<timecave.validation_methods.CV.AdaptedhvBlockCV object at 0x00000250F6C431A0>,1,ARMA,1.7588004406263664,1.1132288136006319,1.326197738131975
datasets/synthetic_data/s2.csv,336,<timecave.validation_methods.CV.AdaptedhvBlockCV object at 0x00000250F6C431A0>,2,Tree,1.8563419062948678,1.178652410444892,1.3624763874265373
datasets/synthetic_data/s2.csv,336,<timecave.validation_methods.CV.AdaptedhvBlockCV object at 0x00000250F6C431A0>,2,ARMA,1.685702865411825,0.9844060646464794,1.2983462039886837
datasets/synthetic_data/s2.csv,336,<timecave.validation_methods.CV.AdaptedhvBlockCV object at 0x00000250F6C431A0>,3,Tree,1.302325510667105,0.8848858718731429,1.1411947733262298
datasets/synthetic_data/s2.csv,336,<timecave.validation_methods.CV.AdaptedhvBlockCV object at 0x00000250F6C431A0>,3,ARMA,2.364264862542891,1.1686479464482167,1.537616617542517
datasets/synthetic_data/s2.csv,336,<timecave.validation_methods.CV.AdaptedhvBlockCV object at 0x00000250F6C431A0>,4,Tree,2.5057741779488416,1.3059040689594215,1.5829637323542323
datasets/synthetic_data/s2.csv,336,<timecave.validation_methods.CV.AdaptedhvBlockCV object at 0x00000250F6C431A0>,4,ARMA,1.4552619349397085,1.020734297028854,1.2063423788210828
datasets/synthetic_data/s2.csv,336,<timecave.validation_methods.markov.MarkovCV object at 0x00000250F6C41280>,0,Tree,4.788465224010647,1.7613635229054843,2.188256206208644
datasets/synthetic_data/s2.csv,336,<timecave.validation_methods.markov.MarkovCV object at 0x00000250F6C41280>,0,ARMA,1.556038324734266,0.9571984531527071,1.2474126521461397
datasets/synthetic_data/s2.csv,336,<timecave.validation_methods.markov.MarkovCV object at 0x00000250F6C41280>,1,Tree,5.367431947538123,1.9865828841084923,2.316771880772495
datasets/synthetic_data/s2.csv,336,<timecave.validation_methods.markov.MarkovCV object at 0x00000250F6C41280>,1,ARMA,1.749776371619784,1.1488351675423236,1.3227911292489771
datasets/synthetic_data/s2.csv,336,<timecave.validation_methods.markov.MarkovCV object at 0x00000250F6C41280>,2,Tree,7.133558686762011,2.2233585497149364,2.670872270768861
datasets/synthetic_data/s2.csv,336,<timecave.validation_methods.markov.MarkovCV object at 0x00000250F6C41280>,2,ARMA,2.2520635879408575,1.2165793342132019,1.5006877050008964
datasets/synthetic_data/s2.csv,336,<timecave.validation_methods.markov.MarkovCV object at 0x00000250F6C41280>,3,Tree,5.200895547134214,1.9414753783277074,2.280547203443554
datasets/synthetic_data/s2.csv,336,<timecave.validation_methods.markov.MarkovCV object at 0x00000250F6C41280>,3,ARMA,2.1606455095221975,1.120495889675581,1.4699134360642458
datasets/synthetic_data/s2.csv,336,<timecave.validation_methods.markov.MarkovCV object at 0x00000250F6C41280>,4,Tree,4.1880189830185035,1.6580951234519115,2.0464649967733393
datasets/synthetic_data/s2.csv,336,<timecave.validation_methods.markov.MarkovCV object at 0x00000250F6C41280>,4,ARMA,2.121293569882127,1.1277726408660214,1.4564661238360908
datasets/synthetic_data/s2.csv,336,<timecave.validation_methods.markov.MarkovCV object at 0x00000250F6C41280>,5,Tree,5.434557084430096,1.8473524078919665,2.331213650532721
datasets/synthetic_data/s2.csv,336,<timecave.validation_methods.markov.MarkovCV object at 0x00000250F6C41280>,5,ARMA,2.430901480391465,1.127688849434023,1.5591348499701572
datasets/synthetic_data/s2.csv,336,<timecave.validation_methods.markov.MarkovCV object at 0x00000250F6C41280>,6,Tree,1.969759172062068,1.1136095626800848,1.403481090739048
datasets/synthetic_data/s2.csv,336,<timecave.validation_methods.markov.MarkovCV object at 0x00000250F6C41280>,6,ARMA,1.2710184326249983,0.93027986073035,1.1273945328167059
datasets/synthetic_data/s2.csv,336,<timecave.validation_methods.markov.MarkovCV object at 0x00000250F6C41280>,7,Tree,4.906457770708439,1.745381951131795,2.215052543554766
datasets/synthetic_data/s2.csv,336,<timecave.validation_methods.markov.MarkovCV object at 0x00000250F6C41280>,7,ARMA,1.8570944168527754,1.0527278998407912,1.362752514895047
datasets/synthetic_data/s2.csv,336,<timecave.validation_methods.markov.MarkovCV object at 0x00000250F6C41280>,8,Tree,4.973096789393676,1.9640534427660883,2.2300441227459324
datasets/synthetic_data/s2.csv,336,<timecave.validation_methods.markov.MarkovCV object at 0x00000250F6C41280>,8,ARMA,1.6313797065254905,1.073561213595183,1.2772547539647252
datasets/synthetic_data/s2.csv,336,<timecave.validation_methods.markov.MarkovCV object at 0x00000250F6C41280>,9,Tree,5.063830722328928,2.00900163482941,2.2502956966427607
datasets/synthetic_data/s2.csv,336,<timecave.validation_methods.markov.MarkovCV object at 0x00000250F6C41280>,9,ARMA,1.6353372914018278,0.9177408478937059,1.2788030698281216
datasets/synthetic_data/s2.csv,337,<timecave.validation_methods.OOS.Holdout object at 0x00000250F6BB3920>,0,Tree,1.6954780912067235,1.0973291742785891,1.3021052535055389
datasets/synthetic_data/s2.csv,337,<timecave.validation_methods.OOS.Holdout object at 0x00000250F6BB3920>,0,ARMA,0.9619920025642781,0.8118052461711963,0.9808119098809303
datasets/synthetic_data/s2.csv,337,<timecave.validation_methods.OOS.Repeated_Holdout object at 0x00000250F6C406E0>,0,Tree,1.8502941000226476,1.0349646956828606,1.3602551598956159
datasets/synthetic_data/s2.csv,337,<timecave.validation_methods.OOS.Repeated_Holdout object at 0x00000250F6C406E0>,0,ARMA,0.9728914848732857,0.8307302034689656,0.9863526169039578
datasets/synthetic_data/s2.csv,337,<timecave.validation_methods.OOS.Repeated_Holdout object at 0x00000250F6C406E0>,1,Tree,1.2999199238321995,0.8869322330689714,1.1401403088358026
datasets/synthetic_data/s2.csv,337,<timecave.validation_methods.OOS.Repeated_Holdout object at 0x00000250F6C406E0>,1,ARMA,1.0661169853125254,0.8772074192073779,1.0325294113547203
datasets/synthetic_data/s2.csv,337,<timecave.validation_methods.OOS.Repeated_Holdout object at 0x00000250F6C406E0>,2,Tree,2.2012921057196646,1.2136728318768737,1.483675202232505
datasets/synthetic_data/s2.csv,337,<timecave.validation_methods.OOS.Repeated_Holdout object at 0x00000250F6C406E0>,2,ARMA,0.9080522104463826,0.7871212918804253,0.9529177354034202
datasets/synthetic_data/s2.csv,337,<timecave.validation_methods.OOS.Repeated_Holdout object at 0x00000250F6C406E0>,3,Tree,1.6041786825367113,1.055310967121121,1.26656175630591
datasets/synthetic_data/s2.csv,337,<timecave.validation_methods.OOS.Repeated_Holdout object at 0x00000250F6C406E0>,3,ARMA,0.9619920025642781,0.8118052461711963,0.9808119098809303
datasets/synthetic_data/s2.csv,337,<timecave.validation_methods.prequential.Growing_Window object at 0x00000250F6C43770>,0,Tree,5.167383530466281,1.8313014303117527,2.2731879663737184
datasets/synthetic_data/s2.csv,337,<timecave.validation_methods.prequential.Growing_Window object at 0x00000250F6C43770>,0,ARMA,3.238196973680183,1.498936367882179,1.799499089658059
datasets/synthetic_data/s2.csv,337,<timecave.validation_methods.prequential.Growing_Window object at 0x00000250F6C43770>,1,Tree,3.155361711745399,1.5715979780120184,1.776333783877737
datasets/synthetic_data/s2.csv,337,<timecave.validation_methods.prequential.Growing_Window object at 0x00000250F6C43770>,1,ARMA,2.000187622656633,1.2340751220634965,1.4142798954438378
datasets/synthetic_data/s2.csv,337,<timecave.validation_methods.prequential.Growing_Window object at 0x00000250F6C43770>,2,Tree,2.0907241224367517,1.207735613902823,1.4459336507726597
datasets/synthetic_data/s2.csv,337,<timecave.validation_methods.prequential.Growing_Window object at 0x00000250F6C43770>,2,ARMA,1.1202938809369456,0.8266975975882662,1.0584393610107976
datasets/synthetic_data/s2.csv,337,<timecave.validation_methods.prequential.Growing_Window object at 0x00000250F6C43770>,3,Tree,1.5076304222781574,1.0554845468119938,1.2278560266896756
datasets/synthetic_data/s2.csv,337,<timecave.validation_methods.prequential.Growing_Window object at 0x00000250F6C43770>,3,ARMA,0.9832719641830806,0.8291834976237485,0.9916007080388157
datasets/synthetic_data/s2.csv,337,<timecave.validation_methods.prequential.Growing_Window object at 0x00000250F6C403E0>,0,Tree,2.6046683448393537,1.3454690814150978,1.6138984927309876
datasets/synthetic_data/s2.csv,337,<timecave.validation_methods.prequential.Growing_Window object at 0x00000250F6C403E0>,0,ARMA,2.693659641774974,1.446249492205644,1.6412372289754378
datasets/synthetic_data/s2.csv,337,<timecave.validation_methods.prequential.Growing_Window object at 0x00000250F6C403E0>,1,Tree,2.177863516811053,1.219257341029714,1.4757586241696345
datasets/synthetic_data/s2.csv,337,<timecave.validation_methods.prequential.Growing_Window object at 0x00000250F6C403E0>,1,ARMA,1.1585004325570505,0.8182484512608849,1.0763365795870037
datasets/synthetic_data/s2.csv,337,<timecave.validation_methods.prequential.Growing_Window object at 0x00000250F6C403E0>,2,Tree,1.8241246227318837,1.093303173122128,1.350601578087292
datasets/synthetic_data/s2.csv,337,<timecave.validation_methods.prequential.Growing_Window object at 0x00000250F6C403E0>,2,ARMA,1.1063138194872855,0.8803749601919153,1.0518145366400322
datasets/synthetic_data/s2.csv,337,<timecave.validation_methods.prequential.Rolling_Window object at 0x00000250F6C439B0>,0,Tree,4.725503320559816,1.8242645656665526,2.173822283573295
datasets/synthetic_data/s2.csv,337,<timecave.validation_methods.prequential.Rolling_Window object at 0x00000250F6C439B0>,0,ARMA,3.238196973680183,1.498936367882179,1.799499089658059
datasets/synthetic_data/s2.csv,337,<timecave.validation_methods.prequential.Rolling_Window object at 0x00000250F6C439B0>,1,Tree,3.385628310515645,1.5481077329711241,1.8400076930588212
datasets/synthetic_data/s2.csv,337,<timecave.validation_methods.prequential.Rolling_Window object at 0x00000250F6C439B0>,1,ARMA,1.9747295764252422,1.2339671793800124,1.4052507165716879
datasets/synthetic_data/s2.csv,337,<timecave.validation_methods.prequential.Rolling_Window object at 0x00000250F6C439B0>,2,Tree,1.7340401860562873,0.992941414713007,1.3168295964384638
datasets/synthetic_data/s2.csv,337,<timecave.validation_methods.prequential.Rolling_Window object at 0x00000250F6C439B0>,2,ARMA,1.2658363273448479,0.8574026153486278,1.1250939193440022
datasets/synthetic_data/s2.csv,337,<timecave.validation_methods.prequential.Rolling_Window object at 0x00000250F6C439B0>,3,Tree,1.3293803825884427,0.8701389817403679,1.152987589954221
datasets/synthetic_data/s2.csv,337,<timecave.validation_methods.prequential.Rolling_Window object at 0x00000250F6C439B0>,3,ARMA,1.0457231123896034,0.8467323560300875,1.0226060396797994
datasets/synthetic_data/s2.csv,337,<timecave.validation_methods.prequential.Rolling_Window object at 0x00000250F6C41580>,0,Tree,2.511601306757904,1.2970339140736282,1.5848032391303042
datasets/synthetic_data/s2.csv,337,<timecave.validation_methods.prequential.Rolling_Window object at 0x00000250F6C41580>,0,ARMA,2.693659641774974,1.446249492205644,1.6412372289754378
datasets/synthetic_data/s2.csv,337,<timecave.validation_methods.prequential.Rolling_Window object at 0x00000250F6C41580>,1,Tree,1.6560704558259391,1.0445098720075823,1.2868840102456551
datasets/synthetic_data/s2.csv,337,<timecave.validation_methods.prequential.Rolling_Window object at 0x00000250F6C41580>,1,ARMA,1.171343726231051,0.8106737438337506,1.082286342069903
datasets/synthetic_data/s2.csv,337,<timecave.validation_methods.prequential.Rolling_Window object at 0x00000250F6C41580>,2,Tree,1.956203564968552,1.0714196874489443,1.3986434731440862
datasets/synthetic_data/s2.csv,337,<timecave.validation_methods.prequential.Rolling_Window object at 0x00000250F6C41580>,2,ARMA,0.9308436882628145,0.8091108286937486,0.9648024089225806
datasets/synthetic_data/s2.csv,337,<timecave.validation_methods.CV.Block_CV object at 0x00000250F6C40980>,0,Tree,2.3679961489785386,1.177288158771698,1.5388294736514956
datasets/synthetic_data/s2.csv,337,<timecave.validation_methods.CV.Block_CV object at 0x00000250F6C40980>,0,ARMA,1.987241373088057,1.1441471561187369,1.4096954894898603
datasets/synthetic_data/s2.csv,337,<timecave.validation_methods.CV.Block_CV object at 0x00000250F6C40980>,1,Tree,2.68261565946253,1.3934803364390003,1.6378692437012579
datasets/synthetic_data/s2.csv,337,<timecave.validation_methods.CV.Block_CV object at 0x00000250F6C40980>,1,ARMA,2.3031746684164087,1.2757470222143124,1.5176213850682287
datasets/synthetic_data/s2.csv,337,<timecave.validation_methods.CV.Block_CV object at 0x00000250F6C40980>,2,Tree,2.453234765761304,1.3731770305811506,1.566280551421521
datasets/synthetic_data/s2.csv,337,<timecave.validation_methods.CV.Block_CV object at 0x00000250F6C40980>,2,ARMA,2.140102752860421,1.289065915237389,1.4629090036158847
datasets/synthetic_data/s2.csv,337,<timecave.validation_methods.CV.Block_CV object at 0x00000250F6C40980>,3,Tree,2.132180937047516,1.200975381149475,1.4601989374902025
datasets/synthetic_data/s2.csv,337,<timecave.validation_methods.CV.Block_CV object at 0x00000250F6C40980>,3,ARMA,1.1256547279170563,0.8521618220170055,1.0609687685870195
datasets/synthetic_data/s2.csv,337,<timecave.validation_methods.CV.Block_CV object at 0x00000250F6C40980>,4,Tree,1.3747390288226653,0.9651933132768645,1.1724926561913578
datasets/synthetic_data/s2.csv,337,<timecave.validation_methods.CV.Block_CV object at 0x00000250F6C40980>,4,ARMA,0.9832719641830806,0.8291834976237485,0.9916007080388157
datasets/synthetic_data/s2.csv,337,<timecave.validation_methods.CV.AdaptedhvBlockCV object at 0x00000250F6C42B70>,0,Tree,2.2920287269506985,1.1525671232554358,1.513944756901882
datasets/synthetic_data/s2.csv,337,<timecave.validation_methods.CV.AdaptedhvBlockCV object at 0x00000250F6C42B70>,0,ARMA,1.9880834545551052,1.1445409952441645,1.4099941328087522
datasets/synthetic_data/s2.csv,337,<timecave.validation_methods.CV.AdaptedhvBlockCV object at 0x00000250F6C42B70>,1,Tree,2.6716345114278055,1.3724871739365216,1.634513539689349
datasets/synthetic_data/s2.csv,337,<timecave.validation_methods.CV.AdaptedhvBlockCV object at 0x00000250F6C42B70>,1,ARMA,2.270375734197945,1.2654232666125937,1.5067766039456363
datasets/synthetic_data/s2.csv,337,<timecave.validation_methods.CV.AdaptedhvBlockCV object at 0x00000250F6C42B70>,2,Tree,2.7474873560483655,1.4179184193249685,1.6575546313917877
datasets/synthetic_data/s2.csv,337,<timecave.validation_methods.CV.AdaptedhvBlockCV object at 0x00000250F6C42B70>,2,ARMA,2.144767143654226,1.289308589043503,1.4645023535843928
datasets/synthetic_data/s2.csv,337,<timecave.validation_methods.CV.AdaptedhvBlockCV object at 0x00000250F6C42B70>,3,Tree,1.795834211123711,1.095937560896932,1.3400873893607503
datasets/synthetic_data/s2.csv,337,<timecave.validation_methods.CV.AdaptedhvBlockCV object at 0x00000250F6C42B70>,3,ARMA,1.1194807292546294,0.8488669269852331,1.0580551636160704
datasets/synthetic_data/s2.csv,337,<timecave.validation_methods.CV.AdaptedhvBlockCV object at 0x00000250F6C42B70>,4,Tree,1.2947770786866875,0.9028598506129489,1.137882717456719
datasets/synthetic_data/s2.csv,337,<timecave.validation_methods.CV.AdaptedhvBlockCV object at 0x00000250F6C42B70>,4,ARMA,1.0000171786186938,0.8412502832440916,1.000008589272459
datasets/synthetic_data/s2.csv,337,<timecave.validation_methods.markov.MarkovCV object at 0x00000250F6C436B0>,0,Tree,2.250531956717944,1.2852118803180352,1.5001773084265553
datasets/synthetic_data/s2.csv,337,<timecave.validation_methods.markov.MarkovCV object at 0x00000250F6C436B0>,0,ARMA,2.1784704934653587,1.2485276162488337,1.47596425887125
datasets/synthetic_data/s2.csv,337,<timecave.validation_methods.markov.MarkovCV object at 0x00000250F6C436B0>,1,Tree,1.6308094296783129,1.1336634449481529,1.2770314912633567
datasets/synthetic_data/s2.csv,337,<timecave.validation_methods.markov.MarkovCV object at 0x00000250F6C436B0>,1,ARMA,1.381945542955714,0.9914783951455476,1.1755617988671263
datasets/synthetic_data/s2.csv,337,<timecave.validation_methods.markov.MarkovCV object at 0x00000250F6C436B0>,2,Tree,2.6785876827544364,1.3858765413056806,1.6366391424973425
datasets/synthetic_data/s2.csv,337,<timecave.validation_methods.markov.MarkovCV object at 0x00000250F6C436B0>,2,ARMA,1.9438071429935941,1.1114961395057092,1.3942048425513354
datasets/synthetic_data/s2.csv,337,<timecave.validation_methods.markov.MarkovCV object at 0x00000250F6C436B0>,3,Tree,4.699295647601735,1.8034696219864625,2.1677858860140535
datasets/synthetic_data/s2.csv,337,<timecave.validation_methods.markov.MarkovCV object at 0x00000250F6C436B0>,3,ARMA,1.9744852770337629,1.2135826238244964,1.4051637901090972
datasets/synthetic_data/s2.csv,337,<timecave.validation_methods.markov.MarkovCV object at 0x00000250F6C436B0>,4,Tree,7.508698175828098,2.536613818834158,2.740200389721178
datasets/synthetic_data/s2.csv,337,<timecave.validation_methods.markov.MarkovCV object at 0x00000250F6C436B0>,4,ARMA,1.8631388240025233,1.096551443297399,1.3649684333355565
datasets/synthetic_data/s2.csv,337,<timecave.validation_methods.markov.MarkovCV object at 0x00000250F6C436B0>,5,Tree,7.204516571090631,2.465956452864258,2.6841230543867827
datasets/synthetic_data/s2.csv,337,<timecave.validation_methods.markov.MarkovCV object at 0x00000250F6C436B0>,5,ARMA,2.5030606829673494,1.3296269398601248,1.582106406967417
datasets/synthetic_data/s2.csv,337,<timecave.validation_methods.markov.MarkovCV object at 0x00000250F6C436B0>,6,Tree,2.536006181025295,1.2870581085115986,1.5924842796791732
datasets/synthetic_data/s2.csv,337,<timecave.validation_methods.markov.MarkovCV object at 0x00000250F6C436B0>,6,ARMA,2.4090811855966536,1.2982848123738133,1.5521215112215454
datasets/synthetic_data/s2.csv,337,<timecave.validation_methods.markov.MarkovCV object at 0x00000250F6C436B0>,7,Tree,2.6252227327073334,1.2622330812110292,1.6202539099497133
datasets/synthetic_data/s2.csv,337,<timecave.validation_methods.markov.MarkovCV object at 0x00000250F6C436B0>,7,ARMA,1.7306540950275116,1.0419391100466986,1.3155432699183678
datasets/synthetic_data/s2.csv,337,<timecave.validation_methods.markov.MarkovCV object at 0x00000250F6C436B0>,8,Tree,1.716594485886729,1.0082932396252646,1.3101887214774552
datasets/synthetic_data/s2.csv,337,<timecave.validation_methods.markov.MarkovCV object at 0x00000250F6C436B0>,8,ARMA,2.5986545200857494,1.1756980876194252,1.6120342800591274
datasets/synthetic_data/s2.csv,337,<timecave.validation_methods.markov.MarkovCV object at 0x00000250F6C436B0>,9,Tree,7.0312383447880515,2.369479916910274,2.651648231720801
datasets/synthetic_data/s2.csv,337,<timecave.validation_methods.markov.MarkovCV object at 0x00000250F6C436B0>,9,ARMA,2.1443451210235756,1.225047239053878,1.4643582625244327
datasets/synthetic_data/s2.csv,338,<timecave.validation_methods.OOS.Holdout object at 0x00000250F2623890>,0,Tree,2.1012709722497642,1.121671226406165,1.44957613537536
datasets/synthetic_data/s2.csv,338,<timecave.validation_methods.OOS.Holdout object at 0x00000250F2623890>,0,ARMA,1.3960178942849024,0.9459128229899312,1.1815320115362522
datasets/synthetic_data/s2.csv,338,<timecave.validation_methods.OOS.Repeated_Holdout object at 0x00000250F6C41C40>,0,Tree,2.5464229838448387,1.2256304710765573,1.5957515420154977
datasets/synthetic_data/s2.csv,338,<timecave.validation_methods.OOS.Repeated_Holdout object at 0x00000250F6C41C40>,0,ARMA,1.5190922248485665,0.9682823276061511,1.2325145941726476
datasets/synthetic_data/s2.csv,338,<timecave.validation_methods.OOS.Repeated_Holdout object at 0x00000250F6C41C40>,1,Tree,3.216917672346899,1.290694616834777,1.7935767818375936
datasets/synthetic_data/s2.csv,338,<timecave.validation_methods.OOS.Repeated_Holdout object at 0x00000250F6C41C40>,1,ARMA,1.548943755668639,0.9624366393962684,1.24456568957554
datasets/synthetic_data/s2.csv,338,<timecave.validation_methods.OOS.Repeated_Holdout object at 0x00000250F6C41C40>,2,Tree,2.5443899537892376,1.1765577491173864,1.5951144014738372
datasets/synthetic_data/s2.csv,338,<timecave.validation_methods.OOS.Repeated_Holdout object at 0x00000250F6C41C40>,2,ARMA,1.4600737297619384,0.9613343088861807,1.2083351065668573
datasets/synthetic_data/s2.csv,338,<timecave.validation_methods.OOS.Repeated_Holdout object at 0x00000250F6C41C40>,3,Tree,2.296804670071669,1.229295932091879,1.51552125358626
datasets/synthetic_data/s2.csv,338,<timecave.validation_methods.OOS.Repeated_Holdout object at 0x00000250F6C41C40>,3,ARMA,1.3960178942849024,0.9459128229899312,1.1815320115362522
datasets/synthetic_data/s2.csv,338,<timecave.validation_methods.prequential.Growing_Window object at 0x00000250F6C43CB0>,0,Tree,2.2761354526143167,1.2088039076245916,1.5086866648228574
datasets/synthetic_data/s2.csv,338,<timecave.validation_methods.prequential.Growing_Window object at 0x00000250F6C43CB0>,0,ARMA,1.3825620404777872,0.9680393458480319,1.175823983629262
datasets/synthetic_data/s2.csv,338,<timecave.validation_methods.prequential.Growing_Window object at 0x00000250F6C43CB0>,1,Tree,2.714121831328776,1.2999900748042972,1.6474592047540284
datasets/synthetic_data/s2.csv,338,<timecave.validation_methods.prequential.Growing_Window object at 0x00000250F6C43CB0>,1,ARMA,1.8837608476840801,1.019344123061018,1.372501674929426
datasets/synthetic_data/s2.csv,338,<timecave.validation_methods.prequential.Growing_Window object at 0x00000250F6C43CB0>,2,Tree,2.193480385970091,1.2031870654758463,1.4810403053158585
datasets/synthetic_data/s2.csv,338,<timecave.validation_methods.prequential.Growing_Window object at 0x00000250F6C43CB0>,2,ARMA,1.4022290292681259,0.9947342257510734,1.1841575187736326
datasets/synthetic_data/s2.csv,338,<timecave.validation_methods.prequential.Growing_Window object at 0x00000250F6C43CB0>,3,Tree,3.711702808289122,1.4531508148862802,1.92657800472473
datasets/synthetic_data/s2.csv,338,<timecave.validation_methods.prequential.Growing_Window object at 0x00000250F6C43CB0>,3,ARMA,1.5954748335198463,0.9862539955655094,1.263121068433207
datasets/synthetic_data/s2.csv,338,<timecave.validation_methods.prequential.Growing_Window object at 0x00000250F6C411F0>,0,Tree,3.4634299916506506,1.564897575061769,1.8610292828568418
datasets/synthetic_data/s2.csv,338,<timecave.validation_methods.prequential.Growing_Window object at 0x00000250F6C411F0>,0,ARMA,2.0937234736430446,1.104697402617488,1.446970446706858
datasets/synthetic_data/s2.csv,338,<timecave.validation_methods.prequential.Growing_Window object at 0x00000250F6C411F0>,1,Tree,2.1849923299220224,1.134288150795019,1.4781719554645942
datasets/synthetic_data/s2.csv,338,<timecave.validation_methods.prequential.Growing_Window object at 0x00000250F6C411F0>,1,ARMA,1.4365680337717215,0.9976225647755712,1.198569161029818
datasets/synthetic_data/s2.csv,338,<timecave.validation_methods.prequential.Growing_Window object at 0x00000250F6C411F0>,2,Tree,3.6632652222234676,1.5358964405308788,1.913965836221605
datasets/synthetic_data/s2.csv,338,<timecave.validation_methods.prequential.Growing_Window object at 0x00000250F6C411F0>,2,ARMA,1.6278299217100938,0.9977034165682228,1.2758643821778606
datasets/synthetic_data/s2.csv,338,<timecave.validation_methods.prequential.Rolling_Window object at 0x00000250F6C40890>,0,Tree,2.2547104578225987,1.177666385282704,1.5015693316735657
datasets/synthetic_data/s2.csv,338,<timecave.validation_methods.prequential.Rolling_Window object at 0x00000250F6C40890>,0,ARMA,1.3825620404777872,0.9680393458480319,1.175823983629262
datasets/synthetic_data/s2.csv,338,<timecave.validation_methods.prequential.Rolling_Window object at 0x00000250F6C40890>,1,Tree,2.3618888257648587,1.2211582343371714,1.5368437870404588
datasets/synthetic_data/s2.csv,338,<timecave.validation_methods.prequential.Rolling_Window object at 0x00000250F6C40890>,1,ARMA,1.857649055515156,1.0203694369254561,1.362955999111914
datasets/synthetic_data/s2.csv,338,<timecave.validation_methods.prequential.Rolling_Window object at 0x00000250F6C40890>,2,Tree,2.952195457655888,1.4631463276575667,1.7181954072968209
datasets/synthetic_data/s2.csv,338,<timecave.validation_methods.prequential.Rolling_Window object at 0x00000250F6C40890>,2,ARMA,1.4037826694686046,1.021769264630106,1.1848133479449852
datasets/synthetic_data/s2.csv,338,<timecave.validation_methods.prequential.Rolling_Window object at 0x00000250F6C40890>,3,Tree,2.9523617368809565,1.4106398545550265,1.718243794367073
datasets/synthetic_data/s2.csv,338,<timecave.validation_methods.prequential.Rolling_Window object at 0x00000250F6C40890>,3,ARMA,1.5454207557026092,0.9631433988244076,1.2431495307092422
datasets/synthetic_data/s2.csv,338,<timecave.validation_methods.prequential.Rolling_Window object at 0x00000250F6C43110>,0,Tree,3.3066641041934095,1.4890051212622675,1.8184235216784372
datasets/synthetic_data/s2.csv,338,<timecave.validation_methods.prequential.Rolling_Window object at 0x00000250F6C43110>,0,ARMA,2.0937234736430446,1.104697402617488,1.446970446706858
datasets/synthetic_data/s2.csv,338,<timecave.validation_methods.prequential.Rolling_Window object at 0x00000250F6C43110>,1,Tree,1.9637619851063222,1.1307369230982633,1.401342922023843
datasets/synthetic_data/s2.csv,338,<timecave.validation_methods.prequential.Rolling_Window object at 0x00000250F6C43110>,1,ARMA,1.436608624891238,1.01040173578824,1.198586094067188
datasets/synthetic_data/s2.csv,338,<timecave.validation_methods.prequential.Rolling_Window object at 0x00000250F6C43110>,2,Tree,4.837312469362051,1.7827694281688276,2.1993891127679186
datasets/synthetic_data/s2.csv,338,<timecave.validation_methods.prequential.Rolling_Window object at 0x00000250F6C43110>,2,ARMA,1.7436815848900213,1.0259067691156947,1.3204853595894281
datasets/synthetic_data/s2.csv,338,<timecave.validation_methods.CV.Block_CV object at 0x00000250F6C40AA0>,0,Tree,1.3589176037111577,0.9636101871719579,1.1657262130153707
datasets/synthetic_data/s2.csv,338,<timecave.validation_methods.CV.Block_CV object at 0x00000250F6C40AA0>,0,ARMA,1.2483035450261537,0.8892902746242144,1.1172750534340923
datasets/synthetic_data/s2.csv,338,<timecave.validation_methods.CV.Block_CV object at 0x00000250F6C40AA0>,1,Tree,2.8273553593895775,1.4235899640620298,1.6814741625697307
datasets/synthetic_data/s2.csv,338,<timecave.validation_methods.CV.Block_CV object at 0x00000250F6C40AA0>,1,ARMA,1.184820202947074,0.936457442364095,1.0884944661995641
datasets/synthetic_data/s2.csv,338,<timecave.validation_methods.CV.Block_CV object at 0x00000250F6C40AA0>,2,Tree,4.609644033087951,1.6909229231614082,2.1470081585983674
datasets/synthetic_data/s2.csv,338,<timecave.validation_methods.CV.Block_CV object at 0x00000250F6C40AA0>,2,ARMA,1.8817553741153468,1.0241150337462455,1.3717708898046155
datasets/synthetic_data/s2.csv,338,<timecave.validation_methods.CV.Block_CV object at 0x00000250F6C40AA0>,3,Tree,1.64756214729226,0.9561182210212855,1.2835739742189618
datasets/synthetic_data/s2.csv,338,<timecave.validation_methods.CV.Block_CV object at 0x00000250F6C40AA0>,3,ARMA,1.46875997189476,1.015410048685574,1.2119240784367475
datasets/synthetic_data/s2.csv,338,<timecave.validation_methods.CV.Block_CV object at 0x00000250F6C40AA0>,4,Tree,3.729469553642613,1.4506889406906442,1.9311834593436774
datasets/synthetic_data/s2.csv,338,<timecave.validation_methods.CV.Block_CV object at 0x00000250F6C40AA0>,4,ARMA,1.5954748335198463,0.9862539955655094,1.263121068433207
datasets/synthetic_data/s2.csv,338,<timecave.validation_methods.CV.AdaptedhvBlockCV object at 0x00000250F6C41640>,0,Tree,1.5420586329691175,0.9975294465156787,1.2417965344488273
datasets/synthetic_data/s2.csv,338,<timecave.validation_methods.CV.AdaptedhvBlockCV object at 0x00000250F6C41640>,0,ARMA,1.2591608705717972,0.8949113574504692,1.1221233758245113
datasets/synthetic_data/s2.csv,338,<timecave.validation_methods.CV.AdaptedhvBlockCV object at 0x00000250F6C41640>,1,Tree,2.1589908685872072,1.2264791854496837,1.4693504920839027
datasets/synthetic_data/s2.csv,338,<timecave.validation_methods.CV.AdaptedhvBlockCV object at 0x00000250F6C41640>,1,ARMA,1.1838644014340556,0.939808581393845,1.0880553301344815
datasets/synthetic_data/s2.csv,338,<timecave.validation_methods.CV.AdaptedhvBlockCV object at 0x00000250F6C41640>,2,Tree,3.613451678386394,1.5603364418673193,1.900908119396199
datasets/synthetic_data/s2.csv,338,<timecave.validation_methods.CV.AdaptedhvBlockCV object at 0x00000250F6C41640>,2,ARMA,1.8690010625866351,1.0189171941474318,1.367114136634771
datasets/synthetic_data/s2.csv,338,<timecave.validation_methods.CV.AdaptedhvBlockCV object at 0x00000250F6C41640>,3,Tree,1.4328389392371421,0.9134759210447977,1.1970125058816814
datasets/synthetic_data/s2.csv,338,<timecave.validation_methods.CV.AdaptedhvBlockCV object at 0x00000250F6C41640>,3,ARMA,1.4834555884214824,1.0233513047683298,1.2179719161054094
datasets/synthetic_data/s2.csv,338,<timecave.validation_methods.CV.AdaptedhvBlockCV object at 0x00000250F6C41640>,4,Tree,3.1335515239705893,1.3439597312693796,1.7701840367517128
datasets/synthetic_data/s2.csv,338,<timecave.validation_methods.CV.AdaptedhvBlockCV object at 0x00000250F6C41640>,4,ARMA,1.6722794137929684,1.0101053499342787,1.2931664292707912
datasets/synthetic_data/s2.csv,338,<timecave.validation_methods.markov.MarkovCV object at 0x00000250F6C40F50>,0,Tree,3.899527466449743,1.5710400088492906,1.9747221238568586
datasets/synthetic_data/s2.csv,338,<timecave.validation_methods.markov.MarkovCV object at 0x00000250F6C40F50>,0,ARMA,1.4466879806460382,1.038188396829148,1.2027834304836587
datasets/synthetic_data/s2.csv,338,<timecave.validation_methods.markov.MarkovCV object at 0x00000250F6C40F50>,1,Tree,4.246151043249731,1.7202555998171483,2.0606190922268315
datasets/synthetic_data/s2.csv,338,<timecave.validation_methods.markov.MarkovCV object at 0x00000250F6C40F50>,1,ARMA,1.2194999593193525,0.9548730693342332,1.1043097207393189
datasets/synthetic_data/s2.csv,338,<timecave.validation_methods.markov.MarkovCV object at 0x00000250F6C40F50>,2,Tree,6.089870620975515,2.151160568398994,2.4677663221981767
datasets/synthetic_data/s2.csv,338,<timecave.validation_methods.markov.MarkovCV object at 0x00000250F6C40F50>,2,ARMA,2.2380000035818757,1.154789964204889,1.4959946535940145
datasets/synthetic_data/s2.csv,338,<timecave.validation_methods.markov.MarkovCV object at 0x00000250F6C40F50>,3,Tree,3.197226223306641,1.5108958604962015,1.7880789197646285
datasets/synthetic_data/s2.csv,338,<timecave.validation_methods.markov.MarkovCV object at 0x00000250F6C40F50>,3,ARMA,2.8111112382549144,1.376087177245807,1.6766368832442267
datasets/synthetic_data/s2.csv,338,<timecave.validation_methods.markov.MarkovCV object at 0x00000250F6C40F50>,4,Tree,3.059123683465037,1.5829078716645346,1.7490350721083432
datasets/synthetic_data/s2.csv,338,<timecave.validation_methods.markov.MarkovCV object at 0x00000250F6C40F50>,4,ARMA,1.5100219319024197,1.0239850379085196,1.2288294966765811
datasets/synthetic_data/s2.csv,338,<timecave.validation_methods.markov.MarkovCV object at 0x00000250F6C40F50>,5,Tree,3.6865359325451768,1.6081428923219527,1.9200353987739853
datasets/synthetic_data/s2.csv,338,<timecave.validation_methods.markov.MarkovCV object at 0x00000250F6C40F50>,5,ARMA,2.3398942289877898,1.3180337219394098,1.5296712813502742
datasets/synthetic_data/s2.csv,338,<timecave.validation_methods.markov.MarkovCV object at 0x00000250F6C40F50>,6,Tree,1.9220765002381606,1.308699847979287,1.3863897360548225
datasets/synthetic_data/s2.csv,338,<timecave.validation_methods.markov.MarkovCV object at 0x00000250F6C40F50>,6,ARMA,1.6463482016664004,1.0230368707274735,1.283101009923381
datasets/synthetic_data/s2.csv,338,<timecave.validation_methods.markov.MarkovCV object at 0x00000250F6C40F50>,7,Tree,1.988695065682755,1.3399650640155447,1.4102110004119082
datasets/synthetic_data/s2.csv,338,<timecave.validation_methods.markov.MarkovCV object at 0x00000250F6C40F50>,7,ARMA,1.394678538970625,0.8867354811839597,1.180965087955874
datasets/synthetic_data/s2.csv,338,<timecave.validation_methods.markov.MarkovCV object at 0x00000250F6C40F50>,8,Tree,2.9323798283584996,1.2102852226578653,1.712419291049508
datasets/synthetic_data/s2.csv,338,<timecave.validation_methods.markov.MarkovCV object at 0x00000250F6C40F50>,8,ARMA,1.9451509707656238,1.1003156640436966,1.3946866926896606
datasets/synthetic_data/s2.csv,338,<timecave.validation_methods.markov.MarkovCV object at 0x00000250F6C40F50>,9,Tree,3.3735755520451534,1.4680473457585586,1.8367295805439496
datasets/synthetic_data/s2.csv,338,<timecave.validation_methods.markov.MarkovCV object at 0x00000250F6C40F50>,9,ARMA,1.7469720026848339,0.9832723467045397,1.3217306846271044
datasets/synthetic_data/s2.csv,339,<timecave.validation_methods.OOS.Holdout object at 0x00000250F6AC9760>,0,Tree,2.0213043757932416,1.1623345471616695,1.4217258441040037
datasets/synthetic_data/s2.csv,339,<timecave.validation_methods.OOS.Holdout object at 0x00000250F6AC9760>,0,ARMA,1.5606135598923963,0.9708829915588552,1.2492451960653665
datasets/synthetic_data/s2.csv,339,<timecave.validation_methods.OOS.Repeated_Holdout object at 0x00000250F6C40F20>,0,Tree,1.7383588247997828,1.084095855776258,1.318468363215357
datasets/synthetic_data/s2.csv,339,<timecave.validation_methods.OOS.Repeated_Holdout object at 0x00000250F6C40F20>,0,ARMA,1.6662018438436157,1.0433555451694543,1.290814411076827
datasets/synthetic_data/s2.csv,339,<timecave.validation_methods.OOS.Repeated_Holdout object at 0x00000250F6C40F20>,1,Tree,2.5955224938636525,1.2778453897778483,1.6110625356775115
datasets/synthetic_data/s2.csv,339,<timecave.validation_methods.OOS.Repeated_Holdout object at 0x00000250F6C40F20>,1,ARMA,1.4056946681071336,0.9663336556300988,1.1856199509569387
datasets/synthetic_data/s2.csv,339,<timecave.validation_methods.OOS.Repeated_Holdout object at 0x00000250F6C40F20>,2,Tree,2.407836721213451,1.2342757642843372,1.5517205680190782
datasets/synthetic_data/s2.csv,339,<timecave.validation_methods.OOS.Repeated_Holdout object at 0x00000250F6C40F20>,2,ARMA,1.7561451266161658,1.041032287515808,1.3251962596597402
datasets/synthetic_data/s2.csv,339,<timecave.validation_methods.OOS.Repeated_Holdout object at 0x00000250F6C40F20>,3,Tree,2.187882461230475,1.2417089133795707,1.4791492356183924
datasets/synthetic_data/s2.csv,339,<timecave.validation_methods.OOS.Repeated_Holdout object at 0x00000250F6C40F20>,3,ARMA,1.5606135598923963,0.9708829915588552,1.2492451960653665
datasets/synthetic_data/s2.csv,339,<timecave.validation_methods.prequential.Growing_Window object at 0x00000250F6C438C0>,0,Tree,2.925251243930672,1.3132777527971302,1.7103365879062145
datasets/synthetic_data/s2.csv,339,<timecave.validation_methods.prequential.Growing_Window object at 0x00000250F6C438C0>,0,ARMA,2.0631888119606074,1.120379001146084,1.436380455158245
datasets/synthetic_data/s2.csv,339,<timecave.validation_methods.prequential.Growing_Window object at 0x00000250F6C438C0>,1,Tree,3.020947867151858,1.4394289237958162,1.7380874164298694
datasets/synthetic_data/s2.csv,339,<timecave.validation_methods.prequential.Growing_Window object at 0x00000250F6C438C0>,1,ARMA,1.548178774289223,1.001249394222409,1.2442583229736592
datasets/synthetic_data/s2.csv,339,<timecave.validation_methods.prequential.Growing_Window object at 0x00000250F6C438C0>,2,Tree,1.5400943184078881,1.0304919750118862,1.2410053659867424
datasets/synthetic_data/s2.csv,339,<timecave.validation_methods.prequential.Growing_Window object at 0x00000250F6C438C0>,2,ARMA,1.6162462687699852,0.9763540193234675,1.2713167460432453
datasets/synthetic_data/s2.csv,339,<timecave.validation_methods.prequential.Growing_Window object at 0x00000250F6C438C0>,3,Tree,2.424602816641296,1.2430671045196562,1.5571136171266682
datasets/synthetic_data/s2.csv,339,<timecave.validation_methods.prequential.Growing_Window object at 0x00000250F6C438C0>,3,ARMA,1.3799241658202381,0.9375487890640998,1.1747017348332462
datasets/synthetic_data/s2.csv,339,<timecave.validation_methods.prequential.Growing_Window object at 0x00000250F6C43CE0>,0,Tree,3.470212858563207,1.5581651344512102,1.8628507343754643
datasets/synthetic_data/s2.csv,339,<timecave.validation_methods.prequential.Growing_Window object at 0x00000250F6C43CE0>,0,ARMA,1.7761339612767009,1.092591754372676,1.332716759584234
datasets/synthetic_data/s2.csv,339,<timecave.validation_methods.prequential.Growing_Window object at 0x00000250F6C43CE0>,1,Tree,2.0521892440512213,1.183460704744468,1.4325464195101048
datasets/synthetic_data/s2.csv,339,<timecave.validation_methods.prequential.Growing_Window object at 0x00000250F6C43CE0>,1,ARMA,1.7027109843795742,1.0135935253311348,1.3048796819552269
datasets/synthetic_data/s2.csv,339,<timecave.validation_methods.prequential.Growing_Window object at 0x00000250F6C43CE0>,2,Tree,2.223182915453256,1.099012162209706,1.4910341764873318
datasets/synthetic_data/s2.csv,339,<timecave.validation_methods.prequential.Growing_Window object at 0x00000250F6C43CE0>,2,ARMA,1.521170677663768,0.988723918606486,1.2333574816993522
datasets/synthetic_data/s2.csv,339,<timecave.validation_methods.prequential.Rolling_Window object at 0x00000250F6C43680>,0,Tree,2.8891772825372737,1.2922793106506347,1.6997580070519667
datasets/synthetic_data/s2.csv,339,<timecave.validation_methods.prequential.Rolling_Window object at 0x00000250F6C43680>,0,ARMA,2.0631888119606074,1.120379001146084,1.436380455158245
datasets/synthetic_data/s2.csv,339,<timecave.validation_methods.prequential.Rolling_Window object at 0x00000250F6C43680>,1,Tree,2.714811183617048,1.4546455789013348,1.6476684082718367
datasets/synthetic_data/s2.csv,339,<timecave.validation_methods.prequential.Rolling_Window object at 0x00000250F6C43680>,1,ARMA,1.5976164301909628,1.0393927348739624,1.2639685242089547
datasets/synthetic_data/s2.csv,339,<timecave.validation_methods.prequential.Rolling_Window object at 0x00000250F6C43680>,2,Tree,2.5532530450327933,1.3603234343928563,1.597890185536163
datasets/synthetic_data/s2.csv,339,<timecave.validation_methods.prequential.Rolling_Window object at 0x00000250F6C43680>,2,ARMA,1.6633277804942956,0.988137927262004,1.2897006553825952
datasets/synthetic_data/s2.csv,339,<timecave.validation_methods.prequential.Rolling_Window object at 0x00000250F6C43680>,3,Tree,1.0958707622470483,0.748124568167683,1.0468384604355383
datasets/synthetic_data/s2.csv,339,<timecave.validation_methods.prequential.Rolling_Window object at 0x00000250F6C43680>,3,ARMA,2.012815034666311,1.1922890050203376,1.4187371266962427
datasets/synthetic_data/s2.csv,339,<timecave.validation_methods.prequential.Rolling_Window object at 0x00000250F6C42D50>,0,Tree,3.3410672074058048,1.5028732843809247,1.8278586398859746
datasets/synthetic_data/s2.csv,339,<timecave.validation_methods.prequential.Rolling_Window object at 0x00000250F6C42D50>,0,ARMA,1.7761339612767009,1.092591754372676,1.332716759584234
datasets/synthetic_data/s2.csv,339,<timecave.validation_methods.prequential.Rolling_Window object at 0x00000250F6C42D50>,1,Tree,3.3536051537353244,1.507265410798067,1.831285109898326
datasets/synthetic_data/s2.csv,339,<timecave.validation_methods.prequential.Rolling_Window object at 0x00000250F6C42D50>,1,ARMA,2.04808444853875,1.0986045600013654,1.4311130104009082
datasets/synthetic_data/s2.csv,339,<timecave.validation_methods.prequential.Rolling_Window object at 0x00000250F6C42D50>,2,Tree,3.28516860322272,1.519977371838779,1.8125034077823743
datasets/synthetic_data/s2.csv,339,<timecave.validation_methods.prequential.Rolling_Window object at 0x00000250F6C42D50>,2,ARMA,1.5678034206603826,1.0003241786508346,1.2521195712312712
datasets/synthetic_data/s2.csv,339,<timecave.validation_methods.CV.Block_CV object at 0x00000250F6C43950>,0,Tree,2.166754325407472,1.1619594063093692,1.4719899202805269
datasets/synthetic_data/s2.csv,339,<timecave.validation_methods.CV.Block_CV object at 0x00000250F6C43950>,0,ARMA,1.0384542442217213,0.8086737082561174,1.01904575178042
datasets/synthetic_data/s2.csv,339,<timecave.validation_methods.CV.Block_CV object at 0x00000250F6C43950>,1,Tree,2.2987911034642647,1.2224156509984812,1.5161764750398499
datasets/synthetic_data/s2.csv,339,<timecave.validation_methods.CV.Block_CV object at 0x00000250F6C43950>,1,ARMA,2.021041786452238,1.1345380847356088,1.4216334923081397
datasets/synthetic_data/s2.csv,339,<timecave.validation_methods.CV.Block_CV object at 0x00000250F6C43950>,2,Tree,2.812142358661782,1.4533642529034638,1.6769443516890423
datasets/synthetic_data/s2.csv,339,<timecave.validation_methods.CV.Block_CV object at 0x00000250F6C43950>,2,ARMA,1.6810450218024493,1.0502795123767958,1.2965512029235287
datasets/synthetic_data/s2.csv,339,<timecave.validation_methods.CV.Block_CV object at 0x00000250F6C43950>,3,Tree,1.4449900400044398,0.999985487895385,1.2020773851979911
datasets/synthetic_data/s2.csv,339,<timecave.validation_methods.CV.Block_CV object at 0x00000250F6C43950>,3,ARMA,1.4747234699184886,0.9509001310102368,1.2143819291798148
datasets/synthetic_data/s2.csv,339,<timecave.validation_methods.CV.Block_CV object at 0x00000250F6C43950>,4,Tree,2.504494147366379,1.231701195562179,1.5825593661428246
datasets/synthetic_data/s2.csv,339,<timecave.validation_methods.CV.Block_CV object at 0x00000250F6C43950>,4,ARMA,1.3799241658202381,0.9375487890640998,1.1747017348332462
datasets/synthetic_data/s2.csv,339,<timecave.validation_methods.CV.AdaptedhvBlockCV object at 0x00000250F6C402C0>,0,Tree,2.1490682463667814,1.1653712673567675,1.4659700700787794
datasets/synthetic_data/s2.csv,339,<timecave.validation_methods.CV.AdaptedhvBlockCV object at 0x00000250F6C402C0>,0,ARMA,1.0326597675251814,0.8071358160062951,1.0161986850636944
datasets/synthetic_data/s2.csv,339,<timecave.validation_methods.CV.AdaptedhvBlockCV object at 0x00000250F6C402C0>,1,Tree,2.627873772609592,1.3487962187551277,1.6210717974875732
datasets/synthetic_data/s2.csv,339,<timecave.validation_methods.CV.AdaptedhvBlockCV object at 0x00000250F6C402C0>,1,ARMA,2.055346181396245,1.146665604908569,1.4336478582260865
datasets/synthetic_data/s2.csv,339,<timecave.validation_methods.CV.AdaptedhvBlockCV object at 0x00000250F6C402C0>,2,Tree,2.7477827473143748,1.355322905630918,1.6576437335309342
datasets/synthetic_data/s2.csv,339,<timecave.validation_methods.CV.AdaptedhvBlockCV object at 0x00000250F6C402C0>,2,ARMA,1.6864230673880383,1.0460038271217127,1.2986235279664535
datasets/synthetic_data/s2.csv,339,<timecave.validation_methods.CV.AdaptedhvBlockCV object at 0x00000250F6C402C0>,3,Tree,1.420029167199803,0.9452987585427383,1.191649767003629
datasets/synthetic_data/s2.csv,339,<timecave.validation_methods.CV.AdaptedhvBlockCV object at 0x00000250F6C402C0>,3,ARMA,1.4778752538493145,0.9479881724151908,1.2156789271223363
datasets/synthetic_data/s2.csv,339,<timecave.validation_methods.CV.AdaptedhvBlockCV object at 0x00000250F6C402C0>,4,Tree,2.342600022339051,1.1955598220916528,1.5305554620264668
datasets/synthetic_data/s2.csv,339,<timecave.validation_methods.CV.AdaptedhvBlockCV object at 0x00000250F6C402C0>,4,ARMA,1.5038581976404823,0.9973061741257885,1.22631896244023
datasets/synthetic_data/s2.csv,339,<timecave.validation_methods.markov.MarkovCV object at 0x00000250F6C414C0>,0,Tree,1.8861638107929157,1.1562226718215793,1.3733767912677555
datasets/synthetic_data/s2.csv,339,<timecave.validation_methods.markov.MarkovCV object at 0x00000250F6C414C0>,0,ARMA,1.568283533098017,1.0975515446641935,1.2523112764396944
datasets/synthetic_data/s2.csv,339,<timecave.validation_methods.markov.MarkovCV object at 0x00000250F6C414C0>,1,Tree,2.4282575289551236,1.31333045438895,1.5582867287361217
datasets/synthetic_data/s2.csv,339,<timecave.validation_methods.markov.MarkovCV object at 0x00000250F6C414C0>,1,ARMA,1.1932451663026151,0.8333860008648802,1.0923576183203993
datasets/synthetic_data/s2.csv,339,<timecave.validation_methods.markov.MarkovCV object at 0x00000250F6C414C0>,2,Tree,4.043890464011897,1.5765931909265607,2.0109426804391757
datasets/synthetic_data/s2.csv,339,<timecave.validation_methods.markov.MarkovCV object at 0x00000250F6C414C0>,2,ARMA,1.908152384883003,1.1492408541818273,1.38135889068808
datasets/synthetic_data/s2.csv,339,<timecave.validation_methods.markov.MarkovCV object at 0x00000250F6C414C0>,3,Tree,2.328643340299986,1.2640272921293896,1.5259892988812163
datasets/synthetic_data/s2.csv,339,<timecave.validation_methods.markov.MarkovCV object at 0x00000250F6C414C0>,3,ARMA,1.583131294382196,0.9531189194905951,1.258225454512106
datasets/synthetic_data/s2.csv,339,<timecave.validation_methods.markov.MarkovCV object at 0x00000250F6C414C0>,4,Tree,2.121597598880334,1.2965428001298647,1.4565704922455123
datasets/synthetic_data/s2.csv,339,<timecave.validation_methods.markov.MarkovCV object at 0x00000250F6C414C0>,4,ARMA,2.412678616396779,1.141774105890614,1.5532799542892386
datasets/synthetic_data/s2.csv,339,<timecave.validation_methods.markov.MarkovCV object at 0x00000250F6C414C0>,5,Tree,3.3237631466738353,1.5056995961074648,1.823119070898507
datasets/synthetic_data/s2.csv,339,<timecave.validation_methods.markov.MarkovCV object at 0x00000250F6C414C0>,5,ARMA,1.481232763223106,0.9225770514998223,1.2170590631613183
datasets/synthetic_data/s2.csv,339,<timecave.validation_methods.markov.MarkovCV object at 0x00000250F6C414C0>,6,Tree,2.2073683434001174,1.287780878310716,1.485721489176258
datasets/synthetic_data/s2.csv,339,<timecave.validation_methods.markov.MarkovCV object at 0x00000250F6C414C0>,6,ARMA,1.0635657989993932,0.8352272200189851,1.031293265273944
datasets/synthetic_data/s2.csv,339,<timecave.validation_methods.markov.MarkovCV object at 0x00000250F6C414C0>,7,Tree,1.9693689418537548,1.1649228706644015,1.4033420615992933
datasets/synthetic_data/s2.csv,339,<timecave.validation_methods.markov.MarkovCV object at 0x00000250F6C414C0>,7,ARMA,1.7035482440393932,1.1401391579278553,1.3052004612470045
datasets/synthetic_data/s2.csv,339,<timecave.validation_methods.markov.MarkovCV object at 0x00000250F6C414C0>,8,Tree,7.0338604926644335,2.242982579033532,2.652142622987013
datasets/synthetic_data/s2.csv,339,<timecave.validation_methods.markov.MarkovCV object at 0x00000250F6C414C0>,8,ARMA,2.113577740792262,1.224688301681673,1.4538148922033582
datasets/synthetic_data/s2.csv,339,<timecave.validation_methods.markov.MarkovCV object at 0x00000250F6C414C0>,9,Tree,3.824816803897688,1.6022529960067233,1.955713886001142
datasets/synthetic_data/s2.csv,339,<timecave.validation_methods.markov.MarkovCV object at 0x00000250F6C414C0>,9,ARMA,2.4750415292956043,1.22059598888996,1.5732264710764323
datasets/synthetic_data/s2.csv,340,<timecave.validation_methods.OOS.Holdout object at 0x00000250F6C41820>,0,Tree,2.0438793378969784,1.1963497481407352,1.429643080596335
datasets/synthetic_data/s2.csv,340,<timecave.validation_methods.OOS.Holdout object at 0x00000250F6C41820>,0,ARMA,1.1843348240118108,0.9204642646535094,1.0882714845165296
datasets/synthetic_data/s2.csv,340,<timecave.validation_methods.OOS.Repeated_Holdout object at 0x00000250F6C42090>,0,Tree,2.5051506170621933,1.2328827013813037,1.5827667601583606
datasets/synthetic_data/s2.csv,340,<timecave.validation_methods.OOS.Repeated_Holdout object at 0x00000250F6C42090>,0,ARMA,1.1929209499620095,0.9118990994620921,1.0922092061331516
datasets/synthetic_data/s2.csv,340,<timecave.validation_methods.OOS.Repeated_Holdout object at 0x00000250F6C42090>,1,Tree,2.6898295240884686,1.2849704612277524,1.6400699753633894
datasets/synthetic_data/s2.csv,340,<timecave.validation_methods.OOS.Repeated_Holdout object at 0x00000250F6C42090>,1,ARMA,1.2594243103842142,0.9455915831329577,1.1222407541985873
datasets/synthetic_data/s2.csv,340,<timecave.validation_methods.OOS.Repeated_Holdout object at 0x00000250F6C42090>,2,Tree,2.3345589171424748,1.2611314750333513,1.5279263454572916
datasets/synthetic_data/s2.csv,340,<timecave.validation_methods.OOS.Repeated_Holdout object at 0x00000250F6C42090>,2,ARMA,1.179120235000805,0.9142701643346044,1.0858730289498884
datasets/synthetic_data/s2.csv,340,<timecave.validation_methods.OOS.Repeated_Holdout object at 0x00000250F6C42090>,3,Tree,2.1528267148083047,1.2009386402777724,1.4672514149961842
datasets/synthetic_data/s2.csv,340,<timecave.validation_methods.OOS.Repeated_Holdout object at 0x00000250F6C42090>,3,ARMA,1.1843348240118108,0.9204642646535094,1.0882714845165296
datasets/synthetic_data/s2.csv,340,<timecave.validation_methods.prequential.Growing_Window object at 0x00000250F6C43200>,0,Tree,1.6464680067163462,1.0243460983034611,1.2831476948178437
datasets/synthetic_data/s2.csv,340,<timecave.validation_methods.prequential.Growing_Window object at 0x00000250F6C43200>,0,ARMA,1.4535058732641628,1.0133438143103084,1.2056143136443607
datasets/synthetic_data/s2.csv,340,<timecave.validation_methods.prequential.Growing_Window object at 0x00000250F6C43200>,1,Tree,1.8427344407489317,1.1118032250408505,1.3574735506627493
datasets/synthetic_data/s2.csv,340,<timecave.validation_methods.prequential.Growing_Window object at 0x00000250F6C43200>,1,ARMA,1.2348025672230931,0.8081581173630394,1.1112167057883413
datasets/synthetic_data/s2.csv,340,<timecave.validation_methods.prequential.Growing_Window object at 0x00000250F6C43200>,2,Tree,3.095503444287082,1.4190709713086678,1.7594042867650068
datasets/synthetic_data/s2.csv,340,<timecave.validation_methods.prequential.Growing_Window object at 0x00000250F6C43200>,2,ARMA,2.0552561878994524,1.0967844565088216,1.4336164716895006
datasets/synthetic_data/s2.csv,340,<timecave.validation_methods.prequential.Growing_Window object at 0x00000250F6C43200>,3,Tree,1.9975172256346754,1.0041310552183027,1.4133354964885994
datasets/synthetic_data/s2.csv,340,<timecave.validation_methods.prequential.Growing_Window object at 0x00000250F6C43200>,3,ARMA,1.2035913333213972,0.9274352841042854,1.097083102285965
datasets/synthetic_data/s2.csv,340,<timecave.validation_methods.prequential.Growing_Window object at 0x00000250F6C40DD0>,0,Tree,3.6103536424411407,1.5807584155369057,1.9000930615212352
datasets/synthetic_data/s2.csv,340,<timecave.validation_methods.prequential.Growing_Window object at 0x00000250F6C40DD0>,0,ARMA,1.1889654560412206,0.7781323910479623,1.090396925913321
datasets/synthetic_data/s2.csv,340,<timecave.validation_methods.prequential.Growing_Window object at 0x00000250F6C40DD0>,1,Tree,2.6296547781364867,1.2803642099153256,1.6216210340694543
datasets/synthetic_data/s2.csv,340,<timecave.validation_methods.prequential.Growing_Window object at 0x00000250F6C40DD0>,1,ARMA,2.136912470259066,1.1067291926831153,1.4618182069802887
datasets/synthetic_data/s2.csv,340,<timecave.validation_methods.prequential.Growing_Window object at 0x00000250F6C40DD0>,2,Tree,2.1445311485758656,1.145299298358432,1.4644217796030847
datasets/synthetic_data/s2.csv,340,<timecave.validation_methods.prequential.Growing_Window object at 0x00000250F6C40DD0>,2,ARMA,1.2100122142142804,0.9390642634776305,1.1000055519015712
datasets/synthetic_data/s2.csv,340,<timecave.validation_methods.prequential.Rolling_Window object at 0x00000250F6C43290>,0,Tree,1.6199035136114222,1.0413693238678199,1.2727543021382495
datasets/synthetic_data/s2.csv,340,<timecave.validation_methods.prequential.Rolling_Window object at 0x00000250F6C43290>,0,ARMA,1.4535058732641628,1.0133438143103084,1.2056143136443607
datasets/synthetic_data/s2.csv,340,<timecave.validation_methods.prequential.Rolling_Window object at 0x00000250F6C43290>,1,Tree,2.8236466852279496,1.3257706594667473,1.6803709963064555
datasets/synthetic_data/s2.csv,340,<timecave.validation_methods.prequential.Rolling_Window object at 0x00000250F6C43290>,1,ARMA,1.2290623668603131,0.8132636513063134,1.10863085238519
datasets/synthetic_data/s2.csv,340,<timecave.validation_methods.prequential.Rolling_Window object at 0x00000250F6C43290>,2,Tree,2.127177802960306,1.1499888709357402,1.4584847626767672
datasets/synthetic_data/s2.csv,340,<timecave.validation_methods.prequential.Rolling_Window object at 0x00000250F6C43290>,2,ARMA,2.086171765730108,1.1033678762047208,1.4443586001163657
datasets/synthetic_data/s2.csv,340,<timecave.validation_methods.prequential.Rolling_Window object at 0x00000250F6C43290>,3,Tree,2.916716996718444,1.3709911657217588,1.7078398627267264
datasets/synthetic_data/s2.csv,340,<timecave.validation_methods.prequential.Rolling_Window object at 0x00000250F6C43290>,3,ARMA,1.2242297854617195,0.9372514501705893,1.1064491788879052
datasets/synthetic_data/s2.csv,340,<timecave.validation_methods.prequential.Rolling_Window object at 0x00000250F6C41DF0>,0,Tree,3.558502449188383,1.5282564171417534,1.8863993344963794
datasets/synthetic_data/s2.csv,340,<timecave.validation_methods.prequential.Rolling_Window object at 0x00000250F6C41DF0>,0,ARMA,1.1889654560412206,0.7781323910479623,1.090396925913321
datasets/synthetic_data/s2.csv,340,<timecave.validation_methods.prequential.Rolling_Window object at 0x00000250F6C41DF0>,1,Tree,2.6277987797465294,1.2975111789507137,1.62104866668047
datasets/synthetic_data/s2.csv,340,<timecave.validation_methods.prequential.Rolling_Window object at 0x00000250F6C41DF0>,1,ARMA,2.2292076651060766,1.1511381001380032,1.493053135392735
datasets/synthetic_data/s2.csv,340,<timecave.validation_methods.prequential.Rolling_Window object at 0x00000250F6C41DF0>,2,Tree,1.502063032589885,0.9570881483758504,1.2255868115273945
datasets/synthetic_data/s2.csv,340,<timecave.validation_methods.prequential.Rolling_Window object at 0x00000250F6C41DF0>,2,ARMA,1.1953234475623005,0.9320761199210902,1.0933084869158844
datasets/synthetic_data/s2.csv,340,<timecave.validation_methods.CV.Block_CV object at 0x00000250F2643140>,0,Tree,2.472006519158497,1.2956943401839003,1.5722615937427515
datasets/synthetic_data/s2.csv,340,<timecave.validation_methods.CV.Block_CV object at 0x00000250F2643140>,0,ARMA,1.95263619009968,1.1357372843609341,1.3973675930476133
datasets/synthetic_data/s2.csv,340,<timecave.validation_methods.CV.Block_CV object at 0x00000250F2643140>,1,Tree,1.1614775708575853,0.8753588770617614,1.0777186881823964
datasets/synthetic_data/s2.csv,340,<timecave.validation_methods.CV.Block_CV object at 0x00000250F2643140>,1,ARMA,1.714086383212928,1.093077180315988,1.3092312183922779
datasets/synthetic_data/s2.csv,340,<timecave.validation_methods.CV.Block_CV object at 0x00000250F2643140>,2,Tree,1.9389639977702122,1.1198935341850016,1.3924668749274476
datasets/synthetic_data/s2.csv,340,<timecave.validation_methods.CV.Block_CV object at 0x00000250F2643140>,2,ARMA,1.261666660291795,0.8152955783597268,1.1232393601952324
datasets/synthetic_data/s2.csv,340,<timecave.validation_methods.CV.Block_CV object at 0x00000250F2643140>,3,Tree,3.066471555994227,1.3831003224593705,1.7511343626330411
datasets/synthetic_data/s2.csv,340,<timecave.validation_methods.CV.Block_CV object at 0x00000250F2643140>,3,ARMA,2.1004764549405057,1.124052577358512,1.4493020578680298
datasets/synthetic_data/s2.csv,340,<timecave.validation_methods.CV.Block_CV object at 0x00000250F2643140>,4,Tree,2.1507114679659933,1.0882951702628159,1.466530418356876
datasets/synthetic_data/s2.csv,340,<timecave.validation_methods.CV.Block_CV object at 0x00000250F2643140>,4,ARMA,1.2035913333213972,0.9274352841042854,1.097083102285965
datasets/synthetic_data/s2.csv,340,<timecave.validation_methods.CV.AdaptedhvBlockCV object at 0x00000250F6C14470>,0,Tree,2.499072736649432,1.3189605895289958,1.5808455764714757
datasets/synthetic_data/s2.csv,340,<timecave.validation_methods.CV.AdaptedhvBlockCV object at 0x00000250F6C14470>,0,ARMA,1.9608321598959226,1.1401157183553274,1.4002971684238752
datasets/synthetic_data/s2.csv,340,<timecave.validation_methods.CV.AdaptedhvBlockCV object at 0x00000250F6C14470>,1,Tree,1.081445918610212,0.835783853467395,1.0399259197703519
datasets/synthetic_data/s2.csv,340,<timecave.validation_methods.CV.AdaptedhvBlockCV object at 0x00000250F6C14470>,1,ARMA,1.7113364313858188,1.0930249350745245,1.3081805805720472
datasets/synthetic_data/s2.csv,340,<timecave.validation_methods.CV.AdaptedhvBlockCV object at 0x00000250F6C14470>,2,Tree,1.7085850750528577,1.0458201345392273,1.3071285610271308
datasets/synthetic_data/s2.csv,340,<timecave.validation_methods.CV.AdaptedhvBlockCV object at 0x00000250F6C14470>,2,ARMA,1.248046516921923,0.8119957539561553,1.1171600229698175
datasets/synthetic_data/s2.csv,340,<timecave.validation_methods.CV.AdaptedhvBlockCV object at 0x00000250F6C14470>,3,Tree,3.0649197806935824,1.4313628390613171,1.7506912293987145
datasets/synthetic_data/s2.csv,340,<timecave.validation_methods.CV.AdaptedhvBlockCV object at 0x00000250F6C14470>,3,ARMA,2.0995473334703134,1.1236498464297733,1.4489814814104125
datasets/synthetic_data/s2.csv,340,<timecave.validation_methods.CV.AdaptedhvBlockCV object at 0x00000250F6C14470>,4,Tree,2.937366562807812,1.29543578651716,1.7138747220283668
datasets/synthetic_data/s2.csv,340,<timecave.validation_methods.CV.AdaptedhvBlockCV object at 0x00000250F6C14470>,4,ARMA,1.208517026402286,0.9287967455307107,1.0993257144278423
datasets/synthetic_data/s2.csv,340,<timecave.validation_methods.markov.MarkovCV object at 0x00000250F6C169C0>,0,Tree,3.4218249354149655,1.5580327956797733,1.849817541114519
datasets/synthetic_data/s2.csv,340,<timecave.validation_methods.markov.MarkovCV object at 0x00000250F6C169C0>,0,ARMA,1.7658029929762051,0.9738959252798096,1.3288352015867901
datasets/synthetic_data/s2.csv,340,<timecave.validation_methods.markov.MarkovCV object at 0x00000250F6C169C0>,1,Tree,7.522792003558929,2.2992329257198163,2.7427708623869638
datasets/synthetic_data/s2.csv,340,<timecave.validation_methods.markov.MarkovCV object at 0x00000250F6C169C0>,1,ARMA,1.708847215321318,1.1374699351529785,1.3072288305118267
datasets/synthetic_data/s2.csv,340,<timecave.validation_methods.markov.MarkovCV object at 0x00000250F6C169C0>,2,Tree,1.7807319123266645,0.9760855408055321,1.3344406739629395
datasets/synthetic_data/s2.csv,340,<timecave.validation_methods.markov.MarkovCV object at 0x00000250F6C169C0>,2,ARMA,2.17677187757503,1.232227270977155,1.4753887208376746
datasets/synthetic_data/s2.csv,340,<timecave.validation_methods.markov.MarkovCV object at 0x00000250F6C169C0>,3,Tree,3.3091578045516967,1.4570938816267773,1.819109068899305
datasets/synthetic_data/s2.csv,340,<timecave.validation_methods.markov.MarkovCV object at 0x00000250F6C169C0>,3,ARMA,4.568281741731894,1.7891587301486502,2.137353911202329
datasets/synthetic_data/s2.csv,340,<timecave.validation_methods.markov.MarkovCV object at 0x00000250F6C169C0>,4,Tree,2.09769702753698,1.0876588887946002,1.4483428556584867
datasets/synthetic_data/s2.csv,340,<timecave.validation_methods.markov.MarkovCV object at 0x00000250F6C169C0>,4,ARMA,1.461665044071765,1.0484721565401136,1.2089934011696528
datasets/synthetic_data/s2.csv,340,<timecave.validation_methods.markov.MarkovCV object at 0x00000250F6C169C0>,5,Tree,1.620301299070538,0.992935986245815,1.2729105620861734
datasets/synthetic_data/s2.csv,340,<timecave.validation_methods.markov.MarkovCV object at 0x00000250F6C169C0>,5,ARMA,1.3635998858309806,0.911353118781461,1.1677327972746936
datasets/synthetic_data/s2.csv,340,<timecave.validation_methods.markov.MarkovCV object at 0x00000250F6C169C0>,6,Tree,3.1197924942336384,1.56896113791601,1.766293433785462
datasets/synthetic_data/s2.csv,340,<timecave.validation_methods.markov.MarkovCV object at 0x00000250F6C169C0>,6,ARMA,1.415161758999057,0.8997931425483201,1.1896057157726911
datasets/synthetic_data/s2.csv,340,<timecave.validation_methods.markov.MarkovCV object at 0x00000250F6C169C0>,7,Tree,1.8952461113573156,1.0840274391642564,1.3766793785618043
datasets/synthetic_data/s2.csv,340,<timecave.validation_methods.markov.MarkovCV object at 0x00000250F6C169C0>,7,ARMA,1.4058510695480024,0.9976249509198146,1.1856859067847616
datasets/synthetic_data/s2.csv,340,<timecave.validation_methods.markov.MarkovCV object at 0x00000250F6C169C0>,8,Tree,1.55645768068919,0.9022954259074679,1.2475807311309317
datasets/synthetic_data/s2.csv,340,<timecave.validation_methods.markov.MarkovCV object at 0x00000250F6C169C0>,8,ARMA,2.516185471291492,1.2608053415771996,1.586248868018979
datasets/synthetic_data/s2.csv,340,<timecave.validation_methods.markov.MarkovCV object at 0x00000250F6C169C0>,9,Tree,1.6949912123434778,0.9683758318171275,1.3019182817456239
datasets/synthetic_data/s2.csv,340,<timecave.validation_methods.markov.MarkovCV object at 0x00000250F6C169C0>,9,ARMA,2.031790172403493,1.1708253131619106,1.4254087737920982
datasets/synthetic_data/s2.csv,341,<timecave.validation_methods.OOS.Holdout object at 0x00000250F6C42870>,0,Tree,2.1521855257061473,1.2557993059759902,1.4670328986447942
datasets/synthetic_data/s2.csv,341,<timecave.validation_methods.OOS.Holdout object at 0x00000250F6C42870>,0,ARMA,1.4669214318496164,0.9836287864959828,1.2111653197848824
datasets/synthetic_data/s2.csv,341,<timecave.validation_methods.OOS.Repeated_Holdout object at 0x00000250F6C413A0>,0,Tree,2.7331054591180526,1.354345636488029,1.6532106517676604
datasets/synthetic_data/s2.csv,341,<timecave.validation_methods.OOS.Repeated_Holdout object at 0x00000250F6C413A0>,0,ARMA,1.5156100800308288,1.023641969985815,1.2311011656362074
datasets/synthetic_data/s2.csv,341,<timecave.validation_methods.OOS.Repeated_Holdout object at 0x00000250F6C413A0>,1,Tree,2.4876372017364417,1.2394330529537025,1.5772245248335577
datasets/synthetic_data/s2.csv,341,<timecave.validation_methods.OOS.Repeated_Holdout object at 0x00000250F6C413A0>,1,ARMA,1.6227101955697851,1.0625609275219412,1.2738564265920178
datasets/synthetic_data/s2.csv,341,<timecave.validation_methods.OOS.Repeated_Holdout object at 0x00000250F6C413A0>,2,Tree,1.920438291385033,1.1888683922385304,1.3857987918110743
datasets/synthetic_data/s2.csv,341,<timecave.validation_methods.OOS.Repeated_Holdout object at 0x00000250F6C413A0>,2,ARMA,1.5544116384362512,1.0299937364678968,1.2467604575203093
datasets/synthetic_data/s2.csv,341,<timecave.validation_methods.OOS.Repeated_Holdout object at 0x00000250F6C413A0>,3,Tree,2.1756033412098454,1.2909083549911116,1.474992658018963
datasets/synthetic_data/s2.csv,341,<timecave.validation_methods.OOS.Repeated_Holdout object at 0x00000250F6C413A0>,3,ARMA,1.4669214318496164,0.9836287864959828,1.2111653197848824
datasets/synthetic_data/s2.csv,341,<timecave.validation_methods.prequential.Growing_Window object at 0x00000250F6C41190>,0,Tree,2.9034014095977856,1.5240777962571923,1.70393703216926
datasets/synthetic_data/s2.csv,341,<timecave.validation_methods.prequential.Growing_Window object at 0x00000250F6C41190>,0,ARMA,2.8176679796493733,1.427919409420628,1.6785910698110404
datasets/synthetic_data/s2.csv,341,<timecave.validation_methods.prequential.Growing_Window object at 0x00000250F6C41190>,1,Tree,3.968574890030117,1.6071306453773655,1.9921282313219992
datasets/synthetic_data/s2.csv,341,<timecave.validation_methods.prequential.Growing_Window object at 0x00000250F6C41190>,1,ARMA,1.7136676493175869,1.0854957194192016,1.3090712926795036
datasets/synthetic_data/s2.csv,341,<timecave.validation_methods.prequential.Growing_Window object at 0x00000250F6C41190>,2,Tree,1.7638470404292261,1.1269231916808187,1.3280990326136173
datasets/synthetic_data/s2.csv,341,<timecave.validation_methods.prequential.Growing_Window object at 0x00000250F6C41190>,2,ARMA,1.1576737708480025,0.9074736344064391,1.0759524946985357
datasets/synthetic_data/s2.csv,341,<timecave.validation_methods.prequential.Growing_Window object at 0x00000250F6C41190>,3,Tree,2.3518871694912997,1.22269322429075,1.5335863749692418
datasets/synthetic_data/s2.csv,341,<timecave.validation_methods.prequential.Growing_Window object at 0x00000250F6C41190>,3,ARMA,1.650469545332791,1.0619665156433413,1.2847060151384018
datasets/synthetic_data/s2.csv,341,<timecave.validation_methods.prequential.Growing_Window object at 0x00000250F6C41AC0>,0,Tree,2.62019539969066,1.239732169697647,1.61870176366453
datasets/synthetic_data/s2.csv,341,<timecave.validation_methods.prequential.Growing_Window object at 0x00000250F6C41AC0>,0,ARMA,1.9199729055067327,1.1709955159083913,1.3856308691374961
datasets/synthetic_data/s2.csv,341,<timecave.validation_methods.prequential.Growing_Window object at 0x00000250F6C41AC0>,1,Tree,2.0333293632261906,1.1283506542619643,1.4259485836544705
datasets/synthetic_data/s2.csv,341,<timecave.validation_methods.prequential.Growing_Window object at 0x00000250F6C41AC0>,1,ARMA,1.173216076027249,0.914646072837037,1.08315099410343
datasets/synthetic_data/s2.csv,341,<timecave.validation_methods.prequential.Growing_Window object at 0x00000250F6C41AC0>,2,Tree,2.9256988817998577,1.4964840890769597,1.710467445407792
datasets/synthetic_data/s2.csv,341,<timecave.validation_methods.prequential.Growing_Window object at 0x00000250F6C41AC0>,2,ARMA,1.7424255838785616,1.102574643372425,1.3200096908275187
datasets/synthetic_data/s2.csv,341,<timecave.validation_methods.prequential.Rolling_Window object at 0x00000250F6C43590>,0,Tree,2.4753684542627807,1.302476817110255,1.5733303703490824
datasets/synthetic_data/s2.csv,341,<timecave.validation_methods.prequential.Rolling_Window object at 0x00000250F6C43590>,0,ARMA,2.8176679796493733,1.427919409420628,1.6785910698110404
datasets/synthetic_data/s2.csv,341,<timecave.validation_methods.prequential.Rolling_Window object at 0x00000250F6C43590>,1,Tree,3.837091662847919,1.6329112448014516,1.9588495763707634
datasets/synthetic_data/s2.csv,341,<timecave.validation_methods.prequential.Rolling_Window object at 0x00000250F6C43590>,1,ARMA,1.7030308611141614,1.0831661044526264,1.3050022456356776
datasets/synthetic_data/s2.csv,341,<timecave.validation_methods.prequential.Rolling_Window object at 0x00000250F6C43590>,2,Tree,1.6651287128757264,1.0874624258512264,1.2903986643187935
datasets/synthetic_data/s2.csv,341,<timecave.validation_methods.prequential.Rolling_Window object at 0x00000250F6C43590>,2,ARMA,1.1660490656692817,0.8931367904019426,1.0798375181800648
datasets/synthetic_data/s2.csv,341,<timecave.validation_methods.prequential.Rolling_Window object at 0x00000250F6C43590>,3,Tree,3.250433344105071,1.6065295229715308,1.8028958217559523
datasets/synthetic_data/s2.csv,341,<timecave.validation_methods.prequential.Rolling_Window object at 0x00000250F6C43590>,3,ARMA,1.6317615809276131,1.0534491097601544,1.2774042355212438
datasets/synthetic_data/s2.csv,341,<timecave.validation_methods.prequential.Rolling_Window object at 0x00000250E98FCC20>,0,Tree,3.0155278724777634,1.3678674563622564,1.7365275328879077
datasets/synthetic_data/s2.csv,341,<timecave.validation_methods.prequential.Rolling_Window object at 0x00000250E98FCC20>,0,ARMA,1.9199729055067327,1.1709955159083913,1.3856308691374961
datasets/synthetic_data/s2.csv,341,<timecave.validation_methods.prequential.Rolling_Window object at 0x00000250E98FCC20>,1,Tree,2.2040932684712566,1.1645233113642317,1.4846188967109561
datasets/synthetic_data/s2.csv,341,<timecave.validation_methods.prequential.Rolling_Window object at 0x00000250E98FCC20>,1,ARMA,1.1749060133218485,0.9136272777655721,1.0839308157451049
datasets/synthetic_data/s2.csv,341,<timecave.validation_methods.prequential.Rolling_Window object at 0x00000250E98FCC20>,2,Tree,3.0148797116859076,1.45297540281763,1.7363408973142076
datasets/synthetic_data/s2.csv,341,<timecave.validation_methods.prequential.Rolling_Window object at 0x00000250E98FCC20>,2,ARMA,1.6366650707720183,1.0471018891908224,1.2793221137665127
datasets/synthetic_data/s2.csv,341,<timecave.validation_methods.CV.Block_CV object at 0x00000250F6C158B0>,0,Tree,2.4441658270300355,1.2841896567715327,1.5633828152535243
datasets/synthetic_data/s2.csv,341,<timecave.validation_methods.CV.Block_CV object at 0x00000250F6C158B0>,0,ARMA,1.4674123494039244,1.0211246412546835,1.2113679661456813
datasets/synthetic_data/s2.csv,341,<timecave.validation_methods.CV.Block_CV object at 0x00000250F6C158B0>,1,Tree,3.0466316854691318,1.393406814607604,1.7454603076177733
datasets/synthetic_data/s2.csv,341,<timecave.validation_methods.CV.Block_CV object at 0x00000250F6C158B0>,1,ARMA,2.5937820611492928,1.3621491680588975,1.610522294521033
datasets/synthetic_data/s2.csv,341,<timecave.validation_methods.CV.Block_CV object at 0x00000250F6C158B0>,2,Tree,1.230817743227763,0.9274654859643306,1.109422256504602
datasets/synthetic_data/s2.csv,341,<timecave.validation_methods.CV.Block_CV object at 0x00000250F6C158B0>,2,ARMA,1.6989694648799016,1.07131212917379,1.3034452289528324
datasets/synthetic_data/s2.csv,341,<timecave.validation_methods.CV.Block_CV object at 0x00000250F6C158B0>,3,Tree,1.90569067822359,1.0963272046517512,1.3804675578308931
datasets/synthetic_data/s2.csv,341,<timecave.validation_methods.CV.Block_CV object at 0x00000250F6C158B0>,3,ARMA,1.134659389852402,0.8985865153536778,1.0652039193752536
datasets/synthetic_data/s2.csv,341,<timecave.validation_methods.CV.Block_CV object at 0x00000250F6C158B0>,4,Tree,2.525198607591907,1.2755710642561284,1.5890873505229053
datasets/synthetic_data/s2.csv,341,<timecave.validation_methods.CV.Block_CV object at 0x00000250F6C158B0>,4,ARMA,1.650469545332791,1.0619665156433413,1.2847060151384018
datasets/synthetic_data/s2.csv,341,<timecave.validation_methods.CV.AdaptedhvBlockCV object at 0x00000250F6C17650>,0,Tree,2.3330102626172344,1.2737670100789997,1.5274194782761004
datasets/synthetic_data/s2.csv,341,<timecave.validation_methods.CV.AdaptedhvBlockCV object at 0x00000250F6C17650>,0,ARMA,1.4733333945221225,1.0245216922854723,1.213809455607478
datasets/synthetic_data/s2.csv,341,<timecave.validation_methods.CV.AdaptedhvBlockCV object at 0x00000250F6C17650>,1,Tree,3.6335439697902974,1.63542848951802,1.9061857123035775
datasets/synthetic_data/s2.csv,341,<timecave.validation_methods.CV.AdaptedhvBlockCV object at 0x00000250F6C17650>,1,ARMA,2.580169332511794,1.3568579505805647,1.606290550464577
datasets/synthetic_data/s2.csv,341,<timecave.validation_methods.CV.AdaptedhvBlockCV object at 0x00000250F6C17650>,2,Tree,1.6058163785165205,0.9979444180524571,1.2672081038710732
datasets/synthetic_data/s2.csv,341,<timecave.validation_methods.CV.AdaptedhvBlockCV object at 0x00000250F6C17650>,2,ARMA,1.6983910681015575,1.0740778561275426,1.3032233377673825
datasets/synthetic_data/s2.csv,341,<timecave.validation_methods.CV.AdaptedhvBlockCV object at 0x00000250F6C17650>,3,Tree,1.3748398607130723,0.9346876955086463,1.1725356543462004
datasets/synthetic_data/s2.csv,341,<timecave.validation_methods.CV.AdaptedhvBlockCV object at 0x00000250F6C17650>,3,ARMA,1.1077309819355265,0.8895779349715501,1.0524879961004432
datasets/synthetic_data/s2.csv,341,<timecave.validation_methods.CV.AdaptedhvBlockCV object at 0x00000250F6C17650>,4,Tree,2.3157580704075147,1.2379020583334592,1.5217615024725506
datasets/synthetic_data/s2.csv,341,<timecave.validation_methods.CV.AdaptedhvBlockCV object at 0x00000250F6C17650>,4,ARMA,1.6393561785002233,1.0743297443433435,1.2803734527473707
datasets/synthetic_data/s2.csv,341,<timecave.validation_methods.markov.MarkovCV object at 0x00000250F6C170B0>,0,Tree,4.462084942766406,1.6948204626801062,2.112364775024997
datasets/synthetic_data/s2.csv,341,<timecave.validation_methods.markov.MarkovCV object at 0x00000250F6C170B0>,0,ARMA,2.4078181219804096,1.2621861731548136,1.551714574907515
datasets/synthetic_data/s2.csv,341,<timecave.validation_methods.markov.MarkovCV object at 0x00000250F6C170B0>,1,Tree,5.688244907108906,1.9145332816526472,2.3850041733944423
datasets/synthetic_data/s2.csv,341,<timecave.validation_methods.markov.MarkovCV object at 0x00000250F6C170B0>,1,ARMA,3.433482065972001,1.43627774087999,1.8529657487314763
datasets/synthetic_data/s2.csv,341,<timecave.validation_methods.markov.MarkovCV object at 0x00000250F6C170B0>,2,Tree,3.5563399465976513,1.4929839753842113,1.8858260647784173
datasets/synthetic_data/s2.csv,341,<timecave.validation_methods.markov.MarkovCV object at 0x00000250F6C170B0>,2,ARMA,2.5239669612366873,1.2304514058697595,1.5886997706416046
datasets/synthetic_data/s2.csv,341,<timecave.validation_methods.markov.MarkovCV object at 0x00000250F6C170B0>,3,Tree,5.591318938504899,2.1704746140927518,2.3645969928308923
datasets/synthetic_data/s2.csv,341,<timecave.validation_methods.markov.MarkovCV object at 0x00000250F6C170B0>,3,ARMA,3.8048165382668,1.526399647800533,1.950593893732573
datasets/synthetic_data/s2.csv,341,<timecave.validation_methods.markov.MarkovCV object at 0x00000250F6C170B0>,4,Tree,5.30162245785195,1.8397624705827391,2.3025252350087175
datasets/synthetic_data/s2.csv,341,<timecave.validation_methods.markov.MarkovCV object at 0x00000250F6C170B0>,4,ARMA,4.6433743699550885,1.7414432773255912,2.15484903646522
datasets/synthetic_data/s2.csv,341,<timecave.validation_methods.markov.MarkovCV object at 0x00000250F6C170B0>,5,Tree,3.2737747054688113,1.495103981118676,1.8093575394235413
datasets/synthetic_data/s2.csv,341,<timecave.validation_methods.markov.MarkovCV object at 0x00000250F6C170B0>,5,ARMA,2.8477885236839455,1.2665459806750206,1.6875391917475415
datasets/synthetic_data/s2.csv,341,<timecave.validation_methods.markov.MarkovCV object at 0x00000250F6C170B0>,6,Tree,2.963245031749621,1.3927733105348463,1.7214078632763419
datasets/synthetic_data/s2.csv,341,<timecave.validation_methods.markov.MarkovCV object at 0x00000250F6C170B0>,6,ARMA,2.0617252165107773,1.2141450928021778,1.4358708913097924
datasets/synthetic_data/s2.csv,341,<timecave.validation_methods.markov.MarkovCV object at 0x00000250F6C170B0>,7,Tree,5.610328048778163,2.097835049023879,2.3686131066044034
datasets/synthetic_data/s2.csv,341,<timecave.validation_methods.markov.MarkovCV object at 0x00000250F6C170B0>,7,ARMA,1.3754108226465152,1.051445575541126,1.1727791022381475
datasets/synthetic_data/s2.csv,341,<timecave.validation_methods.markov.MarkovCV object at 0x00000250F6C170B0>,8,Tree,2.731354403764313,1.4906846014463127,1.6526809745877493
datasets/synthetic_data/s2.csv,341,<timecave.validation_methods.markov.MarkovCV object at 0x00000250F6C170B0>,8,ARMA,1.9299031960498896,1.1275502908987296,1.3892095580040793
datasets/synthetic_data/s2.csv,341,<timecave.validation_methods.markov.MarkovCV object at 0x00000250F6C170B0>,9,Tree,4.000828385161397,1.8146457197573136,2.000207085569241
datasets/synthetic_data/s2.csv,341,<timecave.validation_methods.markov.MarkovCV object at 0x00000250F6C170B0>,9,ARMA,1.5687871266288416,1.030976990951502,1.2525123259388873
datasets/synthetic_data/s2.csv,342,<timecave.validation_methods.OOS.Holdout object at 0x00000250F6AC9400>,0,Tree,2.433569381781668,1.3298531713009918,1.559990186437616
datasets/synthetic_data/s2.csv,342,<timecave.validation_methods.OOS.Holdout object at 0x00000250F6AC9400>,0,ARMA,1.8686760498266715,1.1768704232266518,1.3669952632787985
datasets/synthetic_data/s2.csv,342,<timecave.validation_methods.OOS.Repeated_Holdout object at 0x00000250F6C16180>,0,Tree,3.4783108802767755,1.5430177963085816,1.865023024060769
datasets/synthetic_data/s2.csv,342,<timecave.validation_methods.OOS.Repeated_Holdout object at 0x00000250F6C16180>,0,ARMA,1.6600669064137046,1.0656812231494808,1.2884358371349753
datasets/synthetic_data/s2.csv,342,<timecave.validation_methods.OOS.Repeated_Holdout object at 0x00000250F6C16180>,1,Tree,3.4212397841588276,1.5012586371158936,1.8496593697648298
datasets/synthetic_data/s2.csv,342,<timecave.validation_methods.OOS.Repeated_Holdout object at 0x00000250F6C16180>,1,ARMA,1.791640388121121,1.1303482452551794,1.3385217174633817
datasets/synthetic_data/s2.csv,342,<timecave.validation_methods.OOS.Repeated_Holdout object at 0x00000250F6C16180>,2,Tree,2.431486808261585,1.2855190256993467,1.5593225478590325
datasets/synthetic_data/s2.csv,342,<timecave.validation_methods.OOS.Repeated_Holdout object at 0x00000250F6C16180>,2,ARMA,1.87325587107405,1.1571361029208922,1.3686693797532148
datasets/synthetic_data/s2.csv,342,<timecave.validation_methods.OOS.Repeated_Holdout object at 0x00000250F6C16180>,3,Tree,2.527954085531077,1.3555852662797048,1.589954114284773
datasets/synthetic_data/s2.csv,342,<timecave.validation_methods.OOS.Repeated_Holdout object at 0x00000250F6C16180>,3,ARMA,1.8686760498266715,1.1768704232266518,1.3669952632787985
datasets/synthetic_data/s2.csv,342,<timecave.validation_methods.prequential.Growing_Window object at 0x00000250F6C16060>,0,Tree,1.64914293704356,1.0884397905714618,1.284189603229819
datasets/synthetic_data/s2.csv,342,<timecave.validation_methods.prequential.Growing_Window object at 0x00000250F6C16060>,0,ARMA,1.1401544697054198,0.8487207408198538,1.0677801598200913
datasets/synthetic_data/s2.csv,342,<timecave.validation_methods.prequential.Growing_Window object at 0x00000250F6C16060>,1,Tree,1.8680020651597926,1.0917322493482902,1.3667487205627056
datasets/synthetic_data/s2.csv,342,<timecave.validation_methods.prequential.Growing_Window object at 0x00000250F6C16060>,1,ARMA,0.8654344134812179,0.802748543614894,0.9302872747066994
datasets/synthetic_data/s2.csv,342,<timecave.validation_methods.prequential.Growing_Window object at 0x00000250F6C16060>,2,Tree,2.163739121318912,1.2050589316440774,1.4709653705369519
datasets/synthetic_data/s2.csv,342,<timecave.validation_methods.prequential.Growing_Window object at 0x00000250F6C16060>,2,ARMA,1.7055973838993914,1.1319654820186091,1.3059852158042953
datasets/synthetic_data/s2.csv,342,<timecave.validation_methods.prequential.Growing_Window object at 0x00000250F6C16060>,3,Tree,3.383343869015327,1.4621174434289215,1.839386818756546
datasets/synthetic_data/s2.csv,342,<timecave.validation_methods.prequential.Growing_Window object at 0x00000250F6C16060>,3,ARMA,1.859474837693396,1.1220471808346688,1.3636256222634555
datasets/synthetic_data/s2.csv,342,<timecave.validation_methods.prequential.Growing_Window object at 0x00000250F6C16330>,0,Tree,2.135251607270303,1.1742036611807645,1.4612500153191799
datasets/synthetic_data/s2.csv,342,<timecave.validation_methods.prequential.Growing_Window object at 0x00000250F6C16330>,0,ARMA,1.2134859040825443,0.9382230003137684,1.101583362293814
datasets/synthetic_data/s2.csv,342,<timecave.validation_methods.prequential.Growing_Window object at 0x00000250F6C16330>,1,Tree,2.2830140319005756,1.1946606717196633,1.5109646031262862
datasets/synthetic_data/s2.csv,342,<timecave.validation_methods.prequential.Growing_Window object at 0x00000250F6C16330>,1,ARMA,2.0385661621668216,1.2389358007535556,1.4277836538379411
datasets/synthetic_data/s2.csv,342,<timecave.validation_methods.prequential.Growing_Window object at 0x00000250F6C16330>,2,Tree,2.456215703801877,1.4153328901948283,1.567231860256126
datasets/synthetic_data/s2.csv,342,<timecave.validation_methods.prequential.Growing_Window object at 0x00000250F6C16330>,2,ARMA,1.903807075044144,1.1728134181965182,1.3797851553934561
datasets/synthetic_data/s2.csv,342,<timecave.validation_methods.prequential.Rolling_Window object at 0x00000250F6C14980>,0,Tree,1.6084182028066867,1.0004847101647532,1.268234285456235
datasets/synthetic_data/s2.csv,342,<timecave.validation_methods.prequential.Rolling_Window object at 0x00000250F6C14980>,0,ARMA,1.1401544697054198,0.8487207408198538,1.0677801598200913
datasets/synthetic_data/s2.csv,342,<timecave.validation_methods.prequential.Rolling_Window object at 0x00000250F6C14980>,1,Tree,1.831372622917452,1.1435688739599905,1.3532821667772956
datasets/synthetic_data/s2.csv,342,<timecave.validation_methods.prequential.Rolling_Window object at 0x00000250F6C14980>,1,ARMA,0.8939527865747383,0.787280270332029,0.9454907649336075
datasets/synthetic_data/s2.csv,342,<timecave.validation_methods.prequential.Rolling_Window object at 0x00000250F6C14980>,2,Tree,2.545747367365777,1.2893659954086478,1.5955398357188633
datasets/synthetic_data/s2.csv,342,<timecave.validation_methods.prequential.Rolling_Window object at 0x00000250F6C14980>,2,ARMA,1.863725033875074,1.1949254758212238,1.3651831503044103
datasets/synthetic_data/s2.csv,342,<timecave.validation_methods.prequential.Rolling_Window object at 0x00000250F6C14980>,3,Tree,2.5402506289395492,1.217327616950753,1.593816372402903
datasets/synthetic_data/s2.csv,342,<timecave.validation_methods.prequential.Rolling_Window object at 0x00000250F6C14980>,3,ARMA,1.917630971933178,1.1179874304846182,1.3847855328292458
datasets/synthetic_data/s2.csv,342,<timecave.validation_methods.prequential.Rolling_Window object at 0x00000250F6C16F00>,0,Tree,2.179774330221665,1.186020597875844,1.4764058826155038
datasets/synthetic_data/s2.csv,342,<timecave.validation_methods.prequential.Rolling_Window object at 0x00000250F6C16F00>,0,ARMA,1.2134859040825443,0.9382230003137684,1.101583362293814
datasets/synthetic_data/s2.csv,342,<timecave.validation_methods.prequential.Rolling_Window object at 0x00000250F6C16F00>,1,Tree,2.811949200939972,1.329639236271208,1.6768867585320042
datasets/synthetic_data/s2.csv,342,<timecave.validation_methods.prequential.Rolling_Window object at 0x00000250F6C16F00>,1,ARMA,2.251342760889257,1.2719311293693933,1.5004475202049745
datasets/synthetic_data/s2.csv,342,<timecave.validation_methods.prequential.Rolling_Window object at 0x00000250F6C16F00>,2,Tree,2.7916181438812435,1.2592943579933058,1.670813617337746
datasets/synthetic_data/s2.csv,342,<timecave.validation_methods.prequential.Rolling_Window object at 0x00000250F6C16F00>,2,ARMA,1.8178028123240026,1.139834731860926,1.3482591784682953
datasets/synthetic_data/s2.csv,342,<timecave.validation_methods.CV.Block_CV object at 0x00000250F6C148C0>,0,Tree,2.393076710241534,1.3233980969729717,1.546957242538246
datasets/synthetic_data/s2.csv,342,<timecave.validation_methods.CV.Block_CV object at 0x00000250F6C148C0>,0,ARMA,1.6052188001576104,1.0827830245816648,1.2669722965233339
datasets/synthetic_data/s2.csv,342,<timecave.validation_methods.CV.Block_CV object at 0x00000250F6C148C0>,1,Tree,1.548294442961407,0.9450700094005297,1.2443048030773678
datasets/synthetic_data/s2.csv,342,<timecave.validation_methods.CV.Block_CV object at 0x00000250F6C148C0>,1,ARMA,1.2504961115868225,0.9662519237956859,1.1182558345865325
datasets/synthetic_data/s2.csv,342,<timecave.validation_methods.CV.Block_CV object at 0x00000250F6C148C0>,2,Tree,1.8058144791692394,1.1269788242461278,1.343805967827662
datasets/synthetic_data/s2.csv,342,<timecave.validation_methods.CV.Block_CV object at 0x00000250F6C148C0>,2,ARMA,0.8879824146276292,0.8068472783419218,0.9423281883864184
datasets/synthetic_data/s2.csv,342,<timecave.validation_methods.CV.Block_CV object at 0x00000250F6C148C0>,3,Tree,2.121888924299006,1.2102498813690892,1.4566704926986769
datasets/synthetic_data/s2.csv,342,<timecave.validation_methods.CV.Block_CV object at 0x00000250F6C148C0>,3,ARMA,2.1557917599306844,1.2198147229372691,1.468261475327431
datasets/synthetic_data/s2.csv,342,<timecave.validation_methods.CV.Block_CV object at 0x00000250F6C148C0>,4,Tree,3.4794090477319712,1.4819889878234183,1.8653174120593983
datasets/synthetic_data/s2.csv,342,<timecave.validation_methods.CV.Block_CV object at 0x00000250F6C148C0>,4,ARMA,1.859474837693396,1.1220471808346688,1.3636256222634555
datasets/synthetic_data/s2.csv,342,<timecave.validation_methods.CV.AdaptedhvBlockCV object at 0x00000250F6C16C90>,0,Tree,2.476711281219036,1.3322893531918918,1.573757059148278
datasets/synthetic_data/s2.csv,342,<timecave.validation_methods.CV.AdaptedhvBlockCV object at 0x00000250F6C16C90>,0,ARMA,1.605206121151368,1.0826140009251617,1.2669672928498856
datasets/synthetic_data/s2.csv,342,<timecave.validation_methods.CV.AdaptedhvBlockCV object at 0x00000250F6C16C90>,1,Tree,1.7135728353354454,1.0195069547102753,1.309035077962178
datasets/synthetic_data/s2.csv,342,<timecave.validation_methods.CV.AdaptedhvBlockCV object at 0x00000250F6C16C90>,1,ARMA,1.2299975293827594,0.9595233482514004,1.10905253680011
datasets/synthetic_data/s2.csv,342,<timecave.validation_methods.CV.AdaptedhvBlockCV object at 0x00000250F6C16C90>,2,Tree,1.7870914769745672,1.1478935799489187,1.3368214080327137
datasets/synthetic_data/s2.csv,342,<timecave.validation_methods.CV.AdaptedhvBlockCV object at 0x00000250F6C16C90>,2,ARMA,0.8939476776329648,0.8095481711970146,0.9454880631890414
datasets/synthetic_data/s2.csv,342,<timecave.validation_methods.CV.AdaptedhvBlockCV object at 0x00000250F6C16C90>,3,Tree,2.2413841448844525,1.2377639358058983,1.4971252936492832
datasets/synthetic_data/s2.csv,342,<timecave.validation_methods.CV.AdaptedhvBlockCV object at 0x00000250F6C16C90>,3,ARMA,2.1227838789294715,1.216391418849314,1.4569776521722877
datasets/synthetic_data/s2.csv,342,<timecave.validation_methods.CV.AdaptedhvBlockCV object at 0x00000250F6C16C90>,4,Tree,3.528290173088093,1.502544223091029,1.8783743431723328
datasets/synthetic_data/s2.csv,342,<timecave.validation_methods.CV.AdaptedhvBlockCV object at 0x00000250F6C16C90>,4,ARMA,2.0249184072299893,1.2060471488475522,1.4229962780098862
datasets/synthetic_data/s2.csv,342,<timecave.validation_methods.markov.MarkovCV object at 0x00000250F6C16EA0>,0,Tree,2.14878193728325,1.1694482538379494,1.4658724150768545
datasets/synthetic_data/s2.csv,342,<timecave.validation_methods.markov.MarkovCV object at 0x00000250F6C16EA0>,0,ARMA,1.2881956016228842,0.9189277352026115,1.1349870490991887
datasets/synthetic_data/s2.csv,342,<timecave.validation_methods.markov.MarkovCV object at 0x00000250F6C16EA0>,1,Tree,1.810856058541961,1.1418724671526155,1.345680518749514
datasets/synthetic_data/s2.csv,342,<timecave.validation_methods.markov.MarkovCV object at 0x00000250F6C16EA0>,1,ARMA,1.5836138648610878,1.1321732017746309,1.2584172062003474
datasets/synthetic_data/s2.csv,342,<timecave.validation_methods.markov.MarkovCV object at 0x00000250F6C16EA0>,2,Tree,4.34284747512345,1.915274957037899,2.083949969438674
datasets/synthetic_data/s2.csv,342,<timecave.validation_methods.markov.MarkovCV object at 0x00000250F6C16EA0>,2,ARMA,2.041775559021307,1.1240451522744155,1.4289071205019965
datasets/synthetic_data/s2.csv,342,<timecave.validation_methods.markov.MarkovCV object at 0x00000250F6C16EA0>,3,Tree,3.783179627293233,1.6713455577651941,1.9450397495406702
datasets/synthetic_data/s2.csv,342,<timecave.validation_methods.markov.MarkovCV object at 0x00000250F6C16EA0>,3,ARMA,1.9511663411859463,1.1502517463522817,1.396841559084618
datasets/synthetic_data/s2.csv,342,<timecave.validation_methods.markov.MarkovCV object at 0x00000250F6C16EA0>,4,Tree,3.928916042725849,1.7585482114575355,1.9821493492483984
datasets/synthetic_data/s2.csv,342,<timecave.validation_methods.markov.MarkovCV object at 0x00000250F6C16EA0>,4,ARMA,1.6323768413703923,1.0683455335526766,1.2776450373129433
datasets/synthetic_data/s2.csv,342,<timecave.validation_methods.markov.MarkovCV object at 0x00000250F6C16EA0>,5,Tree,3.9340207149082627,1.7067004233600769,1.9834365921068067
datasets/synthetic_data/s2.csv,342,<timecave.validation_methods.markov.MarkovCV object at 0x00000250F6C16EA0>,5,ARMA,1.9458953103442638,1.2181339904081712,1.3949535154779402
datasets/synthetic_data/s2.csv,342,<timecave.validation_methods.markov.MarkovCV object at 0x00000250F6C16EA0>,6,Tree,2.6308914868485944,1.3633801930694558,1.6220023079048298
datasets/synthetic_data/s2.csv,342,<timecave.validation_methods.markov.MarkovCV object at 0x00000250F6C16EA0>,6,ARMA,1.1966006971516618,0.968517112111623,1.0938924522784046
datasets/synthetic_data/s2.csv,342,<timecave.validation_methods.markov.MarkovCV object at 0x00000250F6C16EA0>,7,Tree,2.6184568075907566,1.295528432400771,1.6181646416822846
datasets/synthetic_data/s2.csv,342,<timecave.validation_methods.markov.MarkovCV object at 0x00000250F6C16EA0>,7,ARMA,2.167609127367791,1.16977836645444,1.4722802475642303
datasets/synthetic_data/s2.csv,342,<timecave.validation_methods.markov.MarkovCV object at 0x00000250F6C16EA0>,8,Tree,2.0979788046685566,1.2167192171170456,1.4484401280924788
datasets/synthetic_data/s2.csv,342,<timecave.validation_methods.markov.MarkovCV object at 0x00000250F6C16EA0>,8,ARMA,1.4982858353579158,1.0348324785935974,1.2240448665624621
datasets/synthetic_data/s2.csv,342,<timecave.validation_methods.markov.MarkovCV object at 0x00000250F6C16EA0>,9,Tree,4.461995686984949,1.6990866405207823,2.1123436479382205
datasets/synthetic_data/s2.csv,342,<timecave.validation_methods.markov.MarkovCV object at 0x00000250F6C16EA0>,9,ARMA,1.5610027848365704,1.0405647925187642,1.2494009704000435
datasets/synthetic_data/s2.csv,343,<timecave.validation_methods.OOS.Holdout object at 0x00000250F6C43EF0>,0,Tree,2.436112249859715,1.1113607055346846,1.5608050005877465
datasets/synthetic_data/s2.csv,343,<timecave.validation_methods.OOS.Holdout object at 0x00000250F6C43EF0>,0,ARMA,1.4456153739562083,0.9770797496415912,1.2023374625936798
datasets/synthetic_data/s2.csv,343,<timecave.validation_methods.OOS.Repeated_Holdout object at 0x00000250F6C43650>,0,Tree,2.0071002512336795,1.1290833505093358,1.4167216562309195
datasets/synthetic_data/s2.csv,343,<timecave.validation_methods.OOS.Repeated_Holdout object at 0x00000250F6C43650>,0,ARMA,1.6922755536953757,1.0595320301011735,1.30087491854343
datasets/synthetic_data/s2.csv,343,<timecave.validation_methods.OOS.Repeated_Holdout object at 0x00000250F6C43650>,1,Tree,3.076381148635567,1.412623992999599,1.753961558482844
datasets/synthetic_data/s2.csv,343,<timecave.validation_methods.OOS.Repeated_Holdout object at 0x00000250F6C43650>,1,ARMA,1.7971079610724106,1.0990680795433232,1.3405625539572597
datasets/synthetic_data/s2.csv,343,<timecave.validation_methods.OOS.Repeated_Holdout object at 0x00000250F6C43650>,2,Tree,2.5430631765999236,1.2135442523877578,1.5946984594586915
datasets/synthetic_data/s2.csv,343,<timecave.validation_methods.OOS.Repeated_Holdout object at 0x00000250F6C43650>,2,ARMA,1.4925282892525813,0.9927835428917354,1.2216907502525265
datasets/synthetic_data/s2.csv,343,<timecave.validation_methods.OOS.Repeated_Holdout object at 0x00000250F6C43650>,3,Tree,2.1347720555188703,1.0470463915852952,1.4610859165425112
datasets/synthetic_data/s2.csv,343,<timecave.validation_methods.OOS.Repeated_Holdout object at 0x00000250F6C43650>,3,ARMA,1.4456153739562083,0.9770797496415912,1.2023374625936798
datasets/synthetic_data/s2.csv,343,<timecave.validation_methods.prequential.Growing_Window object at 0x00000250F2623D70>,0,Tree,2.397345547556389,1.250093687760074,1.5483363806215977
datasets/synthetic_data/s2.csv,343,<timecave.validation_methods.prequential.Growing_Window object at 0x00000250F2623D70>,0,ARMA,1.3315215836852825,0.9861750533803225,1.1539157610871265
datasets/synthetic_data/s2.csv,343,<timecave.validation_methods.prequential.Growing_Window object at 0x00000250F2623D70>,1,Tree,2.441153919003018,1.2724943651043799,1.5624192519944888
datasets/synthetic_data/s2.csv,343,<timecave.validation_methods.prequential.Growing_Window object at 0x00000250F2623D70>,1,ARMA,2.2904400113698986,1.2368788803631614,1.5134199719079626
datasets/synthetic_data/s2.csv,343,<timecave.validation_methods.prequential.Growing_Window object at 0x00000250F2623D70>,2,Tree,1.0965572049298105,0.8309722753566129,1.0471662737740413
datasets/synthetic_data/s2.csv,343,<timecave.validation_methods.prequential.Growing_Window object at 0x00000250F2623D70>,2,ARMA,0.7526160821565411,0.6782380497247954,0.867534484707404
datasets/synthetic_data/s2.csv,343,<timecave.validation_methods.prequential.Growing_Window object at 0x00000250F2623D70>,3,Tree,1.7936944747400945,1.0023067443807652,1.3392887943756173
datasets/synthetic_data/s2.csv,343,<timecave.validation_methods.prequential.Growing_Window object at 0x00000250F2623D70>,3,ARMA,1.8378880930209738,1.1243075698780514,1.3556873138821406
datasets/synthetic_data/s2.csv,343,<timecave.validation_methods.prequential.Growing_Window object at 0x00000250F6C17050>,0,Tree,2.1837073266050573,1.1561871216535462,1.4777372319208368
datasets/synthetic_data/s2.csv,343,<timecave.validation_methods.prequential.Growing_Window object at 0x00000250F6C17050>,0,ARMA,2.2047593621017496,1.230664217253188,1.484843211285875
datasets/synthetic_data/s2.csv,343,<timecave.validation_methods.prequential.Growing_Window object at 0x00000250F6C17050>,1,Tree,1.290216013610483,0.939279167192942,1.1358767598689934
datasets/synthetic_data/s2.csv,343,<timecave.validation_methods.prequential.Growing_Window object at 0x00000250F6C17050>,1,ARMA,0.8533280366114759,0.7249379027783692,0.9237575637641491
datasets/synthetic_data/s2.csv,343,<timecave.validation_methods.prequential.Growing_Window object at 0x00000250F6C17050>,2,Tree,2.263614117842891,1.166906204529014,1.5045311953704685
datasets/synthetic_data/s2.csv,343,<timecave.validation_methods.prequential.Growing_Window object at 0x00000250F6C17050>,2,ARMA,1.790230767422368,1.093545824932236,1.3379950550814335
datasets/synthetic_data/s2.csv,343,<timecave.validation_methods.prequential.Rolling_Window object at 0x00000250F6C174D0>,0,Tree,2.4490625711106584,1.238731735384757,1.5649481049257379
datasets/synthetic_data/s2.csv,343,<timecave.validation_methods.prequential.Rolling_Window object at 0x00000250F6C174D0>,0,ARMA,1.3315215836852825,0.9861750533803225,1.1539157610871265
datasets/synthetic_data/s2.csv,343,<timecave.validation_methods.prequential.Rolling_Window object at 0x00000250F6C174D0>,1,Tree,2.164544773589505,1.1914263606337814,1.4712391965922826
datasets/synthetic_data/s2.csv,343,<timecave.validation_methods.prequential.Rolling_Window object at 0x00000250F6C174D0>,1,ARMA,2.3901532352303465,1.2612678621901225,1.546012042394996
datasets/synthetic_data/s2.csv,343,<timecave.validation_methods.prequential.Rolling_Window object at 0x00000250F6C174D0>,2,Tree,1.0979961399963962,0.9227931512104005,1.047853109933065
datasets/synthetic_data/s2.csv,343,<timecave.validation_methods.prequential.Rolling_Window object at 0x00000250F6C174D0>,2,ARMA,0.7884740132900707,0.6938299361925113,0.8879605921943106
datasets/synthetic_data/s2.csv,343,<timecave.validation_methods.prequential.Rolling_Window object at 0x00000250F6C174D0>,3,Tree,3.0245006212280896,1.4604687557284792,1.73910914586408
datasets/synthetic_data/s2.csv,343,<timecave.validation_methods.prequential.Rolling_Window object at 0x00000250F6C174D0>,3,ARMA,1.8616943980781504,1.1304752942817498,1.3644392247653063
datasets/synthetic_data/s2.csv,343,<timecave.validation_methods.prequential.Rolling_Window object at 0x00000250F6C142C0>,0,Tree,2.3945042276269355,1.2140087058319775,1.5474185689809126
datasets/synthetic_data/s2.csv,343,<timecave.validation_methods.prequential.Rolling_Window object at 0x00000250F6C142C0>,0,ARMA,2.2047593621017496,1.230664217253188,1.484843211285875
datasets/synthetic_data/s2.csv,343,<timecave.validation_methods.prequential.Rolling_Window object at 0x00000250F6C142C0>,1,Tree,1.3483780729501307,0.9078428111959986,1.1611968278246934
datasets/synthetic_data/s2.csv,343,<timecave.validation_methods.prequential.Rolling_Window object at 0x00000250F6C142C0>,1,ARMA,0.9119350209581032,0.7235338642999607,0.9549528893919863
datasets/synthetic_data/s2.csv,343,<timecave.validation_methods.prequential.Rolling_Window object at 0x00000250F6C142C0>,2,Tree,1.544266999226972,0.985946700862342,1.2426853983317627
datasets/synthetic_data/s2.csv,343,<timecave.validation_methods.prequential.Rolling_Window object at 0x00000250F6C142C0>,2,ARMA,1.818831424134257,1.1140770745348405,1.3486405837487825
datasets/synthetic_data/s2.csv,343,<timecave.validation_methods.CV.Block_CV object at 0x00000250F6C150A0>,0,Tree,2.773167065128515,1.4110817222539234,1.6652828784109068
datasets/synthetic_data/s2.csv,343,<timecave.validation_methods.CV.Block_CV object at 0x00000250F6C150A0>,0,ARMA,1.059167289574566,0.8192368548674847,1.0291585347139507
datasets/synthetic_data/s2.csv,343,<timecave.validation_methods.CV.Block_CV object at 0x00000250F6C150A0>,1,Tree,1.873949538627338,1.0719425031494692,1.3689227657641383
datasets/synthetic_data/s2.csv,343,<timecave.validation_methods.CV.Block_CV object at 0x00000250F6C150A0>,1,ARMA,1.27954580794637,0.894647352457093,1.1311701056633214
datasets/synthetic_data/s2.csv,343,<timecave.validation_methods.CV.Block_CV object at 0x00000250F6C150A0>,2,Tree,2.112116163306868,1.2549911815803385,1.4533121355396672
datasets/synthetic_data/s2.csv,343,<timecave.validation_methods.CV.Block_CV object at 0x00000250F6C150A0>,2,ARMA,2.043450535819911,1.204077294870977,1.4294931045024006
datasets/synthetic_data/s2.csv,343,<timecave.validation_methods.CV.Block_CV object at 0x00000250F6C150A0>,3,Tree,1.636561242099289,1.0349016379190117,1.2792815335567418
datasets/synthetic_data/s2.csv,343,<timecave.validation_methods.CV.Block_CV object at 0x00000250F6C150A0>,3,ARMA,0.7996445904501839,0.7015159728981355,0.8942284889502145
datasets/synthetic_data/s2.csv,343,<timecave.validation_methods.CV.Block_CV object at 0x00000250F6C150A0>,4,Tree,1.8587406793229044,1.0272608072716483,1.3633564021644906
datasets/synthetic_data/s2.csv,343,<timecave.validation_methods.CV.Block_CV object at 0x00000250F6C150A0>,4,ARMA,1.8378880930209738,1.1243075698780514,1.3556873138821406
datasets/synthetic_data/s2.csv,343,<timecave.validation_methods.CV.AdaptedhvBlockCV object at 0x00000250F6C14BF0>,0,Tree,2.48427929124578,1.2925403462222746,1.5761596655306784
datasets/synthetic_data/s2.csv,343,<timecave.validation_methods.CV.AdaptedhvBlockCV object at 0x00000250F6C14BF0>,0,ARMA,1.059642867968629,0.820831047172029,1.0293895608410981
datasets/synthetic_data/s2.csv,343,<timecave.validation_methods.CV.AdaptedhvBlockCV object at 0x00000250F6C14BF0>,1,Tree,2.1649354322192207,1.2180651232228048,1.4713719557675484
datasets/synthetic_data/s2.csv,343,<timecave.validation_methods.CV.AdaptedhvBlockCV object at 0x00000250F6C14BF0>,1,ARMA,1.279708995691198,0.8974444871821582,1.1312422356379725
datasets/synthetic_data/s2.csv,343,<timecave.validation_methods.CV.AdaptedhvBlockCV object at 0x00000250F6C14BF0>,2,Tree,1.9358359676488925,1.1469024056646175,1.3913432242437136
datasets/synthetic_data/s2.csv,343,<timecave.validation_methods.CV.AdaptedhvBlockCV object at 0x00000250F6C14BF0>,2,ARMA,2.0361455324412514,1.2013750050626322,1.4269357141936183
datasets/synthetic_data/s2.csv,343,<timecave.validation_methods.CV.AdaptedhvBlockCV object at 0x00000250F6C14BF0>,3,Tree,1.6015077663593076,0.9917145442694816,1.265506920707788
datasets/synthetic_data/s2.csv,343,<timecave.validation_methods.CV.AdaptedhvBlockCV object at 0x00000250F6C14BF0>,3,ARMA,0.8081867628383044,0.6981387500051797,0.8989920816327052
datasets/synthetic_data/s2.csv,343,<timecave.validation_methods.CV.AdaptedhvBlockCV object at 0x00000250F6C14BF0>,4,Tree,2.750120846367042,1.323694088142126,1.6583488313280297
datasets/synthetic_data/s2.csv,343,<timecave.validation_methods.CV.AdaptedhvBlockCV object at 0x00000250F6C14BF0>,4,ARMA,1.7681567103193694,1.0965696778452594,1.329720538428797
datasets/synthetic_data/s2.csv,343,<timecave.validation_methods.markov.MarkovCV object at 0x00000250F6C15130>,0,Tree,1.7066175107239965,0.9767350662267462,1.3063757157586773
datasets/synthetic_data/s2.csv,343,<timecave.validation_methods.markov.MarkovCV object at 0x00000250F6C15130>,0,ARMA,2.705276130165625,1.3911979412563782,1.6447723642393877
datasets/synthetic_data/s2.csv,343,<timecave.validation_methods.markov.MarkovCV object at 0x00000250F6C15130>,1,Tree,3.981722686247918,1.6707399866479211,1.9954254399119797
datasets/synthetic_data/s2.csv,343,<timecave.validation_methods.markov.MarkovCV object at 0x00000250F6C15130>,1,ARMA,2.201756397140161,1.2329353502884473,1.4838316606475819
datasets/synthetic_data/s2.csv,343,<timecave.validation_methods.markov.MarkovCV object at 0x00000250F6C15130>,2,Tree,3.2454678846297824,1.2675954102819127,1.8015182165689534
datasets/synthetic_data/s2.csv,343,<timecave.validation_methods.markov.MarkovCV object at 0x00000250F6C15130>,2,ARMA,1.2672078431196936,0.9579952395889767,1.1257032660162685
datasets/synthetic_data/s2.csv,343,<timecave.validation_methods.markov.MarkovCV object at 0x00000250F6C15130>,3,Tree,4.37638104111643,1.8830435443114346,2.0919801722570006
datasets/synthetic_data/s2.csv,343,<timecave.validation_methods.markov.MarkovCV object at 0x00000250F6C15130>,3,ARMA,1.1042194057377799,0.8581495533586018,1.0508184456592775
datasets/synthetic_data/s2.csv,343,<timecave.validation_methods.markov.MarkovCV object at 0x00000250F6C15130>,4,Tree,1.469573714954744,1.0800008999739226,1.2122597555617955
datasets/synthetic_data/s2.csv,343,<timecave.validation_methods.markov.MarkovCV object at 0x00000250F6C15130>,4,ARMA,1.3578129941012942,0.9623206235975972,1.1652523306568814
datasets/synthetic_data/s2.csv,343,<timecave.validation_methods.markov.MarkovCV object at 0x00000250F6C15130>,5,Tree,3.7500183319064315,1.1338463187491774,1.9364964063758114
datasets/synthetic_data/s2.csv,343,<timecave.validation_methods.markov.MarkovCV object at 0x00000250F6C15130>,5,ARMA,3.0661064514884995,1.1680706256982871,1.7510301115310667
datasets/synthetic_data/s2.csv,343,<timecave.validation_methods.markov.MarkovCV object at 0x00000250F6C15130>,6,Tree,2.663313936525039,1.3762843678306118,1.6319662792242489
datasets/synthetic_data/s2.csv,343,<timecave.validation_methods.markov.MarkovCV object at 0x00000250F6C15130>,6,ARMA,2.1031719881776545,1.2391585474639637,1.4502317015489816
datasets/synthetic_data/s2.csv,343,<timecave.validation_methods.markov.MarkovCV object at 0x00000250F6C15130>,7,Tree,3.160289674162525,1.572552690300642,1.7777203588198356
datasets/synthetic_data/s2.csv,343,<timecave.validation_methods.markov.MarkovCV object at 0x00000250F6C15130>,7,ARMA,1.2789323857967383,0.8498429843898092,1.1308989281968298
datasets/synthetic_data/s2.csv,343,<timecave.validation_methods.markov.MarkovCV object at 0x00000250F6C15130>,8,Tree,3.0378013398565034,1.3378346295972474,1.7429289543341988
datasets/synthetic_data/s2.csv,343,<timecave.validation_methods.markov.MarkovCV object at 0x00000250F6C15130>,8,ARMA,1.3775865315594722,0.9449810572149897,1.1737063225353572
datasets/synthetic_data/s2.csv,343,<timecave.validation_methods.markov.MarkovCV object at 0x00000250F6C15130>,9,Tree,4.7058481159561385,1.9748502996008455,2.169296686937068
datasets/synthetic_data/s2.csv,343,<timecave.validation_methods.markov.MarkovCV object at 0x00000250F6C15130>,9,ARMA,0.644213933416447,0.6525746779933008,0.8026293873366754
datasets/synthetic_data/s2.csv,344,<timecave.validation_methods.OOS.Holdout object at 0x00000250F2605BE0>,0,Tree,1.7911254892730664,1.1131619932346957,1.3383293650193386
datasets/synthetic_data/s2.csv,344,<timecave.validation_methods.OOS.Holdout object at 0x00000250F2605BE0>,0,ARMA,2.1950303041578114,1.2603879284696016,1.481563466125502
datasets/synthetic_data/s2.csv,344,<timecave.validation_methods.OOS.Repeated_Holdout object at 0x00000250F6C14080>,0,Tree,1.683843949381323,0.9632421169318637,1.2976301281109819
datasets/synthetic_data/s2.csv,344,<timecave.validation_methods.OOS.Repeated_Holdout object at 0x00000250F6C14080>,0,ARMA,2.49539197593357,1.3695144769577026,1.5796809728339358
datasets/synthetic_data/s2.csv,344,<timecave.validation_methods.OOS.Repeated_Holdout object at 0x00000250F6C14080>,1,Tree,1.5834124376773786,1.0099665600561853,1.2583371716981815
datasets/synthetic_data/s2.csv,344,<timecave.validation_methods.OOS.Repeated_Holdout object at 0x00000250F6C14080>,1,ARMA,2.265076497344126,1.2847208280207085,1.5050171086549569
datasets/synthetic_data/s2.csv,344,<timecave.validation_methods.OOS.Repeated_Holdout object at 0x00000250F6C14080>,2,Tree,1.7333289961869134,1.0097813150349788,1.3165595300581412
datasets/synthetic_data/s2.csv,344,<timecave.validation_methods.OOS.Repeated_Holdout object at 0x00000250F6C14080>,2,ARMA,2.2625076673629216,1.2794541800587138,1.504163444364648
datasets/synthetic_data/s2.csv,344,<timecave.validation_methods.OOS.Repeated_Holdout object at 0x00000250F6C14080>,3,Tree,2.0582915241852624,1.2119862775989936,1.4346747102340873
datasets/synthetic_data/s2.csv,344,<timecave.validation_methods.OOS.Repeated_Holdout object at 0x00000250F6C14080>,3,ARMA,2.1950303041578114,1.2603879284696016,1.481563466125502
datasets/synthetic_data/s2.csv,344,<timecave.validation_methods.prequential.Growing_Window object at 0x00000250F6C14B30>,0,Tree,2.247373562044294,1.1521817118313218,1.4991242650441936
datasets/synthetic_data/s2.csv,344,<timecave.validation_methods.prequential.Growing_Window object at 0x00000250F6C14B30>,0,ARMA,1.5284010485771653,0.9775486194054969,1.2362851809259727
datasets/synthetic_data/s2.csv,344,<timecave.validation_methods.prequential.Growing_Window object at 0x00000250F6C14B30>,1,Tree,1.9370528411999228,1.2231359186547803,1.3917804572560728
datasets/synthetic_data/s2.csv,344,<timecave.validation_methods.prequential.Growing_Window object at 0x00000250F6C14B30>,1,ARMA,2.4698915284295895,1.3233342073309378,1.5715888547675532
datasets/synthetic_data/s2.csv,344,<timecave.validation_methods.prequential.Growing_Window object at 0x00000250F6C14B30>,2,Tree,1.3700688917679846,0.97749920783972,1.1704994198067697
datasets/synthetic_data/s2.csv,344,<timecave.validation_methods.prequential.Growing_Window object at 0x00000250F6C14B30>,2,ARMA,1.9924598758991308,1.1458005884268885,1.4115452085920348
datasets/synthetic_data/s2.csv,344,<timecave.validation_methods.prequential.Growing_Window object at 0x00000250F6C14B30>,3,Tree,1.7152284801371933,1.0442461416357196,1.3096673165873818
datasets/synthetic_data/s2.csv,344,<timecave.validation_methods.prequential.Growing_Window object at 0x00000250F6C14B30>,3,ARMA,2.099053427080004,1.2190191248509143,1.4488110391213906
datasets/synthetic_data/s2.csv,344,<timecave.validation_methods.prequential.Growing_Window object at 0x00000250F6C15220>,0,Tree,2.801359989635845,1.3831817778041189,1.6737263783653065
datasets/synthetic_data/s2.csv,344,<timecave.validation_methods.prequential.Growing_Window object at 0x00000250F6C15220>,0,ARMA,2.532014458610863,1.353482529296208,1.5912304856967965
datasets/synthetic_data/s2.csv,344,<timecave.validation_methods.prequential.Growing_Window object at 0x00000250F6C15220>,1,Tree,1.266619525032362,0.9067523360177491,1.1254419243267784
datasets/synthetic_data/s2.csv,344,<timecave.validation_methods.prequential.Growing_Window object at 0x00000250F6C15220>,1,ARMA,2.182725554302502,1.2126955158698896,1.4774050068625402
datasets/synthetic_data/s2.csv,344,<timecave.validation_methods.prequential.Growing_Window object at 0x00000250F6C15220>,2,Tree,2.275135319542922,1.191754534728779,1.5083551702244806
datasets/synthetic_data/s2.csv,344,<timecave.validation_methods.prequential.Growing_Window object at 0x00000250F6C15220>,2,ARMA,2.1956486122816896,1.2381622453955807,1.4817721188771538
datasets/synthetic_data/s2.csv,344,<timecave.validation_methods.prequential.Rolling_Window object at 0x00000250F6C17F50>,0,Tree,2.1567721160862803,1.153969925400791,1.468595286689386
datasets/synthetic_data/s2.csv,344,<timecave.validation_methods.prequential.Rolling_Window object at 0x00000250F6C17F50>,0,ARMA,1.5284010485771653,0.9775486194054969,1.2362851809259727
datasets/synthetic_data/s2.csv,344,<timecave.validation_methods.prequential.Rolling_Window object at 0x00000250F6C17F50>,1,Tree,2.811744759563428,1.3983986569560884,1.6768257988125743
datasets/synthetic_data/s2.csv,344,<timecave.validation_methods.prequential.Rolling_Window object at 0x00000250F6C17F50>,1,ARMA,2.3922752446935585,1.29811905927329,1.5466981750469477
datasets/synthetic_data/s2.csv,344,<timecave.validation_methods.prequential.Rolling_Window object at 0x00000250F6C17F50>,2,Tree,2.456102509531132,1.3248942628814488,1.5671957470370865
datasets/synthetic_data/s2.csv,344,<timecave.validation_methods.prequential.Rolling_Window object at 0x00000250F6C17F50>,2,ARMA,1.8884405940845408,1.1088900394305123,1.3742054410038336
datasets/synthetic_data/s2.csv,344,<timecave.validation_methods.prequential.Rolling_Window object at 0x00000250F6C17F50>,3,Tree,4.105580671983519,1.5598594163405954,2.026223253243215
datasets/synthetic_data/s2.csv,344,<timecave.validation_methods.prequential.Rolling_Window object at 0x00000250F6C17F50>,3,ARMA,2.153176918635202,1.2387849167728886,1.467370750231584
datasets/synthetic_data/s2.csv,344,<timecave.validation_methods.prequential.Rolling_Window object at 0x00000250F6C161E0>,0,Tree,2.29586673694435,1.2787988747313803,1.515211779568899
datasets/synthetic_data/s2.csv,344,<timecave.validation_methods.prequential.Rolling_Window object at 0x00000250F6C161E0>,0,ARMA,2.532014458610863,1.353482529296208,1.5912304856967965
datasets/synthetic_data/s2.csv,344,<timecave.validation_methods.prequential.Rolling_Window object at 0x00000250F6C161E0>,1,Tree,2.851510810058004,1.3682629335861722,1.6886417056492486
datasets/synthetic_data/s2.csv,344,<timecave.validation_methods.prequential.Rolling_Window object at 0x00000250F6C161E0>,1,ARMA,1.9815964769857488,1.1369068661697874,1.4076918970377534
datasets/synthetic_data/s2.csv,344,<timecave.validation_methods.prequential.Rolling_Window object at 0x00000250F6C161E0>,2,Tree,3.7772283070490684,1.5358300511134588,1.9435092762961201
datasets/synthetic_data/s2.csv,344,<timecave.validation_methods.prequential.Rolling_Window object at 0x00000250F6C161E0>,2,ARMA,2.1224246940442812,1.2253092511620598,1.4568543832670036
datasets/synthetic_data/s2.csv,344,<timecave.validation_methods.CV.Block_CV object at 0x00000250F6C15E20>,0,Tree,2.3326254585276986,1.293633926123581,1.5272935076558463
datasets/synthetic_data/s2.csv,344,<timecave.validation_methods.CV.Block_CV object at 0x00000250F6C15E20>,0,ARMA,1.7505924855838892,1.1028935378824567,1.3230995750826502
datasets/synthetic_data/s2.csv,344,<timecave.validation_methods.CV.Block_CV object at 0x00000250F6C15E20>,1,Tree,2.5111732780042737,1.3624619471356296,1.58466819176895
datasets/synthetic_data/s2.csv,344,<timecave.validation_methods.CV.Block_CV object at 0x00000250F6C15E20>,1,ARMA,1.486926296159388,0.9518043524509816,1.2193958734387238
datasets/synthetic_data/s2.csv,344,<timecave.validation_methods.CV.Block_CV object at 0x00000250F6C15E20>,2,Tree,1.4531086304600922,0.9008613403893904,1.2054495553361377
datasets/synthetic_data/s2.csv,344,<timecave.validation_methods.CV.Block_CV object at 0x00000250F6C15E20>,2,ARMA,2.409349750616787,1.3153227820337534,1.5522080242727736
datasets/synthetic_data/s2.csv,344,<timecave.validation_methods.CV.Block_CV object at 0x00000250F6C15E20>,3,Tree,1.487824803623774,1.004121335282909,1.2197642410006018
datasets/synthetic_data/s2.csv,344,<timecave.validation_methods.CV.Block_CV object at 0x00000250F6C15E20>,3,ARMA,1.9554289633068636,1.140531886615743,1.3983665339627032
datasets/synthetic_data/s2.csv,344,<timecave.validation_methods.CV.Block_CV object at 0x00000250F6C15E20>,4,Tree,1.7317734059989447,1.0168562699357826,1.3159686189263575
datasets/synthetic_data/s2.csv,344,<timecave.validation_methods.CV.Block_CV object at 0x00000250F6C15E20>,4,ARMA,2.099053427080004,1.2190191248509143,1.4488110391213906
datasets/synthetic_data/s2.csv,344,<timecave.validation_methods.CV.AdaptedhvBlockCV object at 0x00000250F6C14260>,0,Tree,2.592331122454393,1.3136701914838615,1.6100717755598328
datasets/synthetic_data/s2.csv,344,<timecave.validation_methods.CV.AdaptedhvBlockCV object at 0x00000250F6C14260>,0,ARMA,1.7684777025621228,1.1090568313216511,1.3298412320882982
datasets/synthetic_data/s2.csv,344,<timecave.validation_methods.CV.AdaptedhvBlockCV object at 0x00000250F6C14260>,1,Tree,1.7415647103799994,1.034653593575022,1.3196835644880933
datasets/synthetic_data/s2.csv,344,<timecave.validation_methods.CV.AdaptedhvBlockCV object at 0x00000250F6C14260>,1,ARMA,1.4836611982797379,0.9530147868243403,1.218056319830794
datasets/synthetic_data/s2.csv,344,<timecave.validation_methods.CV.AdaptedhvBlockCV object at 0x00000250F6C14260>,2,Tree,1.7823314300202058,1.0782821976257237,1.3350398608357001
datasets/synthetic_data/s2.csv,344,<timecave.validation_methods.CV.AdaptedhvBlockCV object at 0x00000250F6C14260>,2,ARMA,2.3836503777934333,1.303729441631961,1.543907502991495
datasets/synthetic_data/s2.csv,344,<timecave.validation_methods.CV.AdaptedhvBlockCV object at 0x00000250F6C14260>,3,Tree,1.1381536923158508,0.8718548807250358,1.0668428620541315
datasets/synthetic_data/s2.csv,344,<timecave.validation_methods.CV.AdaptedhvBlockCV object at 0x00000250F6C14260>,3,ARMA,1.9926276391762079,1.1536018551879916,1.4116046327411256
datasets/synthetic_data/s2.csv,344,<timecave.validation_methods.CV.AdaptedhvBlockCV object at 0x00000250F6C14260>,4,Tree,1.758043301103356,1.065799677939591,1.3259122524146747
datasets/synthetic_data/s2.csv,344,<timecave.validation_methods.CV.AdaptedhvBlockCV object at 0x00000250F6C14260>,4,ARMA,2.2444688189966193,1.2746867418108911,1.4981551384942147
datasets/synthetic_data/s2.csv,344,<timecave.validation_methods.markov.MarkovCV object at 0x00000250F6C17DD0>,0,Tree,5.826890311290883,2.029809279880811,2.4138952569013603
datasets/synthetic_data/s2.csv,344,<timecave.validation_methods.markov.MarkovCV object at 0x00000250F6C17DD0>,0,ARMA,2.063517175391106,1.11843379354845,1.4364947529981118
datasets/synthetic_data/s2.csv,344,<timecave.validation_methods.markov.MarkovCV object at 0x00000250F6C17DD0>,1,Tree,4.518679046422696,1.7458033363972632,2.1257184776970575
datasets/synthetic_data/s2.csv,344,<timecave.validation_methods.markov.MarkovCV object at 0x00000250F6C17DD0>,1,ARMA,3.244408316801068,1.430249159886339,1.8012241162057174
datasets/synthetic_data/s2.csv,344,<timecave.validation_methods.markov.MarkovCV object at 0x00000250F6C17DD0>,2,Tree,2.5324358736852215,1.2909881826101353,1.5913628981741472
datasets/synthetic_data/s2.csv,344,<timecave.validation_methods.markov.MarkovCV object at 0x00000250F6C17DD0>,2,ARMA,1.869538214173336,1.0905178720229676,1.3673105770721354
datasets/synthetic_data/s2.csv,344,<timecave.validation_methods.markov.MarkovCV object at 0x00000250F6C17DD0>,3,Tree,3.518002274253182,1.491512455553855,1.8756338326691546
datasets/synthetic_data/s2.csv,344,<timecave.validation_methods.markov.MarkovCV object at 0x00000250F6C17DD0>,3,ARMA,2.2580280735727793,1.2463651333809234,1.5026736417375461
datasets/synthetic_data/s2.csv,344,<timecave.validation_methods.markov.MarkovCV object at 0x00000250F6C17DD0>,4,Tree,4.878984082419894,1.7427280188324688,2.2088422493287956
datasets/synthetic_data/s2.csv,344,<timecave.validation_methods.markov.MarkovCV object at 0x00000250F6C17DD0>,4,ARMA,3.8425701019293586,1.5719918211397097,1.9602474593605161
datasets/synthetic_data/s2.csv,344,<timecave.validation_methods.markov.MarkovCV object at 0x00000250F6C17DD0>,5,Tree,4.8124510902811775,1.6562434891549735,2.193729949260204
datasets/synthetic_data/s2.csv,344,<timecave.validation_methods.markov.MarkovCV object at 0x00000250F6C17DD0>,5,ARMA,2.2489701642340845,1.2660068569132308,1.4996566821223065
datasets/synthetic_data/s2.csv,344,<timecave.validation_methods.markov.MarkovCV object at 0x00000250F6C17DD0>,6,Tree,4.659719684425013,1.9467680116460728,2.1586383866745753
datasets/synthetic_data/s2.csv,344,<timecave.validation_methods.markov.MarkovCV object at 0x00000250F6C17DD0>,6,ARMA,1.4871577940694243,0.998371329594329,1.2194907929416376
datasets/synthetic_data/s2.csv,344,<timecave.validation_methods.markov.MarkovCV object at 0x00000250F6C17DD0>,7,Tree,2.7384534430977334,1.4441593148273917,1.6548273151896344
datasets/synthetic_data/s2.csv,344,<timecave.validation_methods.markov.MarkovCV object at 0x00000250F6C17DD0>,7,ARMA,1.8569835862769999,1.1153301779043867,1.3627118500537816
datasets/synthetic_data/s2.csv,344,<timecave.validation_methods.markov.MarkovCV object at 0x00000250F6C17DD0>,8,Tree,1.8154891690776702,1.0340982573568884,1.3474008939724176
datasets/synthetic_data/s2.csv,344,<timecave.validation_methods.markov.MarkovCV object at 0x00000250F6C17DD0>,8,ARMA,2.2166993446962944,1.3193597727328787,1.48885840317214
datasets/synthetic_data/s2.csv,344,<timecave.validation_methods.markov.MarkovCV object at 0x00000250F6C17DD0>,9,Tree,1.4460475187694013,0.8795683718829228,1.2025171594490456
datasets/synthetic_data/s2.csv,344,<timecave.validation_methods.markov.MarkovCV object at 0x00000250F6C17DD0>,9,ARMA,1.4473304152905055,1.0296349426037084,1.2030504624871334
datasets/synthetic_data/s2.csv,345,<timecave.validation_methods.OOS.Holdout object at 0x00000250F22E7770>,0,Tree,1.713599688612258,1.0516723302266187,1.3090453348193323
datasets/synthetic_data/s2.csv,345,<timecave.validation_methods.OOS.Holdout object at 0x00000250F22E7770>,0,ARMA,1.1710878536447888,0.8935537710348376,1.0821681263300953
datasets/synthetic_data/s2.csv,345,<timecave.validation_methods.OOS.Repeated_Holdout object at 0x00000250F6CEB830>,0,Tree,2.2344132942186463,1.1929651513112813,1.4947954021265406
datasets/synthetic_data/s2.csv,345,<timecave.validation_methods.OOS.Repeated_Holdout object at 0x00000250F6CEB830>,0,ARMA,1.1227490366081283,0.8403420842007934,1.059598526144751
datasets/synthetic_data/s2.csv,345,<timecave.validation_methods.OOS.Repeated_Holdout object at 0x00000250F6CEB830>,1,Tree,2.0829155417301366,1.1762395723863786,1.4432309384606943
datasets/synthetic_data/s2.csv,345,<timecave.validation_methods.OOS.Repeated_Holdout object at 0x00000250F6CEB830>,1,ARMA,1.2052958018054083,0.8820128753468132,1.097859645767804
datasets/synthetic_data/s2.csv,345,<timecave.validation_methods.OOS.Repeated_Holdout object at 0x00000250F6CEB830>,2,Tree,1.7015736749449182,1.0717118760443498,1.304443818240141
datasets/synthetic_data/s2.csv,345,<timecave.validation_methods.OOS.Repeated_Holdout object at 0x00000250F6CEB830>,2,ARMA,1.108695417798366,0.8522746920243225,1.0529460659494227
datasets/synthetic_data/s2.csv,345,<timecave.validation_methods.OOS.Repeated_Holdout object at 0x00000250F6CEB830>,3,Tree,3.3221050869168036,1.4873562201935429,1.8226642825591342
datasets/synthetic_data/s2.csv,345,<timecave.validation_methods.OOS.Repeated_Holdout object at 0x00000250F6CEB830>,3,ARMA,1.1710878536447888,0.8935537710348376,1.0821681263300953
datasets/synthetic_data/s2.csv,345,<timecave.validation_methods.prequential.Growing_Window object at 0x00000250F6CE8260>,0,Tree,2.998095399524604,1.4458299714691867,1.7315009094784224
datasets/synthetic_data/s2.csv,345,<timecave.validation_methods.prequential.Growing_Window object at 0x00000250F6CE8260>,0,ARMA,1.420792475959392,0.9936669285824433,1.191969997927545
datasets/synthetic_data/s2.csv,345,<timecave.validation_methods.prequential.Growing_Window object at 0x00000250F6CE8260>,1,Tree,3.593991043848002,1.413232723185527,1.8957824357895086
datasets/synthetic_data/s2.csv,345,<timecave.validation_methods.prequential.Growing_Window object at 0x00000250F6CE8260>,1,ARMA,2.40480252785842,1.2827696527542696,1.550742573046352
datasets/synthetic_data/s2.csv,345,<timecave.validation_methods.prequential.Growing_Window object at 0x00000250F6CE8260>,2,Tree,2.7927327921204754,1.3146810828123405,1.671147148554093
datasets/synthetic_data/s2.csv,345,<timecave.validation_methods.prequential.Growing_Window object at 0x00000250F6CE8260>,2,ARMA,1.987579714838868,1.1153378822591562,1.4098154896435449
datasets/synthetic_data/s2.csv,345,<timecave.validation_methods.prequential.Growing_Window object at 0x00000250F6CE8260>,3,Tree,2.1815788198098294,1.1906336643710944,1.4770168651067697
datasets/synthetic_data/s2.csv,345,<timecave.validation_methods.prequential.Growing_Window object at 0x00000250F6CE8260>,3,ARMA,1.239493350388233,0.907937410321242,1.1133253569322101
datasets/synthetic_data/s2.csv,345,<timecave.validation_methods.prequential.Growing_Window object at 0x00000250F6CEBA70>,0,Tree,4.265000004870472,1.5598878279793709,2.065187643985522
datasets/synthetic_data/s2.csv,345,<timecave.validation_methods.prequential.Growing_Window object at 0x00000250F6CEBA70>,0,ARMA,2.898804115089664,1.3181542149812682,1.7025874764867925
datasets/synthetic_data/s2.csv,345,<timecave.validation_methods.prequential.Growing_Window object at 0x00000250F6CEBA70>,1,Tree,2.565774592033364,1.2724261241602122,1.6018035435200422
datasets/synthetic_data/s2.csv,345,<timecave.validation_methods.prequential.Growing_Window object at 0x00000250F6CEBA70>,1,ARMA,2.0409544530876262,1.1455509285988994,1.4286197720484013
datasets/synthetic_data/s2.csv,345,<timecave.validation_methods.prequential.Growing_Window object at 0x00000250F6CEBA70>,2,Tree,2.2462118206244894,1.334095010376629,1.498736741600902
datasets/synthetic_data/s2.csv,345,<timecave.validation_methods.prequential.Growing_Window object at 0x00000250F6CEBA70>,2,ARMA,1.2524425514594115,0.9077552645569779,1.1191257978705573
datasets/synthetic_data/s2.csv,345,<timecave.validation_methods.prequential.Rolling_Window object at 0x00000250F6CE8B30>,0,Tree,2.4590471002745566,1.2801939952590944,1.568134911375471
datasets/synthetic_data/s2.csv,345,<timecave.validation_methods.prequential.Rolling_Window object at 0x00000250F6CE8B30>,0,ARMA,1.420792475959392,0.9936669285824433,1.191969997927545
datasets/synthetic_data/s2.csv,345,<timecave.validation_methods.prequential.Rolling_Window object at 0x00000250F6CE8B30>,1,Tree,2.5640980610765394,1.268572263657749,1.6012801319808285
datasets/synthetic_data/s2.csv,345,<timecave.validation_methods.prequential.Rolling_Window object at 0x00000250F6CE8B30>,1,ARMA,2.470148506368699,1.290851375247041,1.5716706100098388
datasets/synthetic_data/s2.csv,345,<timecave.validation_methods.prequential.Rolling_Window object at 0x00000250F6CE8B30>,2,Tree,3.821901659190488,1.5792272190326722,1.954968454781429
datasets/synthetic_data/s2.csv,345,<timecave.validation_methods.prequential.Rolling_Window object at 0x00000250F6CE8B30>,2,ARMA,1.932148014572344,1.0805301034486154,1.390017271321599
datasets/synthetic_data/s2.csv,345,<timecave.validation_methods.prequential.Rolling_Window object at 0x00000250F6CE8B30>,3,Tree,1.2496879032602681,0.8871196337477429,1.1178944061315756
datasets/synthetic_data/s2.csv,345,<timecave.validation_methods.prequential.Rolling_Window object at 0x00000250F6CE8B30>,3,ARMA,1.259202881862672,0.9008735525384605,1.1221420952190824
datasets/synthetic_data/s2.csv,345,<timecave.validation_methods.prequential.Rolling_Window object at 0x00000250F6CEA7B0>,0,Tree,4.4462831786615755,1.6308084580293536,2.1086211557938936
datasets/synthetic_data/s2.csv,345,<timecave.validation_methods.prequential.Rolling_Window object at 0x00000250F6CEA7B0>,0,ARMA,2.898804115089664,1.3181542149812682,1.7025874764867925
datasets/synthetic_data/s2.csv,345,<timecave.validation_methods.prequential.Rolling_Window object at 0x00000250F6CEA7B0>,1,Tree,2.032831058175498,1.109309446487585,1.425773845382043
datasets/synthetic_data/s2.csv,345,<timecave.validation_methods.prequential.Rolling_Window object at 0x00000250F6CEA7B0>,1,ARMA,1.9793455459525342,1.1379433200101916,1.406892158607949
datasets/synthetic_data/s2.csv,345,<timecave.validation_methods.prequential.Rolling_Window object at 0x00000250F6CEA7B0>,2,Tree,3.2076415705163726,1.562160644800845,1.790988992293468
datasets/synthetic_data/s2.csv,345,<timecave.validation_methods.prequential.Rolling_Window object at 0x00000250F6CEA7B0>,2,ARMA,1.1645980683493187,0.8764648026065546,1.0791654499423704
datasets/synthetic_data/s2.csv,345,<timecave.validation_methods.CV.Block_CV object at 0x00000250F6CE8680>,0,Tree,3.757287699979813,1.4501330187766526,1.938372435828526
datasets/synthetic_data/s2.csv,345,<timecave.validation_methods.CV.Block_CV object at 0x00000250F6CE8680>,0,ARMA,2.6406742193310357,1.4517469327027985,1.62501514433898
datasets/synthetic_data/s2.csv,345,<timecave.validation_methods.CV.Block_CV object at 0x00000250F6CE8680>,1,Tree,1.4588813807510743,0.9713469716479982,1.2078416207231286
datasets/synthetic_data/s2.csv,345,<timecave.validation_methods.CV.Block_CV object at 0x00000250F6CE8680>,1,ARMA,1.000043446092322,0.8034278745859911,1.0000217228102208
datasets/synthetic_data/s2.csv,345,<timecave.validation_methods.CV.Block_CV object at 0x00000250F6CE8680>,2,Tree,5.221848814298892,1.8401335105791237,2.2851364979578115
datasets/synthetic_data/s2.csv,345,<timecave.validation_methods.CV.Block_CV object at 0x00000250F6CE8680>,2,ARMA,2.4552659901377325,1.300965673962951,1.566928840164011
datasets/synthetic_data/s2.csv,345,<timecave.validation_methods.CV.Block_CV object at 0x00000250F6CE8680>,3,Tree,2.7205685441341254,1.3199099791492073,1.6494146064995683
datasets/synthetic_data/s2.csv,345,<timecave.validation_methods.CV.Block_CV object at 0x00000250F6CE8680>,3,ARMA,1.9570171635674853,1.1199008730575508,1.3989342956577644
datasets/synthetic_data/s2.csv,345,<timecave.validation_methods.CV.Block_CV object at 0x00000250F6CE8680>,4,Tree,2.068702870445181,1.1635774856589494,1.4382986026709408
datasets/synthetic_data/s2.csv,345,<timecave.validation_methods.CV.Block_CV object at 0x00000250F6CE8680>,4,ARMA,1.239493350388233,0.907937410321242,1.1133253569322101
datasets/synthetic_data/s2.csv,345,<timecave.validation_methods.CV.AdaptedhvBlockCV object at 0x00000250F6CEA420>,0,Tree,3.4265214565558506,1.4717949819915888,1.8510865610651088
datasets/synthetic_data/s2.csv,345,<timecave.validation_methods.CV.AdaptedhvBlockCV object at 0x00000250F6CEA420>,0,ARMA,2.6396409319234797,1.4515688406909213,1.6246971816075388
datasets/synthetic_data/s2.csv,345,<timecave.validation_methods.CV.AdaptedhvBlockCV object at 0x00000250F6CEA420>,1,Tree,2.3313392397894606,1.1739610778173784,1.526872371807631
datasets/synthetic_data/s2.csv,345,<timecave.validation_methods.CV.AdaptedhvBlockCV object at 0x00000250F6CEA420>,1,ARMA,1.0084266194995228,0.8153953030556841,1.0042044709617275
datasets/synthetic_data/s2.csv,345,<timecave.validation_methods.CV.AdaptedhvBlockCV object at 0x00000250F6CEA420>,2,Tree,5.8665789483337685,1.914355800049438,2.42210217545292
datasets/synthetic_data/s2.csv,345,<timecave.validation_methods.CV.AdaptedhvBlockCV object at 0x00000250F6CEA420>,2,ARMA,2.4561407363900685,1.3006798643043576,1.5672079429322927
datasets/synthetic_data/s2.csv,345,<timecave.validation_methods.CV.AdaptedhvBlockCV object at 0x00000250F6CEA420>,3,Tree,3.4137534927470123,1.4825636815222811,1.8476345668846457
datasets/synthetic_data/s2.csv,345,<timecave.validation_methods.CV.AdaptedhvBlockCV object at 0x00000250F6CEA420>,3,ARMA,1.959925325034642,1.1178701976730663,1.3999733301154855
datasets/synthetic_data/s2.csv,345,<timecave.validation_methods.CV.AdaptedhvBlockCV object at 0x00000250F6CEA420>,4,Tree,2.110117804070333,1.1983555605892315,1.452624453900709
datasets/synthetic_data/s2.csv,345,<timecave.validation_methods.CV.AdaptedhvBlockCV object at 0x00000250F6CEA420>,4,ARMA,1.1997286096916215,0.8933636827176639,1.0953212358443625
datasets/synthetic_data/s2.csv,345,<timecave.validation_methods.markov.MarkovCV object at 0x00000250F6CE8EC0>,0,Tree,2.6160673976426203,1.370035860661677,1.6174261645103372
datasets/synthetic_data/s2.csv,345,<timecave.validation_methods.markov.MarkovCV object at 0x00000250F6CE8EC0>,0,ARMA,2.3731012767175756,1.3904548734984086,1.5404873503919387
datasets/synthetic_data/s2.csv,345,<timecave.validation_methods.markov.MarkovCV object at 0x00000250F6CE8EC0>,1,Tree,4.609870058027413,1.5606406618067266,2.1470607951400473
datasets/synthetic_data/s2.csv,345,<timecave.validation_methods.markov.MarkovCV object at 0x00000250F6CE8EC0>,1,ARMA,1.6803260298488505,1.0657200172696057,1.2962739023249872
datasets/synthetic_data/s2.csv,345,<timecave.validation_methods.markov.MarkovCV object at 0x00000250F6CE8EC0>,2,Tree,8.324547237091435,2.5628433161231956,2.8852291481078995
datasets/synthetic_data/s2.csv,345,<timecave.validation_methods.markov.MarkovCV object at 0x00000250F6CE8EC0>,2,ARMA,2.9917648421895655,1.4355861401313639,1.7296718885931994
datasets/synthetic_data/s2.csv,345,<timecave.validation_methods.markov.MarkovCV object at 0x00000250F6CE8EC0>,3,Tree,2.5552634183651497,1.2956001494002602,1.598519132936841
datasets/synthetic_data/s2.csv,345,<timecave.validation_methods.markov.MarkovCV object at 0x00000250F6CE8EC0>,3,ARMA,1.853952304201893,1.024277064029813,1.3615991716367535
datasets/synthetic_data/s2.csv,345,<timecave.validation_methods.markov.MarkovCV object at 0x00000250F6CE8EC0>,4,Tree,8.384362614253762,2.6422126983031906,2.8955763872247893
datasets/synthetic_data/s2.csv,345,<timecave.validation_methods.markov.MarkovCV object at 0x00000250F6CE8EC0>,4,ARMA,3.0434620423607317,1.3934764606509797,1.7445521036531788
datasets/synthetic_data/s2.csv,345,<timecave.validation_methods.markov.MarkovCV object at 0x00000250F6CE8EC0>,5,Tree,8.433620245988145,2.5195941677765505,2.9040696007479134
datasets/synthetic_data/s2.csv,345,<timecave.validation_methods.markov.MarkovCV object at 0x00000250F6CE8EC0>,5,ARMA,1.6722318700810748,1.0432845787961171,1.2931480464668672
datasets/synthetic_data/s2.csv,345,<timecave.validation_methods.markov.MarkovCV object at 0x00000250F6CE8EC0>,6,Tree,2.0113835030373313,1.0407923916696895,1.4182325278448986
datasets/synthetic_data/s2.csv,345,<timecave.validation_methods.markov.MarkovCV object at 0x00000250F6CE8EC0>,6,ARMA,1.533428745439444,0.9551204231902044,1.23831690024785
datasets/synthetic_data/s2.csv,345,<timecave.validation_methods.markov.MarkovCV object at 0x00000250F6CE8EC0>,7,Tree,1.6306480730768784,1.0640285514093706,1.2769683132626581
datasets/synthetic_data/s2.csv,345,<timecave.validation_methods.markov.MarkovCV object at 0x00000250F6CE8EC0>,7,ARMA,1.6280626876280497,1.027236281045485,1.2759555978277808
datasets/synthetic_data/s2.csv,345,<timecave.validation_methods.markov.MarkovCV object at 0x00000250F6CE8EC0>,8,Tree,3.6790102719192443,1.5021744368070244,1.9180746262643809
datasets/synthetic_data/s2.csv,345,<timecave.validation_methods.markov.MarkovCV object at 0x00000250F6CE8EC0>,8,ARMA,1.5307922941682783,1.01616988341179,1.2372519121699825
datasets/synthetic_data/s2.csv,345,<timecave.validation_methods.markov.MarkovCV object at 0x00000250F6CE8EC0>,9,Tree,1.7395394775742865,1.0264782398811407,1.318916023700632
datasets/synthetic_data/s2.csv,345,<timecave.validation_methods.markov.MarkovCV object at 0x00000250F6CE8EC0>,9,ARMA,1.299894068077986,0.957745492507295,1.1401289699319046
datasets/synthetic_data/s2.csv,346,<timecave.validation_methods.OOS.Holdout object at 0x00000250F6AC8DA0>,0,Tree,2.10578170588368,1.205844012950757,1.4511311814869392
datasets/synthetic_data/s2.csv,346,<timecave.validation_methods.OOS.Holdout object at 0x00000250F6AC8DA0>,0,ARMA,1.078858235883243,0.8607641127021924,1.0386810077609212
datasets/synthetic_data/s2.csv,346,<timecave.validation_methods.OOS.Repeated_Holdout object at 0x00000250F6C17410>,0,Tree,2.7223164292364475,1.2720286924584372,1.6499443715581588
datasets/synthetic_data/s2.csv,346,<timecave.validation_methods.OOS.Repeated_Holdout object at 0x00000250F6C17410>,0,ARMA,1.159896930682841,0.9283199079523327,1.0769851116347158
datasets/synthetic_data/s2.csv,346,<timecave.validation_methods.OOS.Repeated_Holdout object at 0x00000250F6C17410>,1,Tree,3.6559298718677953,1.5178741632801362,1.9120486060421673
datasets/synthetic_data/s2.csv,346,<timecave.validation_methods.OOS.Repeated_Holdout object at 0x00000250F6C17410>,1,ARMA,1.1317659116611432,0.8840549279030372,1.06384487199081
datasets/synthetic_data/s2.csv,346,<timecave.validation_methods.OOS.Repeated_Holdout object at 0x00000250F6C17410>,2,Tree,2.1662713274807817,1.15535598904577,1.4718258482173703
datasets/synthetic_data/s2.csv,346,<timecave.validation_methods.OOS.Repeated_Holdout object at 0x00000250F6C17410>,2,ARMA,1.1858087752461615,0.9080589591160454,1.0889484722640284
datasets/synthetic_data/s2.csv,346,<timecave.validation_methods.OOS.Repeated_Holdout object at 0x00000250F6C17410>,3,Tree,2.470029927805068,1.2250861071056016,1.571632885824507
datasets/synthetic_data/s2.csv,346,<timecave.validation_methods.OOS.Repeated_Holdout object at 0x00000250F6C17410>,3,ARMA,1.078858235883243,0.8607641127021924,1.0386810077609212
datasets/synthetic_data/s2.csv,346,<timecave.validation_methods.prequential.Growing_Window object at 0x00000250F6C16450>,0,Tree,1.7116432688735197,1.0657936697119217,1.308297851742301
datasets/synthetic_data/s2.csv,346,<timecave.validation_methods.prequential.Growing_Window object at 0x00000250F6C16450>,0,ARMA,0.9906758365926769,0.8119945044161863,0.9953269998310489
datasets/synthetic_data/s2.csv,346,<timecave.validation_methods.prequential.Growing_Window object at 0x00000250F6C16450>,1,Tree,1.3754201135955921,0.9757704001732731,1.1727830633137537
datasets/synthetic_data/s2.csv,346,<timecave.validation_methods.prequential.Growing_Window object at 0x00000250F6C16450>,1,ARMA,1.5215405653421474,1.0064694533383756,1.233507424113105
datasets/synthetic_data/s2.csv,346,<timecave.validation_methods.prequential.Growing_Window object at 0x00000250F6C16450>,2,Tree,2.129700813698333,1.2553302390946135,1.4593494487950214
datasets/synthetic_data/s2.csv,346,<timecave.validation_methods.prequential.Growing_Window object at 0x00000250F6C16450>,2,ARMA,1.4310364801074935,1.0094232658895266,1.1962593699141895
datasets/synthetic_data/s2.csv,346,<timecave.validation_methods.prequential.Growing_Window object at 0x00000250F6C16450>,3,Tree,2.786812809585641,1.341744630624657,1.6693749757276348
datasets/synthetic_data/s2.csv,346,<timecave.validation_methods.prequential.Growing_Window object at 0x00000250F6C16450>,3,ARMA,1.1670951967363616,0.9107286847096936,1.0803218023979528
datasets/synthetic_data/s2.csv,346,<timecave.validation_methods.prequential.Growing_Window object at 0x00000250F6C17D10>,0,Tree,2.7681988763508265,1.332333169518924,1.6637905145633047
datasets/synthetic_data/s2.csv,346,<timecave.validation_methods.prequential.Growing_Window object at 0x00000250F6C17D10>,0,ARMA,1.6036493054188334,1.0130592725712364,1.2663527571016038
datasets/synthetic_data/s2.csv,346,<timecave.validation_methods.prequential.Growing_Window object at 0x00000250F6C17D10>,1,Tree,2.3641802709542086,1.2827622913467986,1.5375891099231318
datasets/synthetic_data/s2.csv,346,<timecave.validation_methods.prequential.Growing_Window object at 0x00000250F6C17D10>,1,ARMA,1.610795518700919,1.0941601218912755,1.2691711936145254
datasets/synthetic_data/s2.csv,346,<timecave.validation_methods.prequential.Growing_Window object at 0x00000250F6C17D10>,2,Tree,2.6040016431610757,1.4277779671472421,1.6136919294465955
datasets/synthetic_data/s2.csv,346,<timecave.validation_methods.prequential.Growing_Window object at 0x00000250F6C17D10>,2,ARMA,1.2000530414572421,0.9373538340404659,1.095469324744989
datasets/synthetic_data/s2.csv,346,<timecave.validation_methods.prequential.Rolling_Window object at 0x00000250F6C14830>,0,Tree,1.61779063292835,1.005975043400326,1.2719239886598372
datasets/synthetic_data/s2.csv,346,<timecave.validation_methods.prequential.Rolling_Window object at 0x00000250F6C14830>,0,ARMA,0.9906758365926769,0.8119945044161863,0.9953269998310489
datasets/synthetic_data/s2.csv,346,<timecave.validation_methods.prequential.Rolling_Window object at 0x00000250F6C14830>,1,Tree,2.195782634478147,1.2397375580365892,1.481817341806387
datasets/synthetic_data/s2.csv,346,<timecave.validation_methods.prequential.Rolling_Window object at 0x00000250F6C14830>,1,ARMA,1.6019740948845613,1.0216253130368211,1.2656911530403305
datasets/synthetic_data/s2.csv,346,<timecave.validation_methods.prequential.Rolling_Window object at 0x00000250F6C14830>,2,Tree,2.5714909642608905,1.334283852919272,1.603586905740032
datasets/synthetic_data/s2.csv,346,<timecave.validation_methods.prequential.Rolling_Window object at 0x00000250F6C14830>,2,ARMA,1.4191259799609677,1.00536833246045,1.1912707416708292
datasets/synthetic_data/s2.csv,346,<timecave.validation_methods.prequential.Rolling_Window object at 0x00000250F6C14830>,3,Tree,2.1526988236065474,1.2269989551639824,1.467207832451336
datasets/synthetic_data/s2.csv,346,<timecave.validation_methods.prequential.Rolling_Window object at 0x00000250F6C14830>,3,ARMA,1.2114914341989111,0.9313453312096239,1.1006777158636907
datasets/synthetic_data/s2.csv,346,<timecave.validation_methods.prequential.Rolling_Window object at 0x00000250F6C16480>,0,Tree,2.7800307791906023,1.3236461168436744,1.6673424300936512
datasets/synthetic_data/s2.csv,346,<timecave.validation_methods.prequential.Rolling_Window object at 0x00000250F6C16480>,0,ARMA,1.6036493054188334,1.0130592725712364,1.2663527571016038
datasets/synthetic_data/s2.csv,346,<timecave.validation_methods.prequential.Rolling_Window object at 0x00000250F6C16480>,1,Tree,1.311018887669024,0.8896508317619889,1.1449973308567247
datasets/synthetic_data/s2.csv,346,<timecave.validation_methods.prequential.Rolling_Window object at 0x00000250F6C16480>,1,ARMA,1.606776421788956,1.0807712430645844,1.2675868498012102
datasets/synthetic_data/s2.csv,346,<timecave.validation_methods.prequential.Rolling_Window object at 0x00000250F6C16480>,2,Tree,2.3810903554443654,1.3440389519961615,1.5430782078185037
datasets/synthetic_data/s2.csv,346,<timecave.validation_methods.prequential.Rolling_Window object at 0x00000250F6C16480>,2,ARMA,1.1875799114173078,0.9208267772241253,1.089761401141235
datasets/synthetic_data/s2.csv,346,<timecave.validation_methods.CV.Block_CV object at 0x00000250F6C14920>,0,Tree,2.4471852685023032,1.253467186094139,1.5643481928593466
datasets/synthetic_data/s2.csv,346,<timecave.validation_methods.CV.Block_CV object at 0x00000250F6C14920>,0,ARMA,1.3355253304234742,0.8850303512890383,1.1556493111768267
datasets/synthetic_data/s2.csv,346,<timecave.validation_methods.CV.Block_CV object at 0x00000250F6C14920>,1,Tree,1.6234281695307113,1.035341392890578,1.2741382066050415
datasets/synthetic_data/s2.csv,346,<timecave.validation_methods.CV.Block_CV object at 0x00000250F6C14920>,1,ARMA,0.991759028128668,0.8098140919543828,0.9958709897013107
datasets/synthetic_data/s2.csv,346,<timecave.validation_methods.CV.Block_CV object at 0x00000250F6C14920>,2,Tree,1.8944419100875467,1.1662441980594702,1.376387267482356
datasets/synthetic_data/s2.csv,346,<timecave.validation_methods.CV.Block_CV object at 0x00000250F6C14920>,2,ARMA,1.4703006420802223,0.968003761998203,1.2125595416639228
datasets/synthetic_data/s2.csv,346,<timecave.validation_methods.CV.Block_CV object at 0x00000250F6C14920>,3,Tree,2.733405883073686,1.2732789989317008,1.6533015100318773
datasets/synthetic_data/s2.csv,346,<timecave.validation_methods.CV.Block_CV object at 0x00000250F6C14920>,3,ARMA,1.5732916866641389,1.0856165455477838,1.254309246822385
datasets/synthetic_data/s2.csv,346,<timecave.validation_methods.CV.Block_CV object at 0x00000250F6C14920>,4,Tree,2.869095516848802,1.34945200825901,1.693840463812576
datasets/synthetic_data/s2.csv,346,<timecave.validation_methods.CV.Block_CV object at 0x00000250F6C14920>,4,ARMA,1.1670951967363616,0.9107286847096936,1.0803218023979528
datasets/synthetic_data/s2.csv,346,<timecave.validation_methods.CV.AdaptedhvBlockCV object at 0x00000250F6C17680>,0,Tree,1.781711237699226,1.0702269061123568,1.3348075657933716
datasets/synthetic_data/s2.csv,346,<timecave.validation_methods.CV.AdaptedhvBlockCV object at 0x00000250F6C17680>,0,ARMA,1.3318211746398436,0.8829040109956166,1.1540455687016191
datasets/synthetic_data/s2.csv,346,<timecave.validation_methods.CV.AdaptedhvBlockCV object at 0x00000250F6C17680>,1,Tree,2.2995051649162304,1.223416877069259,1.5164119377386311
datasets/synthetic_data/s2.csv,346,<timecave.validation_methods.CV.AdaptedhvBlockCV object at 0x00000250F6C17680>,1,ARMA,0.9840089587078411,0.8067181674234147,0.9919722570252866
datasets/synthetic_data/s2.csv,346,<timecave.validation_methods.CV.AdaptedhvBlockCV object at 0x00000250F6C17680>,2,Tree,2.246240547806382,1.1222252113317899,1.498746325368767
datasets/synthetic_data/s2.csv,346,<timecave.validation_methods.CV.AdaptedhvBlockCV object at 0x00000250F6C17680>,2,ARMA,1.4432418042757589,0.9650631867875223,1.2013499924150992
datasets/synthetic_data/s2.csv,346,<timecave.validation_methods.CV.AdaptedhvBlockCV object at 0x00000250F6C17680>,3,Tree,1.5394839075571245,0.9558887778079709,1.240759407603716
datasets/synthetic_data/s2.csv,346,<timecave.validation_methods.CV.AdaptedhvBlockCV object at 0x00000250F6C17680>,3,ARMA,1.5626056118323906,1.080896169486992,1.2500422440191334
datasets/synthetic_data/s2.csv,346,<timecave.validation_methods.CV.AdaptedhvBlockCV object at 0x00000250F6C17680>,4,Tree,3.0140437844337917,1.4150460936539826,1.7361001654379828
datasets/synthetic_data/s2.csv,346,<timecave.validation_methods.CV.AdaptedhvBlockCV object at 0x00000250F6C17680>,4,ARMA,1.182229133296317,0.9352464231975635,1.0873036067705824
datasets/synthetic_data/s2.csv,346,<timecave.validation_methods.markov.MarkovCV object at 0x00000250F6C15B50>,0,Tree,3.345373104664541,1.546515497226849,1.8290361135484834
datasets/synthetic_data/s2.csv,346,<timecave.validation_methods.markov.MarkovCV object at 0x00000250F6C15B50>,0,ARMA,1.1711045659005923,0.7906627017871213,1.0821758479566028
datasets/synthetic_data/s2.csv,346,<timecave.validation_methods.markov.MarkovCV object at 0x00000250F6C15B50>,1,Tree,1.884664195194785,1.1461617221710405,1.3728307234305273
datasets/synthetic_data/s2.csv,346,<timecave.validation_methods.markov.MarkovCV object at 0x00000250F6C15B50>,1,ARMA,1.6688417150669936,1.1149996984797614,1.2918365667014515
datasets/synthetic_data/s2.csv,346,<timecave.validation_methods.markov.MarkovCV object at 0x00000250F6C15B50>,2,Tree,3.967745317818917,1.836734614524584,1.991920007886591
datasets/synthetic_data/s2.csv,346,<timecave.validation_methods.markov.MarkovCV object at 0x00000250F6C15B50>,2,ARMA,1.3222085088323183,0.9653606062681108,1.149873257725528
datasets/synthetic_data/s2.csv,346,<timecave.validation_methods.markov.MarkovCV object at 0x00000250F6C15B50>,3,Tree,5.118738507713384,1.9445481451082796,2.2624629295777168
datasets/synthetic_data/s2.csv,346,<timecave.validation_methods.markov.MarkovCV object at 0x00000250F6C15B50>,3,ARMA,1.5028433344133807,1.0535066293183786,1.2259051082418169
datasets/synthetic_data/s2.csv,346,<timecave.validation_methods.markov.MarkovCV object at 0x00000250F6C15B50>,4,Tree,3.482873903965221,1.5162193319724302,1.8662459387672412
datasets/synthetic_data/s2.csv,346,<timecave.validation_methods.markov.MarkovCV object at 0x00000250F6C15B50>,4,ARMA,1.551498697419424,0.9227823174724823,1.2455917057444723
datasets/synthetic_data/s2.csv,346,<timecave.validation_methods.markov.MarkovCV object at 0x00000250F6C15B50>,5,Tree,4.137284715986614,1.688388477476204,2.0340316408518855
datasets/synthetic_data/s2.csv,346,<timecave.validation_methods.markov.MarkovCV object at 0x00000250F6C15B50>,5,ARMA,1.3467210001364065,0.8443222739190701,1.1604830891212532
datasets/synthetic_data/s2.csv,346,<timecave.validation_methods.markov.MarkovCV object at 0x00000250F6C15B50>,6,Tree,3.0931981850458525,1.4535701323477836,1.7587490398137684
datasets/synthetic_data/s2.csv,346,<timecave.validation_methods.markov.MarkovCV object at 0x00000250F6C15B50>,6,ARMA,1.5395224788281303,0.9705405762062559,1.2407749509190336
datasets/synthetic_data/s2.csv,346,<timecave.validation_methods.markov.MarkovCV object at 0x00000250F6C15B50>,7,Tree,4.289194225539474,1.808532661385776,2.0710369927984082
datasets/synthetic_data/s2.csv,346,<timecave.validation_methods.markov.MarkovCV object at 0x00000250F6C15B50>,7,ARMA,1.6283370574587683,1.072374243745936,1.2760631087288623
datasets/synthetic_data/s2.csv,346,<timecave.validation_methods.markov.MarkovCV object at 0x00000250F6C15B50>,8,Tree,3.6757094476785013,1.3608602382680905,1.91721398067052
datasets/synthetic_data/s2.csv,346,<timecave.validation_methods.markov.MarkovCV object at 0x00000250F6C15B50>,8,ARMA,1.4276775645379374,0.899261480161806,1.1948546206706225
datasets/synthetic_data/s2.csv,346,<timecave.validation_methods.markov.MarkovCV object at 0x00000250F6C15B50>,9,Tree,0.8419844969474567,0.7469803172215719,0.9175971321595642
datasets/synthetic_data/s2.csv,346,<timecave.validation_methods.markov.MarkovCV object at 0x00000250F6C15B50>,9,ARMA,0.9325685343805432,0.8134068553358128,0.9656958808965393
datasets/synthetic_data/s2.csv,347,<timecave.validation_methods.OOS.Holdout object at 0x00000250F6AA2CF0>,0,Tree,2.781279760747971,1.2818822896622981,1.6677169306413997
datasets/synthetic_data/s2.csv,347,<timecave.validation_methods.OOS.Holdout object at 0x00000250F6AA2CF0>,0,ARMA,1.6024398651231218,1.0344082991087655,1.2658751380460562
datasets/synthetic_data/s2.csv,347,<timecave.validation_methods.OOS.Repeated_Holdout object at 0x00000250F6CE9790>,0,Tree,2.4758716776922216,1.3223853441981013,1.5734902852233381
datasets/synthetic_data/s2.csv,347,<timecave.validation_methods.OOS.Repeated_Holdout object at 0x00000250F6CE9790>,0,ARMA,1.6292524757595015,1.0324703725222446,1.2764217468217554
datasets/synthetic_data/s2.csv,347,<timecave.validation_methods.OOS.Repeated_Holdout object at 0x00000250F6CE9790>,1,Tree,2.966069655871646,1.3466207713261815,1.7222281079670154
datasets/synthetic_data/s2.csv,347,<timecave.validation_methods.OOS.Repeated_Holdout object at 0x00000250F6CE9790>,1,ARMA,1.7582259035921197,1.072477654907675,1.325981109817225
datasets/synthetic_data/s2.csv,347,<timecave.validation_methods.OOS.Repeated_Holdout object at 0x00000250F6CE9790>,2,Tree,2.6598767800204124,1.2929338990983006,1.6309128670840796
datasets/synthetic_data/s2.csv,347,<timecave.validation_methods.OOS.Repeated_Holdout object at 0x00000250F6CE9790>,2,ARMA,1.5292991471137125,1.0160043005877095,1.2366483522463905
datasets/synthetic_data/s2.csv,347,<timecave.validation_methods.OOS.Repeated_Holdout object at 0x00000250F6CE9790>,3,Tree,2.5130809179190106,1.2205667108195368,1.5852699826587933
datasets/synthetic_data/s2.csv,347,<timecave.validation_methods.OOS.Repeated_Holdout object at 0x00000250F6CE9790>,3,ARMA,1.6024398651231218,1.0344082991087655,1.2658751380460562
datasets/synthetic_data/s2.csv,347,<timecave.validation_methods.prequential.Growing_Window object at 0x00000250F6CEAD80>,0,Tree,3.462127540694178,1.5574699760573807,1.8606793223697033
datasets/synthetic_data/s2.csv,347,<timecave.validation_methods.prequential.Growing_Window object at 0x00000250F6CEAD80>,0,ARMA,3.5867424715109255,1.6275472437449796,1.893869708166569
datasets/synthetic_data/s2.csv,347,<timecave.validation_methods.prequential.Growing_Window object at 0x00000250F6CEAD80>,1,Tree,2.527204344611125,1.3685641795806474,1.5897183224115916
datasets/synthetic_data/s2.csv,347,<timecave.validation_methods.prequential.Growing_Window object at 0x00000250F6CEAD80>,1,ARMA,1.4974190699021142,0.9662606221523676,1.2236907574637124
datasets/synthetic_data/s2.csv,347,<timecave.validation_methods.prequential.Growing_Window object at 0x00000250F6CEAD80>,2,Tree,2.1010031575688326,1.1856943148726853,1.4494837555380993
datasets/synthetic_data/s2.csv,347,<timecave.validation_methods.prequential.Growing_Window object at 0x00000250F6CEAD80>,2,ARMA,1.074030463189498,0.8661351530269856,1.036354410030419
datasets/synthetic_data/s2.csv,347,<timecave.validation_methods.prequential.Growing_Window object at 0x00000250F6CEAD80>,3,Tree,2.2734451632160355,1.1836113115081088,1.5077948014289064
datasets/synthetic_data/s2.csv,347,<timecave.validation_methods.prequential.Growing_Window object at 0x00000250F6CEAD80>,3,ARMA,1.8263140809997316,1.1087521974429075,1.3514118842898089
datasets/synthetic_data/s2.csv,347,<timecave.validation_methods.prequential.Growing_Window object at 0x00000250F6CE9310>,0,Tree,5.047998150133022,1.930223051342204,2.2467750555258137
datasets/synthetic_data/s2.csv,347,<timecave.validation_methods.prequential.Growing_Window object at 0x00000250F6CE9310>,0,ARMA,2.8055139407809406,1.309195991701984,1.6749668476662278
datasets/synthetic_data/s2.csv,347,<timecave.validation_methods.prequential.Growing_Window object at 0x00000250F6CE9310>,1,Tree,2.1359217335839173,1.25219387522186,1.4614792963240764
datasets/synthetic_data/s2.csv,347,<timecave.validation_methods.prequential.Growing_Window object at 0x00000250F6CE9310>,1,ARMA,1.5502941930475684,1.0078450456951917,1.245108104964211
datasets/synthetic_data/s2.csv,347,<timecave.validation_methods.prequential.Growing_Window object at 0x00000250F6CE9310>,2,Tree,2.9026681833288506,1.2426134128751019,1.7037218620798555
datasets/synthetic_data/s2.csv,347,<timecave.validation_methods.prequential.Growing_Window object at 0x00000250F6CE9310>,2,ARMA,1.7474440727420921,1.1041157707339662,1.3219092528392757
datasets/synthetic_data/s2.csv,347,<timecave.validation_methods.prequential.Rolling_Window object at 0x00000250F6CE9D30>,0,Tree,3.424919113364172,1.5637360845340669,1.850653698930238
datasets/synthetic_data/s2.csv,347,<timecave.validation_methods.prequential.Rolling_Window object at 0x00000250F6CE9D30>,0,ARMA,3.5867424715109255,1.6275472437449796,1.893869708166569
datasets/synthetic_data/s2.csv,347,<timecave.validation_methods.prequential.Rolling_Window object at 0x00000250F6CE9D30>,1,Tree,2.6107767609583865,1.304609701783798,1.6157898257379846
datasets/synthetic_data/s2.csv,347,<timecave.validation_methods.prequential.Rolling_Window object at 0x00000250F6CE9D30>,1,ARMA,1.954123300651521,1.1281871119968723,1.3978996032088717
datasets/synthetic_data/s2.csv,347,<timecave.validation_methods.prequential.Rolling_Window object at 0x00000250F6CE9D30>,2,Tree,2.0915355182267827,1.1043608533436529,1.4462142020554156
datasets/synthetic_data/s2.csv,347,<timecave.validation_methods.prequential.Rolling_Window object at 0x00000250F6CE9D30>,2,ARMA,1.2177115220073982,0.8961132377277883,1.103499670143765
datasets/synthetic_data/s2.csv,347,<timecave.validation_methods.prequential.Rolling_Window object at 0x00000250F6CE9D30>,3,Tree,2.4236142535263734,1.2195965694815125,1.5567961502799181
datasets/synthetic_data/s2.csv,347,<timecave.validation_methods.prequential.Rolling_Window object at 0x00000250F6CE9D30>,3,ARMA,1.7963056111266542,1.0949113771516163,1.3402632618730748
datasets/synthetic_data/s2.csv,347,<timecave.validation_methods.prequential.Rolling_Window object at 0x00000250F6CEA2D0>,0,Tree,4.860924603645279,1.8635561210834715,2.204750462897169
datasets/synthetic_data/s2.csv,347,<timecave.validation_methods.prequential.Rolling_Window object at 0x00000250F6CEA2D0>,0,ARMA,2.8055139407809406,1.309195991701984,1.6749668476662278
datasets/synthetic_data/s2.csv,347,<timecave.validation_methods.prequential.Rolling_Window object at 0x00000250F6CEA2D0>,1,Tree,1.733186768950603,1.0806977419975707,1.3165055142120001
datasets/synthetic_data/s2.csv,347,<timecave.validation_methods.prequential.Rolling_Window object at 0x00000250F6CEA2D0>,1,ARMA,1.8653892673539265,1.0649242238006051,1.3657925418429866
datasets/synthetic_data/s2.csv,347,<timecave.validation_methods.prequential.Rolling_Window object at 0x00000250F6CEA2D0>,2,Tree,3.111760427846576,1.401901419434185,1.764018261766747
datasets/synthetic_data/s2.csv,347,<timecave.validation_methods.prequential.Rolling_Window object at 0x00000250F6CEA2D0>,2,ARMA,1.867597356446009,1.118148800145846,1.3666006572682485
datasets/synthetic_data/s2.csv,347,<timecave.validation_methods.CV.Block_CV object at 0x00000250F6CEAF00>,0,Tree,1.9746626295352914,1.2650882043023148,1.4052268961044303
datasets/synthetic_data/s2.csv,347,<timecave.validation_methods.CV.Block_CV object at 0x00000250F6CEAF00>,0,ARMA,3.1911276138203695,1.3986860671066497,1.7863727533245601
datasets/synthetic_data/s2.csv,347,<timecave.validation_methods.CV.Block_CV object at 0x00000250F6CEAF00>,1,Tree,1.6533803688522928,1.0390363437395398,1.2858383914210576
datasets/synthetic_data/s2.csv,347,<timecave.validation_methods.CV.Block_CV object at 0x00000250F6CEAF00>,1,ARMA,2.4261681567370443,1.3198807671618757,1.557616177605075
datasets/synthetic_data/s2.csv,347,<timecave.validation_methods.CV.Block_CV object at 0x00000250F6CEAF00>,2,Tree,2.8861226938019873,1.3819835222217134,1.6988592330743555
datasets/synthetic_data/s2.csv,347,<timecave.validation_methods.CV.Block_CV object at 0x00000250F6CEAF00>,2,ARMA,1.7864921396991804,1.058545348860689,1.33659722418505
datasets/synthetic_data/s2.csv,347,<timecave.validation_methods.CV.Block_CV object at 0x00000250F6CEAF00>,3,Tree,2.012188864375236,1.2092479565990386,1.4185164307737983
datasets/synthetic_data/s2.csv,347,<timecave.validation_methods.CV.Block_CV object at 0x00000250F6CEAF00>,3,ARMA,1.1501014953759612,0.8611529508957503,1.072427850895323
datasets/synthetic_data/s2.csv,347,<timecave.validation_methods.CV.Block_CV object at 0x00000250F6CEAF00>,4,Tree,2.272169156087264,1.187935641559694,1.5073716051748036
datasets/synthetic_data/s2.csv,347,<timecave.validation_methods.CV.Block_CV object at 0x00000250F6CEAF00>,4,ARMA,1.8263140809997316,1.1087521974429075,1.3514118842898089
datasets/synthetic_data/s2.csv,347,<timecave.validation_methods.CV.AdaptedhvBlockCV object at 0x00000250F6CEB9B0>,0,Tree,2.3122590398731613,1.3091390070158664,1.5206114033089326
datasets/synthetic_data/s2.csv,347,<timecave.validation_methods.CV.AdaptedhvBlockCV object at 0x00000250F6CEB9B0>,0,ARMA,3.2164351931955926,1.4071942887758064,1.7934422748434342
datasets/synthetic_data/s2.csv,347,<timecave.validation_methods.CV.AdaptedhvBlockCV object at 0x00000250F6CEB9B0>,1,Tree,1.5551428710622877,1.0673058710669332,1.247053676095094
datasets/synthetic_data/s2.csv,347,<timecave.validation_methods.CV.AdaptedhvBlockCV object at 0x00000250F6CEB9B0>,1,ARMA,2.445741221097346,1.3262045498063941,1.5638865755218139
datasets/synthetic_data/s2.csv,347,<timecave.validation_methods.CV.AdaptedhvBlockCV object at 0x00000250F6CEB9B0>,2,Tree,2.522591060423254,1.2656602351860853,1.5882666842892772
datasets/synthetic_data/s2.csv,347,<timecave.validation_methods.CV.AdaptedhvBlockCV object at 0x00000250F6CEB9B0>,2,ARMA,1.8050228336021645,1.0590022125024272,1.3435113820143707
datasets/synthetic_data/s2.csv,347,<timecave.validation_methods.CV.AdaptedhvBlockCV object at 0x00000250F6CEB9B0>,3,Tree,2.2660695682877017,1.3048895070121131,1.5053469926524254
datasets/synthetic_data/s2.csv,347,<timecave.validation_methods.CV.AdaptedhvBlockCV object at 0x00000250F6CEB9B0>,3,ARMA,1.1143952145062541,0.8701014349471631,1.055649191022403
datasets/synthetic_data/s2.csv,347,<timecave.validation_methods.CV.AdaptedhvBlockCV object at 0x00000250F6CEB9B0>,4,Tree,2.2244304018078775,1.1497787963238173,1.491452447048808
datasets/synthetic_data/s2.csv,347,<timecave.validation_methods.CV.AdaptedhvBlockCV object at 0x00000250F6CEB9B0>,4,ARMA,1.735256045970671,1.0544184555577094,1.317291177367658
datasets/synthetic_data/s2.csv,347,<timecave.validation_methods.markov.MarkovCV object at 0x00000250F6CE9670>,0,Tree,3.7268679185614113,1.6276425045862832,1.9305097561425095
datasets/synthetic_data/s2.csv,347,<timecave.validation_methods.markov.MarkovCV object at 0x00000250F6CE9670>,0,ARMA,1.4861231031623334,1.125375904176157,1.219066488409198
datasets/synthetic_data/s2.csv,347,<timecave.validation_methods.markov.MarkovCV object at 0x00000250F6CE9670>,1,Tree,2.9422254115038875,1.3684109083684117,1.715291640364369
datasets/synthetic_data/s2.csv,347,<timecave.validation_methods.markov.MarkovCV object at 0x00000250F6CE9670>,1,ARMA,2.5533264039831938,1.3090452066069376,1.5979131403124494
datasets/synthetic_data/s2.csv,347,<timecave.validation_methods.markov.MarkovCV object at 0x00000250F6CE9670>,2,Tree,3.3214709806273355,1.5172205508438397,1.8224903238775605
datasets/synthetic_data/s2.csv,347,<timecave.validation_methods.markov.MarkovCV object at 0x00000250F6CE9670>,2,ARMA,2.01844148426468,1.1893664331645981,1.4207186506358955
datasets/synthetic_data/s2.csv,347,<timecave.validation_methods.markov.MarkovCV object at 0x00000250F6CE9670>,3,Tree,5.476369589264911,2.133202747293537,2.3401644363729894
datasets/synthetic_data/s2.csv,347,<timecave.validation_methods.markov.MarkovCV object at 0x00000250F6CE9670>,3,ARMA,1.6786474089571057,1.162941311704378,1.2956262612949405
datasets/synthetic_data/s2.csv,347,<timecave.validation_methods.markov.MarkovCV object at 0x00000250F6CE9670>,4,Tree,7.3631813996959545,2.0401672221815748,2.7135182696447715
datasets/synthetic_data/s2.csv,347,<timecave.validation_methods.markov.MarkovCV object at 0x00000250F6CE9670>,4,ARMA,2.410642448721788,1.3327080391533515,1.5526243746385626
datasets/synthetic_data/s2.csv,347,<timecave.validation_methods.markov.MarkovCV object at 0x00000250F6CE9670>,5,Tree,4.317630709939954,1.3930287815237348,2.0778909283068625
datasets/synthetic_data/s2.csv,347,<timecave.validation_methods.markov.MarkovCV object at 0x00000250F6CE9670>,5,ARMA,2.7912407926565397,1.0514884454245512,1.670700689129127
datasets/synthetic_data/s2.csv,347,<timecave.validation_methods.markov.MarkovCV object at 0x00000250F6CE9670>,6,Tree,4.106026182357959,1.699163776622867,2.0263331864128267
datasets/synthetic_data/s2.csv,347,<timecave.validation_methods.markov.MarkovCV object at 0x00000250F6CE9670>,6,ARMA,2.2051841371215937,1.208560868284055,1.4849862413913448
datasets/synthetic_data/s2.csv,347,<timecave.validation_methods.markov.MarkovCV object at 0x00000250F6CE9670>,7,Tree,3.6194390668793877,1.5223286202587585,1.902482343381769
datasets/synthetic_data/s2.csv,347,<timecave.validation_methods.markov.MarkovCV object at 0x00000250F6CE9670>,7,ARMA,3.171379823726956,1.350953028454387,1.7808368324265298
datasets/synthetic_data/s2.csv,347,<timecave.validation_methods.markov.MarkovCV object at 0x00000250F6CE9670>,8,Tree,5.430979890509689,1.7716294242534933,2.3304462856950146
datasets/synthetic_data/s2.csv,347,<timecave.validation_methods.markov.MarkovCV object at 0x00000250F6CE9670>,8,ARMA,1.8165406459775673,1.1337105161327097,1.347791024594528
datasets/synthetic_data/s2.csv,347,<timecave.validation_methods.markov.MarkovCV object at 0x00000250F6CE9670>,9,Tree,5.017311181486864,1.8895261831908585,2.2399355306541446
datasets/synthetic_data/s2.csv,347,<timecave.validation_methods.markov.MarkovCV object at 0x00000250F6CE9670>,9,ARMA,1.9697412357504436,1.0252799561636343,1.4034747007874575
datasets/synthetic_data/s2.csv,348,<timecave.validation_methods.OOS.Holdout object at 0x00000250F29F6A20>,0,Tree,1.5863635340682278,1.0266731700846523,1.2595092433437032
datasets/synthetic_data/s2.csv,348,<timecave.validation_methods.OOS.Holdout object at 0x00000250F29F6A20>,0,ARMA,1.4617602788833637,0.9872252759096148,1.2090327865212604
datasets/synthetic_data/s2.csv,348,<timecave.validation_methods.OOS.Repeated_Holdout object at 0x00000250F6C15AF0>,0,Tree,1.4757469283382478,1.0151911638140598,1.2148032467598395
datasets/synthetic_data/s2.csv,348,<timecave.validation_methods.OOS.Repeated_Holdout object at 0x00000250F6C15AF0>,0,ARMA,1.6537261017242497,1.0369380101784051,1.2859728230892944
datasets/synthetic_data/s2.csv,348,<timecave.validation_methods.OOS.Repeated_Holdout object at 0x00000250F6C15AF0>,1,Tree,1.9133983197640076,1.1818105655283209,1.3832564186599705
datasets/synthetic_data/s2.csv,348,<timecave.validation_methods.OOS.Repeated_Holdout object at 0x00000250F6C15AF0>,1,ARMA,1.352865815108628,0.9597336602624501,1.1631276005274005
datasets/synthetic_data/s2.csv,348,<timecave.validation_methods.OOS.Repeated_Holdout object at 0x00000250F6C15AF0>,2,Tree,1.6871839981245476,1.047127036426909,1.2989164708034722
datasets/synthetic_data/s2.csv,348,<timecave.validation_methods.OOS.Repeated_Holdout object at 0x00000250F6C15AF0>,2,ARMA,1.532169566021951,1.007308714399621,1.2378083720923652
datasets/synthetic_data/s2.csv,348,<timecave.validation_methods.OOS.Repeated_Holdout object at 0x00000250F6C15AF0>,3,Tree,1.713221151264861,1.0966318947474787,1.3089007415632634
datasets/synthetic_data/s2.csv,348,<timecave.validation_methods.OOS.Repeated_Holdout object at 0x00000250F6C15AF0>,3,ARMA,1.4617602788833637,0.9872252759096148,1.2090327865212604
datasets/synthetic_data/s2.csv,348,<timecave.validation_methods.prequential.Growing_Window object at 0x00000250F6C164E0>,0,Tree,2.6969976383636007,1.3004524050066826,1.642253828847295
datasets/synthetic_data/s2.csv,348,<timecave.validation_methods.prequential.Growing_Window object at 0x00000250F6C164E0>,0,ARMA,1.6698126357598926,1.0210764945469553,1.2922123028975898
datasets/synthetic_data/s2.csv,348,<timecave.validation_methods.prequential.Growing_Window object at 0x00000250F6C164E0>,1,Tree,2.906387840254443,1.3334680407439663,1.7048131393951782
datasets/synthetic_data/s2.csv,348,<timecave.validation_methods.prequential.Growing_Window object at 0x00000250F6C164E0>,1,ARMA,1.9993559199692728,1.1781190445166958,1.4139858273579946
datasets/synthetic_data/s2.csv,348,<timecave.validation_methods.prequential.Growing_Window object at 0x00000250F6C164E0>,2,Tree,2.23211679765218,1.1922212475875353,1.4940270404688731
datasets/synthetic_data/s2.csv,348,<timecave.validation_methods.prequential.Growing_Window object at 0x00000250F6C164E0>,2,ARMA,1.325626575389058,0.8715648186601935,1.1513585781106848
datasets/synthetic_data/s2.csv,348,<timecave.validation_methods.prequential.Growing_Window object at 0x00000250F6C164E0>,3,Tree,1.921511200482102,1.1151025800641468,1.3861858462998755
datasets/synthetic_data/s2.csv,348,<timecave.validation_methods.prequential.Growing_Window object at 0x00000250F6C164E0>,3,ARMA,1.4091635948844001,0.9936550635330406,1.1870819663714887
datasets/synthetic_data/s2.csv,348,<timecave.validation_methods.prequential.Growing_Window object at 0x00000250F6C15D30>,0,Tree,2.316168973291907,1.1780799050169362,1.5218965054470381
datasets/synthetic_data/s2.csv,348,<timecave.validation_methods.prequential.Growing_Window object at 0x00000250F6C15D30>,0,ARMA,2.3255035542091402,1.2648259372819637,1.5249601811880664
datasets/synthetic_data/s2.csv,348,<timecave.validation_methods.prequential.Growing_Window object at 0x00000250F6C15D30>,1,Tree,1.8858303997739312,1.125669925075242,1.373255402237301
datasets/synthetic_data/s2.csv,348,<timecave.validation_methods.prequential.Growing_Window object at 0x00000250F6C15D30>,1,ARMA,1.2544593768218086,0.8914228772100523,1.1200265071960613
datasets/synthetic_data/s2.csv,348,<timecave.validation_methods.prequential.Growing_Window object at 0x00000250F6C15D30>,2,Tree,2.357558039540493,1.274865210247965,1.5354341534369012
datasets/synthetic_data/s2.csv,348,<timecave.validation_methods.prequential.Growing_Window object at 0x00000250F6C15D30>,2,ARMA,1.3267996913900264,0.9685919748857913,1.1518679140379016
datasets/synthetic_data/s2.csv,348,<timecave.validation_methods.prequential.Rolling_Window object at 0x00000250F6C14650>,0,Tree,2.4842099003494207,1.3046775597104028,1.5761376527287903
datasets/synthetic_data/s2.csv,348,<timecave.validation_methods.prequential.Rolling_Window object at 0x00000250F6C14650>,0,ARMA,1.6698126357598926,1.0210764945469553,1.2922123028975898
datasets/synthetic_data/s2.csv,348,<timecave.validation_methods.prequential.Rolling_Window object at 0x00000250F6C14650>,1,Tree,6.925977740105248,2.281168578551279,2.6317252402379028
datasets/synthetic_data/s2.csv,348,<timecave.validation_methods.prequential.Rolling_Window object at 0x00000250F6C14650>,1,ARMA,1.9758123033492332,1.1443217800557572,1.4056359071072542
datasets/synthetic_data/s2.csv,348,<timecave.validation_methods.prequential.Rolling_Window object at 0x00000250F6C14650>,2,Tree,1.8752339334134462,1.1300512553106081,1.3693918115037222
datasets/synthetic_data/s2.csv,348,<timecave.validation_methods.prequential.Rolling_Window object at 0x00000250F6C14650>,2,ARMA,2.5506288927702587,1.301498314441753,1.5970688440922822
datasets/synthetic_data/s2.csv,348,<timecave.validation_methods.prequential.Rolling_Window object at 0x00000250F6C14650>,3,Tree,1.2664991731484423,0.9077282035627202,1.1253884543340766
datasets/synthetic_data/s2.csv,348,<timecave.validation_methods.prequential.Rolling_Window object at 0x00000250F6C14650>,3,ARMA,2.103040708694693,1.2232066664302885,1.4501864392879604
datasets/synthetic_data/s2.csv,348,<timecave.validation_methods.prequential.Rolling_Window object at 0x00000250F6C15A60>,0,Tree,2.2977887355572655,1.1538357672272086,1.5158458812020652
datasets/synthetic_data/s2.csv,348,<timecave.validation_methods.prequential.Rolling_Window object at 0x00000250F6C15A60>,0,ARMA,2.3255035542091402,1.2648259372819637,1.5249601811880664
datasets/synthetic_data/s2.csv,348,<timecave.validation_methods.prequential.Rolling_Window object at 0x00000250F6C15A60>,1,Tree,2.8041343187477716,1.364208237001402,1.674554961399527
datasets/synthetic_data/s2.csv,348,<timecave.validation_methods.prequential.Rolling_Window object at 0x00000250F6C15A60>,1,ARMA,1.7098411053819849,1.0661910166308148,1.3076089267751214
datasets/synthetic_data/s2.csv,348,<timecave.validation_methods.prequential.Rolling_Window object at 0x00000250F6C15A60>,2,Tree,2.652774190199431,1.415784091173221,1.62873392246844
datasets/synthetic_data/s2.csv,348,<timecave.validation_methods.prequential.Rolling_Window object at 0x00000250F6C15A60>,2,ARMA,1.6554858139824344,1.0610894468121042,1.286656836138694
datasets/synthetic_data/s2.csv,348,<timecave.validation_methods.CV.Block_CV object at 0x00000250F6C14EC0>,0,Tree,1.5083008950436745,1.0175688560366074,1.2281290221485992
datasets/synthetic_data/s2.csv,348,<timecave.validation_methods.CV.Block_CV object at 0x00000250F6C14EC0>,0,ARMA,1.4469654162739292,1.0511307552253977,1.2028987556207418
datasets/synthetic_data/s2.csv,348,<timecave.validation_methods.CV.Block_CV object at 0x00000250F6C14EC0>,1,Tree,1.3364505089997787,0.9196860037082886,1.1560495270531357
datasets/synthetic_data/s2.csv,348,<timecave.validation_methods.CV.Block_CV object at 0x00000250F6C14EC0>,1,ARMA,1.7685220154932435,1.085208047950749,1.329857892969487
datasets/synthetic_data/s2.csv,348,<timecave.validation_methods.CV.Block_CV object at 0x00000250F6C14EC0>,2,Tree,4.67999146696612,1.7510180521509442,2.1633287930793417
datasets/synthetic_data/s2.csv,348,<timecave.validation_methods.CV.Block_CV object at 0x00000250F6C14EC0>,2,ARMA,1.961782489620873,1.1822472961688222,1.4006364587646836
datasets/synthetic_data/s2.csv,348,<timecave.validation_methods.CV.Block_CV object at 0x00000250F6C14EC0>,3,Tree,1.9330970908572789,1.1450266069209312,1.3903586195141449
datasets/synthetic_data/s2.csv,348,<timecave.validation_methods.CV.Block_CV object at 0x00000250F6C14EC0>,3,ARMA,1.5783006796060057,0.9509552626916293,1.2563043737908444
datasets/synthetic_data/s2.csv,348,<timecave.validation_methods.CV.Block_CV object at 0x00000250F6C14EC0>,4,Tree,1.9377943808938847,1.1497473104719962,1.3920468314298498
datasets/synthetic_data/s2.csv,348,<timecave.validation_methods.CV.Block_CV object at 0x00000250F6C14EC0>,4,ARMA,1.4091635948844001,0.9936550635330406,1.1870819663714887
datasets/synthetic_data/s2.csv,348,<timecave.validation_methods.CV.AdaptedhvBlockCV object at 0x00000250F6C16A50>,0,Tree,1.904650191060542,1.084992853284935,1.3800906459579174
datasets/synthetic_data/s2.csv,348,<timecave.validation_methods.CV.AdaptedhvBlockCV object at 0x00000250F6C16A50>,0,ARMA,1.4308461678487148,1.0449502033307663,1.1961798225386995
datasets/synthetic_data/s2.csv,348,<timecave.validation_methods.CV.AdaptedhvBlockCV object at 0x00000250F6C16A50>,1,Tree,1.9163005622045621,1.051325006942716,1.3843050827778398
datasets/synthetic_data/s2.csv,348,<timecave.validation_methods.CV.AdaptedhvBlockCV object at 0x00000250F6C16A50>,1,ARMA,1.7553990530064705,1.0837434526285963,1.3249147342400833
datasets/synthetic_data/s2.csv,348,<timecave.validation_methods.CV.AdaptedhvBlockCV object at 0x00000250F6C16A50>,2,Tree,4.130572179607916,1.70706534722667,2.0323809140040447
datasets/synthetic_data/s2.csv,348,<timecave.validation_methods.CV.AdaptedhvBlockCV object at 0x00000250F6C16A50>,2,ARMA,1.9868673269754173,1.1912025043468417,1.4095628141290537
datasets/synthetic_data/s2.csv,348,<timecave.validation_methods.CV.AdaptedhvBlockCV object at 0x00000250F6C16A50>,3,Tree,1.89344022695543,1.151576484628726,1.3760233380853066
datasets/synthetic_data/s2.csv,348,<timecave.validation_methods.CV.AdaptedhvBlockCV object at 0x00000250F6C16A50>,3,ARMA,1.577021336623298,0.9530642121157371,1.2557951013693667
datasets/synthetic_data/s2.csv,348,<timecave.validation_methods.CV.AdaptedhvBlockCV object at 0x00000250F6C16A50>,4,Tree,1.8788290611100267,1.133462523817106,1.370703856093659
datasets/synthetic_data/s2.csv,348,<timecave.validation_methods.CV.AdaptedhvBlockCV object at 0x00000250F6C16A50>,4,ARMA,1.4958209926496253,1.0334536601073534,1.223037608845135
datasets/synthetic_data/s2.csv,348,<timecave.validation_methods.markov.MarkovCV object at 0x00000250F6C14170>,0,Tree,3.0022013979114983,1.4940527609913978,1.7326861798697126
datasets/synthetic_data/s2.csv,348,<timecave.validation_methods.markov.MarkovCV object at 0x00000250F6C14170>,0,ARMA,2.264527313142878,1.2291338047329239,1.5048346464455415
datasets/synthetic_data/s2.csv,348,<timecave.validation_methods.markov.MarkovCV object at 0x00000250F6C14170>,1,Tree,4.289083424267611,1.9139215625625792,2.0710102424342596
datasets/synthetic_data/s2.csv,348,<timecave.validation_methods.markov.MarkovCV object at 0x00000250F6C14170>,1,ARMA,1.5481024053563672,1.1156269284636484,1.2442276340591247
datasets/synthetic_data/s2.csv,348,<timecave.validation_methods.markov.MarkovCV object at 0x00000250F6C14170>,2,Tree,5.820669017489159,2.0619004011317714,2.4126062707141336
datasets/synthetic_data/s2.csv,348,<timecave.validation_methods.markov.MarkovCV object at 0x00000250F6C14170>,2,ARMA,3.470967173470048,1.4347612966168901,1.863053185894071
datasets/synthetic_data/s2.csv,348,<timecave.validation_methods.markov.MarkovCV object at 0x00000250F6C14170>,3,Tree,2.8914497520116362,1.3756497129160796,1.7004263441889027
datasets/synthetic_data/s2.csv,348,<timecave.validation_methods.markov.MarkovCV object at 0x00000250F6C14170>,3,ARMA,2.014442085993494,1.032731842058997,1.4193104262258818
datasets/synthetic_data/s2.csv,348,<timecave.validation_methods.markov.MarkovCV object at 0x00000250F6C14170>,4,Tree,1.5676692112653148,0.9663393959472303,1.252065977201407
datasets/synthetic_data/s2.csv,348,<timecave.validation_methods.markov.MarkovCV object at 0x00000250F6C14170>,4,ARMA,0.787408593781461,0.6936157197575228,0.8873604644007197
datasets/synthetic_data/s2.csv,348,<timecave.validation_methods.markov.MarkovCV object at 0x00000250F6C14170>,5,Tree,1.7613569579500605,1.066070600875083,1.3271612403736257
datasets/synthetic_data/s2.csv,348,<timecave.validation_methods.markov.MarkovCV object at 0x00000250F6C14170>,5,ARMA,1.3410759927862674,0.9486937681970385,1.1580483551157383
datasets/synthetic_data/s2.csv,348,<timecave.validation_methods.markov.MarkovCV object at 0x00000250F6C14170>,6,Tree,1.166495378351208,0.9311158868995421,1.0800441557414253
datasets/synthetic_data/s2.csv,348,<timecave.validation_methods.markov.MarkovCV object at 0x00000250F6C14170>,6,ARMA,2.113456554945593,1.277342047127139,1.4537732130375745
datasets/synthetic_data/s2.csv,348,<timecave.validation_methods.markov.MarkovCV object at 0x00000250F6C14170>,7,Tree,3.143474125026956,1.4451913167991863,1.7729845247567604
datasets/synthetic_data/s2.csv,348,<timecave.validation_methods.markov.MarkovCV object at 0x00000250F6C14170>,7,ARMA,3.7783559589580733,1.681198079471559,1.94379936180617
datasets/synthetic_data/s2.csv,348,<timecave.validation_methods.markov.MarkovCV object at 0x00000250F6C14170>,8,Tree,1.4666638427797656,0.853755335219789,1.2110589757645023
datasets/synthetic_data/s2.csv,348,<timecave.validation_methods.markov.MarkovCV object at 0x00000250F6C14170>,8,ARMA,0.8118246003340841,0.8033028881536164,0.9010130966495904
datasets/synthetic_data/s2.csv,348,<timecave.validation_methods.markov.MarkovCV object at 0x00000250F6C14170>,9,Tree,0.6738886072282887,0.639618027805007,0.8209071855138611
datasets/synthetic_data/s2.csv,348,<timecave.validation_methods.markov.MarkovCV object at 0x00000250F6C14170>,9,ARMA,1.895832769100347,1.178277509145877,1.3768924319279072
datasets/synthetic_data/s2.csv,349,<timecave.validation_methods.OOS.Holdout object at 0x00000250F0475FA0>,0,Tree,2.107633084393699,1.142779497650693,1.4517689500721866
datasets/synthetic_data/s2.csv,349,<timecave.validation_methods.OOS.Holdout object at 0x00000250F0475FA0>,0,ARMA,1.3103593414293326,0.9499600778594784,1.1447092824946135
datasets/synthetic_data/s2.csv,349,<timecave.validation_methods.OOS.Repeated_Holdout object at 0x00000250F6C15310>,0,Tree,2.5824245750265944,1.3768364039673093,1.6069924004258995
datasets/synthetic_data/s2.csv,349,<timecave.validation_methods.OOS.Repeated_Holdout object at 0x00000250F6C15310>,0,ARMA,1.38190206542001,0.9664293970663904,1.1755433064842868
datasets/synthetic_data/s2.csv,349,<timecave.validation_methods.OOS.Repeated_Holdout object at 0x00000250F6C15310>,1,Tree,2.599952216829522,1.3502621829685935,1.6124367326594622
datasets/synthetic_data/s2.csv,349,<timecave.validation_methods.OOS.Repeated_Holdout object at 0x00000250F6C15310>,1,ARMA,1.3669153594503543,0.9475929978329066,1.1691515553812322
datasets/synthetic_data/s2.csv,349,<timecave.validation_methods.OOS.Repeated_Holdout object at 0x00000250F6C15310>,2,Tree,2.4663469048924123,1.2751592395700309,1.5704607301338076
datasets/synthetic_data/s2.csv,349,<timecave.validation_methods.OOS.Repeated_Holdout object at 0x00000250F6C15310>,2,ARMA,1.3413551137827273,0.9524181888063927,1.1581688623783353
datasets/synthetic_data/s2.csv,349,<timecave.validation_methods.OOS.Repeated_Holdout object at 0x00000250F6C15310>,3,Tree,2.1096188382550882,1.139998619226922,1.4524526974242873
datasets/synthetic_data/s2.csv,349,<timecave.validation_methods.OOS.Repeated_Holdout object at 0x00000250F6C15310>,3,ARMA,1.3103593414293326,0.9499600778594784,1.1447092824946135
datasets/synthetic_data/s2.csv,349,<timecave.validation_methods.prequential.Growing_Window object at 0x00000250F6C159A0>,0,Tree,2.2024167824608036,1.207411503162389,1.4840541709994295
datasets/synthetic_data/s2.csv,349,<timecave.validation_methods.prequential.Growing_Window object at 0x00000250F6C159A0>,0,ARMA,1.9824751592720218,1.1061560533751031,1.4080039628040901
datasets/synthetic_data/s2.csv,349,<timecave.validation_methods.prequential.Growing_Window object at 0x00000250F6C159A0>,1,Tree,2.790216617715232,1.4123831228598942,1.6703941504073916
datasets/synthetic_data/s2.csv,349,<timecave.validation_methods.prequential.Growing_Window object at 0x00000250F6C159A0>,1,ARMA,1.4291898320151208,0.9225579585626367,1.1954872780649406
datasets/synthetic_data/s2.csv,349,<timecave.validation_methods.prequential.Growing_Window object at 0x00000250F6C159A0>,2,Tree,1.9525921597223261,1.046218735682883,1.3973518382005035
datasets/synthetic_data/s2.csv,349,<timecave.validation_methods.prequential.Growing_Window object at 0x00000250F6C159A0>,2,ARMA,0.934491157073537,0.8429829232563574,0.966690828069418
datasets/synthetic_data/s2.csv,349,<timecave.validation_methods.prequential.Growing_Window object at 0x00000250F6C159A0>,3,Tree,3.07148146804862,1.5689469955336668,1.7525642550413438
datasets/synthetic_data/s2.csv,349,<timecave.validation_methods.prequential.Growing_Window object at 0x00000250F6C159A0>,3,ARMA,1.2689221378883255,0.921681669300899,1.126464441466452
datasets/synthetic_data/s2.csv,349,<timecave.validation_methods.prequential.Growing_Window object at 0x00000250F6C17620>,0,Tree,2.158353692999681,1.1638935811455842,1.4691336538925521
datasets/synthetic_data/s2.csv,349,<timecave.validation_methods.prequential.Growing_Window object at 0x00000250F6C17620>,0,ARMA,1.655914276955329,1.014388900753628,1.286823327794196
datasets/synthetic_data/s2.csv,349,<timecave.validation_methods.prequential.Growing_Window object at 0x00000250F6C17620>,1,Tree,2.372084003632673,1.1320937859102387,1.540157136019787
datasets/synthetic_data/s2.csv,349,<timecave.validation_methods.prequential.Growing_Window object at 0x00000250F6C17620>,1,ARMA,0.9207254325749001,0.8305933757718652,0.9595443880169902
datasets/synthetic_data/s2.csv,349,<timecave.validation_methods.prequential.Growing_Window object at 0x00000250F6C17620>,2,Tree,2.788164537653223,1.3831728701237662,1.6697797871735132
datasets/synthetic_data/s2.csv,349,<timecave.validation_methods.prequential.Growing_Window object at 0x00000250F6C17620>,2,ARMA,1.3898608547792295,0.9633374396399428,1.1789236000603387
datasets/synthetic_data/s2.csv,349,<timecave.validation_methods.prequential.Rolling_Window object at 0x00000250F6C15BB0>,0,Tree,2.1191286693516593,1.182998094490038,1.4557227309318417
datasets/synthetic_data/s2.csv,349,<timecave.validation_methods.prequential.Rolling_Window object at 0x00000250F6C15BB0>,0,ARMA,1.9824751592720218,1.1061560533751031,1.4080039628040901
datasets/synthetic_data/s2.csv,349,<timecave.validation_methods.prequential.Rolling_Window object at 0x00000250F6C15BB0>,1,Tree,3.0430653990885195,1.4584244113711013,1.7444384194027944
datasets/synthetic_data/s2.csv,349,<timecave.validation_methods.prequential.Rolling_Window object at 0x00000250F6C15BB0>,1,ARMA,1.4828164165417235,0.9413417090624117,1.2177094959561263
datasets/synthetic_data/s2.csv,349,<timecave.validation_methods.prequential.Rolling_Window object at 0x00000250F6C15BB0>,2,Tree,1.068497610540037,0.8404586669220357,1.0336815808265314
datasets/synthetic_data/s2.csv,349,<timecave.validation_methods.prequential.Rolling_Window object at 0x00000250F6C15BB0>,2,ARMA,1.0589000211156667,0.8907634160495495,1.0290286784709486
datasets/synthetic_data/s2.csv,349,<timecave.validation_methods.prequential.Rolling_Window object at 0x00000250F6C15BB0>,3,Tree,2.5523467377341835,1.3266959023181994,1.597606565376527
datasets/synthetic_data/s2.csv,349,<timecave.validation_methods.prequential.Rolling_Window object at 0x00000250F6C15BB0>,3,ARMA,1.23409891305398,0.8838072506443189,1.1109000463831027
datasets/synthetic_data/s2.csv,349,<timecave.validation_methods.prequential.Rolling_Window object at 0x00000250F6C15AC0>,0,Tree,2.4264877993760425,1.2568365603970433,1.5577187805814123
datasets/synthetic_data/s2.csv,349,<timecave.validation_methods.prequential.Rolling_Window object at 0x00000250F6C15AC0>,0,ARMA,1.655914276955329,1.014388900753628,1.286823327794196
datasets/synthetic_data/s2.csv,349,<timecave.validation_methods.prequential.Rolling_Window object at 0x00000250F6C15AC0>,1,Tree,1.9511843610045003,1.1482082514441163,1.3968480092710518
datasets/synthetic_data/s2.csv,349,<timecave.validation_methods.prequential.Rolling_Window object at 0x00000250F6C15AC0>,1,ARMA,0.9310947133256628,0.8337012057180433,0.964932491589781
datasets/synthetic_data/s2.csv,349,<timecave.validation_methods.prequential.Rolling_Window object at 0x00000250F6C15AC0>,2,Tree,2.7310548527908196,1.3240586830156829,1.6525903463323328
datasets/synthetic_data/s2.csv,349,<timecave.validation_methods.prequential.Rolling_Window object at 0x00000250F6C15AC0>,2,ARMA,1.3113946016033309,0.9268716090314064,1.1451613867064026
datasets/synthetic_data/s2.csv,349,<timecave.validation_methods.CV.Block_CV object at 0x00000250F6C15190>,0,Tree,2.4333415520272195,1.2732893553897426,1.5599171619118817
datasets/synthetic_data/s2.csv,349,<timecave.validation_methods.CV.Block_CV object at 0x00000250F6C15190>,0,ARMA,1.7361804679145156,1.0532621882545348,1.31764201053037
datasets/synthetic_data/s2.csv,349,<timecave.validation_methods.CV.Block_CV object at 0x00000250F6C15190>,1,Tree,2.2162138356564047,1.1401157082180235,1.4886953468243276
datasets/synthetic_data/s2.csv,349,<timecave.validation_methods.CV.Block_CV object at 0x00000250F6C15190>,1,ARMA,1.8816093086576928,1.0687574554902033,1.3717176490290168
datasets/synthetic_data/s2.csv,349,<timecave.validation_methods.CV.Block_CV object at 0x00000250F6C15190>,2,Tree,2.2619005844920568,1.2045626242884497,1.5039616299932843
datasets/synthetic_data/s2.csv,349,<timecave.validation_methods.CV.Block_CV object at 0x00000250F6C15190>,2,ARMA,1.4870571004383393,0.9435178713618164,1.219449507129483
datasets/synthetic_data/s2.csv,349,<timecave.validation_methods.CV.Block_CV object at 0x00000250F6C15190>,3,Tree,1.6611120256594092,1.0337036269280586,1.2888413500735492
datasets/synthetic_data/s2.csv,349,<timecave.validation_methods.CV.Block_CV object at 0x00000250F6C15190>,3,ARMA,0.9345181486782639,0.8467928890171535,0.9667047887945233
datasets/synthetic_data/s2.csv,349,<timecave.validation_methods.CV.Block_CV object at 0x00000250F6C15190>,4,Tree,2.6239583214269904,1.3666215312870083,1.6198636737167083
datasets/synthetic_data/s2.csv,349,<timecave.validation_methods.CV.Block_CV object at 0x00000250F6C15190>,4,ARMA,1.2689221378883255,0.921681669300899,1.126464441466452
datasets/synthetic_data/s2.csv,349,<timecave.validation_methods.CV.AdaptedhvBlockCV object at 0x00000250F6C17D70>,0,Tree,3.220331756452651,1.3033031887833406,1.7945282824332
datasets/synthetic_data/s2.csv,349,<timecave.validation_methods.CV.AdaptedhvBlockCV object at 0x00000250F6C17D70>,0,ARMA,1.7361600586127752,1.0542401783878987,1.317634265876831
datasets/synthetic_data/s2.csv,349,<timecave.validation_methods.CV.AdaptedhvBlockCV object at 0x00000250F6C17D70>,1,Tree,1.7624898434816092,1.05994784887327,1.3275879795635426
datasets/synthetic_data/s2.csv,349,<timecave.validation_methods.CV.AdaptedhvBlockCV object at 0x00000250F6C17D70>,1,ARMA,1.8613516897314306,1.0661402688784278,1.364313633198551
datasets/synthetic_data/s2.csv,349,<timecave.validation_methods.CV.AdaptedhvBlockCV object at 0x00000250F6C17D70>,2,Tree,1.5333443277250351,1.0170827189722549,1.2382828141119602
datasets/synthetic_data/s2.csv,349,<timecave.validation_methods.CV.AdaptedhvBlockCV object at 0x00000250F6C17D70>,2,ARMA,1.4878403381487582,0.943798114000473,1.2197706088231337
datasets/synthetic_data/s2.csv,349,<timecave.validation_methods.CV.AdaptedhvBlockCV object at 0x00000250F6C17D70>,3,Tree,1.195597667952617,0.8704201194288474,1.0934338882404446
datasets/synthetic_data/s2.csv,349,<timecave.validation_methods.CV.AdaptedhvBlockCV object at 0x00000250F6C17D70>,3,ARMA,0.9363109075879945,0.8477627696575493,0.9676315970388703
datasets/synthetic_data/s2.csv,349,<timecave.validation_methods.CV.AdaptedhvBlockCV object at 0x00000250F6C17D70>,4,Tree,2.7386435481772025,1.4129866014995893,1.654884753744865
datasets/synthetic_data/s2.csv,349,<timecave.validation_methods.CV.AdaptedhvBlockCV object at 0x00000250F6C17D70>,4,ARMA,1.6875615211101933,1.0338752673368057,1.2990617849471955
datasets/synthetic_data/s2.csv,349,<timecave.validation_methods.markov.MarkovCV object at 0x00000250F6C14140>,0,Tree,3.455017727189822,1.4333240006654049,1.858767798082865
datasets/synthetic_data/s2.csv,349,<timecave.validation_methods.markov.MarkovCV object at 0x00000250F6C14140>,0,ARMA,1.6664433287066323,1.0236710531947055,1.2909079474178755
datasets/synthetic_data/s2.csv,349,<timecave.validation_methods.markov.MarkovCV object at 0x00000250F6C14140>,1,Tree,2.4349542045402655,1.2772410013762594,1.5604339795519275
datasets/synthetic_data/s2.csv,349,<timecave.validation_methods.markov.MarkovCV object at 0x00000250F6C14140>,1,ARMA,2.1972202416174187,1.2340604566520534,1.4823023448734804
datasets/synthetic_data/s2.csv,349,<timecave.validation_methods.markov.MarkovCV object at 0x00000250F6C14140>,2,Tree,1.053593316569382,0.76272250820091,1.0264469380193904
datasets/synthetic_data/s2.csv,349,<timecave.validation_methods.markov.MarkovCV object at 0x00000250F6C14140>,2,ARMA,0.8878790634162186,0.7959680175130472,0.9422733485651701
datasets/synthetic_data/s2.csv,349,<timecave.validation_methods.markov.MarkovCV object at 0x00000250F6C14140>,3,Tree,1.6827713117302465,1.0822330420778434,1.2972167558778473
datasets/synthetic_data/s2.csv,349,<timecave.validation_methods.markov.MarkovCV object at 0x00000250F6C14140>,3,ARMA,1.09943363920355,0.9044346516416236,1.048538811491282
datasets/synthetic_data/s2.csv,349,<timecave.validation_methods.markov.MarkovCV object at 0x00000250F6C14140>,4,Tree,4.025095662169668,1.7399935530449662,2.006264105787089
datasets/synthetic_data/s2.csv,349,<timecave.validation_methods.markov.MarkovCV object at 0x00000250F6C14140>,4,ARMA,2.6439916019014698,1.393621917363404,1.6260355475516117
datasets/synthetic_data/s2.csv,349,<timecave.validation_methods.markov.MarkovCV object at 0x00000250F6C14140>,5,Tree,7.51730079142647,2.541785934368418,2.7417696459452006
datasets/synthetic_data/s2.csv,349,<timecave.validation_methods.markov.MarkovCV object at 0x00000250F6C14140>,5,ARMA,3.531714685266107,1.5704726152459023,1.879285684845736
datasets/synthetic_data/s2.csv,349,<timecave.validation_methods.markov.MarkovCV object at 0x00000250F6C14140>,6,Tree,1.5115209513862589,1.019493708925893,1.2294392833264516
datasets/synthetic_data/s2.csv,349,<timecave.validation_methods.markov.MarkovCV object at 0x00000250F6C14140>,6,ARMA,0.8050550576849093,0.7093724723444064,0.897248604169942
datasets/synthetic_data/s2.csv,349,<timecave.validation_methods.markov.MarkovCV object at 0x00000250F6C14140>,7,Tree,1.256555414629085,0.9541386273136782,1.1209618256787717
datasets/synthetic_data/s2.csv,349,<timecave.validation_methods.markov.MarkovCV object at 0x00000250F6C14140>,7,ARMA,1.790415452528467,1.0369339523741536,1.3380640689176535
datasets/synthetic_data/s2.csv,349,<timecave.validation_methods.markov.MarkovCV object at 0x00000250F6C14140>,8,Tree,3.5695067906356566,1.7048623363210569,1.8893138412226955
datasets/synthetic_data/s2.csv,349,<timecave.validation_methods.markov.MarkovCV object at 0x00000250F6C14140>,8,ARMA,2.716729966970396,1.249932010349276,1.6482505777248786
datasets/synthetic_data/s2.csv,349,<timecave.validation_methods.markov.MarkovCV object at 0x00000250F6C14140>,9,Tree,2.4303305709233087,1.2735471558339018,1.558951753879288
datasets/synthetic_data/s2.csv,349,<timecave.validation_methods.markov.MarkovCV object at 0x00000250F6C14140>,9,ARMA,1.1954944936382645,0.9083175487473971,1.0933867081862045
datasets/synthetic_data/s2.csv,350,<timecave.validation_methods.OOS.Holdout object at 0x00000250F6AA2E40>,0,Tree,2.3465061819436355,1.2242016009672145,1.531830990006285
datasets/synthetic_data/s2.csv,350,<timecave.validation_methods.OOS.Holdout object at 0x00000250F6AA2E40>,0,ARMA,2.4417136667231776,1.286648155349586,1.5625983702548705
datasets/synthetic_data/s2.csv,350,<timecave.validation_methods.OOS.Repeated_Holdout object at 0x00000250F6CEA900>,0,Tree,2.3674264098955993,1.15297974715247,1.5386443415863198
datasets/synthetic_data/s2.csv,350,<timecave.validation_methods.OOS.Repeated_Holdout object at 0x00000250F6CEA900>,0,ARMA,1.7423487251268501,1.0897193067724997,1.3199805775566738
datasets/synthetic_data/s2.csv,350,<timecave.validation_methods.OOS.Repeated_Holdout object at 0x00000250F6CEA900>,1,Tree,2.290683055906969,1.171652704807292,1.5135002662394774
datasets/synthetic_data/s2.csv,350,<timecave.validation_methods.OOS.Repeated_Holdout object at 0x00000250F6CEA900>,1,ARMA,1.5054059865250704,1.0013607951859222,1.2269498712356062
datasets/synthetic_data/s2.csv,350,<timecave.validation_methods.OOS.Repeated_Holdout object at 0x00000250F6CEA900>,2,Tree,2.7858073548553923,1.2935330664837803,1.6690738015005184
datasets/synthetic_data/s2.csv,350,<timecave.validation_methods.OOS.Repeated_Holdout object at 0x00000250F6CEA900>,2,ARMA,2.310399048844314,1.2480240283894688,1.5199996871198078
datasets/synthetic_data/s2.csv,350,<timecave.validation_methods.OOS.Repeated_Holdout object at 0x00000250F6CEA900>,3,Tree,2.3201831649732365,1.1902730612930852,1.5232147468342199
datasets/synthetic_data/s2.csv,350,<timecave.validation_methods.OOS.Repeated_Holdout object at 0x00000250F6CEA900>,3,ARMA,2.4417136667231776,1.286648155349586,1.5625983702548705
datasets/synthetic_data/s2.csv,350,<timecave.validation_methods.prequential.Growing_Window object at 0x00000250F6CEBE30>,0,Tree,2.7447644587711952,1.2461835055417791,1.6567330680502503
datasets/synthetic_data/s2.csv,350,<timecave.validation_methods.prequential.Growing_Window object at 0x00000250F6CEBE30>,0,ARMA,1.172839133738242,0.8710079087635866,1.082976977473779
datasets/synthetic_data/s2.csv,350,<timecave.validation_methods.prequential.Growing_Window object at 0x00000250F6CEBE30>,1,Tree,3.348177314160811,1.4618995753771793,1.8298025341989257
datasets/synthetic_data/s2.csv,350,<timecave.validation_methods.prequential.Growing_Window object at 0x00000250F6CEBE30>,1,ARMA,2.2576448324659575,1.1210995487460882,1.5025461165854304
datasets/synthetic_data/s2.csv,350,<timecave.validation_methods.prequential.Growing_Window object at 0x00000250F6CEBE30>,2,Tree,3.0882292251439547,1.3877642908796384,1.7573358316337702
datasets/synthetic_data/s2.csv,350,<timecave.validation_methods.prequential.Growing_Window object at 0x00000250F6CEBE30>,2,ARMA,2.835196298600835,1.4534701375708645,1.6838041152701924
datasets/synthetic_data/s2.csv,350,<timecave.validation_methods.prequential.Growing_Window object at 0x00000250F6CEBE30>,3,Tree,2.2448708436993337,1.1553068697472166,1.4982893057414959
datasets/synthetic_data/s2.csv,350,<timecave.validation_methods.prequential.Growing_Window object at 0x00000250F6CEBE30>,3,ARMA,1.573431606798663,1.0270350265969972,1.2543650213548936
datasets/synthetic_data/s2.csv,350,<timecave.validation_methods.prequential.Growing_Window object at 0x00000250F6CEBDD0>,0,Tree,4.974180438792744,1.8119723032953419,2.2302870754216246
datasets/synthetic_data/s2.csv,350,<timecave.validation_methods.prequential.Growing_Window object at 0x00000250F6CEBDD0>,0,ARMA,2.252160410454556,1.1125368250553684,1.5007199640354478
datasets/synthetic_data/s2.csv,350,<timecave.validation_methods.prequential.Growing_Window object at 0x00000250F6CEBDD0>,1,Tree,3.931750690602687,1.5840519759687337,1.9828642642911005
datasets/synthetic_data/s2.csv,350,<timecave.validation_methods.prequential.Growing_Window object at 0x00000250F6CEBDD0>,1,ARMA,2.983459850640787,1.4727149496000504,1.7272694782924831
datasets/synthetic_data/s2.csv,350,<timecave.validation_methods.prequential.Growing_Window object at 0x00000250F6CEBDD0>,2,Tree,1.8397793115920107,1.1022556749613124,1.3563846473592993
datasets/synthetic_data/s2.csv,350,<timecave.validation_methods.prequential.Growing_Window object at 0x00000250F6CEBDD0>,2,ARMA,1.6576439317989196,1.0354987851949333,1.287495216223703
datasets/synthetic_data/s2.csv,350,<timecave.validation_methods.prequential.Rolling_Window object at 0x00000250F6CEBA40>,0,Tree,2.5049771684795314,1.2040507092725847,1.5827119663664426
datasets/synthetic_data/s2.csv,350,<timecave.validation_methods.prequential.Rolling_Window object at 0x00000250F6CEBA40>,0,ARMA,1.172839133738242,0.8710079087635866,1.082976977473779
datasets/synthetic_data/s2.csv,350,<timecave.validation_methods.prequential.Rolling_Window object at 0x00000250F6CEBA40>,1,Tree,3.3901891728680202,1.5510739030305811,1.8412466355347457
datasets/synthetic_data/s2.csv,350,<timecave.validation_methods.prequential.Rolling_Window object at 0x00000250F6CEBA40>,1,ARMA,2.178815950304142,1.10068862947469,1.4760812817403188
datasets/synthetic_data/s2.csv,350,<timecave.validation_methods.prequential.Rolling_Window object at 0x00000250F6CEBA40>,2,Tree,5.03168518412329,1.9384626583562314,2.2431418109703385
datasets/synthetic_data/s2.csv,350,<timecave.validation_methods.prequential.Rolling_Window object at 0x00000250F6CEBA40>,2,ARMA,2.828327608373807,1.4451783392759379,1.6817632438526557
datasets/synthetic_data/s2.csv,350,<timecave.validation_methods.prequential.Rolling_Window object at 0x00000250F6CEBA40>,3,Tree,3.37474701903495,1.4866263770583699,1.837048453099414
datasets/synthetic_data/s2.csv,350,<timecave.validation_methods.prequential.Rolling_Window object at 0x00000250F6CEBA40>,3,ARMA,2.0917254585602483,1.1953530412570443,1.4462798686838756
datasets/synthetic_data/s2.csv,350,<timecave.validation_methods.prequential.Rolling_Window object at 0x00000250F6CEA7E0>,0,Tree,5.362371544873003,1.8393687714448812,2.315679499601144
datasets/synthetic_data/s2.csv,350,<timecave.validation_methods.prequential.Rolling_Window object at 0x00000250F6CEA7E0>,0,ARMA,2.252160410454556,1.1125368250553684,1.5007199640354478
datasets/synthetic_data/s2.csv,350,<timecave.validation_methods.prequential.Rolling_Window object at 0x00000250F6CEA7E0>,1,Tree,4.264662484299098,1.7698823417474532,2.065105925684951
datasets/synthetic_data/s2.csv,350,<timecave.validation_methods.prequential.Rolling_Window object at 0x00000250F6CEA7E0>,1,ARMA,2.9428663958117847,1.47846066761767,1.7154784743073241
datasets/synthetic_data/s2.csv,350,<timecave.validation_methods.prequential.Rolling_Window object at 0x00000250F6CEA7E0>,2,Tree,3.675053851094282,1.5268158800080716,1.9170429966733353
datasets/synthetic_data/s2.csv,350,<timecave.validation_methods.prequential.Rolling_Window object at 0x00000250F6CEA7E0>,2,ARMA,1.6704282699528068,1.0548174588693697,1.2924504903294387
datasets/synthetic_data/s2.csv,350,<timecave.validation_methods.CV.Block_CV object at 0x00000250F6CE8110>,0,Tree,2.6962213926299263,1.3141297322321392,1.642017476347291
datasets/synthetic_data/s2.csv,350,<timecave.validation_methods.CV.Block_CV object at 0x00000250F6CE8110>,0,ARMA,2.452529837260964,1.2398034884408449,1.566055502611885
datasets/synthetic_data/s2.csv,350,<timecave.validation_methods.CV.Block_CV object at 0x00000250F6CE8110>,1,Tree,2.647613705897813,1.2960763844804204,1.6271489501265128
datasets/synthetic_data/s2.csv,350,<timecave.validation_methods.CV.Block_CV object at 0x00000250F6CE8110>,1,ARMA,1.0991881810325306,0.8526617091451625,1.0484217572296612
datasets/synthetic_data/s2.csv,350,<timecave.validation_methods.CV.Block_CV object at 0x00000250F6CE8110>,2,Tree,3.432304666916492,1.4698431033943162,1.8526480148469897
datasets/synthetic_data/s2.csv,350,<timecave.validation_methods.CV.Block_CV object at 0x00000250F6CE8110>,2,ARMA,2.2435572450651393,1.0920376529293674,1.4978508754429258
datasets/synthetic_data/s2.csv,350,<timecave.validation_methods.CV.Block_CV object at 0x00000250F6CE8110>,3,Tree,4.093836015693831,1.6686116890734777,2.0233230131874227
datasets/synthetic_data/s2.csv,350,<timecave.validation_methods.CV.Block_CV object at 0x00000250F6CE8110>,3,ARMA,3.112583904520828,1.5481469158273096,1.7642516556661716
datasets/synthetic_data/s2.csv,350,<timecave.validation_methods.CV.Block_CV object at 0x00000250F6CE8110>,4,Tree,1.941993026081314,1.1235012251477376,1.3935540987278945
datasets/synthetic_data/s2.csv,350,<timecave.validation_methods.CV.Block_CV object at 0x00000250F6CE8110>,4,ARMA,1.573431606798663,1.0270350265969972,1.2543650213548936
datasets/synthetic_data/s2.csv,350,<timecave.validation_methods.CV.AdaptedhvBlockCV object at 0x00000250F6CEBC50>,0,Tree,2.6184081452176735,1.2715502344801797,1.618149605326304
datasets/synthetic_data/s2.csv,350,<timecave.validation_methods.CV.AdaptedhvBlockCV object at 0x00000250F6CEBC50>,0,ARMA,2.4528098868946993,1.240074069993714,1.5661449124824622
datasets/synthetic_data/s2.csv,350,<timecave.validation_methods.CV.AdaptedhvBlockCV object at 0x00000250F6CEBC50>,1,Tree,2.755028962469495,1.2727385463784595,1.6598279918321341
datasets/synthetic_data/s2.csv,350,<timecave.validation_methods.CV.AdaptedhvBlockCV object at 0x00000250F6CEBC50>,1,ARMA,1.0977508711070973,0.8481407498663431,1.047736069393002
datasets/synthetic_data/s2.csv,350,<timecave.validation_methods.CV.AdaptedhvBlockCV object at 0x00000250F6CEBC50>,2,Tree,1.9910603662665585,1.1555083652474603,1.4110493847723964
datasets/synthetic_data/s2.csv,350,<timecave.validation_methods.CV.AdaptedhvBlockCV object at 0x00000250F6CEBC50>,2,ARMA,2.232177006587644,1.0812054643980562,1.4940471902144337
datasets/synthetic_data/s2.csv,350,<timecave.validation_methods.CV.AdaptedhvBlockCV object at 0x00000250F6CEBC50>,3,Tree,3.6830697429034256,1.492337093759395,1.919132549591983
datasets/synthetic_data/s2.csv,350,<timecave.validation_methods.CV.AdaptedhvBlockCV object at 0x00000250F6CEBC50>,3,ARMA,3.102957511137852,1.5470335536736453,1.761521362668603
datasets/synthetic_data/s2.csv,350,<timecave.validation_methods.CV.AdaptedhvBlockCV object at 0x00000250F6CEBC50>,4,Tree,2.2738768643552305,1.1917863744675017,1.5079379510958766
datasets/synthetic_data/s2.csv,350,<timecave.validation_methods.CV.AdaptedhvBlockCV object at 0x00000250F6CEBC50>,4,ARMA,1.7393193531681965,1.033048275068798,1.3188325720758478
datasets/synthetic_data/s2.csv,350,<timecave.validation_methods.markov.MarkovCV object at 0x00000250F6CE9EE0>,0,Tree,3.758226562095511,1.450721368784914,1.9386145986491259
datasets/synthetic_data/s2.csv,350,<timecave.validation_methods.markov.MarkovCV object at 0x00000250F6CE9EE0>,0,ARMA,2.2971838366483226,1.1712617710157962,1.5156463428677294
datasets/synthetic_data/s2.csv,350,<timecave.validation_methods.markov.MarkovCV object at 0x00000250F6CE9EE0>,1,Tree,4.494779650033697,1.6809079304505172,2.1200895382114635
datasets/synthetic_data/s2.csv,350,<timecave.validation_methods.markov.MarkovCV object at 0x00000250F6CE9EE0>,1,ARMA,1.581962505740904,1.044323348343693,1.2577609096091769
datasets/synthetic_data/s2.csv,350,<timecave.validation_methods.markov.MarkovCV object at 0x00000250F6CE9EE0>,2,Tree,8.027073591383902,2.5908239994187343,2.8332090624208974
datasets/synthetic_data/s2.csv,350,<timecave.validation_methods.markov.MarkovCV object at 0x00000250F6CE9EE0>,2,ARMA,3.6057396332057623,1.3958926240887175,1.8988785198652816
datasets/synthetic_data/s2.csv,350,<timecave.validation_methods.markov.MarkovCV object at 0x00000250F6CE9EE0>,3,Tree,5.9643954875738565,2.1134415714683277,2.4422111881599955
datasets/synthetic_data/s2.csv,350,<timecave.validation_methods.markov.MarkovCV object at 0x00000250F6CE9EE0>,3,ARMA,5.750835966825266,2.082363342916635,2.3980900664539826
datasets/synthetic_data/s2.csv,350,<timecave.validation_methods.markov.MarkovCV object at 0x00000250F6CE9EE0>,4,Tree,3.1696165639602456,1.5044248178047075,1.7803416986523248
datasets/synthetic_data/s2.csv,350,<timecave.validation_methods.markov.MarkovCV object at 0x00000250F6CE9EE0>,4,ARMA,1.545282395318869,1.0625786708640779,1.2430938803320002
datasets/synthetic_data/s2.csv,350,<timecave.validation_methods.markov.MarkovCV object at 0x00000250F6CE9EE0>,5,Tree,1.5728673867527532,0.9273080630864279,1.2541400985347504
datasets/synthetic_data/s2.csv,350,<timecave.validation_methods.markov.MarkovCV object at 0x00000250F6CE9EE0>,5,ARMA,0.8752530449123819,0.8038540526445723,0.9355495951110138
datasets/synthetic_data/s2.csv,350,<timecave.validation_methods.markov.MarkovCV object at 0x00000250F6CE9EE0>,6,Tree,6.0836716457563345,2.107442389646322,2.466510013309562
datasets/synthetic_data/s2.csv,350,<timecave.validation_methods.markov.MarkovCV object at 0x00000250F6CE9EE0>,6,ARMA,2.986955651516677,1.4024453194954816,1.728281126297651
datasets/synthetic_data/s2.csv,350,<timecave.validation_methods.markov.MarkovCV object at 0x00000250F6CE9EE0>,7,Tree,5.5331856490934035,2.02211849753914,2.3522724436368767
datasets/synthetic_data/s2.csv,350,<timecave.validation_methods.markov.MarkovCV object at 0x00000250F6CE9EE0>,7,ARMA,2.2218507436035417,1.3965978918597997,1.490587382075785
datasets/synthetic_data/s2.csv,350,<timecave.validation_methods.markov.MarkovCV object at 0x00000250F6CE9EE0>,8,Tree,5.60377920588258,2.052604332498814,2.3672302815490047
datasets/synthetic_data/s2.csv,350,<timecave.validation_methods.markov.MarkovCV object at 0x00000250F6CE9EE0>,8,ARMA,1.6480704546058644,1.0399190752611558,1.2837719636313392
datasets/synthetic_data/s2.csv,350,<timecave.validation_methods.markov.MarkovCV object at 0x00000250F6CE9EE0>,9,Tree,5.267096586878647,1.8558138969406353,2.2950155962168637
datasets/synthetic_data/s2.csv,350,<timecave.validation_methods.markov.MarkovCV object at 0x00000250F6CE9EE0>,9,ARMA,2.208399486402221,1.2659191443454856,1.4860684662565924
datasets/synthetic_data/s2.csv,351,<timecave.validation_methods.OOS.Holdout object at 0x00000250F29F4620>,0,Tree,2.200107561416452,1.1782486649212034,1.4832759559220436
datasets/synthetic_data/s2.csv,351,<timecave.validation_methods.OOS.Holdout object at 0x00000250F29F4620>,0,ARMA,2.12171983803471,1.1384545206871748,1.4566124529313589
datasets/synthetic_data/s2.csv,351,<timecave.validation_methods.OOS.Repeated_Holdout object at 0x00000250F6CEA450>,0,Tree,2.753133233236262,1.3782809316864304,1.659256831607531
datasets/synthetic_data/s2.csv,351,<timecave.validation_methods.OOS.Repeated_Holdout object at 0x00000250F6CEA450>,0,ARMA,1.9017042388475538,1.0908147293973984,1.3790229290506935
datasets/synthetic_data/s2.csv,351,<timecave.validation_methods.OOS.Repeated_Holdout object at 0x00000250F6CEA450>,1,Tree,2.181734351184882,1.198056739131702,1.4770695146758943
datasets/synthetic_data/s2.csv,351,<timecave.validation_methods.OOS.Repeated_Holdout object at 0x00000250F6CEA450>,1,ARMA,1.9531991802840887,1.1338488473988768,1.3975690252306283
datasets/synthetic_data/s2.csv,351,<timecave.validation_methods.OOS.Repeated_Holdout object at 0x00000250F6CEA450>,2,Tree,2.503411788770837,1.2918223486449847,1.5822173645775846
datasets/synthetic_data/s2.csv,351,<timecave.validation_methods.OOS.Repeated_Holdout object at 0x00000250F6CEA450>,2,ARMA,2.181594372780888,1.190562457256731,1.4770221300917898
datasets/synthetic_data/s2.csv,351,<timecave.validation_methods.OOS.Repeated_Holdout object at 0x00000250F6CEA450>,3,Tree,2.456513844476977,1.2647269807531991,1.5673269743346399
datasets/synthetic_data/s2.csv,351,<timecave.validation_methods.OOS.Repeated_Holdout object at 0x00000250F6CEA450>,3,ARMA,2.12171983803471,1.1384545206871748,1.4566124529313589
datasets/synthetic_data/s2.csv,351,<timecave.validation_methods.prequential.Growing_Window object at 0x00000250F6CEA480>,0,Tree,2.040305494659194,1.0173541924234537,1.4283926262268347
datasets/synthetic_data/s2.csv,351,<timecave.validation_methods.prequential.Growing_Window object at 0x00000250F6CEA480>,0,ARMA,1.2347881593226697,0.817680921308033,1.111210222830347
datasets/synthetic_data/s2.csv,351,<timecave.validation_methods.prequential.Growing_Window object at 0x00000250F6CEA480>,1,Tree,2.0545042349521134,1.0808817575835379,1.433354190335422
datasets/synthetic_data/s2.csv,351,<timecave.validation_methods.prequential.Growing_Window object at 0x00000250F6CEA480>,1,ARMA,1.4818177502567247,0.8969065839994343,1.217299367557843
datasets/synthetic_data/s2.csv,351,<timecave.validation_methods.prequential.Growing_Window object at 0x00000250F6CEA480>,2,Tree,2.0916446751929123,1.0975638434750705,1.4462519404284
datasets/synthetic_data/s2.csv,351,<timecave.validation_methods.prequential.Growing_Window object at 0x00000250F6CEA480>,2,ARMA,2.0884785676446493,1.1572161503881913,1.4451569352996405
datasets/synthetic_data/s2.csv,351,<timecave.validation_methods.prequential.Growing_Window object at 0x00000250F6CEA480>,3,Tree,1.9080360124750224,1.0963786081162072,1.3813167676080031
datasets/synthetic_data/s2.csv,351,<timecave.validation_methods.prequential.Growing_Window object at 0x00000250F6CEA480>,3,ARMA,1.6583996683805933,1.024299108784831,1.2877886738050592
datasets/synthetic_data/s2.csv,351,<timecave.validation_methods.prequential.Growing_Window object at 0x00000250F6CE8C20>,0,Tree,2.800235227776154,1.2281077634049395,1.6733903393339387
datasets/synthetic_data/s2.csv,351,<timecave.validation_methods.prequential.Growing_Window object at 0x00000250F6CE8C20>,0,ARMA,1.5786681894681198,0.9481478018375549,1.2564506315284019
datasets/synthetic_data/s2.csv,351,<timecave.validation_methods.prequential.Growing_Window object at 0x00000250F6CE8C20>,1,Tree,2.1761542104124545,1.1959848727333262,1.4751793824523356
datasets/synthetic_data/s2.csv,351,<timecave.validation_methods.prequential.Growing_Window object at 0x00000250F6CE8C20>,1,ARMA,2.108967132099966,1.1400777187308941,1.4522283333208885
datasets/synthetic_data/s2.csv,351,<timecave.validation_methods.prequential.Growing_Window object at 0x00000250F6CE8C20>,2,Tree,1.899592525607487,1.129156980466693,1.3782570607863713
datasets/synthetic_data/s2.csv,351,<timecave.validation_methods.prequential.Growing_Window object at 0x00000250F6CE8C20>,2,ARMA,1.8546684709542192,1.0981988745402242,1.3618621336075907
datasets/synthetic_data/s2.csv,351,<timecave.validation_methods.prequential.Rolling_Window object at 0x00000250F6CE86B0>,0,Tree,2.0795892253151966,1.060969399154532,1.4420780926549008
datasets/synthetic_data/s2.csv,351,<timecave.validation_methods.prequential.Rolling_Window object at 0x00000250F6CE86B0>,0,ARMA,1.2347881593226697,0.817680921308033,1.111210222830347
datasets/synthetic_data/s2.csv,351,<timecave.validation_methods.prequential.Rolling_Window object at 0x00000250F6CE86B0>,1,Tree,2.7530276859387213,1.2856485121478405,1.6592250257089065
datasets/synthetic_data/s2.csv,351,<timecave.validation_methods.prequential.Rolling_Window object at 0x00000250F6CE86B0>,1,ARMA,1.4838573963102522,0.9123908921705848,1.218136854507839
datasets/synthetic_data/s2.csv,351,<timecave.validation_methods.prequential.Rolling_Window object at 0x00000250F6CE86B0>,2,Tree,2.9573972903723367,1.4276901028638411,1.7197084899401807
datasets/synthetic_data/s2.csv,351,<timecave.validation_methods.prequential.Rolling_Window object at 0x00000250F6CE86B0>,2,ARMA,2.0538972160432847,1.1472282407236565,1.433142426991569
datasets/synthetic_data/s2.csv,351,<timecave.validation_methods.prequential.Rolling_Window object at 0x00000250F6CE86B0>,3,Tree,2.468107014899146,1.12427387283806,1.5710210103302713
datasets/synthetic_data/s2.csv,351,<timecave.validation_methods.prequential.Rolling_Window object at 0x00000250F6CE86B0>,3,ARMA,1.4278691841548554,0.9662141205693996,1.1949348033072162
datasets/synthetic_data/s2.csv,351,<timecave.validation_methods.prequential.Rolling_Window object at 0x00000250F6CEA300>,0,Tree,3.003018035809387,1.3408966245070655,1.7329218204550911
datasets/synthetic_data/s2.csv,351,<timecave.validation_methods.prequential.Rolling_Window object at 0x00000250F6CEA300>,0,ARMA,1.5786681894681198,0.9481478018375549,1.2564506315284019
datasets/synthetic_data/s2.csv,351,<timecave.validation_methods.prequential.Rolling_Window object at 0x00000250F6CEA300>,1,Tree,2.6475253012902416,1.2893985085348592,1.6271217844065151
datasets/synthetic_data/s2.csv,351,<timecave.validation_methods.prequential.Rolling_Window object at 0x00000250F6CEA300>,1,ARMA,2.110357216678743,1.1409052265818183,1.4527068584813465
datasets/synthetic_data/s2.csv,351,<timecave.validation_methods.prequential.Rolling_Window object at 0x00000250F6CEA300>,2,Tree,3.176817859768617,1.4087491287527205,1.7823629988777867
datasets/synthetic_data/s2.csv,351,<timecave.validation_methods.prequential.Rolling_Window object at 0x00000250F6CEA300>,2,ARMA,1.8665992726486307,1.109054988323559,1.3662354382201594
datasets/synthetic_data/s2.csv,351,<timecave.validation_methods.CV.Block_CV object at 0x00000250F6CEA0F0>,0,Tree,1.6410402837936948,1.0769708382504601,1.281030945681522
datasets/synthetic_data/s2.csv,351,<timecave.validation_methods.CV.Block_CV object at 0x00000250F6CEA0F0>,0,ARMA,1.6459511714019417,1.0863034048526132,1.2829462854702616
datasets/synthetic_data/s2.csv,351,<timecave.validation_methods.CV.Block_CV object at 0x00000250F6CEA0F0>,1,Tree,2.743023290740879,1.2262953698577155,1.6562075023199474
datasets/synthetic_data/s2.csv,351,<timecave.validation_methods.CV.Block_CV object at 0x00000250F6CEA0F0>,1,ARMA,1.2637079274705862,0.8454307830704062,1.1241476448716985
datasets/synthetic_data/s2.csv,351,<timecave.validation_methods.CV.Block_CV object at 0x00000250F6CEA0F0>,2,Tree,1.9434767752404185,1.120593471930081,1.394086358602084
datasets/synthetic_data/s2.csv,351,<timecave.validation_methods.CV.Block_CV object at 0x00000250F6CEA0F0>,2,ARMA,1.4856303588276825,0.9033854891335683,1.2188643726139847
datasets/synthetic_data/s2.csv,351,<timecave.validation_methods.CV.Block_CV object at 0x00000250F6CEA0F0>,3,Tree,1.8714615634731755,1.0754084105612387,1.3680137292707173
datasets/synthetic_data/s2.csv,351,<timecave.validation_methods.CV.Block_CV object at 0x00000250F6CEA0F0>,3,ARMA,2.0397573051572664,1.1208315585291786,1.4282007229928384
datasets/synthetic_data/s2.csv,351,<timecave.validation_methods.CV.Block_CV object at 0x00000250F6CEA0F0>,4,Tree,1.9179050533778712,1.1330092956778122,1.3848844909875593
datasets/synthetic_data/s2.csv,351,<timecave.validation_methods.CV.Block_CV object at 0x00000250F6CEA0F0>,4,ARMA,1.6583996683805933,1.024299108784831,1.2877886738050592
datasets/synthetic_data/s2.csv,351,<timecave.validation_methods.CV.AdaptedhvBlockCV object at 0x00000250F6CEB500>,0,Tree,1.4092096444505022,1.0507999571142614,1.187101362332005
datasets/synthetic_data/s2.csv,351,<timecave.validation_methods.CV.AdaptedhvBlockCV object at 0x00000250F6CEB500>,0,ARMA,1.6444640150152277,1.084794000454558,1.2823665681135124
datasets/synthetic_data/s2.csv,351,<timecave.validation_methods.CV.AdaptedhvBlockCV object at 0x00000250F6CEB500>,1,Tree,2.8350947583129416,1.3260772295846082,1.6837739629513642
datasets/synthetic_data/s2.csv,351,<timecave.validation_methods.CV.AdaptedhvBlockCV object at 0x00000250F6CEB500>,1,ARMA,1.2520229152089621,0.842828599380337,1.1189382982135172
datasets/synthetic_data/s2.csv,351,<timecave.validation_methods.CV.AdaptedhvBlockCV object at 0x00000250F6CEB500>,2,Tree,2.8758760188330776,1.3834974892085212,1.695840799967107
datasets/synthetic_data/s2.csv,351,<timecave.validation_methods.CV.AdaptedhvBlockCV object at 0x00000250F6CEB500>,2,ARMA,1.4802178749591768,0.9000876619402939,1.2166420488209244
datasets/synthetic_data/s2.csv,351,<timecave.validation_methods.CV.AdaptedhvBlockCV object at 0x00000250F6CEB500>,3,Tree,2.778590356152799,1.4346113909597076,1.6669104223541225
datasets/synthetic_data/s2.csv,351,<timecave.validation_methods.CV.AdaptedhvBlockCV object at 0x00000250F6CEB500>,3,ARMA,2.0724902934041447,1.1402492306992964,1.4396146336447628
datasets/synthetic_data/s2.csv,351,<timecave.validation_methods.CV.AdaptedhvBlockCV object at 0x00000250F6CEB500>,4,Tree,1.7241639472582404,1.0414200602129613,1.313074235242715
datasets/synthetic_data/s2.csv,351,<timecave.validation_methods.CV.AdaptedhvBlockCV object at 0x00000250F6CEB500>,4,ARMA,1.9307920481322396,1.112075456441184,1.3895294340647266
datasets/synthetic_data/s2.csv,351,<timecave.validation_methods.markov.MarkovCV object at 0x00000250F6CEA780>,0,Tree,2.189338096360053,1.2246292810378345,1.4796412052791896
datasets/synthetic_data/s2.csv,351,<timecave.validation_methods.markov.MarkovCV object at 0x00000250F6CEA780>,0,ARMA,2.0784147398951003,1.2533756689515296,1.4416708153719073
datasets/synthetic_data/s2.csv,351,<timecave.validation_methods.markov.MarkovCV object at 0x00000250F6CEA780>,1,Tree,6.772220270214599,2.3395686007216736,2.6023489908570294
datasets/synthetic_data/s2.csv,351,<timecave.validation_methods.markov.MarkovCV object at 0x00000250F6CEA780>,1,ARMA,2.4962071669588886,1.2646338011447575,1.5799389757072546
datasets/synthetic_data/s2.csv,351,<timecave.validation_methods.markov.MarkovCV object at 0x00000250F6CEA780>,2,Tree,1.7514046399577614,1.059025133703987,1.3234064530437206
datasets/synthetic_data/s2.csv,351,<timecave.validation_methods.markov.MarkovCV object at 0x00000250F6CEA780>,2,ARMA,1.9831184427737716,1.1234085215312257,1.4082323823764924
datasets/synthetic_data/s2.csv,351,<timecave.validation_methods.markov.MarkovCV object at 0x00000250F6CEA780>,3,Tree,4.431661480188769,1.3632607989007575,2.1051511775140446
datasets/synthetic_data/s2.csv,351,<timecave.validation_methods.markov.MarkovCV object at 0x00000250F6CEA780>,3,ARMA,2.209181935056617,1.2075228297359932,1.486331704249296
datasets/synthetic_data/s2.csv,351,<timecave.validation_methods.markov.MarkovCV object at 0x00000250F6CEA780>,4,Tree,5.508881733266411,1.976819233502878,2.3471007079514954
datasets/synthetic_data/s2.csv,351,<timecave.validation_methods.markov.MarkovCV object at 0x00000250F6CEA780>,4,ARMA,2.7117504405778785,1.2974957235832518,1.646739335953896
datasets/synthetic_data/s2.csv,351,<timecave.validation_methods.markov.MarkovCV object at 0x00000250F6CEA780>,5,Tree,5.448880852059933,1.8629908735943113,2.3342837985257776
datasets/synthetic_data/s2.csv,351,<timecave.validation_methods.markov.MarkovCV object at 0x00000250F6CEA780>,5,ARMA,1.7574174538099523,1.1363053914876717,1.3256762251054939
datasets/synthetic_data/s2.csv,351,<timecave.validation_methods.markov.MarkovCV object at 0x00000250F6CEA780>,6,Tree,2.562524711377932,1.2927945218178805,1.60078877787731
datasets/synthetic_data/s2.csv,351,<timecave.validation_methods.markov.MarkovCV object at 0x00000250F6CEA780>,6,ARMA,1.8896258342276218,1.0846982110021788,1.374636618975219
datasets/synthetic_data/s2.csv,351,<timecave.validation_methods.markov.MarkovCV object at 0x00000250F6CEA780>,7,Tree,2.5639258506742575,1.2015075578490537,1.6012263583498298
datasets/synthetic_data/s2.csv,351,<timecave.validation_methods.markov.MarkovCV object at 0x00000250F6CEA780>,7,ARMA,1.5229535799193685,0.9130120445505222,1.234080054096722
datasets/synthetic_data/s2.csv,351,<timecave.validation_methods.markov.MarkovCV object at 0x00000250F6CEA780>,8,Tree,3.3574026967175516,1.3882439702202956,1.832321668462596
datasets/synthetic_data/s2.csv,351,<timecave.validation_methods.markov.MarkovCV object at 0x00000250F6CEA780>,8,ARMA,2.9750348606027344,1.401685973521206,1.7248289366203056
datasets/synthetic_data/s2.csv,351,<timecave.validation_methods.markov.MarkovCV object at 0x00000250F6CEA780>,9,Tree,3.5422749628466748,1.5350863504833312,1.8820932396793404
datasets/synthetic_data/s2.csv,351,<timecave.validation_methods.markov.MarkovCV object at 0x00000250F6CEA780>,9,ARMA,1.2280679514165627,0.880298662454857,1.1081822735527593
datasets/synthetic_data/s2.csv,352,<timecave.validation_methods.OOS.Holdout object at 0x00000250F6A44FE0>,0,Tree,1.9973856519141457,1.1180483915546018,1.4132889484865243
datasets/synthetic_data/s2.csv,352,<timecave.validation_methods.OOS.Holdout object at 0x00000250F6A44FE0>,0,ARMA,1.9470210915514308,1.175923729508897,1.3953569763868423
datasets/synthetic_data/s2.csv,352,<timecave.validation_methods.OOS.Repeated_Holdout object at 0x00000250F6C14B00>,0,Tree,2.6201615034109955,1.440831273962165,1.6186912934253386
datasets/synthetic_data/s2.csv,352,<timecave.validation_methods.OOS.Repeated_Holdout object at 0x00000250F6C14B00>,0,ARMA,1.9838354741270823,1.2015694766686178,1.4084869449615365
datasets/synthetic_data/s2.csv,352,<timecave.validation_methods.OOS.Repeated_Holdout object at 0x00000250F6C14B00>,1,Tree,2.2552686171194454,1.3387906241161223,1.5017551788222492
datasets/synthetic_data/s2.csv,352,<timecave.validation_methods.OOS.Repeated_Holdout object at 0x00000250F6C14B00>,1,ARMA,1.9788689873836343,1.191566486116537,1.4067227827058302
datasets/synthetic_data/s2.csv,352,<timecave.validation_methods.OOS.Repeated_Holdout object at 0x00000250F6C14B00>,2,Tree,2.0957977043114373,1.177564749075373,1.4476870187687108
datasets/synthetic_data/s2.csv,352,<timecave.validation_methods.OOS.Repeated_Holdout object at 0x00000250F6C14B00>,2,ARMA,1.805080372580272,1.1319679693212839,1.3435327954985958
datasets/synthetic_data/s2.csv,352,<timecave.validation_methods.OOS.Repeated_Holdout object at 0x00000250F6C14B00>,3,Tree,2.4174542158225836,1.254792402669557,1.5548164572780234
datasets/synthetic_data/s2.csv,352,<timecave.validation_methods.OOS.Repeated_Holdout object at 0x00000250F6C14B00>,3,ARMA,1.9470210915514308,1.175923729508897,1.3953569763868423
datasets/synthetic_data/s2.csv,352,<timecave.validation_methods.prequential.Growing_Window object at 0x00000250F6C15E50>,0,Tree,1.4093115926626882,0.9783996242738157,1.1871443015331742
datasets/synthetic_data/s2.csv,352,<timecave.validation_methods.prequential.Growing_Window object at 0x00000250F6C15E50>,0,ARMA,1.0040875540308665,0.7374994882517357,1.0020416927607685
datasets/synthetic_data/s2.csv,352,<timecave.validation_methods.prequential.Growing_Window object at 0x00000250F6C15E50>,1,Tree,2.9849303435167447,1.2716735409028712,1.7276950956452775
datasets/synthetic_data/s2.csv,352,<timecave.validation_methods.prequential.Growing_Window object at 0x00000250F6C15E50>,1,ARMA,1.1540282935729174,0.91299897924639,1.0742570891425
datasets/synthetic_data/s2.csv,352,<timecave.validation_methods.prequential.Growing_Window object at 0x00000250F6C15E50>,2,Tree,2.785648045087022,1.3288670759924395,1.6690260768145662
datasets/synthetic_data/s2.csv,352,<timecave.validation_methods.prequential.Growing_Window object at 0x00000250F6C15E50>,2,ARMA,2.113556843210193,1.2124777843132792,1.4538077050319251
datasets/synthetic_data/s2.csv,352,<timecave.validation_methods.prequential.Growing_Window object at 0x00000250F6C15E50>,3,Tree,2.6291133406263776,1.4159965193300676,1.6214540821825258
datasets/synthetic_data/s2.csv,352,<timecave.validation_methods.prequential.Growing_Window object at 0x00000250F6C15E50>,3,ARMA,2.0458515390605347,1.2260879359543555,1.4303326672702874
datasets/synthetic_data/s2.csv,352,<timecave.validation_methods.prequential.Growing_Window object at 0x00000250F6C16360>,0,Tree,2.2906848405926477,1.2872241517340808,1.5135008558281848
datasets/synthetic_data/s2.csv,352,<timecave.validation_methods.prequential.Growing_Window object at 0x00000250F6C16360>,0,ARMA,1.4004538937321382,1.049468815955207,1.183407746185624
datasets/synthetic_data/s2.csv,352,<timecave.validation_methods.prequential.Growing_Window object at 0x00000250F6C16360>,1,Tree,3.168353409058616,1.431189223676592,1.7799869126088024
datasets/synthetic_data/s2.csv,352,<timecave.validation_methods.prequential.Growing_Window object at 0x00000250F6C16360>,1,ARMA,2.1246117908649085,1.2169069898217217,1.4576048129945607
datasets/synthetic_data/s2.csv,352,<timecave.validation_methods.prequential.Growing_Window object at 0x00000250F6C16360>,2,Tree,2.0398952421926095,1.1165427593993849,1.428249012669923
datasets/synthetic_data/s2.csv,352,<timecave.validation_methods.prequential.Growing_Window object at 0x00000250F6C16360>,2,ARMA,2.039967317787468,1.21586635454055,1.4282742445999186
datasets/synthetic_data/s2.csv,352,<timecave.validation_methods.prequential.Rolling_Window object at 0x00000250F6C15A00>,0,Tree,1.2004427793191592,0.8144719964009517,1.09564719655515
datasets/synthetic_data/s2.csv,352,<timecave.validation_methods.prequential.Rolling_Window object at 0x00000250F6C15A00>,0,ARMA,1.0040875540308665,0.7374994882517357,1.0020416927607685
datasets/synthetic_data/s2.csv,352,<timecave.validation_methods.prequential.Rolling_Window object at 0x00000250F6C15A00>,1,Tree,2.2421743591621857,1.143915900811165,1.4973891809286541
datasets/synthetic_data/s2.csv,352,<timecave.validation_methods.prequential.Rolling_Window object at 0x00000250F6C15A00>,1,ARMA,1.157142312892685,0.9087218503917672,1.0757054954273892
datasets/synthetic_data/s2.csv,352,<timecave.validation_methods.prequential.Rolling_Window object at 0x00000250F6C15A00>,2,Tree,4.431170498438315,1.7853914293905593,2.1050345599154223
datasets/synthetic_data/s2.csv,352,<timecave.validation_methods.prequential.Rolling_Window object at 0x00000250F6C15A00>,2,ARMA,2.117035873159753,1.1971087409579733,1.4550037364762172
datasets/synthetic_data/s2.csv,352,<timecave.validation_methods.prequential.Rolling_Window object at 0x00000250F6C15A00>,3,Tree,4.112946266511296,1.7056992577454704,2.028040006141717
datasets/synthetic_data/s2.csv,352,<timecave.validation_methods.prequential.Rolling_Window object at 0x00000250F6C15A00>,3,ARMA,2.079595048733427,1.2331238791474286,1.4420801117598936
datasets/synthetic_data/s2.csv,352,<timecave.validation_methods.prequential.Rolling_Window object at 0x00000250F6C171A0>,0,Tree,2.2196136935436837,1.2418479742361859,1.4898368009764302
datasets/synthetic_data/s2.csv,352,<timecave.validation_methods.prequential.Rolling_Window object at 0x00000250F6C171A0>,0,ARMA,1.4004538937321382,1.049468815955207,1.183407746185624
datasets/synthetic_data/s2.csv,352,<timecave.validation_methods.prequential.Rolling_Window object at 0x00000250F6C171A0>,1,Tree,2.045028103524816,1.1670746582719924,1.4300447907407712
datasets/synthetic_data/s2.csv,352,<timecave.validation_methods.prequential.Rolling_Window object at 0x00000250F6C171A0>,1,ARMA,2.1005275751882384,1.2102032732220684,1.449319693921337
datasets/synthetic_data/s2.csv,352,<timecave.validation_methods.prequential.Rolling_Window object at 0x00000250F6C171A0>,2,Tree,4.253602688652185,1.6772230574002376,2.062426408057312
datasets/synthetic_data/s2.csv,352,<timecave.validation_methods.prequential.Rolling_Window object at 0x00000250F6C171A0>,2,ARMA,1.9498402051295591,1.1842102091541205,1.3963667874629355
datasets/synthetic_data/s2.csv,352,<timecave.validation_methods.CV.Block_CV object at 0x00000250F6C16690>,0,Tree,1.7114759701779947,1.0685291191727475,1.3082339126387126
datasets/synthetic_data/s2.csv,352,<timecave.validation_methods.CV.Block_CV object at 0x00000250F6C16690>,0,ARMA,1.147300853402252,0.8630330830974423,1.0711213065765484
datasets/synthetic_data/s2.csv,352,<timecave.validation_methods.CV.Block_CV object at 0x00000250F6C16690>,1,Tree,1.4983415179779984,0.9830428827794143,1.2240676116857265
datasets/synthetic_data/s2.csv,352,<timecave.validation_methods.CV.Block_CV object at 0x00000250F6C16690>,1,ARMA,1.060869947836113,0.7996276523846606,1.0299854114676155
datasets/synthetic_data/s2.csv,352,<timecave.validation_methods.CV.Block_CV object at 0x00000250F6C16690>,2,Tree,2.0108923691938947,1.178393319213819,1.4180593673023336
datasets/synthetic_data/s2.csv,352,<timecave.validation_methods.CV.Block_CV object at 0x00000250F6C16690>,2,ARMA,1.18540732189885,0.9340625556248939,1.0887641259239074
datasets/synthetic_data/s2.csv,352,<timecave.validation_methods.CV.Block_CV object at 0x00000250F6C16690>,3,Tree,2.673911512280993,1.3726832390738506,1.6352099291164401
datasets/synthetic_data/s2.csv,352,<timecave.validation_methods.CV.Block_CV object at 0x00000250F6C16690>,3,ARMA,2.0485356688453056,1.1733637643203132,1.4312706483559654
datasets/synthetic_data/s2.csv,352,<timecave.validation_methods.CV.Block_CV object at 0x00000250F6C16690>,4,Tree,2.579962811231224,1.3994984130217571,1.6062262640211136
datasets/synthetic_data/s2.csv,352,<timecave.validation_methods.CV.Block_CV object at 0x00000250F6C16690>,4,ARMA,2.0458515390605347,1.2260879359543555,1.4303326672702874
datasets/synthetic_data/s2.csv,352,<timecave.validation_methods.CV.AdaptedhvBlockCV object at 0x00000250F6C15460>,0,Tree,1.8173178267026455,1.068099198643845,1.3480793102420368
datasets/synthetic_data/s2.csv,352,<timecave.validation_methods.CV.AdaptedhvBlockCV object at 0x00000250F6C15460>,0,ARMA,1.1389183427316638,0.8587031327199981,1.0672011725685386
datasets/synthetic_data/s2.csv,352,<timecave.validation_methods.CV.AdaptedhvBlockCV object at 0x00000250F6C15460>,1,Tree,1.859751988716137,1.037166482109475,1.3637272413192225
datasets/synthetic_data/s2.csv,352,<timecave.validation_methods.CV.AdaptedhvBlockCV object at 0x00000250F6C15460>,1,ARMA,1.0571690006063472,0.7952395145632885,1.028187240052291
datasets/synthetic_data/s2.csv,352,<timecave.validation_methods.CV.AdaptedhvBlockCV object at 0x00000250F6C15460>,2,Tree,2.3203610303993885,1.3056925780864617,1.523273130597198
datasets/synthetic_data/s2.csv,352,<timecave.validation_methods.CV.AdaptedhvBlockCV object at 0x00000250F6C15460>,2,ARMA,1.1819321344197662,0.9334736799004129,1.0871670223198302
datasets/synthetic_data/s2.csv,352,<timecave.validation_methods.CV.AdaptedhvBlockCV object at 0x00000250F6C15460>,3,Tree,2.3819064629277267,1.2620338546717766,1.5433426265504775
datasets/synthetic_data/s2.csv,352,<timecave.validation_methods.CV.AdaptedhvBlockCV object at 0x00000250F6C15460>,3,ARMA,2.0503172821951674,1.17606583017081,1.4318929017895043
datasets/synthetic_data/s2.csv,352,<timecave.validation_methods.CV.AdaptedhvBlockCV object at 0x00000250F6C15460>,4,Tree,2.0555783610010367,1.2601490530789934,1.4337288310559415
datasets/synthetic_data/s2.csv,352,<timecave.validation_methods.CV.AdaptedhvBlockCV object at 0x00000250F6C15460>,4,ARMA,1.999074683776794,1.209721445803884,1.4138863758367552
datasets/synthetic_data/s2.csv,352,<timecave.validation_methods.markov.MarkovCV object at 0x00000250F6C17AD0>,0,Tree,5.300895202012243,1.926416058954676,2.3023673038879444
datasets/synthetic_data/s2.csv,352,<timecave.validation_methods.markov.MarkovCV object at 0x00000250F6C17AD0>,0,ARMA,2.3279718970445007,1.2452063335790007,1.5257692804105412
datasets/synthetic_data/s2.csv,352,<timecave.validation_methods.markov.MarkovCV object at 0x00000250F6C17AD0>,1,Tree,4.339188201545659,1.8494346696335096,2.0830718186240387
datasets/synthetic_data/s2.csv,352,<timecave.validation_methods.markov.MarkovCV object at 0x00000250F6C17AD0>,1,ARMA,1.679938302931402,0.9807733540704705,1.2961243393021373
datasets/synthetic_data/s2.csv,352,<timecave.validation_methods.markov.MarkovCV object at 0x00000250F6C17AD0>,2,Tree,3.5583073296372874,1.6649317216232697,1.886347616330905
datasets/synthetic_data/s2.csv,352,<timecave.validation_methods.markov.MarkovCV object at 0x00000250F6C17AD0>,2,ARMA,2.046579899526496,1.1954890130477522,1.4305872568726787
datasets/synthetic_data/s2.csv,352,<timecave.validation_methods.markov.MarkovCV object at 0x00000250F6C17AD0>,3,Tree,3.712724200920492,1.5977551192496755,1.9268430659813716
datasets/synthetic_data/s2.csv,352,<timecave.validation_methods.markov.MarkovCV object at 0x00000250F6C17AD0>,3,ARMA,2.0736339328714593,1.1857133733538396,1.440011782198833
datasets/synthetic_data/s2.csv,352,<timecave.validation_methods.markov.MarkovCV object at 0x00000250F6C17AD0>,4,Tree,1.9115762817831423,1.0791442704214016,1.3825976572319014
datasets/synthetic_data/s2.csv,352,<timecave.validation_methods.markov.MarkovCV object at 0x00000250F6C17AD0>,4,ARMA,1.113860640613672,0.8547434027123911,1.0553959638987027
datasets/synthetic_data/s2.csv,352,<timecave.validation_methods.markov.MarkovCV object at 0x00000250F6C17AD0>,5,Tree,1.4389021838918632,0.9384239253070201,1.1995424894066333
datasets/synthetic_data/s2.csv,352,<timecave.validation_methods.markov.MarkovCV object at 0x00000250F6C17AD0>,5,ARMA,1.1193154483834156,0.9099542138792116,1.0579770547528031
datasets/synthetic_data/s2.csv,352,<timecave.validation_methods.markov.MarkovCV object at 0x00000250F6C17AD0>,6,Tree,2.791264421472689,1.348076277706653,1.6707077606429825
datasets/synthetic_data/s2.csv,352,<timecave.validation_methods.markov.MarkovCV object at 0x00000250F6C17AD0>,6,ARMA,2.876074692309084,1.3785200250270775,1.6958993756438157
datasets/synthetic_data/s2.csv,352,<timecave.validation_methods.markov.MarkovCV object at 0x00000250F6C17AD0>,7,Tree,2.4300610323508556,1.3660759738923323,1.558865302824736
datasets/synthetic_data/s2.csv,352,<timecave.validation_methods.markov.MarkovCV object at 0x00000250F6C17AD0>,7,ARMA,2.199446374455799,1.2417267613798921,1.4830530585436918
datasets/synthetic_data/s2.csv,352,<timecave.validation_methods.markov.MarkovCV object at 0x00000250F6C17AD0>,8,Tree,2.654116402890651,1.3333253919139068,1.6291459120934046
datasets/synthetic_data/s2.csv,352,<timecave.validation_methods.markov.MarkovCV object at 0x00000250F6C17AD0>,8,ARMA,1.4940321463557018,0.9830846928134402,1.2223060771982204
datasets/synthetic_data/s2.csv,352,<timecave.validation_methods.markov.MarkovCV object at 0x00000250F6C17AD0>,9,Tree,3.589870516121039,1.6624538114074603,1.8946953623527554
datasets/synthetic_data/s2.csv,352,<timecave.validation_methods.markov.MarkovCV object at 0x00000250F6C17AD0>,9,ARMA,2.3682131063663796,1.3095306003988154,1.5388999663286693
datasets/synthetic_data/s2.csv,353,<timecave.validation_methods.OOS.Holdout object at 0x00000250F6C40AD0>,0,Tree,2.741118863868925,1.2881307261291453,1.6556324664214956
datasets/synthetic_data/s2.csv,353,<timecave.validation_methods.OOS.Holdout object at 0x00000250F6C40AD0>,0,ARMA,2.118512348761668,1.1086966536903746,1.4555110266712747
datasets/synthetic_data/s2.csv,353,<timecave.validation_methods.OOS.Repeated_Holdout object at 0x00000250F6C167E0>,0,Tree,3.3582716019108174,1.5006453773332826,1.8325587581059488
datasets/synthetic_data/s2.csv,353,<timecave.validation_methods.OOS.Repeated_Holdout object at 0x00000250F6C167E0>,0,ARMA,2.384737032888704,1.146711464342256,1.5442593800552755
datasets/synthetic_data/s2.csv,353,<timecave.validation_methods.OOS.Repeated_Holdout object at 0x00000250F6C167E0>,1,Tree,3.329115294815783,1.445054274291381,1.8245863352595248
datasets/synthetic_data/s2.csv,353,<timecave.validation_methods.OOS.Repeated_Holdout object at 0x00000250F6C167E0>,1,ARMA,2.5525440984030783,1.2072756715544959,1.5976683317895108
datasets/synthetic_data/s2.csv,353,<timecave.validation_methods.OOS.Repeated_Holdout object at 0x00000250F6C167E0>,2,Tree,2.775139531171317,1.311183669685916,1.6658750046661115
datasets/synthetic_data/s2.csv,353,<timecave.validation_methods.OOS.Repeated_Holdout object at 0x00000250F6C167E0>,2,ARMA,2.311283188135842,1.1602612406502382,1.5202904946541769
datasets/synthetic_data/s2.csv,353,<timecave.validation_methods.OOS.Repeated_Holdout object at 0x00000250F6C167E0>,3,Tree,3.0715578232912764,1.3454448342928444,1.7525860387699306
datasets/synthetic_data/s2.csv,353,<timecave.validation_methods.OOS.Repeated_Holdout object at 0x00000250F6C167E0>,3,ARMA,2.118512348761668,1.1086966536903746,1.4555110266712747
datasets/synthetic_data/s2.csv,353,<timecave.validation_methods.prequential.Growing_Window object at 0x00000250F6C15610>,0,Tree,1.900726412947549,1.1244280465227385,1.3786683476991661
datasets/synthetic_data/s2.csv,353,<timecave.validation_methods.prequential.Growing_Window object at 0x00000250F6C15610>,0,ARMA,1.2724372144309293,0.9251183858722722,1.1280235877103497
datasets/synthetic_data/s2.csv,353,<timecave.validation_methods.prequential.Growing_Window object at 0x00000250F6C15610>,1,Tree,3.011460743746926,1.469629008789652,1.7353560855763654
datasets/synthetic_data/s2.csv,353,<timecave.validation_methods.prequential.Growing_Window object at 0x00000250F6C15610>,1,ARMA,1.1239982333011425,0.8526046893224349,1.0601878292553364
datasets/synthetic_data/s2.csv,353,<timecave.validation_methods.prequential.Growing_Window object at 0x00000250F6C15610>,2,Tree,1.7503080326283014,1.0745627349853757,1.322992075799512
datasets/synthetic_data/s2.csv,353,<timecave.validation_methods.prequential.Growing_Window object at 0x00000250F6C15610>,2,ARMA,1.3297997302166595,0.9456835719216777,1.1531694282353566
datasets/synthetic_data/s2.csv,353,<timecave.validation_methods.prequential.Growing_Window object at 0x00000250F6C15610>,3,Tree,3.9450729281409127,1.5942914884324497,1.9862207652073605
datasets/synthetic_data/s2.csv,353,<timecave.validation_methods.prequential.Growing_Window object at 0x00000250F6C15610>,3,ARMA,2.6133614374188445,1.2202394301472328,1.6165894461547263
datasets/synthetic_data/s2.csv,353,<timecave.validation_methods.prequential.Growing_Window object at 0x00000250F6C17170>,0,Tree,2.766180371732986,1.35376971684702,1.6631838057571948
datasets/synthetic_data/s2.csv,353,<timecave.validation_methods.prequential.Growing_Window object at 0x00000250F6C17170>,0,ARMA,1.4123926415561119,0.9980688290723729,1.1884412655054148
datasets/synthetic_data/s2.csv,353,<timecave.validation_methods.prequential.Growing_Window object at 0x00000250F6C17170>,1,Tree,1.2687503170566556,0.863808699087459,1.126388173347295
datasets/synthetic_data/s2.csv,353,<timecave.validation_methods.prequential.Growing_Window object at 0x00000250F6C17170>,1,ARMA,1.606033238791371,0.9987508068368862,1.2672936671471893
datasets/synthetic_data/s2.csv,353,<timecave.validation_methods.prequential.Growing_Window object at 0x00000250F6C17170>,2,Tree,3.630120072176868,1.5556016344493404,1.9052873988395735
datasets/synthetic_data/s2.csv,353,<timecave.validation_methods.prequential.Growing_Window object at 0x00000250F6C17170>,2,ARMA,2.8573281242308255,1.3272493998399955,1.690363311312342
datasets/synthetic_data/s2.csv,353,<timecave.validation_methods.prequential.Rolling_Window object at 0x00000250F6C178F0>,0,Tree,2.1149033368752264,1.1864931278408306,1.4542707233782939
datasets/synthetic_data/s2.csv,353,<timecave.validation_methods.prequential.Rolling_Window object at 0x00000250F6C178F0>,0,ARMA,1.2724372144309293,0.9251183858722722,1.1280235877103497
datasets/synthetic_data/s2.csv,353,<timecave.validation_methods.prequential.Rolling_Window object at 0x00000250F6C178F0>,1,Tree,1.8298053337571067,1.0252346634111984,1.3527029732195854
datasets/synthetic_data/s2.csv,353,<timecave.validation_methods.prequential.Rolling_Window object at 0x00000250F6C178F0>,1,ARMA,1.1414438281075054,0.8544271028863202,1.068383745714762
datasets/synthetic_data/s2.csv,353,<timecave.validation_methods.prequential.Rolling_Window object at 0x00000250F6C178F0>,2,Tree,2.1449673845466575,1.2618972990763626,1.4645707168131752
datasets/synthetic_data/s2.csv,353,<timecave.validation_methods.prequential.Rolling_Window object at 0x00000250F6C178F0>,2,ARMA,1.3901194259277547,0.9722615588107861,1.1790332590422352
datasets/synthetic_data/s2.csv,353,<timecave.validation_methods.prequential.Rolling_Window object at 0x00000250F6C178F0>,3,Tree,1.996311139723902,1.1517691202108435,1.41290875137919
datasets/synthetic_data/s2.csv,353,<timecave.validation_methods.prequential.Rolling_Window object at 0x00000250F6C178F0>,3,ARMA,2.5724162681486114,1.2002869821817406,1.6038753904679164
datasets/synthetic_data/s2.csv,353,<timecave.validation_methods.prequential.Rolling_Window object at 0x00000250F6C169F0>,0,Tree,2.7757299632632613,1.3077726873243916,1.666052209044861
datasets/synthetic_data/s2.csv,353,<timecave.validation_methods.prequential.Rolling_Window object at 0x00000250F6C169F0>,0,ARMA,1.4123926415561119,0.9980688290723729,1.1884412655054148
datasets/synthetic_data/s2.csv,353,<timecave.validation_methods.prequential.Rolling_Window object at 0x00000250F6C169F0>,1,Tree,1.0087244378964175,0.8310046176198538,1.0043527457504249
datasets/synthetic_data/s2.csv,353,<timecave.validation_methods.prequential.Rolling_Window object at 0x00000250F6C169F0>,1,ARMA,1.599328501498606,1.0129414924980926,1.2646456031231066
datasets/synthetic_data/s2.csv,353,<timecave.validation_methods.prequential.Rolling_Window object at 0x00000250F6C169F0>,2,Tree,3.7340597197415173,1.5836030417262532,1.932371527357386
datasets/synthetic_data/s2.csv,353,<timecave.validation_methods.prequential.Rolling_Window object at 0x00000250F6C169F0>,2,ARMA,2.888474464528441,1.3200902670675292,1.699551253869221
datasets/synthetic_data/s2.csv,353,<timecave.validation_methods.CV.Block_CV object at 0x00000250F6C17F20>,0,Tree,2.738322047791724,1.2694684308707451,1.654787614103914
datasets/synthetic_data/s2.csv,353,<timecave.validation_methods.CV.Block_CV object at 0x00000250F6C17F20>,0,ARMA,1.708436620587031,1.055901570240784,1.3070717733112558
datasets/synthetic_data/s2.csv,353,<timecave.validation_methods.CV.Block_CV object at 0x00000250F6C17F20>,1,Tree,1.9457000054149618,1.0134258863554513,1.3948835096218473
datasets/synthetic_data/s2.csv,353,<timecave.validation_methods.CV.Block_CV object at 0x00000250F6C17F20>,1,ARMA,1.3276488678775733,0.920835115056099,1.152236463525423
datasets/synthetic_data/s2.csv,353,<timecave.validation_methods.CV.Block_CV object at 0x00000250F6C17F20>,2,Tree,3.233903112652826,1.3395530459411296,1.7983056227051135
datasets/synthetic_data/s2.csv,353,<timecave.validation_methods.CV.Block_CV object at 0x00000250F6C17F20>,2,ARMA,1.161226189236208,0.8894101219328057,1.0776020551373349
datasets/synthetic_data/s2.csv,353,<timecave.validation_methods.CV.Block_CV object at 0x00000250F6C17F20>,3,Tree,1.7873052878925808,1.02511270165455,1.336901375529467
datasets/synthetic_data/s2.csv,353,<timecave.validation_methods.CV.Block_CV object at 0x00000250F6C17F20>,3,ARMA,1.5295281689945706,1.0017345627075684,1.2367409465989918
datasets/synthetic_data/s2.csv,353,<timecave.validation_methods.CV.Block_CV object at 0x00000250F6C17F20>,4,Tree,3.9024685907841974,1.6252927705079256,1.9754666767081133
datasets/synthetic_data/s2.csv,353,<timecave.validation_methods.CV.Block_CV object at 0x00000250F6C17F20>,4,ARMA,2.6133614374188445,1.2202394301472328,1.6165894461547263
datasets/synthetic_data/s2.csv,353,<timecave.validation_methods.CV.AdaptedhvBlockCV object at 0x00000250F6C15C10>,0,Tree,2.9391832771545725,1.3849979528455725,1.7144046421876524
datasets/synthetic_data/s2.csv,353,<timecave.validation_methods.CV.AdaptedhvBlockCV object at 0x00000250F6C15C10>,0,ARMA,1.6920680176792016,1.0558474553710733,1.3007951482378775
datasets/synthetic_data/s2.csv,353,<timecave.validation_methods.CV.AdaptedhvBlockCV object at 0x00000250F6C15C10>,1,Tree,1.544187311281557,0.9058724125138613,1.2426533351186713
datasets/synthetic_data/s2.csv,353,<timecave.validation_methods.CV.AdaptedhvBlockCV object at 0x00000250F6C15C10>,1,ARMA,1.3274521322430193,0.9115951886756755,1.1521510891558535
datasets/synthetic_data/s2.csv,353,<timecave.validation_methods.CV.AdaptedhvBlockCV object at 0x00000250F6C15C10>,2,Tree,1.6860604103643102,1.0859481065595125,1.298483889143146
datasets/synthetic_data/s2.csv,353,<timecave.validation_methods.CV.AdaptedhvBlockCV object at 0x00000250F6C15C10>,2,ARMA,1.1598538235228408,0.8944201080122998,1.0769650985630133
datasets/synthetic_data/s2.csv,353,<timecave.validation_methods.CV.AdaptedhvBlockCV object at 0x00000250F6C15C10>,3,Tree,1.3115156504390444,0.9205666138017959,1.145214237790923
datasets/synthetic_data/s2.csv,353,<timecave.validation_methods.CV.AdaptedhvBlockCV object at 0x00000250F6C15C10>,3,ARMA,1.516608955743169,1.0021103665242683,1.2315067826622674
datasets/synthetic_data/s2.csv,353,<timecave.validation_methods.CV.AdaptedhvBlockCV object at 0x00000250F6C15C10>,4,Tree,3.6301579526251837,1.5094912283280635,1.905297339688791
datasets/synthetic_data/s2.csv,353,<timecave.validation_methods.CV.AdaptedhvBlockCV object at 0x00000250F6C15C10>,4,ARMA,2.671700051783702,1.2396676200698609,1.634533588453814
datasets/synthetic_data/s2.csv,353,<timecave.validation_methods.markov.MarkovCV object at 0x00000250F6C145C0>,0,Tree,3.4021382845500687,1.4926833133478772,1.8444886241313794
datasets/synthetic_data/s2.csv,353,<timecave.validation_methods.markov.MarkovCV object at 0x00000250F6C145C0>,0,ARMA,3.5615564101259043,1.6546392677347663,1.8872086291997248
datasets/synthetic_data/s2.csv,353,<timecave.validation_methods.markov.MarkovCV object at 0x00000250F6C145C0>,1,Tree,2.145808119951721,1.2451513703990158,1.464857713210304
datasets/synthetic_data/s2.csv,353,<timecave.validation_methods.markov.MarkovCV object at 0x00000250F6C145C0>,1,ARMA,0.8248313817430428,0.7340618874852017,0.9082022801904005
datasets/synthetic_data/s2.csv,353,<timecave.validation_methods.markov.MarkovCV object at 0x00000250F6C145C0>,2,Tree,4.035588950279403,1.4594277353271508,2.0088775349133163
datasets/synthetic_data/s2.csv,353,<timecave.validation_methods.markov.MarkovCV object at 0x00000250F6C145C0>,2,ARMA,2.2306034530866024,1.0805748215382422,1.4935204896775278
datasets/synthetic_data/s2.csv,353,<timecave.validation_methods.markov.MarkovCV object at 0x00000250F6C145C0>,3,Tree,3.089887968954936,1.1423968450164252,1.7578077167184516
datasets/synthetic_data/s2.csv,353,<timecave.validation_methods.markov.MarkovCV object at 0x00000250F6C145C0>,3,ARMA,2.3488861148376214,1.2650980741152735,1.532607619333018
datasets/synthetic_data/s2.csv,353,<timecave.validation_methods.markov.MarkovCV object at 0x00000250F6C145C0>,4,Tree,3.2404652676318735,1.4602624320127886,1.8001292363693984
datasets/synthetic_data/s2.csv,353,<timecave.validation_methods.markov.MarkovCV object at 0x00000250F6C145C0>,4,ARMA,1.689538383807391,1.1697663450207534,1.2998224431849879
datasets/synthetic_data/s2.csv,353,<timecave.validation_methods.markov.MarkovCV object at 0x00000250F6C145C0>,5,Tree,2.6024236556819,1.1824412968589173,1.6132029183217775
datasets/synthetic_data/s2.csv,353,<timecave.validation_methods.markov.MarkovCV object at 0x00000250F6C145C0>,5,ARMA,1.984333932086424,1.1441930972402898,1.408663881870485
datasets/synthetic_data/s2.csv,353,<timecave.validation_methods.markov.MarkovCV object at 0x00000250F6C145C0>,6,Tree,3.6213196395789353,1.4177714577504985,1.902976521026714
datasets/synthetic_data/s2.csv,353,<timecave.validation_methods.markov.MarkovCV object at 0x00000250F6C145C0>,6,ARMA,3.1427835567016964,1.4067683223963807,1.7727897666394896
datasets/synthetic_data/s2.csv,353,<timecave.validation_methods.markov.MarkovCV object at 0x00000250F6C145C0>,7,Tree,2.551991011225726,1.2686155507745838,1.5974952304234669
datasets/synthetic_data/s2.csv,353,<timecave.validation_methods.markov.MarkovCV object at 0x00000250F6C145C0>,7,ARMA,0.7649520457227565,0.6660512405476775,0.8746153701615108
datasets/synthetic_data/s2.csv,353,<timecave.validation_methods.markov.MarkovCV object at 0x00000250F6C145C0>,8,Tree,3.351588319458567,1.6370802339481187,1.830734366165274
datasets/synthetic_data/s2.csv,353,<timecave.validation_methods.markov.MarkovCV object at 0x00000250F6C145C0>,8,ARMA,1.3425718522173198,0.917462041070342,1.1586940287311918
datasets/synthetic_data/s2.csv,353,<timecave.validation_methods.markov.MarkovCV object at 0x00000250F6C145C0>,9,Tree,3.1544306220426352,1.4594018966128244,1.776071682687001
datasets/synthetic_data/s2.csv,353,<timecave.validation_methods.markov.MarkovCV object at 0x00000250F6C145C0>,9,ARMA,1.9582424742271942,1.2736934814933671,1.3993721714494662
datasets/synthetic_data/s2.csv,354,<timecave.validation_methods.OOS.Holdout object at 0x00000250F6A34AA0>,0,Tree,2.4647417747624547,1.3376399746850807,1.5699496089882805
datasets/synthetic_data/s2.csv,354,<timecave.validation_methods.OOS.Holdout object at 0x00000250F6A34AA0>,0,ARMA,1.3096321057440836,0.9325556351299161,1.1443915875888304
datasets/synthetic_data/s2.csv,354,<timecave.validation_methods.OOS.Repeated_Holdout object at 0x00000250F6C16ED0>,0,Tree,2.0202648240908614,1.209884904775302,1.4213602020919474
datasets/synthetic_data/s2.csv,354,<timecave.validation_methods.OOS.Repeated_Holdout object at 0x00000250F6C16ED0>,0,ARMA,1.285780290000182,0.9279198100922339,1.1339225238084751
datasets/synthetic_data/s2.csv,354,<timecave.validation_methods.OOS.Repeated_Holdout object at 0x00000250F6C16ED0>,1,Tree,2.1011120649754544,1.1629131468382463,1.4495213227046557
datasets/synthetic_data/s2.csv,354,<timecave.validation_methods.OOS.Repeated_Holdout object at 0x00000250F6C16ED0>,1,ARMA,1.3607227431810522,0.9587893015252492,1.166500211393488
datasets/synthetic_data/s2.csv,354,<timecave.validation_methods.OOS.Repeated_Holdout object at 0x00000250F6C16ED0>,2,Tree,2.014546315498624,1.1592151097056167,1.419347144111906
datasets/synthetic_data/s2.csv,354,<timecave.validation_methods.OOS.Repeated_Holdout object at 0x00000250F6C16ED0>,2,ARMA,1.2062765815420893,0.8942501718481041,1.0983062330434483
datasets/synthetic_data/s2.csv,354,<timecave.validation_methods.OOS.Repeated_Holdout object at 0x00000250F6C16ED0>,3,Tree,2.3831364470039675,1.3304584752874327,1.5437410556838758
datasets/synthetic_data/s2.csv,354,<timecave.validation_methods.OOS.Repeated_Holdout object at 0x00000250F6C16ED0>,3,ARMA,1.3096321057440836,0.9325556351299161,1.1443915875888304
datasets/synthetic_data/s2.csv,354,<timecave.validation_methods.prequential.Growing_Window object at 0x00000250F6C143B0>,0,Tree,2.8234045613998546,1.5236476049004974,1.6802989500085557
datasets/synthetic_data/s2.csv,354,<timecave.validation_methods.prequential.Growing_Window object at 0x00000250F6C143B0>,0,ARMA,1.306841546025297,0.9289320421349122,1.1431717045244327
datasets/synthetic_data/s2.csv,354,<timecave.validation_methods.prequential.Growing_Window object at 0x00000250F6C143B0>,1,Tree,2.9153579344292524,1.3430556822832047,1.7074419271030135
datasets/synthetic_data/s2.csv,354,<timecave.validation_methods.prequential.Growing_Window object at 0x00000250F6C143B0>,1,ARMA,2.5674652207437423,1.2884592631768206,1.6023311832276568
datasets/synthetic_data/s2.csv,354,<timecave.validation_methods.prequential.Growing_Window object at 0x00000250F6C143B0>,2,Tree,2.9776163794880994,1.3774800126013373,1.7255771149062273
datasets/synthetic_data/s2.csv,354,<timecave.validation_methods.prequential.Growing_Window object at 0x00000250F6C143B0>,2,ARMA,2.279487704004601,1.2466374360355181,1.5097972393684527
datasets/synthetic_data/s2.csv,354,<timecave.validation_methods.prequential.Growing_Window object at 0x00000250F6C143B0>,3,Tree,2.066492859249082,1.1835711324487195,1.4375301246405523
datasets/synthetic_data/s2.csv,354,<timecave.validation_methods.prequential.Growing_Window object at 0x00000250F6C143B0>,3,ARMA,1.3859845935170534,0.9735700217831869,1.1772784689770952
datasets/synthetic_data/s2.csv,354,<timecave.validation_methods.prequential.Growing_Window object at 0x00000250F6C16F60>,0,Tree,5.378585439705154,1.965206756356263,2.3191777507783127
datasets/synthetic_data/s2.csv,354,<timecave.validation_methods.prequential.Growing_Window object at 0x00000250F6C16F60>,0,ARMA,2.687669216820221,1.2889473418782602,1.6394112409094372
datasets/synthetic_data/s2.csv,354,<timecave.validation_methods.prequential.Growing_Window object at 0x00000250F6C16F60>,1,Tree,3.0646439322626953,1.5166261200089692,1.7506124449068374
datasets/synthetic_data/s2.csv,354,<timecave.validation_methods.prequential.Growing_Window object at 0x00000250F6C16F60>,1,ARMA,2.1698453334370598,1.2408746158425223,1.4730394880779876
datasets/synthetic_data/s2.csv,354,<timecave.validation_methods.prequential.Growing_Window object at 0x00000250F6C16F60>,2,Tree,1.3039083359008414,1.0173409652777383,1.1418880575173915
datasets/synthetic_data/s2.csv,354,<timecave.validation_methods.prequential.Growing_Window object at 0x00000250F6C16F60>,2,ARMA,1.7701147643040378,1.0496823520696723,1.3304565999325335
datasets/synthetic_data/s2.csv,354,<timecave.validation_methods.prequential.Rolling_Window object at 0x00000250F6C16D20>,0,Tree,2.782257329748399,1.5068585907945393,1.6680099909018526
datasets/synthetic_data/s2.csv,354,<timecave.validation_methods.prequential.Rolling_Window object at 0x00000250F6C16D20>,0,ARMA,1.306841546025297,0.9289320421349122,1.1431717045244327
datasets/synthetic_data/s2.csv,354,<timecave.validation_methods.prequential.Rolling_Window object at 0x00000250F6C16D20>,1,Tree,2.6690274129046965,1.1053257807220436,1.6337158299118903
datasets/synthetic_data/s2.csv,354,<timecave.validation_methods.prequential.Rolling_Window object at 0x00000250F6C16D20>,1,ARMA,2.6270577795705408,1.3161021482302053,1.6208200947577558
datasets/synthetic_data/s2.csv,354,<timecave.validation_methods.prequential.Rolling_Window object at 0x00000250F6C16D20>,2,Tree,2.9291822751982823,1.2326437446287661,1.7114854002293687
datasets/synthetic_data/s2.csv,354,<timecave.validation_methods.prequential.Rolling_Window object at 0x00000250F6C16D20>,2,ARMA,2.150272146795779,1.1906235579157736,1.4663806282121223
datasets/synthetic_data/s2.csv,354,<timecave.validation_methods.prequential.Rolling_Window object at 0x00000250F6C16D20>,3,Tree,2.1591237594760897,1.235198726120448,1.4693957123511998
datasets/synthetic_data/s2.csv,354,<timecave.validation_methods.prequential.Rolling_Window object at 0x00000250F6C16D20>,3,ARMA,1.3522643123723808,0.9758667481729029,1.1628690005208586
datasets/synthetic_data/s2.csv,354,<timecave.validation_methods.prequential.Rolling_Window object at 0x00000250F6C14D10>,0,Tree,5.479804946144531,1.9782374318613132,2.340898320334425
datasets/synthetic_data/s2.csv,354,<timecave.validation_methods.prequential.Rolling_Window object at 0x00000250F6C14D10>,0,ARMA,2.687669216820221,1.2889473418782602,1.6394112409094372
datasets/synthetic_data/s2.csv,354,<timecave.validation_methods.prequential.Rolling_Window object at 0x00000250F6C14D10>,1,Tree,2.6931304421867956,1.2860525367770406,1.641076001343873
datasets/synthetic_data/s2.csv,354,<timecave.validation_methods.prequential.Rolling_Window object at 0x00000250F6C14D10>,1,ARMA,2.37681003496251,1.301784691902483,1.5416906417833995
datasets/synthetic_data/s2.csv,354,<timecave.validation_methods.prequential.Rolling_Window object at 0x00000250F6C14D10>,2,Tree,2.0875322507135916,1.211353509795345,1.4448294884565416
datasets/synthetic_data/s2.csv,354,<timecave.validation_methods.prequential.Rolling_Window object at 0x00000250F6C14D10>,2,ARMA,1.7584199161154528,1.0455296970783123,1.3260542659014574
datasets/synthetic_data/s2.csv,354,<timecave.validation_methods.CV.Block_CV object at 0x00000250F6C14C50>,0,Tree,3.0342950248162683,1.3730880496129527,1.7419227953087555
datasets/synthetic_data/s2.csv,354,<timecave.validation_methods.CV.Block_CV object at 0x00000250F6C14C50>,0,ARMA,1.6821215994980232,1.1038349057853936,1.2969663062308223
datasets/synthetic_data/s2.csv,354,<timecave.validation_methods.CV.Block_CV object at 0x00000250F6C14C50>,1,Tree,2.5055656144800005,1.2976190418574163,1.582897853457386
datasets/synthetic_data/s2.csv,354,<timecave.validation_methods.CV.Block_CV object at 0x00000250F6C14C50>,1,ARMA,1.011486352457289,0.7981103395165677,1.0057267782341728
datasets/synthetic_data/s2.csv,354,<timecave.validation_methods.CV.Block_CV object at 0x00000250F6C14C50>,2,Tree,4.44451858489735,1.5401781804517602,2.1082026906579334
datasets/synthetic_data/s2.csv,354,<timecave.validation_methods.CV.Block_CV object at 0x00000250F6C14C50>,2,ARMA,2.712805153571305,1.3284940195298938,1.6470595476701213
datasets/synthetic_data/s2.csv,354,<timecave.validation_methods.CV.Block_CV object at 0x00000250F6C14C50>,3,Tree,4.39091427998405,1.5640065059096804,2.0954508536312777
datasets/synthetic_data/s2.csv,354,<timecave.validation_methods.CV.Block_CV object at 0x00000250F6C14C50>,3,ARMA,2.2602132138425928,1.2768777356116257,1.5034005500340197
datasets/synthetic_data/s2.csv,354,<timecave.validation_methods.CV.Block_CV object at 0x00000250F6C14C50>,4,Tree,2.1184014425375435,1.1962318110076193,1.4554729274491998
datasets/synthetic_data/s2.csv,354,<timecave.validation_methods.CV.Block_CV object at 0x00000250F6C14C50>,4,ARMA,1.3859845935170534,0.9735700217831869,1.1772784689770952
datasets/synthetic_data/s2.csv,354,<timecave.validation_methods.CV.AdaptedhvBlockCV object at 0x00000250F6C16E70>,0,Tree,2.7936133852977707,1.3707552462401567,1.6714105974588562
datasets/synthetic_data/s2.csv,354,<timecave.validation_methods.CV.AdaptedhvBlockCV object at 0x00000250F6C16E70>,0,ARMA,1.6872419643878478,1.10551119383466,1.2989387839262665
datasets/synthetic_data/s2.csv,354,<timecave.validation_methods.CV.AdaptedhvBlockCV object at 0x00000250F6C16E70>,1,Tree,1.4006258960291404,0.94790457331815,1.1834804164113322
datasets/synthetic_data/s2.csv,354,<timecave.validation_methods.CV.AdaptedhvBlockCV object at 0x00000250F6C16E70>,1,ARMA,1.0174745931960303,0.8008794970199113,1.0086994563278153
datasets/synthetic_data/s2.csv,354,<timecave.validation_methods.CV.AdaptedhvBlockCV object at 0x00000250F6C16E70>,2,Tree,2.4065883308863323,1.2303195264001854,1.551318255834802
datasets/synthetic_data/s2.csv,354,<timecave.validation_methods.CV.AdaptedhvBlockCV object at 0x00000250F6C16E70>,2,ARMA,2.722583202287306,1.3307918449832943,1.650025212621706
datasets/synthetic_data/s2.csv,354,<timecave.validation_methods.CV.AdaptedhvBlockCV object at 0x00000250F6C16E70>,3,Tree,3.7522485450956222,1.5230976825573894,1.9370721579475614
datasets/synthetic_data/s2.csv,354,<timecave.validation_methods.CV.AdaptedhvBlockCV object at 0x00000250F6C16E70>,3,ARMA,2.285195129491294,1.2842727303487846,1.5116861875043028
datasets/synthetic_data/s2.csv,354,<timecave.validation_methods.CV.AdaptedhvBlockCV object at 0x00000250F6C16E70>,4,Tree,1.8922582826417809,1.1205048768200707,1.3755937927461657
datasets/synthetic_data/s2.csv,354,<timecave.validation_methods.CV.AdaptedhvBlockCV object at 0x00000250F6C16E70>,4,ARMA,1.4126198858337218,0.984172688555897,1.1885368676796364
datasets/synthetic_data/s2.csv,354,<timecave.validation_methods.markov.MarkovCV object at 0x00000250F6C17C20>,0,Tree,2.6438206504692516,1.2408359119704764,1.6259829797600132
datasets/synthetic_data/s2.csv,354,<timecave.validation_methods.markov.MarkovCV object at 0x00000250F6C17C20>,0,ARMA,1.7596435493712506,1.118276192041233,1.3265155669539843
datasets/synthetic_data/s2.csv,354,<timecave.validation_methods.markov.MarkovCV object at 0x00000250F6C17C20>,1,Tree,2.5573372700422867,1.4239099109817386,1.5991676804019916
datasets/synthetic_data/s2.csv,354,<timecave.validation_methods.markov.MarkovCV object at 0x00000250F6C17C20>,1,ARMA,1.9760658736484829,1.0587268798167841,1.4057261019304161
datasets/synthetic_data/s2.csv,354,<timecave.validation_methods.markov.MarkovCV object at 0x00000250F6C17C20>,2,Tree,4.020400344143476,1.7236509222668872,2.0050935998460213
datasets/synthetic_data/s2.csv,354,<timecave.validation_methods.markov.MarkovCV object at 0x00000250F6C17C20>,2,ARMA,1.7114729036600662,1.0306321796394982,1.3082327406314467
datasets/synthetic_data/s2.csv,354,<timecave.validation_methods.markov.MarkovCV object at 0x00000250F6C17C20>,3,Tree,3.0870933754947334,1.4614543907156214,1.7570126281545997
datasets/synthetic_data/s2.csv,354,<timecave.validation_methods.markov.MarkovCV object at 0x00000250F6C17C20>,3,ARMA,1.5958801612508575,1.0526560873076447,1.2632815051487367
datasets/synthetic_data/s2.csv,354,<timecave.validation_methods.markov.MarkovCV object at 0x00000250F6C17C20>,4,Tree,15.450402803013311,3.4265570238064793,3.930700039816484
datasets/synthetic_data/s2.csv,354,<timecave.validation_methods.markov.MarkovCV object at 0x00000250F6C17C20>,4,ARMA,2.4189819089672007,1.3231002912653387,1.5553076573357443
datasets/synthetic_data/s2.csv,354,<timecave.validation_methods.markov.MarkovCV object at 0x00000250F6C17C20>,5,Tree,6.527718274827447,1.9857917117229698,2.5549399747993
datasets/synthetic_data/s2.csv,354,<timecave.validation_methods.markov.MarkovCV object at 0x00000250F6C17C20>,5,ARMA,3.350407375939369,1.4848038728206714,1.8304118050153002
datasets/synthetic_data/s2.csv,354,<timecave.validation_methods.markov.MarkovCV object at 0x00000250F6C17C20>,6,Tree,5.562635798202794,1.9137815902782138,2.3585240719998586
datasets/synthetic_data/s2.csv,354,<timecave.validation_methods.markov.MarkovCV object at 0x00000250F6C17C20>,6,ARMA,2.056955374273655,1.2337263938382383,1.4342089716194273
datasets/synthetic_data/s2.csv,354,<timecave.validation_methods.markov.MarkovCV object at 0x00000250F6C17C20>,7,Tree,6.656956566176223,2.1104895476698893,2.580107859407475
datasets/synthetic_data/s2.csv,354,<timecave.validation_methods.markov.MarkovCV object at 0x00000250F6C17C20>,7,ARMA,2.3314533883641686,1.3095427433593392,1.526909751217854
datasets/synthetic_data/s2.csv,354,<timecave.validation_methods.markov.MarkovCV object at 0x00000250F6C17C20>,8,Tree,0.9820850751822786,0.8117030252093344,0.9910020560938704
datasets/synthetic_data/s2.csv,354,<timecave.validation_methods.markov.MarkovCV object at 0x00000250F6C17C20>,8,ARMA,2.4268185913426312,1.2272774291348243,1.5578249552958867
datasets/synthetic_data/s2.csv,354,<timecave.validation_methods.markov.MarkovCV object at 0x00000250F6C17C20>,9,Tree,1.725286713073041,1.0958354910919228,1.3135016989227843
datasets/synthetic_data/s2.csv,354,<timecave.validation_methods.markov.MarkovCV object at 0x00000250F6C17C20>,9,ARMA,0.7831252441196481,0.7045035704997,0.8849436389508928
datasets/synthetic_data/s2.csv,355,<timecave.validation_methods.OOS.Holdout object at 0x00000250F6C40FE0>,0,Tree,3.0847324935140734,1.4908220594181492,1.7563406541767668
datasets/synthetic_data/s2.csv,355,<timecave.validation_methods.OOS.Holdout object at 0x00000250F6C40FE0>,0,ARMA,1.570323620668175,0.9539602274392506,1.2531255406654893
datasets/synthetic_data/s2.csv,355,<timecave.validation_methods.OOS.Repeated_Holdout object at 0x00000250F6CE8470>,0,Tree,2.390405802786744,1.2755630955792603,1.546093723804202
datasets/synthetic_data/s2.csv,355,<timecave.validation_methods.OOS.Repeated_Holdout object at 0x00000250F6CE8470>,0,ARMA,1.788361442277419,1.0308572617233902,1.3372963180527415
datasets/synthetic_data/s2.csv,355,<timecave.validation_methods.OOS.Repeated_Holdout object at 0x00000250F6CE8470>,1,Tree,1.959170909127818,1.1761794189991381,1.399703864797057
datasets/synthetic_data/s2.csv,355,<timecave.validation_methods.OOS.Repeated_Holdout object at 0x00000250F6CE8470>,1,ARMA,1.8743526008420612,1.0606151774977686,1.369069976605309
datasets/synthetic_data/s2.csv,355,<timecave.validation_methods.OOS.Repeated_Holdout object at 0x00000250F6CE8470>,2,Tree,1.689662937377145,1.051584782157932,1.2998703540650294
datasets/synthetic_data/s2.csv,355,<timecave.validation_methods.OOS.Repeated_Holdout object at 0x00000250F6CE8470>,2,ARMA,1.5435438171398008,0.9295148347093009,1.2423943887267845
datasets/synthetic_data/s2.csv,355,<timecave.validation_methods.OOS.Repeated_Holdout object at 0x00000250F6CE8470>,3,Tree,2.9123420198326775,1.4657392813392809,1.7065585310304119
datasets/synthetic_data/s2.csv,355,<timecave.validation_methods.OOS.Repeated_Holdout object at 0x00000250F6CE8470>,3,ARMA,1.570323620668175,0.9539602274392506,1.2531255406654893
datasets/synthetic_data/s2.csv,355,<timecave.validation_methods.prequential.Growing_Window object at 0x00000250F6CE8560>,0,Tree,1.2092433209478797,0.8807613267700234,1.0996560011875893
datasets/synthetic_data/s2.csv,355,<timecave.validation_methods.prequential.Growing_Window object at 0x00000250F6CE8560>,0,ARMA,1.6784538907594342,1.0570177851391651,1.2955515778074735
datasets/synthetic_data/s2.csv,355,<timecave.validation_methods.prequential.Growing_Window object at 0x00000250F6CE8560>,1,Tree,1.8855390808586965,1.1672280147996528,1.3731493294098411
datasets/synthetic_data/s2.csv,355,<timecave.validation_methods.prequential.Growing_Window object at 0x00000250F6CE8560>,1,ARMA,1.435707312869026,0.9963268881549028,1.1982100453881306
datasets/synthetic_data/s2.csv,355,<timecave.validation_methods.prequential.Growing_Window object at 0x00000250F6CE8560>,2,Tree,2.1374333447242218,1.1988847256064847,1.4619963559202949
datasets/synthetic_data/s2.csv,355,<timecave.validation_methods.prequential.Growing_Window object at 0x00000250F6CE8560>,2,ARMA,1.034191851514323,0.8113257960819241,1.0169522365943855
datasets/synthetic_data/s2.csv,355,<timecave.validation_methods.prequential.Growing_Window object at 0x00000250F6CE8560>,3,Tree,1.537388150720842,1.0306671619660366,1.2399145739609814
datasets/synthetic_data/s2.csv,355,<timecave.validation_methods.prequential.Growing_Window object at 0x00000250F6CE8560>,3,ARMA,1.8847239205614557,1.050179501809943,1.3728524758915124
datasets/synthetic_data/s2.csv,355,<timecave.validation_methods.prequential.Growing_Window object at 0x00000250F6CEA8D0>,0,Tree,2.291442555888633,1.189983412135562,1.5137511538851531
datasets/synthetic_data/s2.csv,355,<timecave.validation_methods.prequential.Growing_Window object at 0x00000250F6CEA8D0>,0,ARMA,1.5208595099255442,1.0144294518252637,1.2332313286344716
datasets/synthetic_data/s2.csv,355,<timecave.validation_methods.prequential.Growing_Window object at 0x00000250F6CEA8D0>,1,Tree,1.9861303169566324,1.1977234662080347,1.4093013577502267
datasets/synthetic_data/s2.csv,355,<timecave.validation_methods.prequential.Growing_Window object at 0x00000250F6CEA8D0>,1,ARMA,1.0954103026267616,0.8528298639443516,1.0466185086394955
datasets/synthetic_data/s2.csv,355,<timecave.validation_methods.prequential.Growing_Window object at 0x00000250F6CEA8D0>,2,Tree,2.5547445491989342,1.3415439340162436,1.5983568278700893
datasets/synthetic_data/s2.csv,355,<timecave.validation_methods.prequential.Growing_Window object at 0x00000250F6CEA8D0>,2,ARMA,1.951936521433359,1.0729029241407404,1.397117218215193
datasets/synthetic_data/s2.csv,355,<timecave.validation_methods.prequential.Rolling_Window object at 0x00000250F6CE80B0>,0,Tree,1.3359669987534284,0.9429912108579879,1.155840386365448
datasets/synthetic_data/s2.csv,355,<timecave.validation_methods.prequential.Rolling_Window object at 0x00000250F6CE80B0>,0,ARMA,1.6784538907594342,1.0570177851391651,1.2955515778074735
datasets/synthetic_data/s2.csv,355,<timecave.validation_methods.prequential.Rolling_Window object at 0x00000250F6CE80B0>,1,Tree,2.2414720575459635,1.3081899571538569,1.4971546538504175
datasets/synthetic_data/s2.csv,355,<timecave.validation_methods.prequential.Rolling_Window object at 0x00000250F6CE80B0>,1,ARMA,1.3619273174065742,0.9815427793031761,1.1670164169396138
datasets/synthetic_data/s2.csv,355,<timecave.validation_methods.prequential.Rolling_Window object at 0x00000250F6CE80B0>,2,Tree,1.5615143115143175,1.0607643838299254,1.2496056624048715
datasets/synthetic_data/s2.csv,355,<timecave.validation_methods.prequential.Rolling_Window object at 0x00000250F6CE80B0>,2,ARMA,1.3167964268621024,0.9078593179507912,1.147517506124461
datasets/synthetic_data/s2.csv,355,<timecave.validation_methods.prequential.Rolling_Window object at 0x00000250F6CE80B0>,3,Tree,2.8118536254022635,1.293741799993987,1.6768582603792914
datasets/synthetic_data/s2.csv,355,<timecave.validation_methods.prequential.Rolling_Window object at 0x00000250F6CE80B0>,3,ARMA,1.9726473859060378,1.0864650558749127,1.4045096603106857
datasets/synthetic_data/s2.csv,355,<timecave.validation_methods.prequential.Rolling_Window object at 0x00000250F6CE8620>,0,Tree,2.3680577324146452,1.1668744647021645,1.5388494833526265
datasets/synthetic_data/s2.csv,355,<timecave.validation_methods.prequential.Rolling_Window object at 0x00000250F6CE8620>,0,ARMA,1.5208595099255442,1.0144294518252637,1.2332313286344716
datasets/synthetic_data/s2.csv,355,<timecave.validation_methods.prequential.Rolling_Window object at 0x00000250F6CE8620>,1,Tree,2.978675046166005,1.4755719151114979,1.725883844922944
datasets/synthetic_data/s2.csv,355,<timecave.validation_methods.prequential.Rolling_Window object at 0x00000250F6CE8620>,1,ARMA,1.2591149462065778,0.9150036805249951,1.1221029124846695
datasets/synthetic_data/s2.csv,355,<timecave.validation_methods.prequential.Rolling_Window object at 0x00000250F6CE8620>,2,Tree,1.931223312250728,1.1816672774990844,1.3896846089133779
datasets/synthetic_data/s2.csv,355,<timecave.validation_methods.prequential.Rolling_Window object at 0x00000250F6CE8620>,2,ARMA,2.12027677285906,1.197096260884916,1.4561170189442398
datasets/synthetic_data/s2.csv,355,<timecave.validation_methods.CV.Block_CV object at 0x00000250F6CE8770>,0,Tree,1.9998818078717264,1.1475199598069683,1.4141717745280191
datasets/synthetic_data/s2.csv,355,<timecave.validation_methods.CV.Block_CV object at 0x00000250F6CE8770>,0,ARMA,2.175077689879972,1.0862709517104931,1.4748144594761647
datasets/synthetic_data/s2.csv,355,<timecave.validation_methods.CV.Block_CV object at 0x00000250F6CE8770>,1,Tree,2.94977504794992,1.4713662903008518,1.7174909164097258
datasets/synthetic_data/s2.csv,355,<timecave.validation_methods.CV.Block_CV object at 0x00000250F6CE8770>,1,ARMA,1.7100267348460192,1.1181833312315186,1.307679905346113
datasets/synthetic_data/s2.csv,355,<timecave.validation_methods.CV.Block_CV object at 0x00000250F6CE8770>,2,Tree,1.7677304611188915,1.1302976539423542,1.3295602510299755
datasets/synthetic_data/s2.csv,355,<timecave.validation_methods.CV.Block_CV object at 0x00000250F6CE8770>,2,ARMA,1.4086409680379952,0.979542073426896,1.1868618150559884
datasets/synthetic_data/s2.csv,355,<timecave.validation_methods.CV.Block_CV object at 0x00000250F6CE8770>,3,Tree,2.3224676993625404,1.2218322925103795,1.5239644678805804
datasets/synthetic_data/s2.csv,355,<timecave.validation_methods.CV.Block_CV object at 0x00000250F6CE8770>,3,ARMA,1.1622326122115392,0.8485050945268547,1.0780689273935777
datasets/synthetic_data/s2.csv,355,<timecave.validation_methods.CV.Block_CV object at 0x00000250F6CE8770>,4,Tree,2.012766012729967,1.1753816670271864,1.4187198499809492
datasets/synthetic_data/s2.csv,355,<timecave.validation_methods.CV.Block_CV object at 0x00000250F6CE8770>,4,ARMA,1.8847239205614557,1.050179501809943,1.3728524758915124
datasets/synthetic_data/s2.csv,355,<timecave.validation_methods.CV.AdaptedhvBlockCV object at 0x00000250F6CEA270>,0,Tree,1.9580571189894624,1.153295679735986,1.3993059418831404
datasets/synthetic_data/s2.csv,355,<timecave.validation_methods.CV.AdaptedhvBlockCV object at 0x00000250F6CEA270>,0,ARMA,2.190021074427304,1.0887259327975864,1.4798719790668733
datasets/synthetic_data/s2.csv,355,<timecave.validation_methods.CV.AdaptedhvBlockCV object at 0x00000250F6CEA270>,1,Tree,3.0384552129759013,1.5213598947764384,1.743116523063189
datasets/synthetic_data/s2.csv,355,<timecave.validation_methods.CV.AdaptedhvBlockCV object at 0x00000250F6CEA270>,1,ARMA,1.708797427390773,1.1183162278239358,1.3072097870620358
datasets/synthetic_data/s2.csv,355,<timecave.validation_methods.CV.AdaptedhvBlockCV object at 0x00000250F6CEA270>,2,Tree,0.841506111415913,0.708562133576597,0.9173364221570585
datasets/synthetic_data/s2.csv,355,<timecave.validation_methods.CV.AdaptedhvBlockCV object at 0x00000250F6CEA270>,2,ARMA,1.4212686457930093,0.983821199582982,1.1921697218907252
datasets/synthetic_data/s2.csv,355,<timecave.validation_methods.CV.AdaptedhvBlockCV object at 0x00000250F6CEA270>,3,Tree,2.110417815450644,1.219908353211206,1.4527277155236777
datasets/synthetic_data/s2.csv,355,<timecave.validation_methods.CV.AdaptedhvBlockCV object at 0x00000250F6CEA270>,3,ARMA,1.11400415524767,0.8400699286957707,1.0554639526045737
datasets/synthetic_data/s2.csv,355,<timecave.validation_methods.CV.AdaptedhvBlockCV object at 0x00000250F6CEA270>,4,Tree,1.6889941569358105,1.072271318639409,1.299613079703267
datasets/synthetic_data/s2.csv,355,<timecave.validation_methods.CV.AdaptedhvBlockCV object at 0x00000250F6CEA270>,4,ARMA,1.8441298325210003,1.046262937023353,1.3579874198684612
datasets/synthetic_data/s2.csv,355,<timecave.validation_methods.markov.MarkovCV object at 0x00000250F6CEBD40>,0,Tree,0.6075764088624276,0.6267606597298157,0.7794718781729252
datasets/synthetic_data/s2.csv,355,<timecave.validation_methods.markov.MarkovCV object at 0x00000250F6CEBD40>,0,ARMA,1.1816332719566804,0.8592964452414873,1.0870295635154916
datasets/synthetic_data/s2.csv,355,<timecave.validation_methods.markov.MarkovCV object at 0x00000250F6CEBD40>,1,Tree,1.3287099396074435,0.972600060775218,1.152696811658401
datasets/synthetic_data/s2.csv,355,<timecave.validation_methods.markov.MarkovCV object at 0x00000250F6CEBD40>,1,ARMA,1.327019801656805,0.8812065396019164,1.1519634550005504
datasets/synthetic_data/s2.csv,355,<timecave.validation_methods.markov.MarkovCV object at 0x00000250F6CEBD40>,2,Tree,2.9951322274728542,1.4262307641047565,1.7306450321983575
datasets/synthetic_data/s2.csv,355,<timecave.validation_methods.markov.MarkovCV object at 0x00000250F6CEBD40>,2,ARMA,1.277722622391833,0.9646623106002347,1.1303639336036129
datasets/synthetic_data/s2.csv,355,<timecave.validation_methods.markov.MarkovCV object at 0x00000250F6CEBD40>,3,Tree,1.4395661247781404,0.9329392072726321,1.199819205038051
datasets/synthetic_data/s2.csv,355,<timecave.validation_methods.markov.MarkovCV object at 0x00000250F6CEBD40>,3,ARMA,3.8045612936355937,1.4228382057814635,1.9505284652205397
datasets/synthetic_data/s2.csv,355,<timecave.validation_methods.markov.MarkovCV object at 0x00000250F6CEBD40>,4,Tree,2.473299638131537,1.3165141898533215,1.5726727689292317
datasets/synthetic_data/s2.csv,355,<timecave.validation_methods.markov.MarkovCV object at 0x00000250F6CEBD40>,4,ARMA,1.9978837699202148,1.1590237944976767,1.413465164027828
datasets/synthetic_data/s2.csv,355,<timecave.validation_methods.markov.MarkovCV object at 0x00000250F6CEBD40>,5,Tree,2.1999123221983092,1.03549756277217,1.4832101409437266
datasets/synthetic_data/s2.csv,355,<timecave.validation_methods.markov.MarkovCV object at 0x00000250F6CEBD40>,5,ARMA,1.0746130426819662,0.881893247209989,1.0366354434814422
datasets/synthetic_data/s2.csv,355,<timecave.validation_methods.markov.MarkovCV object at 0x00000250F6CEBD40>,6,Tree,1.4353635986081172,0.7725471434643555,1.1980666085857319
datasets/synthetic_data/s2.csv,355,<timecave.validation_methods.markov.MarkovCV object at 0x00000250F6CEBD40>,6,ARMA,2.2155193138771856,1.2909783566053978,1.4884620632979484
datasets/synthetic_data/s2.csv,355,<timecave.validation_methods.markov.MarkovCV object at 0x00000250F6CEBD40>,7,Tree,1.7282489404280799,0.9583693565060494,1.3146288223023561
datasets/synthetic_data/s2.csv,355,<timecave.validation_methods.markov.MarkovCV object at 0x00000250F6CEBD40>,7,ARMA,3.568098677899692,1.4062625604347194,1.8889411525772029
datasets/synthetic_data/s2.csv,355,<timecave.validation_methods.markov.MarkovCV object at 0x00000250F6CEBD40>,8,Tree,8.042102324090292,2.3395775641249776,2.8358600677907737
datasets/synthetic_data/s2.csv,355,<timecave.validation_methods.markov.MarkovCV object at 0x00000250F6CEBD40>,8,ARMA,2.1795585298813362,1.2461262841926395,1.4763327978072343
datasets/synthetic_data/s2.csv,355,<timecave.validation_methods.markov.MarkovCV object at 0x00000250F6CEBD40>,9,Tree,3.5445499345856644,1.2970781222094587,1.882697515424521
datasets/synthetic_data/s2.csv,355,<timecave.validation_methods.markov.MarkovCV object at 0x00000250F6CEBD40>,9,ARMA,2.3609371644730803,1.1288579701209334,1.5365341403538941
datasets/synthetic_data/s2.csv,356,<timecave.validation_methods.OOS.Holdout object at 0x00000250F6C43DA0>,0,Tree,2.3361057242408694,1.1793226773495356,1.5284324401951397
datasets/synthetic_data/s2.csv,356,<timecave.validation_methods.OOS.Holdout object at 0x00000250F6C43DA0>,0,ARMA,1.4859288571427516,1.0502451268687043,1.2189868158199053
datasets/synthetic_data/s2.csv,356,<timecave.validation_methods.OOS.Repeated_Holdout object at 0x00000250F6C14710>,0,Tree,2.3367600372333523,1.1817910199760029,1.528646472286301
datasets/synthetic_data/s2.csv,356,<timecave.validation_methods.OOS.Repeated_Holdout object at 0x00000250F6C14710>,0,ARMA,1.7042526981108754,1.1608251112166101,1.3054702976747021
datasets/synthetic_data/s2.csv,356,<timecave.validation_methods.OOS.Repeated_Holdout object at 0x00000250F6C14710>,1,Tree,2.5672140629315523,1.2770504614903728,1.6022528086826848
datasets/synthetic_data/s2.csv,356,<timecave.validation_methods.OOS.Repeated_Holdout object at 0x00000250F6C14710>,1,ARMA,1.81036466646835,1.189195084054667,1.3454979251074117
datasets/synthetic_data/s2.csv,356,<timecave.validation_methods.OOS.Repeated_Holdout object at 0x00000250F6C14710>,2,Tree,2.9702018724774506,1.4480403399559603,1.723427362112326
datasets/synthetic_data/s2.csv,356,<timecave.validation_methods.OOS.Repeated_Holdout object at 0x00000250F6C14710>,2,ARMA,1.5500736879083605,1.080515208813057,1.245019553223306
datasets/synthetic_data/s2.csv,356,<timecave.validation_methods.OOS.Repeated_Holdout object at 0x00000250F6C14710>,3,Tree,2.180849842882348,1.1714697092358657,1.476770071095141
datasets/synthetic_data/s2.csv,356,<timecave.validation_methods.OOS.Repeated_Holdout object at 0x00000250F6C14710>,3,ARMA,1.4859288571427516,1.0502451268687043,1.2189868158199053
datasets/synthetic_data/s2.csv,356,<timecave.validation_methods.prequential.Growing_Window object at 0x00000250F6C17C50>,0,Tree,2.2012269405597142,1.1943559390098153,1.483653241347086
datasets/synthetic_data/s2.csv,356,<timecave.validation_methods.prequential.Growing_Window object at 0x00000250F6C17C50>,0,ARMA,1.4216851896399785,0.9490605006601249,1.192344408985918
datasets/synthetic_data/s2.csv,356,<timecave.validation_methods.prequential.Growing_Window object at 0x00000250F6C17C50>,1,Tree,2.1224752713933968,1.2839376791744992,1.4568717415728114
datasets/synthetic_data/s2.csv,356,<timecave.validation_methods.prequential.Growing_Window object at 0x00000250F6C17C50>,1,ARMA,2.145049633436458,1.2701687307678249,1.4645987960654816
datasets/synthetic_data/s2.csv,356,<timecave.validation_methods.prequential.Growing_Window object at 0x00000250F6C17C50>,2,Tree,1.5833651467269794,1.0991745799706043,1.2583183805090743
datasets/synthetic_data/s2.csv,356,<timecave.validation_methods.prequential.Growing_Window object at 0x00000250F6C17C50>,2,ARMA,1.3002924963698108,0.944273547262646,1.1403036860283364
datasets/synthetic_data/s2.csv,356,<timecave.validation_methods.prequential.Growing_Window object at 0x00000250F6C17C50>,3,Tree,2.7743596998876163,1.3353601707967502,1.6656409276574637
datasets/synthetic_data/s2.csv,356,<timecave.validation_methods.prequential.Growing_Window object at 0x00000250F6C17C50>,3,ARMA,1.7599148396569375,1.1793465860551815,1.3266178197419698
datasets/synthetic_data/s2.csv,356,<timecave.validation_methods.prequential.Growing_Window object at 0x00000250F6C17500>,0,Tree,1.9294407569477623,1.0897362140633902,1.389043108383524
datasets/synthetic_data/s2.csv,356,<timecave.validation_methods.prequential.Growing_Window object at 0x00000250F6C17500>,0,ARMA,2.2156941154655314,1.2920353592382865,1.4885207809988852
datasets/synthetic_data/s2.csv,356,<timecave.validation_methods.prequential.Growing_Window object at 0x00000250F6C17500>,1,Tree,2.6720395104564543,1.279595012663152,1.6346374247693138
datasets/synthetic_data/s2.csv,356,<timecave.validation_methods.prequential.Growing_Window object at 0x00000250F6C17500>,1,ARMA,1.252139179231268,0.9338396187539721,1.118990249837445
datasets/synthetic_data/s2.csv,356,<timecave.validation_methods.prequential.Growing_Window object at 0x00000250F6C17500>,2,Tree,2.640670117992961,1.299664259581187,1.6250138824000737
datasets/synthetic_data/s2.csv,356,<timecave.validation_methods.prequential.Growing_Window object at 0x00000250F6C17500>,2,ARMA,1.8949671860410016,1.2198463789763567,1.376578071175406
datasets/synthetic_data/s2.csv,356,<timecave.validation_methods.prequential.Rolling_Window object at 0x00000250F6C16120>,0,Tree,2.4003742995905553,1.3311395999215145,1.549314138446608
datasets/synthetic_data/s2.csv,356,<timecave.validation_methods.prequential.Rolling_Window object at 0x00000250F6C16120>,0,ARMA,1.4216851896399785,0.9490605006601249,1.192344408985918
datasets/synthetic_data/s2.csv,356,<timecave.validation_methods.prequential.Rolling_Window object at 0x00000250F6C16120>,1,Tree,2.297266471188256,1.2611312878660697,1.5156736031178533
datasets/synthetic_data/s2.csv,356,<timecave.validation_methods.prequential.Rolling_Window object at 0x00000250F6C16120>,1,ARMA,2.4008999727592055,1.3611772226781476,1.5494837762168423
datasets/synthetic_data/s2.csv,356,<timecave.validation_methods.prequential.Rolling_Window object at 0x00000250F6C16120>,2,Tree,1.6126807522864481,1.0652704479677195,1.2699136790689547
datasets/synthetic_data/s2.csv,356,<timecave.validation_methods.prequential.Rolling_Window object at 0x00000250F6C16120>,2,ARMA,1.5814591452843405,1.0154864739452112,1.2575607918841698
datasets/synthetic_data/s2.csv,356,<timecave.validation_methods.prequential.Rolling_Window object at 0x00000250F6C16120>,3,Tree,2.5852900011914945,1.3929079410624323,1.6078837026325923
datasets/synthetic_data/s2.csv,356,<timecave.validation_methods.prequential.Rolling_Window object at 0x00000250F6C16120>,3,ARMA,1.772228347521244,1.1874828337579928,1.3312506704303453
datasets/synthetic_data/s2.csv,356,<timecave.validation_methods.prequential.Rolling_Window object at 0x00000250F6CBC9E0>,0,Tree,2.1170086163547315,1.110300300276664,1.4549943698704582
datasets/synthetic_data/s2.csv,356,<timecave.validation_methods.prequential.Rolling_Window object at 0x00000250F6CBC9E0>,0,ARMA,2.2156941154655314,1.2920353592382865,1.4885207809988852
datasets/synthetic_data/s2.csv,356,<timecave.validation_methods.prequential.Rolling_Window object at 0x00000250F6CBC9E0>,1,Tree,1.6721279934712798,1.128144696166065,1.293107881605893
datasets/synthetic_data/s2.csv,356,<timecave.validation_methods.prequential.Rolling_Window object at 0x00000250F6CBC9E0>,1,ARMA,1.4216493833967285,0.9876688881058403,1.1923293938323958
datasets/synthetic_data/s2.csv,356,<timecave.validation_methods.prequential.Rolling_Window object at 0x00000250F6CBC9E0>,2,Tree,2.7944932791468116,1.3463982988818752,1.6716737956751047
datasets/synthetic_data/s2.csv,356,<timecave.validation_methods.prequential.Rolling_Window object at 0x00000250F6CBC9E0>,2,ARMA,2.1271870246482782,1.2993636148049128,1.458487924066661
datasets/synthetic_data/s2.csv,356,<timecave.validation_methods.CV.Block_CV object at 0x00000250F6CBF080>,0,Tree,2.910706620003504,1.4003942106120095,1.7060793123426308
datasets/synthetic_data/s2.csv,356,<timecave.validation_methods.CV.Block_CV object at 0x00000250F6CBF080>,0,ARMA,1.8994032724987049,1.0776474672646874,1.3781884023959514
datasets/synthetic_data/s2.csv,356,<timecave.validation_methods.CV.Block_CV object at 0x00000250F6CBF080>,1,Tree,2.529360626546199,1.3427169093947868,1.5903963740357934
datasets/synthetic_data/s2.csv,356,<timecave.validation_methods.CV.Block_CV object at 0x00000250F6CBF080>,1,ARMA,1.477583199581158,0.9733147707990197,1.2155588013671563
datasets/synthetic_data/s2.csv,356,<timecave.validation_methods.CV.Block_CV object at 0x00000250F6CBF080>,2,Tree,2.7773561386363577,1.4214381912158414,1.666540170123828
datasets/synthetic_data/s2.csv,356,<timecave.validation_methods.CV.Block_CV object at 0x00000250F6CBF080>,2,ARMA,2.1102076921057207,1.2659503265299135,1.4526553934453004
datasets/synthetic_data/s2.csv,356,<timecave.validation_methods.CV.Block_CV object at 0x00000250F6CBF080>,3,Tree,2.017056734207029,1.0949436873733704,1.4202312256132905
datasets/synthetic_data/s2.csv,356,<timecave.validation_methods.CV.Block_CV object at 0x00000250F6CBF080>,3,ARMA,1.286392945880201,0.9555044650001507,1.1341926405510667
datasets/synthetic_data/s2.csv,356,<timecave.validation_methods.CV.Block_CV object at 0x00000250F6CBF080>,4,Tree,2.3163236479715428,1.2850209828028638,1.5219473210238068
datasets/synthetic_data/s2.csv,356,<timecave.validation_methods.CV.Block_CV object at 0x00000250F6CBF080>,4,ARMA,1.7599148396569375,1.1793465860551815,1.3266178197419698
datasets/synthetic_data/s2.csv,356,<timecave.validation_methods.CV.AdaptedhvBlockCV object at 0x00000250F6CBCF80>,0,Tree,2.6591582615644973,1.3437251066288642,1.6306925711379499
datasets/synthetic_data/s2.csv,356,<timecave.validation_methods.CV.AdaptedhvBlockCV object at 0x00000250F6CBCF80>,0,ARMA,1.8970164453706293,1.0762387884092433,1.3773222010011417
datasets/synthetic_data/s2.csv,356,<timecave.validation_methods.CV.AdaptedhvBlockCV object at 0x00000250F6CBCF80>,1,Tree,2.094497941068433,1.227264188401788,1.4472380388410309
datasets/synthetic_data/s2.csv,356,<timecave.validation_methods.CV.AdaptedhvBlockCV object at 0x00000250F6CBCF80>,1,ARMA,1.4956208139763714,0.9809386380253761,1.2229557694276483
datasets/synthetic_data/s2.csv,356,<timecave.validation_methods.CV.AdaptedhvBlockCV object at 0x00000250F6CBCF80>,2,Tree,2.5484552026080087,1.3560100425642263,1.5963881741631667
datasets/synthetic_data/s2.csv,356,<timecave.validation_methods.CV.AdaptedhvBlockCV object at 0x00000250F6CBCF80>,2,ARMA,2.0992498023724977,1.2535350649110621,1.4488788087250424
datasets/synthetic_data/s2.csv,356,<timecave.validation_methods.CV.AdaptedhvBlockCV object at 0x00000250F6CBCF80>,3,Tree,1.9315531823263332,1.058240784897154,1.3898032890759517
datasets/synthetic_data/s2.csv,356,<timecave.validation_methods.CV.AdaptedhvBlockCV object at 0x00000250F6CBCF80>,3,ARMA,1.3109613323674805,0.9590747152108906,1.144972197202832
datasets/synthetic_data/s2.csv,356,<timecave.validation_methods.CV.AdaptedhvBlockCV object at 0x00000250F6CBCF80>,4,Tree,2.231170921478941,1.210289626083701,1.4937104543648816
datasets/synthetic_data/s2.csv,356,<timecave.validation_methods.CV.AdaptedhvBlockCV object at 0x00000250F6CBCF80>,4,ARMA,1.7752301062954223,1.1794986412736184,1.3323776140026604
datasets/synthetic_data/s2.csv,356,<timecave.validation_methods.markov.MarkovCV object at 0x00000250F6CBEFC0>,0,Tree,4.9014628875799735,1.7289791549569162,2.2139247700813987
datasets/synthetic_data/s2.csv,356,<timecave.validation_methods.markov.MarkovCV object at 0x00000250F6CBEFC0>,0,ARMA,2.2870944492915677,1.3446476210024336,1.5123142693539486
datasets/synthetic_data/s2.csv,356,<timecave.validation_methods.markov.MarkovCV object at 0x00000250F6CBEFC0>,1,Tree,4.068854381934287,1.667209816417758,2.0171401493040304
datasets/synthetic_data/s2.csv,356,<timecave.validation_methods.markov.MarkovCV object at 0x00000250F6CBEFC0>,1,ARMA,2.5554262698960963,1.3510599555807494,1.5985700703741754
datasets/synthetic_data/s2.csv,356,<timecave.validation_methods.markov.MarkovCV object at 0x00000250F6CBEFC0>,2,Tree,5.441626488160185,2.0265571814722976,2.3327294074024496
datasets/synthetic_data/s2.csv,356,<timecave.validation_methods.markov.MarkovCV object at 0x00000250F6CBEFC0>,2,ARMA,1.4095504469008713,0.9833949771818413,1.1872448976099546
datasets/synthetic_data/s2.csv,356,<timecave.validation_methods.markov.MarkovCV object at 0x00000250F6CBEFC0>,3,Tree,3.2009013058431983,1.6812203381308612,1.7891062869050565
datasets/synthetic_data/s2.csv,356,<timecave.validation_methods.markov.MarkovCV object at 0x00000250F6CBEFC0>,3,ARMA,2.561694140963866,1.3959518945812066,1.600529331491262
datasets/synthetic_data/s2.csv,356,<timecave.validation_methods.markov.MarkovCV object at 0x00000250F6CBEFC0>,4,Tree,4.803209587772217,1.9414015458912195,2.1916225924579753
datasets/synthetic_data/s2.csv,356,<timecave.validation_methods.markov.MarkovCV object at 0x00000250F6CBEFC0>,4,ARMA,2.493745226100969,1.3735577975123565,1.5791596582046317
datasets/synthetic_data/s2.csv,356,<timecave.validation_methods.markov.MarkovCV object at 0x00000250F6CBEFC0>,5,Tree,2.6871980982843273,1.252095200466446,1.6392675493293727
datasets/synthetic_data/s2.csv,356,<timecave.validation_methods.markov.MarkovCV object at 0x00000250F6CBEFC0>,5,ARMA,1.6490480287340614,1.0432070721136624,1.284152650090347
datasets/synthetic_data/s2.csv,356,<timecave.validation_methods.markov.MarkovCV object at 0x00000250F6CBEFC0>,6,Tree,4.80722295852863,1.916089529964095,2.1925380175788582
datasets/synthetic_data/s2.csv,356,<timecave.validation_methods.markov.MarkovCV object at 0x00000250F6CBEFC0>,6,ARMA,4.087551770771071,1.5640788427417887,2.021769465288036
datasets/synthetic_data/s2.csv,356,<timecave.validation_methods.markov.MarkovCV object at 0x00000250F6CBEFC0>,7,Tree,2.133263165071302,1.2375908921137486,1.4605694660204636
datasets/synthetic_data/s2.csv,356,<timecave.validation_methods.markov.MarkovCV object at 0x00000250F6CBEFC0>,7,ARMA,1.4335094330339262,0.9507039412821628,1.1972925427955885
datasets/synthetic_data/s2.csv,356,<timecave.validation_methods.markov.MarkovCV object at 0x00000250F6CBEFC0>,8,Tree,3.905095506574877,1.6719739460773704,1.9761314497206093
datasets/synthetic_data/s2.csv,356,<timecave.validation_methods.markov.MarkovCV object at 0x00000250F6CBEFC0>,8,ARMA,1.597012878486287,1.0142075376088102,1.2637297489915662
datasets/synthetic_data/s2.csv,356,<timecave.validation_methods.markov.MarkovCV object at 0x00000250F6CBEFC0>,9,Tree,3.8734579728964458,1.6603954933604768,1.9681102542531619
datasets/synthetic_data/s2.csv,356,<timecave.validation_methods.markov.MarkovCV object at 0x00000250F6CBEFC0>,9,ARMA,1.2426181274660748,0.928547308978931,1.1147278266312701
datasets/synthetic_data/s2.csv,357,<timecave.validation_methods.OOS.Holdout object at 0x00000250F2A0C6E0>,0,Tree,2.340732997230456,1.1727769807959645,1.5299454229581053
datasets/synthetic_data/s2.csv,357,<timecave.validation_methods.OOS.Holdout object at 0x00000250F2A0C6E0>,0,ARMA,1.383963754849615,0.9393667370237567,1.176419888836301
datasets/synthetic_data/s2.csv,357,<timecave.validation_methods.OOS.Repeated_Holdout object at 0x00000250F6C17590>,0,Tree,3.559519219076325,1.4266679095191568,1.886668815419475
datasets/synthetic_data/s2.csv,357,<timecave.validation_methods.OOS.Repeated_Holdout object at 0x00000250F6C17590>,0,ARMA,1.3473033868863664,0.9100483871972139,1.1607339862717756
datasets/synthetic_data/s2.csv,357,<timecave.validation_methods.OOS.Repeated_Holdout object at 0x00000250F6C17590>,1,Tree,3.8367746520247143,1.4909486058740415,1.9587686570967777
datasets/synthetic_data/s2.csv,357,<timecave.validation_methods.OOS.Repeated_Holdout object at 0x00000250F6C17590>,1,ARMA,1.4735376390331716,0.9855919145509868,1.2138935863712155
datasets/synthetic_data/s2.csv,357,<timecave.validation_methods.OOS.Repeated_Holdout object at 0x00000250F6C17590>,2,Tree,2.7466346574629985,1.2724044846628446,1.6572973956001376
datasets/synthetic_data/s2.csv,357,<timecave.validation_methods.OOS.Repeated_Holdout object at 0x00000250F6C17590>,2,ARMA,1.4117308593661937,0.9680609430139936,1.1881628084425946
datasets/synthetic_data/s2.csv,357,<timecave.validation_methods.OOS.Repeated_Holdout object at 0x00000250F6C17590>,3,Tree,2.580109068627415,1.2780357122363588,1.6062717916428138
datasets/synthetic_data/s2.csv,357,<timecave.validation_methods.OOS.Repeated_Holdout object at 0x00000250F6C17590>,3,ARMA,1.383963754849615,0.9393667370237567,1.176419888836301
datasets/synthetic_data/s2.csv,357,<timecave.validation_methods.prequential.Growing_Window object at 0x00000250F6C156A0>,0,Tree,3.7469866988304235,1.694379263437966,1.9357134857283047
datasets/synthetic_data/s2.csv,357,<timecave.validation_methods.prequential.Growing_Window object at 0x00000250F6C156A0>,0,ARMA,1.500832318778507,1.0329263038677223,1.2250846169871317
datasets/synthetic_data/s2.csv,357,<timecave.validation_methods.prequential.Growing_Window object at 0x00000250F6C156A0>,1,Tree,2.8464917803443086,1.3602090703854797,1.6871549366742549
datasets/synthetic_data/s2.csv,357,<timecave.validation_methods.prequential.Growing_Window object at 0x00000250F6C156A0>,1,ARMA,2.1777978809943335,1.1849317065977676,1.4757363860101618
datasets/synthetic_data/s2.csv,357,<timecave.validation_methods.prequential.Growing_Window object at 0x00000250F6C156A0>,2,Tree,2.128515560356908,1.082475475552069,1.4589433026532965
datasets/synthetic_data/s2.csv,357,<timecave.validation_methods.prequential.Growing_Window object at 0x00000250F6C156A0>,2,ARMA,1.7703267050221863,0.9823666849375872,1.3305362471658508
datasets/synthetic_data/s2.csv,357,<timecave.validation_methods.prequential.Growing_Window object at 0x00000250F6C156A0>,3,Tree,3.291103939157318,1.421225633782171,1.8141399998779912
datasets/synthetic_data/s2.csv,357,<timecave.validation_methods.prequential.Growing_Window object at 0x00000250F6C156A0>,3,ARMA,1.4748061585134835,0.9720443332467767,1.2144159742499616
datasets/synthetic_data/s2.csv,357,<timecave.validation_methods.prequential.Growing_Window object at 0x00000250F6C15B20>,0,Tree,2.6088028474002782,1.4035457124838127,1.6151788902162751
datasets/synthetic_data/s2.csv,357,<timecave.validation_methods.prequential.Growing_Window object at 0x00000250F6C15B20>,0,ARMA,1.654844732309237,1.0723253235224557,1.2864076851096766
datasets/synthetic_data/s2.csv,357,<timecave.validation_methods.prequential.Growing_Window object at 0x00000250F6C15B20>,1,Tree,1.8016300336006854,1.1238429902155684,1.342248126689207
datasets/synthetic_data/s2.csv,357,<timecave.validation_methods.prequential.Growing_Window object at 0x00000250F6C15B20>,1,ARMA,1.8302785053638675,1.020770410838762,1.3528778604751677
datasets/synthetic_data/s2.csv,357,<timecave.validation_methods.prequential.Growing_Window object at 0x00000250F6C15B20>,2,Tree,3.079674470260747,1.5090336272315514,1.7549001311358852
datasets/synthetic_data/s2.csv,357,<timecave.validation_methods.prequential.Growing_Window object at 0x00000250F6C15B20>,2,ARMA,1.5797529083273294,1.008708820497302,1.2568822173645904
datasets/synthetic_data/s2.csv,357,<timecave.validation_methods.prequential.Rolling_Window object at 0x00000250F6C17710>,0,Tree,3.5717333579476502,1.6479772008290983,1.8899030022590182
datasets/synthetic_data/s2.csv,357,<timecave.validation_methods.prequential.Rolling_Window object at 0x00000250F6C17710>,0,ARMA,1.500832318778507,1.0329263038677223,1.2250846169871317
datasets/synthetic_data/s2.csv,357,<timecave.validation_methods.prequential.Rolling_Window object at 0x00000250F6C17710>,1,Tree,2.200203549987385,1.1688971126336845,1.4833083125188051
datasets/synthetic_data/s2.csv,357,<timecave.validation_methods.prequential.Rolling_Window object at 0x00000250F6C17710>,1,ARMA,2.1432329000218333,1.166067490144557,1.463978449302391
datasets/synthetic_data/s2.csv,357,<timecave.validation_methods.prequential.Rolling_Window object at 0x00000250F6C17710>,2,Tree,2.2518782969846534,1.222571920912953,1.5006259683827456
datasets/synthetic_data/s2.csv,357,<timecave.validation_methods.prequential.Rolling_Window object at 0x00000250F6C17710>,2,ARMA,2.094464623803365,1.129782338547135,1.4472265281576913
datasets/synthetic_data/s2.csv,357,<timecave.validation_methods.prequential.Rolling_Window object at 0x00000250F6C17710>,3,Tree,2.1779122552048586,1.10651031603941,1.4757751370736867
datasets/synthetic_data/s2.csv,357,<timecave.validation_methods.prequential.Rolling_Window object at 0x00000250F6C17710>,3,ARMA,1.4656678683995896,0.9730738369096779,1.2106477061472465
datasets/synthetic_data/s2.csv,357,<timecave.validation_methods.prequential.Rolling_Window object at 0x00000250F6C15FD0>,0,Tree,2.961239033942585,1.4874304416088455,1.7208251026593566
datasets/synthetic_data/s2.csv,357,<timecave.validation_methods.prequential.Rolling_Window object at 0x00000250F6C15FD0>,0,ARMA,1.654844732309237,1.0723253235224557,1.2864076851096766
datasets/synthetic_data/s2.csv,357,<timecave.validation_methods.prequential.Rolling_Window object at 0x00000250F6C15FD0>,1,Tree,2.7392677107826326,1.339502004995811,1.6550733248961005
datasets/synthetic_data/s2.csv,357,<timecave.validation_methods.prequential.Rolling_Window object at 0x00000250F6C15FD0>,1,ARMA,1.8212295211812375,1.0334776333627556,1.349529370255141
datasets/synthetic_data/s2.csv,357,<timecave.validation_methods.prequential.Rolling_Window object at 0x00000250F6C15FD0>,2,Tree,2.6964925087250844,1.3917012182267916,1.6421000300606186
datasets/synthetic_data/s2.csv,357,<timecave.validation_methods.prequential.Rolling_Window object at 0x00000250F6C15FD0>,2,ARMA,1.6658082439785848,1.0155361423969294,1.2906619402378707
datasets/synthetic_data/s2.csv,357,<timecave.validation_methods.CV.Block_CV object at 0x00000250F6C16BA0>,0,Tree,1.1389763103685662,0.8778904939680892,1.067228330943555
datasets/synthetic_data/s2.csv,357,<timecave.validation_methods.CV.Block_CV object at 0x00000250F6C16BA0>,0,ARMA,2.5930525339388546,1.3693407467158,1.6102957908219393
datasets/synthetic_data/s2.csv,357,<timecave.validation_methods.CV.Block_CV object at 0x00000250F6C16BA0>,1,Tree,3.2110058763557396,1.5345620887830942,1.7919279774465657
datasets/synthetic_data/s2.csv,357,<timecave.validation_methods.CV.Block_CV object at 0x00000250F6C16BA0>,1,ARMA,1.3928170489921359,1.0143650536766773,1.1801767024442298
datasets/synthetic_data/s2.csv,357,<timecave.validation_methods.CV.Block_CV object at 0x00000250F6C16BA0>,2,Tree,2.3169383139134188,1.2916974953682672,1.5221492416689695
datasets/synthetic_data/s2.csv,357,<timecave.validation_methods.CV.Block_CV object at 0x00000250F6C16BA0>,2,ARMA,1.937071880774429,1.1308096559334806,1.391787297245678
datasets/synthetic_data/s2.csv,357,<timecave.validation_methods.CV.Block_CV object at 0x00000250F6C16BA0>,3,Tree,2.1854804160649186,1.1402359853199198,1.4783370441360517
datasets/synthetic_data/s2.csv,357,<timecave.validation_methods.CV.Block_CV object at 0x00000250F6C16BA0>,3,ARMA,1.7562575903162245,0.9757319641696669,1.3252386918273344
datasets/synthetic_data/s2.csv,357,<timecave.validation_methods.CV.Block_CV object at 0x00000250F6C16BA0>,4,Tree,2.9934847728112755,1.3080635936638287,1.7301690012282833
datasets/synthetic_data/s2.csv,357,<timecave.validation_methods.CV.Block_CV object at 0x00000250F6C16BA0>,4,ARMA,1.4748061585134835,0.9720443332467767,1.2144159742499616
datasets/synthetic_data/s2.csv,357,<timecave.validation_methods.CV.AdaptedhvBlockCV object at 0x00000250F6C157F0>,0,Tree,1.0980379787478354,0.8722239743785556,1.0478730737774664
datasets/synthetic_data/s2.csv,357,<timecave.validation_methods.CV.AdaptedhvBlockCV object at 0x00000250F6C157F0>,0,ARMA,2.597833425257962,1.370013119942878,1.6117795833357493
datasets/synthetic_data/s2.csv,357,<timecave.validation_methods.CV.AdaptedhvBlockCV object at 0x00000250F6C157F0>,1,Tree,2.9122736240304676,1.4354912417128316,1.7065384918103863
datasets/synthetic_data/s2.csv,357,<timecave.validation_methods.CV.AdaptedhvBlockCV object at 0x00000250F6C157F0>,1,ARMA,1.3929830861522334,1.014757438385299,1.180247044542893
datasets/synthetic_data/s2.csv,357,<timecave.validation_methods.CV.AdaptedhvBlockCV object at 0x00000250F6C157F0>,2,Tree,1.8565031544961448,1.1292715944009244,1.3625355608189258
datasets/synthetic_data/s2.csv,357,<timecave.validation_methods.CV.AdaptedhvBlockCV object at 0x00000250F6C157F0>,2,ARMA,1.9374440600192622,1.1295066193668157,1.3919209963281904
datasets/synthetic_data/s2.csv,357,<timecave.validation_methods.CV.AdaptedhvBlockCV object at 0x00000250F6C157F0>,3,Tree,2.1341425729925767,1.2318226178438925,1.460870484674318
datasets/synthetic_data/s2.csv,357,<timecave.validation_methods.CV.AdaptedhvBlockCV object at 0x00000250F6C157F0>,3,ARMA,1.7551582172178912,0.9776883610767598,1.3248238438441131
datasets/synthetic_data/s2.csv,357,<timecave.validation_methods.CV.AdaptedhvBlockCV object at 0x00000250F6C157F0>,4,Tree,4.046928283072151,1.5489244542990916,2.011697860781323
datasets/synthetic_data/s2.csv,357,<timecave.validation_methods.CV.AdaptedhvBlockCV object at 0x00000250F6C157F0>,4,ARMA,1.4790930139237326,0.9775725493777924,1.2161796799501843
datasets/synthetic_data/s2.csv,357,<timecave.validation_methods.markov.MarkovCV object at 0x00000250F6C16660>,0,Tree,3.608254603203826,1.4697620594557208,1.899540629521734
datasets/synthetic_data/s2.csv,357,<timecave.validation_methods.markov.MarkovCV object at 0x00000250F6C16660>,0,ARMA,0.8340252847903583,0.7156193289031629,0.913249847955289
datasets/synthetic_data/s2.csv,357,<timecave.validation_methods.markov.MarkovCV object at 0x00000250F6C16660>,1,Tree,3.1376524790801534,1.5843482641327402,1.7713419994682431
datasets/synthetic_data/s2.csv,357,<timecave.validation_methods.markov.MarkovCV object at 0x00000250F6C16660>,1,ARMA,1.5765766974135063,1.0287196724477692,1.2556180539533135
datasets/synthetic_data/s2.csv,357,<timecave.validation_methods.markov.MarkovCV object at 0x00000250F6C16660>,2,Tree,1.7658712081514845,0.8791692943730441,1.3288608686207464
datasets/synthetic_data/s2.csv,357,<timecave.validation_methods.markov.MarkovCV object at 0x00000250F6C16660>,2,ARMA,4.025084551058071,1.7394748301906675,2.0062613366802617
datasets/synthetic_data/s2.csv,357,<timecave.validation_methods.markov.MarkovCV object at 0x00000250F6C16660>,3,Tree,2.15475060730618,1.1661756297149166,1.4679068796439985
datasets/synthetic_data/s2.csv,357,<timecave.validation_methods.markov.MarkovCV object at 0x00000250F6C16660>,3,ARMA,2.4657478974111102,1.3669410062436118,1.5702700078047438
datasets/synthetic_data/s2.csv,357,<timecave.validation_methods.markov.MarkovCV object at 0x00000250F6C16660>,4,Tree,3.445520834552235,1.535834547960385,1.8562114196804833
datasets/synthetic_data/s2.csv,357,<timecave.validation_methods.markov.MarkovCV object at 0x00000250F6C16660>,4,ARMA,3.460117970016628,1.5006099604784937,1.8601392340404597
datasets/synthetic_data/s2.csv,357,<timecave.validation_methods.markov.MarkovCV object at 0x00000250F6C16660>,5,Tree,3.7193165001505877,1.7351223464185068,1.928552954977018
datasets/synthetic_data/s2.csv,357,<timecave.validation_methods.markov.MarkovCV object at 0x00000250F6C16660>,5,ARMA,2.6042048326179037,1.1654764467219358,1.613754886163913
datasets/synthetic_data/s2.csv,357,<timecave.validation_methods.markov.MarkovCV object at 0x00000250F6C16660>,6,Tree,1.6928340198500287,1.1324665109363632,1.3010895510494382
datasets/synthetic_data/s2.csv,357,<timecave.validation_methods.markov.MarkovCV object at 0x00000250F6C16660>,6,ARMA,1.8268187407398386,1.0789464028043705,1.3515985871329692
datasets/synthetic_data/s2.csv,357,<timecave.validation_methods.markov.MarkovCV object at 0x00000250F6C16660>,7,Tree,1.991800488052505,1.2184792983711317,1.4113116197539455
datasets/synthetic_data/s2.csv,357,<timecave.validation_methods.markov.MarkovCV object at 0x00000250F6C16660>,7,ARMA,1.488642370961803,1.0514962594597839,1.2200993283179051
datasets/synthetic_data/s2.csv,357,<timecave.validation_methods.markov.MarkovCV object at 0x00000250F6C16660>,8,Tree,3.9356184740822555,1.7192986201757008,1.9838393266800252
datasets/synthetic_data/s2.csv,357,<timecave.validation_methods.markov.MarkovCV object at 0x00000250F6C16660>,8,ARMA,1.9931026189707943,1.1446034236737637,1.4117728638030957
datasets/synthetic_data/s2.csv,357,<timecave.validation_methods.markov.MarkovCV object at 0x00000250F6C16660>,9,Tree,2.8734995568873036,1.4180506358232345,1.6951399815022072
datasets/synthetic_data/s2.csv,357,<timecave.validation_methods.markov.MarkovCV object at 0x00000250F6C16660>,9,ARMA,1.5599370025159198,0.9757785140821676,1.2489743802480178
datasets/synthetic_data/s2.csv,358,<timecave.validation_methods.OOS.Holdout object at 0x00000250F6C14A40>,0,Tree,1.8957738736063834,1.1319210713686032,1.3768710446539223
datasets/synthetic_data/s2.csv,358,<timecave.validation_methods.OOS.Holdout object at 0x00000250F6C14A40>,0,ARMA,2.173335921941159,1.1755451893754119,1.4742238371228296
datasets/synthetic_data/s2.csv,358,<timecave.validation_methods.OOS.Repeated_Holdout object at 0x00000250F6C14DD0>,0,Tree,1.7366544532866488,1.0754045645444605,1.3178218594660847
datasets/synthetic_data/s2.csv,358,<timecave.validation_methods.OOS.Repeated_Holdout object at 0x00000250F6C14DD0>,0,ARMA,2.2581935077014204,1.1814714397789903,1.5027286873223058
datasets/synthetic_data/s2.csv,358,<timecave.validation_methods.OOS.Repeated_Holdout object at 0x00000250F6C14DD0>,1,Tree,2.0905043731767514,1.11409882167024,1.4458576600678061
datasets/synthetic_data/s2.csv,358,<timecave.validation_methods.OOS.Repeated_Holdout object at 0x00000250F6C14DD0>,1,ARMA,1.39086692464591,0.9587008165778972,1.1793502128909419
datasets/synthetic_data/s2.csv,358,<timecave.validation_methods.OOS.Repeated_Holdout object at 0x00000250F6C14DD0>,2,Tree,1.7226488342024804,1.0304077125019706,1.312497174931238
datasets/synthetic_data/s2.csv,358,<timecave.validation_methods.OOS.Repeated_Holdout object at 0x00000250F6C14DD0>,2,ARMA,2.011054901602599,1.174050100251226,1.4181166741853786
datasets/synthetic_data/s2.csv,358,<timecave.validation_methods.OOS.Repeated_Holdout object at 0x00000250F6C14DD0>,3,Tree,1.8743027862577388,1.1319939223587367,1.3690517836289973
datasets/synthetic_data/s2.csv,358,<timecave.validation_methods.OOS.Repeated_Holdout object at 0x00000250F6C14DD0>,3,ARMA,2.173335921941159,1.1755451893754119,1.4742238371228296
datasets/synthetic_data/s2.csv,358,<timecave.validation_methods.prequential.Growing_Window object at 0x00000250F6C172F0>,0,Tree,2.683569391152346,1.3009494734699432,1.638160367959238
datasets/synthetic_data/s2.csv,358,<timecave.validation_methods.prequential.Growing_Window object at 0x00000250F6C172F0>,0,ARMA,1.922530983121352,1.055535429272822,1.3865536351405061
datasets/synthetic_data/s2.csv,358,<timecave.validation_methods.prequential.Growing_Window object at 0x00000250F6C172F0>,1,Tree,2.479370883172641,1.2466874995066293,1.574601817340702
datasets/synthetic_data/s2.csv,358,<timecave.validation_methods.prequential.Growing_Window object at 0x00000250F6C172F0>,1,ARMA,2.345337951485804,1.1930934694706936,1.531449624207667
datasets/synthetic_data/s2.csv,358,<timecave.validation_methods.prequential.Growing_Window object at 0x00000250F6C172F0>,2,Tree,1.8403930699537738,1.0963185975001541,1.3566108763952078
datasets/synthetic_data/s2.csv,358,<timecave.validation_methods.prequential.Growing_Window object at 0x00000250F6C172F0>,2,ARMA,2.540195706850225,1.2476579962403282,1.5937991425679163
datasets/synthetic_data/s2.csv,358,<timecave.validation_methods.prequential.Growing_Window object at 0x00000250F6C172F0>,3,Tree,1.5821357846345256,0.9299874072000384,1.2578297915992154
datasets/synthetic_data/s2.csv,358,<timecave.validation_methods.prequential.Growing_Window object at 0x00000250F6C172F0>,3,ARMA,1.4365467103743184,0.987174356267214,1.198560265641373
datasets/synthetic_data/s2.csv,358,<timecave.validation_methods.prequential.Growing_Window object at 0x00000250F6C17080>,0,Tree,3.0243986892077013,1.4124462420624098,1.739079839802561
datasets/synthetic_data/s2.csv,358,<timecave.validation_methods.prequential.Growing_Window object at 0x00000250F6C17080>,0,ARMA,2.2179798079625854,1.1641277768429326,1.4892883562166817
datasets/synthetic_data/s2.csv,358,<timecave.validation_methods.prequential.Growing_Window object at 0x00000250F6C17080>,1,Tree,3.762696626008575,1.5662514192138632,1.9397671576786155
datasets/synthetic_data/s2.csv,358,<timecave.validation_methods.prequential.Growing_Window object at 0x00000250F6C17080>,1,ARMA,2.728239137966378,1.3144393680232385,1.6517382171416808
datasets/synthetic_data/s2.csv,358,<timecave.validation_methods.prequential.Growing_Window object at 0x00000250F6C17080>,2,Tree,2.629214078654791,1.302443485621012,1.6214851459864783
datasets/synthetic_data/s2.csv,358,<timecave.validation_methods.prequential.Growing_Window object at 0x00000250F6C17080>,2,ARMA,1.3269503018627526,0.9644598093537953,1.151933288807452
datasets/synthetic_data/s2.csv,358,<timecave.validation_methods.prequential.Rolling_Window object at 0x00000250F6C162D0>,0,Tree,2.739938505770105,1.317471922879487,1.6552759606090173
datasets/synthetic_data/s2.csv,358,<timecave.validation_methods.prequential.Rolling_Window object at 0x00000250F6C162D0>,0,ARMA,1.922530983121352,1.055535429272822,1.3865536351405061
datasets/synthetic_data/s2.csv,358,<timecave.validation_methods.prequential.Rolling_Window object at 0x00000250F6C162D0>,1,Tree,4.199604232720024,1.553160358123145,2.049293593587806
datasets/synthetic_data/s2.csv,358,<timecave.validation_methods.prequential.Rolling_Window object at 0x00000250F6C162D0>,1,ARMA,2.6624923876213673,1.308728533595717,1.631714554577904
datasets/synthetic_data/s2.csv,358,<timecave.validation_methods.prequential.Rolling_Window object at 0x00000250F6C162D0>,2,Tree,3.196096578502511,1.5062287526450595,1.7877630096023664
datasets/synthetic_data/s2.csv,358,<timecave.validation_methods.prequential.Rolling_Window object at 0x00000250F6C162D0>,2,ARMA,2.3852617291175644,1.2185743109686955,1.544429256753952
datasets/synthetic_data/s2.csv,358,<timecave.validation_methods.prequential.Rolling_Window object at 0x00000250F6C162D0>,3,Tree,5.419158917850736,1.9761797687630558,2.3279087004972374
datasets/synthetic_data/s2.csv,358,<timecave.validation_methods.prequential.Rolling_Window object at 0x00000250F6C162D0>,3,ARMA,2.741446823808027,1.4300441551326983,1.6557315071617218
datasets/synthetic_data/s2.csv,358,<timecave.validation_methods.prequential.Rolling_Window object at 0x00000250F6C16B40>,0,Tree,3.067958023377182,1.4719191250865047,1.7515587410581417
datasets/synthetic_data/s2.csv,358,<timecave.validation_methods.prequential.Rolling_Window object at 0x00000250F6C16B40>,0,ARMA,2.2179798079625854,1.1641277768429326,1.4892883562166817
datasets/synthetic_data/s2.csv,358,<timecave.validation_methods.prequential.Rolling_Window object at 0x00000250F6C16B40>,1,Tree,8.069435275240126,2.520248175741394,2.840675144264146
datasets/synthetic_data/s2.csv,358,<timecave.validation_methods.prequential.Rolling_Window object at 0x00000250F6C16B40>,1,ARMA,3.322838912456683,1.4660614114092199,1.8228655771769577
datasets/synthetic_data/s2.csv,358,<timecave.validation_methods.prequential.Rolling_Window object at 0x00000250F6C16B40>,2,Tree,4.826009452056121,1.8865969345674627,2.196818028889995
datasets/synthetic_data/s2.csv,358,<timecave.validation_methods.prequential.Rolling_Window object at 0x00000250F6C16B40>,2,ARMA,1.9036470538522139,1.195859600999844,1.3797271664543733
datasets/synthetic_data/s2.csv,358,<timecave.validation_methods.CV.Block_CV object at 0x00000250F29F46B0>,0,Tree,2.4604870605290157,1.215095653314417,1.5685939756766298
datasets/synthetic_data/s2.csv,358,<timecave.validation_methods.CV.Block_CV object at 0x00000250F29F46B0>,0,ARMA,1.2166577098647524,0.906935487273197,1.1030220804067126
datasets/synthetic_data/s2.csv,358,<timecave.validation_methods.CV.Block_CV object at 0x00000250F29F46B0>,1,Tree,2.507575126841918,1.2237228088570167,1.5835324836712121
datasets/synthetic_data/s2.csv,358,<timecave.validation_methods.CV.Block_CV object at 0x00000250F29F46B0>,1,ARMA,2.014206179406623,1.0682088758896549,1.4192273177354722
datasets/synthetic_data/s2.csv,358,<timecave.validation_methods.CV.Block_CV object at 0x00000250F29F46B0>,2,Tree,1.6917579498941182,1.0408515780926697,1.3006759588360655
datasets/synthetic_data/s2.csv,358,<timecave.validation_methods.CV.Block_CV object at 0x00000250F29F46B0>,2,ARMA,2.2770893452782124,1.1767020336518588,1.5090027651658602
datasets/synthetic_data/s2.csv,358,<timecave.validation_methods.CV.Block_CV object at 0x00000250F29F46B0>,3,Tree,2.907614967824092,1.351532599760705,1.7051730023150413
datasets/synthetic_data/s2.csv,358,<timecave.validation_methods.CV.Block_CV object at 0x00000250F29F46B0>,3,ARMA,2.7163213852446297,1.3059577830425713,1.6481266290078047
datasets/synthetic_data/s2.csv,358,<timecave.validation_methods.CV.Block_CV object at 0x00000250F29F46B0>,4,Tree,1.5590365265910353,1.0038135611207606,1.2486138420628834
datasets/synthetic_data/s2.csv,358,<timecave.validation_methods.CV.Block_CV object at 0x00000250F29F46B0>,4,ARMA,1.4365467103743184,0.987174356267214,1.198560265641373
datasets/synthetic_data/s2.csv,358,<timecave.validation_methods.CV.AdaptedhvBlockCV object at 0x00000250F6CBE4B0>,0,Tree,2.4412544048608407,1.2008876458671864,1.5624514087999155
datasets/synthetic_data/s2.csv,358,<timecave.validation_methods.CV.AdaptedhvBlockCV object at 0x00000250F6CBE4B0>,0,ARMA,1.2117813902645125,0.9067926251201832,1.1008094250434597
datasets/synthetic_data/s2.csv,358,<timecave.validation_methods.CV.AdaptedhvBlockCV object at 0x00000250F6CBE4B0>,1,Tree,2.9369254386752086,1.3367320212673335,1.7137460251376833
datasets/synthetic_data/s2.csv,358,<timecave.validation_methods.CV.AdaptedhvBlockCV object at 0x00000250F6CBE4B0>,1,ARMA,2.0387792038151886,1.0807680839688503,1.4278582576065415
datasets/synthetic_data/s2.csv,358,<timecave.validation_methods.CV.AdaptedhvBlockCV object at 0x00000250F6CBE4B0>,2,Tree,2.658219677780284,1.2194079539032037,1.6304047588805315
datasets/synthetic_data/s2.csv,358,<timecave.validation_methods.CV.AdaptedhvBlockCV object at 0x00000250F6CBE4B0>,2,ARMA,2.27911197353422,1.1765631444633322,1.5096728034690894
datasets/synthetic_data/s2.csv,358,<timecave.validation_methods.CV.AdaptedhvBlockCV object at 0x00000250F6CBE4B0>,3,Tree,2.17479242142565,1.282724867098276,1.4747177429683451
datasets/synthetic_data/s2.csv,358,<timecave.validation_methods.CV.AdaptedhvBlockCV object at 0x00000250F6CBE4B0>,3,ARMA,2.7571076493417017,1.3263356385319118,1.6604540491509248
datasets/synthetic_data/s2.csv,358,<timecave.validation_methods.CV.AdaptedhvBlockCV object at 0x00000250F6CBE4B0>,4,Tree,2.0498942190571583,1.1104180322385793,1.431745165543491
datasets/synthetic_data/s2.csv,358,<timecave.validation_methods.CV.AdaptedhvBlockCV object at 0x00000250F6CBE4B0>,4,ARMA,1.5281920649607614,1.029849672650621,1.2362006572400621
datasets/synthetic_data/s2.csv,358,<timecave.validation_methods.markov.MarkovCV object at 0x00000250F6CBDD60>,0,Tree,3.2611510817315414,1.5668666533664064,1.8058657429973972
datasets/synthetic_data/s2.csv,358,<timecave.validation_methods.markov.MarkovCV object at 0x00000250F6CBDD60>,0,ARMA,1.5098338922747099,0.9560530041655172,1.2287529826107075
datasets/synthetic_data/s2.csv,358,<timecave.validation_methods.markov.MarkovCV object at 0x00000250F6CBDD60>,1,Tree,4.618134729254216,2.0841974289661254,2.148984580971724
datasets/synthetic_data/s2.csv,358,<timecave.validation_methods.markov.MarkovCV object at 0x00000250F6CBDD60>,1,ARMA,2.709025646158889,1.3044826712799813,1.6459117978065803
datasets/synthetic_data/s2.csv,358,<timecave.validation_methods.markov.MarkovCV object at 0x00000250F6CBDD60>,2,Tree,3.506770128607647,1.5777680295499001,1.87263721222442
datasets/synthetic_data/s2.csv,358,<timecave.validation_methods.markov.MarkovCV object at 0x00000250F6CBDD60>,2,ARMA,2.098038707035042,1.163288397298731,1.4484608061784212
datasets/synthetic_data/s2.csv,358,<timecave.validation_methods.markov.MarkovCV object at 0x00000250F6CBDD60>,3,Tree,3.0784274423315723,1.40483548557399,1.7545447963308238
datasets/synthetic_data/s2.csv,358,<timecave.validation_methods.markov.MarkovCV object at 0x00000250F6CBDD60>,3,ARMA,2.2051294192251802,1.104718175018193,1.4849678175722127
datasets/synthetic_data/s2.csv,358,<timecave.validation_methods.markov.MarkovCV object at 0x00000250F6CBDD60>,4,Tree,3.8980793117529644,1.6129218452295602,1.9743554167760586
datasets/synthetic_data/s2.csv,358,<timecave.validation_methods.markov.MarkovCV object at 0x00000250F6CBDD60>,4,ARMA,1.8914522532480855,1.1459962208627454,1.3753007864638505
datasets/synthetic_data/s2.csv,358,<timecave.validation_methods.markov.MarkovCV object at 0x00000250F6CBDD60>,5,Tree,2.1942393069595103,1.1408727674137562,1.4812964952903622
datasets/synthetic_data/s2.csv,358,<timecave.validation_methods.markov.MarkovCV object at 0x00000250F6CBDD60>,5,ARMA,3.8980733590811134,1.5938747258839325,1.9743539092779474
datasets/synthetic_data/s2.csv,358,<timecave.validation_methods.markov.MarkovCV object at 0x00000250F6CBDD60>,6,Tree,4.1029499329953625,1.6925288567584735,2.0255739761843707
datasets/synthetic_data/s2.csv,358,<timecave.validation_methods.markov.MarkovCV object at 0x00000250F6CBDD60>,6,ARMA,1.9816669539296927,1.1446372288643751,1.4077169296167795
datasets/synthetic_data/s2.csv,358,<timecave.validation_methods.markov.MarkovCV object at 0x00000250F6CBDD60>,7,Tree,6.442888355441445,1.778638600843415,2.538284530040209
datasets/synthetic_data/s2.csv,358,<timecave.validation_methods.markov.MarkovCV object at 0x00000250F6CBDD60>,7,ARMA,2.1261766712822388,1.1703518321990016,1.4581415127765338
datasets/synthetic_data/s2.csv,358,<timecave.validation_methods.markov.MarkovCV object at 0x00000250F6CBDD60>,8,Tree,4.553287405503046,1.6653590347872467,2.1338433413685847
datasets/synthetic_data/s2.csv,358,<timecave.validation_methods.markov.MarkovCV object at 0x00000250F6CBDD60>,8,ARMA,1.5463423486686596,1.08737868159375,1.2435201440542327
datasets/synthetic_data/s2.csv,358,<timecave.validation_methods.markov.MarkovCV object at 0x00000250F6CBDD60>,9,Tree,5.092931546800229,1.7871524552086924,2.2567524336533302
datasets/synthetic_data/s2.csv,358,<timecave.validation_methods.markov.MarkovCV object at 0x00000250F6CBDD60>,9,ARMA,3.0719062442947687,1.401526615821468,1.7526854379194141
datasets/synthetic_data/s2.csv,359,<timecave.validation_methods.OOS.Holdout object at 0x00000250F29F7860>,0,Tree,4.096004705790178,1.6042013468864342,2.0238588650867375
datasets/synthetic_data/s2.csv,359,<timecave.validation_methods.OOS.Holdout object at 0x00000250F29F7860>,0,ARMA,3.4825802140184643,1.4374250738780434,1.8661672524236579
datasets/synthetic_data/s2.csv,359,<timecave.validation_methods.OOS.Repeated_Holdout object at 0x00000250F6C17E90>,0,Tree,1.6956212430201139,0.9977639322451594,1.3021602217162502
datasets/synthetic_data/s2.csv,359,<timecave.validation_methods.OOS.Repeated_Holdout object at 0x00000250F6C17E90>,0,ARMA,2.798816823094268,1.2736789103044912,1.6729664739899206
datasets/synthetic_data/s2.csv,359,<timecave.validation_methods.OOS.Repeated_Holdout object at 0x00000250F6C17E90>,1,Tree,1.777819101505397,1.019080556554329,1.3333488296411398
datasets/synthetic_data/s2.csv,359,<timecave.validation_methods.OOS.Repeated_Holdout object at 0x00000250F6C17E90>,1,ARMA,3.0150575485299864,1.3493251935487014,1.7363921067921226
datasets/synthetic_data/s2.csv,359,<timecave.validation_methods.OOS.Repeated_Holdout object at 0x00000250F6C17E90>,2,Tree,3.5250123996307647,1.5133832894903068,1.8775016377171991
datasets/synthetic_data/s2.csv,359,<timecave.validation_methods.OOS.Repeated_Holdout object at 0x00000250F6C17E90>,2,ARMA,3.538801379626224,1.4459039879076823,1.8811702154845595
datasets/synthetic_data/s2.csv,359,<timecave.validation_methods.OOS.Repeated_Holdout object at 0x00000250F6C17E90>,3,Tree,3.2895122664862644,1.4648322393908932,1.8137012616432355
datasets/synthetic_data/s2.csv,359,<timecave.validation_methods.OOS.Repeated_Holdout object at 0x00000250F6C17E90>,3,ARMA,3.4825802140184643,1.4374250738780434,1.8661672524236579
datasets/synthetic_data/s2.csv,359,<timecave.validation_methods.prequential.Growing_Window object at 0x00000250F6C15EE0>,0,Tree,3.97249402244879,1.534705596670206,1.9931116432475102
datasets/synthetic_data/s2.csv,359,<timecave.validation_methods.prequential.Growing_Window object at 0x00000250F6C15EE0>,0,ARMA,1.1258966581792482,0.8887324786231696,1.061082776308827
datasets/synthetic_data/s2.csv,359,<timecave.validation_methods.prequential.Growing_Window object at 0x00000250F6C15EE0>,1,Tree,3.549088343297651,1.5474337234821338,1.8839024240383713
datasets/synthetic_data/s2.csv,359,<timecave.validation_methods.prequential.Growing_Window object at 0x00000250F6C15EE0>,1,ARMA,1.219698250527164,0.8955005334174433,1.1043994977032379
datasets/synthetic_data/s2.csv,359,<timecave.validation_methods.prequential.Growing_Window object at 0x00000250F6C15EE0>,2,Tree,3.292796245207999,1.4336886264758837,1.8146063609521486
datasets/synthetic_data/s2.csv,359,<timecave.validation_methods.prequential.Growing_Window object at 0x00000250F6C15EE0>,2,ARMA,3.365675173630211,1.4146032538333553,1.8345776553828979
datasets/synthetic_data/s2.csv,359,<timecave.validation_methods.prequential.Growing_Window object at 0x00000250F6C15EE0>,3,Tree,1.6863923740622213,1.0287432500375262,1.2986117102745613
datasets/synthetic_data/s2.csv,359,<timecave.validation_methods.prequential.Growing_Window object at 0x00000250F6C15EE0>,3,ARMA,2.1520978612513724,1.1207275666120462,1.4670030201916329
datasets/synthetic_data/s2.csv,359,<timecave.validation_methods.prequential.Growing_Window object at 0x00000250F6C16240>,0,Tree,5.41604959121869,1.9742486753756614,2.3272407677803106
datasets/synthetic_data/s2.csv,359,<timecave.validation_methods.prequential.Growing_Window object at 0x00000250F6C16240>,0,ARMA,1.2333216064991417,0.9126625309867353,1.110550136868724
datasets/synthetic_data/s2.csv,359,<timecave.validation_methods.prequential.Growing_Window object at 0x00000250F6C16240>,1,Tree,3.384383375714549,1.508792318046864,1.839669365868375
datasets/synthetic_data/s2.csv,359,<timecave.validation_methods.prequential.Growing_Window object at 0x00000250F6C16240>,1,ARMA,3.339991702754683,1.3849039564905015,1.8275644182229756
datasets/synthetic_data/s2.csv,359,<timecave.validation_methods.prequential.Growing_Window object at 0x00000250F6C16240>,2,Tree,3.146552216894985,1.3880733221741455,1.773852366149727
datasets/synthetic_data/s2.csv,359,<timecave.validation_methods.prequential.Growing_Window object at 0x00000250F6C16240>,2,ARMA,2.536609794931225,1.2529173520045076,1.5926737879839754
datasets/synthetic_data/s2.csv,359,<timecave.validation_methods.prequential.Rolling_Window object at 0x00000250F6C171D0>,0,Tree,5.0548158003469705,1.7991159933645648,2.2482917516076446
datasets/synthetic_data/s2.csv,359,<timecave.validation_methods.prequential.Rolling_Window object at 0x00000250F6C171D0>,0,ARMA,1.1258966581792482,0.8887324786231696,1.061082776308827
datasets/synthetic_data/s2.csv,359,<timecave.validation_methods.prequential.Rolling_Window object at 0x00000250F6C171D0>,1,Tree,2.1239386103757627,1.232123628513319,1.457373874603138
datasets/synthetic_data/s2.csv,359,<timecave.validation_methods.prequential.Rolling_Window object at 0x00000250F6C171D0>,1,ARMA,1.2478296921249477,0.8830019266174205,1.1170629758992765
datasets/synthetic_data/s2.csv,359,<timecave.validation_methods.prequential.Rolling_Window object at 0x00000250F6C171D0>,2,Tree,3.6640766928347936,1.547348239409603,1.9141778111854693
datasets/synthetic_data/s2.csv,359,<timecave.validation_methods.prequential.Rolling_Window object at 0x00000250F6C171D0>,2,ARMA,3.3089115109363636,1.3885754305294327,1.8190413714196727
datasets/synthetic_data/s2.csv,359,<timecave.validation_methods.prequential.Rolling_Window object at 0x00000250F6C171D0>,3,Tree,2.5831685965236204,1.359402678267689,1.607223878780931
datasets/synthetic_data/s2.csv,359,<timecave.validation_methods.prequential.Rolling_Window object at 0x00000250F6C171D0>,3,ARMA,2.3333284503447866,1.1721691041736797,1.5275236333179223
datasets/synthetic_data/s2.csv,359,<timecave.validation_methods.prequential.Rolling_Window object at 0x00000250F6C14050>,0,Tree,4.808219959402177,1.816157645105028,2.192765368068863
datasets/synthetic_data/s2.csv,359,<timecave.validation_methods.prequential.Rolling_Window object at 0x00000250F6C14050>,0,ARMA,1.2333216064991417,0.9126625309867353,1.110550136868724
datasets/synthetic_data/s2.csv,359,<timecave.validation_methods.prequential.Rolling_Window object at 0x00000250F6C14050>,1,Tree,3.414670775084476,1.5259054159866938,1.8478827817490144
datasets/synthetic_data/s2.csv,359,<timecave.validation_methods.prequential.Rolling_Window object at 0x00000250F6C14050>,1,ARMA,3.3502756480976084,1.414997053901037,1.8303758215452937
datasets/synthetic_data/s2.csv,359,<timecave.validation_methods.prequential.Rolling_Window object at 0x00000250F6C14050>,2,Tree,3.8820457890686217,1.6126820928127772,1.9702907879469522
datasets/synthetic_data/s2.csv,359,<timecave.validation_methods.prequential.Rolling_Window object at 0x00000250F6C14050>,2,ARMA,2.498418123498037,1.2403331984512442,1.5806385176560886
datasets/synthetic_data/s2.csv,359,<timecave.validation_methods.CV.Block_CV object at 0x00000250F6C16510>,0,Tree,3.2127546395585203,1.4852995759277396,1.7924158668005927
datasets/synthetic_data/s2.csv,359,<timecave.validation_methods.CV.Block_CV object at 0x00000250F6C16510>,0,ARMA,1.9513740830008384,1.1601343368177108,1.3969159183719106
datasets/synthetic_data/s2.csv,359,<timecave.validation_methods.CV.Block_CV object at 0x00000250F6C16510>,1,Tree,1.4229434152788727,0.9600348197317382,1.1928719190587365
datasets/synthetic_data/s2.csv,359,<timecave.validation_methods.CV.Block_CV object at 0x00000250F6C16510>,1,ARMA,0.9021999512608778,0.7636467626041179,0.9498420664830958
datasets/synthetic_data/s2.csv,359,<timecave.validation_methods.CV.Block_CV object at 0x00000250F6C16510>,2,Tree,2.910641756564772,1.547203021106479,1.7060603027339838
datasets/synthetic_data/s2.csv,359,<timecave.validation_methods.CV.Block_CV object at 0x00000250F6C16510>,2,ARMA,1.27289046677264,0.8896938661388738,1.1282244753472777
datasets/synthetic_data/s2.csv,359,<timecave.validation_methods.CV.Block_CV object at 0x00000250F6C16510>,3,Tree,2.9497099255656076,1.4722102330985254,1.7174719577232136
datasets/synthetic_data/s2.csv,359,<timecave.validation_methods.CV.Block_CV object at 0x00000250F6C16510>,3,ARMA,3.3906740452288204,1.432810679567732,1.8413783004121724
datasets/synthetic_data/s2.csv,359,<timecave.validation_methods.CV.Block_CV object at 0x00000250F6C16510>,4,Tree,2.108132802323024,1.1350391888369875,1.45194104643509
datasets/synthetic_data/s2.csv,359,<timecave.validation_methods.CV.Block_CV object at 0x00000250F6C16510>,4,ARMA,2.1520978612513724,1.1207275666120462,1.4670030201916329
datasets/synthetic_data/s2.csv,359,<timecave.validation_methods.CV.AdaptedhvBlockCV object at 0x00000250F6C17950>,0,Tree,3.35179040951439,1.5616793332799528,1.8307895590466945
datasets/synthetic_data/s2.csv,359,<timecave.validation_methods.CV.AdaptedhvBlockCV object at 0x00000250F6C17950>,0,ARMA,1.9512156690711944,1.1602630803150686,1.396859215909461
datasets/synthetic_data/s2.csv,359,<timecave.validation_methods.CV.AdaptedhvBlockCV object at 0x00000250F6C17950>,1,Tree,1.5742373148163142,1.0417453015148823,1.2546861419559532
datasets/synthetic_data/s2.csv,359,<timecave.validation_methods.CV.AdaptedhvBlockCV object at 0x00000250F6C17950>,1,ARMA,0.903512337218956,0.7649724903540338,0.9505326597329289
datasets/synthetic_data/s2.csv,359,<timecave.validation_methods.CV.AdaptedhvBlockCV object at 0x00000250F6C17950>,2,Tree,3.5598051993583733,1.6172887821613027,1.8867446036383337
datasets/synthetic_data/s2.csv,359,<timecave.validation_methods.CV.AdaptedhvBlockCV object at 0x00000250F6C17950>,2,ARMA,1.265463211624302,0.8878951930537046,1.124928091757114
datasets/synthetic_data/s2.csv,359,<timecave.validation_methods.CV.AdaptedhvBlockCV object at 0x00000250F6C17950>,3,Tree,3.473764849691081,1.5031209136734858,1.8638038656712463
datasets/synthetic_data/s2.csv,359,<timecave.validation_methods.CV.AdaptedhvBlockCV object at 0x00000250F6C17950>,3,ARMA,3.3807380321364464,1.4382524920461428,1.8386783384095344
datasets/synthetic_data/s2.csv,359,<timecave.validation_methods.CV.AdaptedhvBlockCV object at 0x00000250F6C17950>,4,Tree,1.9350633927179528,1.0951617132296312,1.3910655601796607
datasets/synthetic_data/s2.csv,359,<timecave.validation_methods.CV.AdaptedhvBlockCV object at 0x00000250F6C17950>,4,ARMA,2.719080959491256,1.2929270272802251,1.6489636016271725
datasets/synthetic_data/s2.csv,359,<timecave.validation_methods.markov.MarkovCV object at 0x00000250F6CE9430>,0,Tree,5.364157616656115,1.7461660725714012,2.3160651149430396
datasets/synthetic_data/s2.csv,359,<timecave.validation_methods.markov.MarkovCV object at 0x00000250F6CE9430>,0,ARMA,1.478525395836729,1.0271538275797651,1.2159462964443493
datasets/synthetic_data/s2.csv,359,<timecave.validation_methods.markov.MarkovCV object at 0x00000250F6CE9430>,1,Tree,4.222887658931603,1.5300041237783009,2.0549665834099597
datasets/synthetic_data/s2.csv,359,<timecave.validation_methods.markov.MarkovCV object at 0x00000250F6CE9430>,1,ARMA,2.147446576050408,1.0828103070316,1.4654168608455438
datasets/synthetic_data/s2.csv,359,<timecave.validation_methods.markov.MarkovCV object at 0x00000250F6CE9430>,2,Tree,8.47055885583509,2.1699590808826534,2.910422453156086
datasets/synthetic_data/s2.csv,359,<timecave.validation_methods.markov.MarkovCV object at 0x00000250F6CE9430>,2,ARMA,3.9601329521573625,1.7494978664821446,1.9900082794193
datasets/synthetic_data/s2.csv,359,<timecave.validation_methods.markov.MarkovCV object at 0x00000250F6CE9430>,3,Tree,8.884987008665941,2.6068218997078842,2.9807695329672743
datasets/synthetic_data/s2.csv,359,<timecave.validation_methods.markov.MarkovCV object at 0x00000250F6CE9430>,3,ARMA,4.517554447764264,1.6762571324477322,2.12545393922434
datasets/synthetic_data/s2.csv,359,<timecave.validation_methods.markov.MarkovCV object at 0x00000250F6CE9430>,4,Tree,3.190833304493981,1.597259666911758,1.7862903751893142
datasets/synthetic_data/s2.csv,359,<timecave.validation_methods.markov.MarkovCV object at 0x00000250F6CE9430>,4,ARMA,2.2468370445639247,1.1601772565379096,1.4989453107314905
datasets/synthetic_data/s2.csv,359,<timecave.validation_methods.markov.MarkovCV object at 0x00000250F6CE9430>,5,Tree,4.062563644084281,1.5869911001162846,2.0155802251670067
datasets/synthetic_data/s2.csv,359,<timecave.validation_methods.markov.MarkovCV object at 0x00000250F6CE9430>,5,ARMA,1.8463683528444221,1.2392944601191602,1.358811375005531
datasets/synthetic_data/s2.csv,359,<timecave.validation_methods.markov.MarkovCV object at 0x00000250F6CE9430>,6,Tree,3.546148753348487,1.5101888397728758,1.883122076061052
datasets/synthetic_data/s2.csv,359,<timecave.validation_methods.markov.MarkovCV object at 0x00000250F6CE9430>,6,ARMA,2.286233605041369,1.2270590364975296,1.5120296310064063
datasets/synthetic_data/s2.csv,359,<timecave.validation_methods.markov.MarkovCV object at 0x00000250F6CE9430>,7,Tree,3.2217602988227236,1.561239713839265,1.794926265567119
datasets/synthetic_data/s2.csv,359,<timecave.validation_methods.markov.MarkovCV object at 0x00000250F6CE9430>,7,ARMA,1.3613898932778723,0.8860418975082998,1.1667861386209009
datasets/synthetic_data/s2.csv,359,<timecave.validation_methods.markov.MarkovCV object at 0x00000250F6CE9430>,8,Tree,6.12357214813755,2.1121936086015736,2.474585247700622
datasets/synthetic_data/s2.csv,359,<timecave.validation_methods.markov.MarkovCV object at 0x00000250F6CE9430>,8,ARMA,4.198031255882959,1.7384650068512895,2.0489097725090186
datasets/synthetic_data/s2.csv,359,<timecave.validation_methods.markov.MarkovCV object at 0x00000250F6CE9430>,9,Tree,4.151366267747421,1.8600836648853132,2.037490188380651
datasets/synthetic_data/s2.csv,359,<timecave.validation_methods.markov.MarkovCV object at 0x00000250F6CE9430>,9,ARMA,3.075641197704515,1.5780566312659359,1.7537506087538544
datasets/synthetic_data/s2.csv,360,<timecave.validation_methods.OOS.Holdout object at 0x00000250F6BB0830>,0,Tree,1.3401234636955417,0.9503854991234467,1.1576370172448451
datasets/synthetic_data/s2.csv,360,<timecave.validation_methods.OOS.Holdout object at 0x00000250F6BB0830>,0,ARMA,1.834395806957076,1.1958842504049805,1.3543986883326031
datasets/synthetic_data/s2.csv,360,<timecave.validation_methods.OOS.Repeated_Holdout object at 0x00000250F6CBE540>,0,Tree,2.305824173403264,1.250445263859348,1.518494047865603
datasets/synthetic_data/s2.csv,360,<timecave.validation_methods.OOS.Repeated_Holdout object at 0x00000250F6CBE540>,0,ARMA,1.845291087849847,1.205950787281328,1.358414917412882
datasets/synthetic_data/s2.csv,360,<timecave.validation_methods.OOS.Repeated_Holdout object at 0x00000250F6CBE540>,1,Tree,2.311088315371685,1.2174484086488986,1.5202264026689198
datasets/synthetic_data/s2.csv,360,<timecave.validation_methods.OOS.Repeated_Holdout object at 0x00000250F6CBE540>,1,ARMA,1.9023276615982851,1.230641805972191,1.379248948376719
datasets/synthetic_data/s2.csv,360,<timecave.validation_methods.OOS.Repeated_Holdout object at 0x00000250F6CBE540>,2,Tree,1.9431277673961134,1.1020656905300563,1.393961178582859
datasets/synthetic_data/s2.csv,360,<timecave.validation_methods.OOS.Repeated_Holdout object at 0x00000250F6CBE540>,2,ARMA,1.7616747896284612,1.1724605233492145,1.3272809761420004
datasets/synthetic_data/s2.csv,360,<timecave.validation_methods.OOS.Repeated_Holdout object at 0x00000250F6CBE540>,3,Tree,1.4095980664905428,0.9818360817201208,1.1872649521023277
datasets/synthetic_data/s2.csv,360,<timecave.validation_methods.OOS.Repeated_Holdout object at 0x00000250F6CBE540>,3,ARMA,1.834395806957076,1.1958842504049805,1.3543986883326031
datasets/synthetic_data/s2.csv,360,<timecave.validation_methods.prequential.Growing_Window object at 0x00000250F6CBCE90>,0,Tree,2.8163621615970014,1.43635771307359,1.6782020622073497
datasets/synthetic_data/s2.csv,360,<timecave.validation_methods.prequential.Growing_Window object at 0x00000250F6CBCE90>,0,ARMA,1.748986091251514,1.133964920841447,1.322492378523035
datasets/synthetic_data/s2.csv,360,<timecave.validation_methods.prequential.Growing_Window object at 0x00000250F6CBCE90>,1,Tree,3.0030827378725635,1.3807892758797489,1.732940488843331
datasets/synthetic_data/s2.csv,360,<timecave.validation_methods.prequential.Growing_Window object at 0x00000250F6CBCE90>,1,ARMA,1.3966032858722404,0.9319519143482888,1.1817797112288908
datasets/synthetic_data/s2.csv,360,<timecave.validation_methods.prequential.Growing_Window object at 0x00000250F6CBCE90>,2,Tree,1.8601881362546222,1.0616407306313649,1.363887142051945
datasets/synthetic_data/s2.csv,360,<timecave.validation_methods.prequential.Growing_Window object at 0x00000250F6CBCE90>,2,ARMA,1.5977230212069258,1.0572370869636747,1.264010688723369
datasets/synthetic_data/s2.csv,360,<timecave.validation_methods.prequential.Growing_Window object at 0x00000250F6CBCE90>,3,Tree,1.757554167388818,1.0402970925485346,1.3257277878164953
datasets/synthetic_data/s2.csv,360,<timecave.validation_methods.prequential.Growing_Window object at 0x00000250F6CBCE90>,3,ARMA,1.6499471390546325,1.1230885233452228,1.2845026816066336
datasets/synthetic_data/s2.csv,360,<timecave.validation_methods.prequential.Growing_Window object at 0x00000250F6CBE030>,0,Tree,1.9468653002836158,1.0849635498915806,1.3953011503914186
datasets/synthetic_data/s2.csv,360,<timecave.validation_methods.prequential.Growing_Window object at 0x00000250F6CBE030>,0,ARMA,1.3618770055008502,0.9459741004881386,1.1669948609573437
datasets/synthetic_data/s2.csv,360,<timecave.validation_methods.prequential.Growing_Window object at 0x00000250F6CBE030>,1,Tree,2.3672575000347096,1.293369542871977,1.5385894514244889
datasets/synthetic_data/s2.csv,360,<timecave.validation_methods.prequential.Growing_Window object at 0x00000250F6CBE030>,1,ARMA,1.6134708253116536,1.073211326371034,1.2702247144941141
datasets/synthetic_data/s2.csv,360,<timecave.validation_methods.prequential.Growing_Window object at 0x00000250F6CBE030>,2,Tree,1.4097480385768837,0.9896140498422192,1.1873281090654275
datasets/synthetic_data/s2.csv,360,<timecave.validation_methods.prequential.Growing_Window object at 0x00000250F6CBE030>,2,ARMA,1.7578942746959108,1.1682192719666942,1.3258560535351909
datasets/synthetic_data/s2.csv,360,<timecave.validation_methods.prequential.Rolling_Window object at 0x00000250F6CBD4F0>,0,Tree,2.9363272049488787,1.4118323503525207,1.7135714764633772
datasets/synthetic_data/s2.csv,360,<timecave.validation_methods.prequential.Rolling_Window object at 0x00000250F6CBD4F0>,0,ARMA,1.748986091251514,1.133964920841447,1.322492378523035
datasets/synthetic_data/s2.csv,360,<timecave.validation_methods.prequential.Rolling_Window object at 0x00000250F6CBD4F0>,1,Tree,2.804754720142145,1.2796659374504853,1.6747401948189293
datasets/synthetic_data/s2.csv,360,<timecave.validation_methods.prequential.Rolling_Window object at 0x00000250F6CBD4F0>,1,ARMA,1.4061797071332016,0.9496572387580955,1.185824484117781
datasets/synthetic_data/s2.csv,360,<timecave.validation_methods.prequential.Rolling_Window object at 0x00000250F6CBD4F0>,2,Tree,2.4110648918884503,1.1522990369644281,1.5527604103300838
datasets/synthetic_data/s2.csv,360,<timecave.validation_methods.prequential.Rolling_Window object at 0x00000250F6CBD4F0>,2,ARMA,1.571400374128149,1.0343366835605186,1.2535550941734268
datasets/synthetic_data/s2.csv,360,<timecave.validation_methods.prequential.Rolling_Window object at 0x00000250F6CBD4F0>,3,Tree,3.0728270538250504,1.4958857625355355,1.7529481035743901
datasets/synthetic_data/s2.csv,360,<timecave.validation_methods.prequential.Rolling_Window object at 0x00000250F6CBD4F0>,3,ARMA,1.7681394852941454,1.1578826477458337,1.329714061478687
datasets/synthetic_data/s2.csv,360,<timecave.validation_methods.prequential.Rolling_Window object at 0x00000250F6CBEEA0>,0,Tree,2.1943337161344187,1.1868660024434659,1.4813283620232276
datasets/synthetic_data/s2.csv,360,<timecave.validation_methods.prequential.Rolling_Window object at 0x00000250F6CBEEA0>,0,ARMA,1.3618770055008502,0.9459741004881386,1.1669948609573437
datasets/synthetic_data/s2.csv,360,<timecave.validation_methods.prequential.Rolling_Window object at 0x00000250F6CBEEA0>,1,Tree,2.998360784943617,1.4053742538716054,1.7315775422843809
datasets/synthetic_data/s2.csv,360,<timecave.validation_methods.prequential.Rolling_Window object at 0x00000250F6CBEEA0>,1,ARMA,1.6290460904580017,1.0913650952518699,1.276340898999167
datasets/synthetic_data/s2.csv,360,<timecave.validation_methods.prequential.Rolling_Window object at 0x00000250F6CBEEA0>,2,Tree,7.2198175235757285,2.39948877199968,2.686971812947752
datasets/synthetic_data/s2.csv,360,<timecave.validation_methods.prequential.Rolling_Window object at 0x00000250F6CBEEA0>,2,ARMA,2.121004866208999,1.303068760054477,1.4563670094481675
datasets/synthetic_data/s2.csv,360,<timecave.validation_methods.CV.Block_CV object at 0x00000250F6CBE750>,0,Tree,2.1688869951544985,1.1923773368892019,1.472714159351535
datasets/synthetic_data/s2.csv,360,<timecave.validation_methods.CV.Block_CV object at 0x00000250F6CBE750>,0,ARMA,1.0267187335804537,0.7936927035057526,1.013271303047932
datasets/synthetic_data/s2.csv,360,<timecave.validation_methods.CV.Block_CV object at 0x00000250F6CBE750>,1,Tree,2.0711010906808425,1.150243060662999,1.4391320615846352
datasets/synthetic_data/s2.csv,360,<timecave.validation_methods.CV.Block_CV object at 0x00000250F6CBE750>,1,ARMA,1.9240457147494707,1.1202849347755592,1.3870997493869972
datasets/synthetic_data/s2.csv,360,<timecave.validation_methods.CV.Block_CV object at 0x00000250F6CBE750>,2,Tree,2.310883685316423,1.240986904748043,1.5201590986855367
datasets/synthetic_data/s2.csv,360,<timecave.validation_methods.CV.Block_CV object at 0x00000250F6CBE750>,2,ARMA,1.4471366677681439,0.9228848045734783,1.2029699363525856
datasets/synthetic_data/s2.csv,360,<timecave.validation_methods.CV.Block_CV object at 0x00000250F6CBE750>,3,Tree,2.3272411479942865,1.2486500805190326,1.525529792562009
datasets/synthetic_data/s2.csv,360,<timecave.validation_methods.CV.Block_CV object at 0x00000250F6CBE750>,3,ARMA,1.7584897510215376,1.1143578192453305,1.3260805974832517
datasets/synthetic_data/s2.csv,360,<timecave.validation_methods.CV.Block_CV object at 0x00000250F6CBE750>,4,Tree,1.8137400052482302,1.0295551779672516,1.346751649432155
datasets/synthetic_data/s2.csv,360,<timecave.validation_methods.CV.Block_CV object at 0x00000250F6CBE750>,4,ARMA,1.6499471390546325,1.1230885233452228,1.2845026816066336
datasets/synthetic_data/s2.csv,360,<timecave.validation_methods.CV.AdaptedhvBlockCV object at 0x00000250F6CBF050>,0,Tree,2.1956738915288345,1.1874954257798678,1.481780648925081
datasets/synthetic_data/s2.csv,360,<timecave.validation_methods.CV.AdaptedhvBlockCV object at 0x00000250F6CBF050>,0,ARMA,1.056166069813846,0.8164551863156424,1.027699406350829
datasets/synthetic_data/s2.csv,360,<timecave.validation_methods.CV.AdaptedhvBlockCV object at 0x00000250F6CBF050>,1,Tree,2.27687270445571,1.2625937050696978,1.508930980679935
datasets/synthetic_data/s2.csv,360,<timecave.validation_methods.CV.AdaptedhvBlockCV object at 0x00000250F6CBF050>,1,ARMA,1.9334820275858884,1.1181353056568615,1.3904970433574781
datasets/synthetic_data/s2.csv,360,<timecave.validation_methods.CV.AdaptedhvBlockCV object at 0x00000250F6CBF050>,2,Tree,2.940203263308161,1.3107316319586944,1.714702091708108
datasets/synthetic_data/s2.csv,360,<timecave.validation_methods.CV.AdaptedhvBlockCV object at 0x00000250F6CBF050>,2,ARMA,1.4537478477110835,0.9221182446052425,1.205714662642486
datasets/synthetic_data/s2.csv,360,<timecave.validation_methods.CV.AdaptedhvBlockCV object at 0x00000250F6CBF050>,3,Tree,2.172988171545876,1.1527164142915725,1.4741058888512304
datasets/synthetic_data/s2.csv,360,<timecave.validation_methods.CV.AdaptedhvBlockCV object at 0x00000250F6CBF050>,3,ARMA,1.7515304569499526,1.110758696892741,1.3234539874698903
datasets/synthetic_data/s2.csv,360,<timecave.validation_methods.CV.AdaptedhvBlockCV object at 0x00000250F6CBF050>,4,Tree,2.1807334497641637,1.2059075084433475,1.4767306625665235
datasets/synthetic_data/s2.csv,360,<timecave.validation_methods.CV.AdaptedhvBlockCV object at 0x00000250F6CBF050>,4,ARMA,1.7505578036452114,1.164338069498469,1.3230864686955315
datasets/synthetic_data/s2.csv,360,<timecave.validation_methods.markov.MarkovCV object at 0x00000250F6CBF740>,0,Tree,2.7759272367254417,1.4832340705792226,1.6661114118585953
datasets/synthetic_data/s2.csv,360,<timecave.validation_methods.markov.MarkovCV object at 0x00000250F6CBF740>,0,ARMA,2.2726194221875535,1.2639628828503995,1.5075209524870803
datasets/synthetic_data/s2.csv,360,<timecave.validation_methods.markov.MarkovCV object at 0x00000250F6CBF740>,1,Tree,4.273703378089597,1.786476549515972,2.0672937329004792
datasets/synthetic_data/s2.csv,360,<timecave.validation_methods.markov.MarkovCV object at 0x00000250F6CBF740>,1,ARMA,1.9826456492427107,1.1827634398668976,1.4080645046455473
datasets/synthetic_data/s2.csv,360,<timecave.validation_methods.markov.MarkovCV object at 0x00000250F6CBF740>,2,Tree,2.629719351200215,1.2675138044309255,1.6216409439824264
datasets/synthetic_data/s2.csv,360,<timecave.validation_methods.markov.MarkovCV object at 0x00000250F6CBF740>,2,ARMA,1.5147883971631981,0.9520042902624302,1.2307674017308055
datasets/synthetic_data/s2.csv,360,<timecave.validation_methods.markov.MarkovCV object at 0x00000250F6CBF740>,3,Tree,2.4838295173536378,1.0429251037067757,1.5760169787643907
datasets/synthetic_data/s2.csv,360,<timecave.validation_methods.markov.MarkovCV object at 0x00000250F6CBF740>,3,ARMA,1.7537987848526815,1.1128082692528476,1.324310682903631
datasets/synthetic_data/s2.csv,360,<timecave.validation_methods.markov.MarkovCV object at 0x00000250F6CBF740>,4,Tree,4.514121531775853,1.5958101209740407,2.1246462133201973
datasets/synthetic_data/s2.csv,360,<timecave.validation_methods.markov.MarkovCV object at 0x00000250F6CBF740>,4,ARMA,1.5121518650928936,0.9856266500568888,1.229695842512649
datasets/synthetic_data/s2.csv,360,<timecave.validation_methods.markov.MarkovCV object at 0x00000250F6CBF740>,5,Tree,3.0712391203361125,1.4671488686732197,1.752495112785229
datasets/synthetic_data/s2.csv,360,<timecave.validation_methods.markov.MarkovCV object at 0x00000250F6CBF740>,5,ARMA,1.3144410283692987,0.858995879713182,1.1464907449994084
datasets/synthetic_data/s2.csv,360,<timecave.validation_methods.markov.MarkovCV object at 0x00000250F6CBF740>,6,Tree,1.7708235656561029,1.0230630779930021,1.3307229484968324
datasets/synthetic_data/s2.csv,360,<timecave.validation_methods.markov.MarkovCV object at 0x00000250F6CBF740>,6,ARMA,2.3642838365245806,1.2095935556185458,1.5376227874627055
datasets/synthetic_data/s2.csv,360,<timecave.validation_methods.markov.MarkovCV object at 0x00000250F6CBF740>,7,Tree,3.7982793111360658,1.4121278081953332,1.948917471607268
datasets/synthetic_data/s2.csv,360,<timecave.validation_methods.markov.MarkovCV object at 0x00000250F6CBF740>,7,ARMA,1.8948328932294176,1.0707381909350338,1.3765292925431765
datasets/synthetic_data/s2.csv,360,<timecave.validation_methods.markov.MarkovCV object at 0x00000250F6CBF740>,8,Tree,1.5480878351885463,1.1012111720072808,1.244221778939971
datasets/synthetic_data/s2.csv,360,<timecave.validation_methods.markov.MarkovCV object at 0x00000250F6CBF740>,8,ARMA,1.7590636934464094,1.1409919139471902,1.3262969853869115
datasets/synthetic_data/s2.csv,360,<timecave.validation_methods.markov.MarkovCV object at 0x00000250F6CBF740>,9,Tree,2.3789973175015477,1.222239282426574,1.542399856555215
datasets/synthetic_data/s2.csv,360,<timecave.validation_methods.markov.MarkovCV object at 0x00000250F6CBF740>,9,ARMA,2.0079599504028858,1.1863665484194579,1.4170250352068188
datasets/synthetic_data/s2.csv,361,<timecave.validation_methods.OOS.Holdout object at 0x00000250F6BB0890>,0,Tree,1.9914134344743781,1.1381667878510762,1.4111744876075312
datasets/synthetic_data/s2.csv,361,<timecave.validation_methods.OOS.Holdout object at 0x00000250F6BB0890>,0,ARMA,1.5739493863057323,1.02464399237251,1.2545713954597133
datasets/synthetic_data/s2.csv,361,<timecave.validation_methods.OOS.Repeated_Holdout object at 0x00000250F6C14E30>,0,Tree,2.56432273223635,1.1614537472005078,1.6013502840529146
datasets/synthetic_data/s2.csv,361,<timecave.validation_methods.OOS.Repeated_Holdout object at 0x00000250F6C14E30>,0,ARMA,1.6851430648039867,1.082859594863625,1.2981306039085538
datasets/synthetic_data/s2.csv,361,<timecave.validation_methods.OOS.Repeated_Holdout object at 0x00000250F6C14E30>,1,Tree,1.8548343937033116,1.0737340723313011,1.3619230498465438
datasets/synthetic_data/s2.csv,361,<timecave.validation_methods.OOS.Repeated_Holdout object at 0x00000250F6C14E30>,1,ARMA,1.502745597361421,1.0104911259073,1.2258652443728963
datasets/synthetic_data/s2.csv,361,<timecave.validation_methods.OOS.Repeated_Holdout object at 0x00000250F6C14E30>,2,Tree,2.1328038124062956,1.1517971540884115,1.460412206332957
datasets/synthetic_data/s2.csv,361,<timecave.validation_methods.OOS.Repeated_Holdout object at 0x00000250F6C14E30>,2,ARMA,1.7104909862972104,1.0772948813557963,1.3078574028911603
datasets/synthetic_data/s2.csv,361,<timecave.validation_methods.OOS.Repeated_Holdout object at 0x00000250F6C14E30>,3,Tree,2.171878043287927,1.2093781109682729,1.4737292978318397
datasets/synthetic_data/s2.csv,361,<timecave.validation_methods.OOS.Repeated_Holdout object at 0x00000250F6C14E30>,3,ARMA,1.5739493863057323,1.02464399237251,1.2545713954597133
datasets/synthetic_data/s2.csv,361,<timecave.validation_methods.prequential.Growing_Window object at 0x00000250F6C177D0>,0,Tree,1.9467981387679456,1.113252791800969,1.3952770831515673
datasets/synthetic_data/s2.csv,361,<timecave.validation_methods.prequential.Growing_Window object at 0x00000250F6C177D0>,0,ARMA,1.5741773589357415,0.9739809709704512,1.2546622489481947
datasets/synthetic_data/s2.csv,361,<timecave.validation_methods.prequential.Growing_Window object at 0x00000250F6C177D0>,1,Tree,2.020039014581439,1.1726721538223999,1.4212807655707718
datasets/synthetic_data/s2.csv,361,<timecave.validation_methods.prequential.Growing_Window object at 0x00000250F6C177D0>,1,ARMA,1.6598365060362916,1.0827952337608084,1.2883464231472417
datasets/synthetic_data/s2.csv,361,<timecave.validation_methods.prequential.Growing_Window object at 0x00000250F6C177D0>,2,Tree,2.0279433258224344,1.189304193025636,1.4240587508324347
datasets/synthetic_data/s2.csv,361,<timecave.validation_methods.prequential.Growing_Window object at 0x00000250F6C177D0>,2,ARMA,1.9292751213171224,1.2200572094899094,1.3889834848971827
datasets/synthetic_data/s2.csv,361,<timecave.validation_methods.prequential.Growing_Window object at 0x00000250F6C177D0>,3,Tree,1.815182436427078,1.0230150685128747,1.3472870653379991
datasets/synthetic_data/s2.csv,361,<timecave.validation_methods.prequential.Growing_Window object at 0x00000250F6C177D0>,3,ARMA,1.4727332060472227,0.9773385090951858,1.21356219702462
datasets/synthetic_data/s2.csv,361,<timecave.validation_methods.prequential.Growing_Window object at 0x00000250F6C16420>,0,Tree,2.0243849212261766,1.1708348022870847,1.4228088140105741
datasets/synthetic_data/s2.csv,361,<timecave.validation_methods.prequential.Growing_Window object at 0x00000250F6C16420>,0,ARMA,1.668859419356395,1.0968758727475625,1.2918434190552643
datasets/synthetic_data/s2.csv,361,<timecave.validation_methods.prequential.Growing_Window object at 0x00000250F6C16420>,1,Tree,2.389022745385077,1.2730106801643184,1.5456463843276305
datasets/synthetic_data/s2.csv,361,<timecave.validation_methods.prequential.Growing_Window object at 0x00000250F6C16420>,1,ARMA,2.1804772562759913,1.2452618333380978,1.4766439165472465
datasets/synthetic_data/s2.csv,361,<timecave.validation_methods.prequential.Growing_Window object at 0x00000250F6C16420>,2,Tree,2.7954778476347206,1.1849306469533953,1.6719682555702786
datasets/synthetic_data/s2.csv,361,<timecave.validation_methods.prequential.Growing_Window object at 0x00000250F6C16420>,2,ARMA,1.7458724812499398,1.0830572417028745,1.3213146791169543
datasets/synthetic_data/s2.csv,361,<timecave.validation_methods.prequential.Rolling_Window object at 0x00000250F6C16F90>,0,Tree,2.2746769999160237,1.2698102464496204,1.5082032356138293
datasets/synthetic_data/s2.csv,361,<timecave.validation_methods.prequential.Rolling_Window object at 0x00000250F6C16F90>,0,ARMA,1.5741773589357415,0.9739809709704512,1.2546622489481947
datasets/synthetic_data/s2.csv,361,<timecave.validation_methods.prequential.Rolling_Window object at 0x00000250F6C16F90>,1,Tree,2.1123281380349166,1.1432299218772501,1.4533850618590094
datasets/synthetic_data/s2.csv,361,<timecave.validation_methods.prequential.Rolling_Window object at 0x00000250F6C16F90>,1,ARMA,1.6840961099297131,1.1332785315605585,1.2977272864241212
datasets/synthetic_data/s2.csv,361,<timecave.validation_methods.prequential.Rolling_Window object at 0x00000250F6C16F90>,2,Tree,2.7693071264584828,1.3781609070305647,1.6641235310091864
datasets/synthetic_data/s2.csv,361,<timecave.validation_methods.prequential.Rolling_Window object at 0x00000250F6C16F90>,2,ARMA,2.0603637635970955,1.2677454833680166,1.4353967269006487
datasets/synthetic_data/s2.csv,361,<timecave.validation_methods.prequential.Rolling_Window object at 0x00000250F6C16F90>,3,Tree,3.215897390258021,1.3248700211148186,1.7932923326267864
datasets/synthetic_data/s2.csv,361,<timecave.validation_methods.prequential.Rolling_Window object at 0x00000250F6C16F90>,3,ARMA,1.5812820788910489,1.0212228730693447,1.2574903891843663
datasets/synthetic_data/s2.csv,361,<timecave.validation_methods.prequential.Rolling_Window object at 0x00000250F6C16990>,0,Tree,1.8960284241991459,1.1368076307640744,1.3769634796170689
datasets/synthetic_data/s2.csv,361,<timecave.validation_methods.prequential.Rolling_Window object at 0x00000250F6C16990>,0,ARMA,1.668859419356395,1.0968758727475625,1.2918434190552643
datasets/synthetic_data/s2.csv,361,<timecave.validation_methods.prequential.Rolling_Window object at 0x00000250F6C16990>,1,Tree,4.551493982003683,1.8580687527340345,2.1334230668115697
datasets/synthetic_data/s2.csv,361,<timecave.validation_methods.prequential.Rolling_Window object at 0x00000250F6C16990>,1,ARMA,2.7136078944447055,1.3445145193734152,1.6473032187319692
datasets/synthetic_data/s2.csv,361,<timecave.validation_methods.prequential.Rolling_Window object at 0x00000250F6C16990>,2,Tree,2.5240368419258195,1.2355373554332145,1.5887217635337596
datasets/synthetic_data/s2.csv,361,<timecave.validation_methods.prequential.Rolling_Window object at 0x00000250F6C16990>,2,ARMA,1.6527290549700973,1.0713264798888784,1.2855851021889206
datasets/synthetic_data/s2.csv,361,<timecave.validation_methods.CV.Block_CV object at 0x00000250F6C15D00>,0,Tree,1.402275238107469,0.9502839194241668,1.1841770298850882
datasets/synthetic_data/s2.csv,361,<timecave.validation_methods.CV.Block_CV object at 0x00000250F6C15D00>,0,ARMA,1.510380428429713,0.9867131766615937,1.2289753571287396
datasets/synthetic_data/s2.csv,361,<timecave.validation_methods.CV.Block_CV object at 0x00000250F6C15D00>,1,Tree,2.98974493478261,1.4314063906184158,1.7290878909941536
datasets/synthetic_data/s2.csv,361,<timecave.validation_methods.CV.Block_CV object at 0x00000250F6C15D00>,1,ARMA,1.5737937364455847,1.0050075951877986,1.2545093608441449
datasets/synthetic_data/s2.csv,361,<timecave.validation_methods.CV.Block_CV object at 0x00000250F6C15D00>,2,Tree,2.53648713261122,1.3635518797447437,1.5926352792184468
datasets/synthetic_data/s2.csv,361,<timecave.validation_methods.CV.Block_CV object at 0x00000250F6C15D00>,2,ARMA,1.8316542878482736,1.1235307140527464,1.3533862301088606
datasets/synthetic_data/s2.csv,361,<timecave.validation_methods.CV.Block_CV object at 0x00000250F6C15D00>,3,Tree,3.2005043969255014,1.4549579804697799,1.788995359671316
datasets/synthetic_data/s2.csv,361,<timecave.validation_methods.CV.Block_CV object at 0x00000250F6C15D00>,3,ARMA,1.9641007027273225,1.2295436554366792,1.4014637714644367
datasets/synthetic_data/s2.csv,361,<timecave.validation_methods.CV.Block_CV object at 0x00000250F6C15D00>,4,Tree,2.3631881176924634,1.229095333651753,1.5372664432987742
datasets/synthetic_data/s2.csv,361,<timecave.validation_methods.CV.Block_CV object at 0x00000250F6C15D00>,4,ARMA,1.4727332060472227,0.9773385090951858,1.21356219702462
datasets/synthetic_data/s2.csv,361,<timecave.validation_methods.CV.AdaptedhvBlockCV object at 0x00000250F6C17A70>,0,Tree,1.561656766294072,1.012277323340135,1.249662660998588
datasets/synthetic_data/s2.csv,361,<timecave.validation_methods.CV.AdaptedhvBlockCV object at 0x00000250F6C17A70>,0,ARMA,1.5153571953815312,0.9885313905104256,1.2309984546625277
datasets/synthetic_data/s2.csv,361,<timecave.validation_methods.CV.AdaptedhvBlockCV object at 0x00000250F6C17A70>,1,Tree,1.910067026884874,1.0821214479289258,1.382051745371668
datasets/synthetic_data/s2.csv,361,<timecave.validation_methods.CV.AdaptedhvBlockCV object at 0x00000250F6C17A70>,1,ARMA,1.572766466738544,1.0049940582453787,1.2540998631442968
datasets/synthetic_data/s2.csv,361,<timecave.validation_methods.CV.AdaptedhvBlockCV object at 0x00000250F6C17A70>,2,Tree,2.6772382547721127,1.392089909773919,1.6362268347549225
datasets/synthetic_data/s2.csv,361,<timecave.validation_methods.CV.AdaptedhvBlockCV object at 0x00000250F6C17A70>,2,ARMA,1.8281076159118994,1.1172463049281385,1.3520752996456593
datasets/synthetic_data/s2.csv,361,<timecave.validation_methods.CV.AdaptedhvBlockCV object at 0x00000250F6C17A70>,3,Tree,2.1189809299948723,1.215889509575174,1.4556719857148013
datasets/synthetic_data/s2.csv,361,<timecave.validation_methods.CV.AdaptedhvBlockCV object at 0x00000250F6C17A70>,3,ARMA,1.9357974272698604,1.2161785610008224,1.3913293741130677
datasets/synthetic_data/s2.csv,361,<timecave.validation_methods.CV.AdaptedhvBlockCV object at 0x00000250F6C17A70>,4,Tree,1.8868541040111186,1.072859313378613,1.3736280806721732
datasets/synthetic_data/s2.csv,361,<timecave.validation_methods.CV.AdaptedhvBlockCV object at 0x00000250F6C17A70>,4,ARMA,1.5799460127856273,1.0323617891799943,1.2569590338533818
datasets/synthetic_data/s2.csv,361,<timecave.validation_methods.markov.MarkovCV object at 0x00000250F6C17470>,0,Tree,2.2780481393188277,1.2329738466608355,1.5093204230112398
datasets/synthetic_data/s2.csv,361,<timecave.validation_methods.markov.MarkovCV object at 0x00000250F6C17470>,0,ARMA,0.9184136448347888,0.883495997667485,0.9583390030854367
datasets/synthetic_data/s2.csv,361,<timecave.validation_methods.markov.MarkovCV object at 0x00000250F6C17470>,1,Tree,2.6527254747630606,1.362091330400206,1.6287189673983233
datasets/synthetic_data/s2.csv,361,<timecave.validation_methods.markov.MarkovCV object at 0x00000250F6C17470>,1,ARMA,1.4618875526279473,1.0502880317027938,1.2090854199054537
datasets/synthetic_data/s2.csv,361,<timecave.validation_methods.markov.MarkovCV object at 0x00000250F6C17470>,2,Tree,2.2611725642959626,1.237892914968169,1.5037195763492481
datasets/synthetic_data/s2.csv,361,<timecave.validation_methods.markov.MarkovCV object at 0x00000250F6C17470>,2,ARMA,1.1186354116707333,0.9292124272179588,1.057655620545144
datasets/synthetic_data/s2.csv,361,<timecave.validation_methods.markov.MarkovCV object at 0x00000250F6C17470>,3,Tree,3.14434037838136,1.484602721531901,1.7732288003473664
datasets/synthetic_data/s2.csv,361,<timecave.validation_methods.markov.MarkovCV object at 0x00000250F6C17470>,3,ARMA,1.2824560871845074,1.019099526813542,1.1324557771429786
datasets/synthetic_data/s2.csv,361,<timecave.validation_methods.markov.MarkovCV object at 0x00000250F6C17470>,4,Tree,4.2410723714754095,1.4812169752259505,2.059386406548176
datasets/synthetic_data/s2.csv,361,<timecave.validation_methods.markov.MarkovCV object at 0x00000250F6C17470>,4,ARMA,2.166392124202888,1.2398453627910995,1.4718668839955902
datasets/synthetic_data/s2.csv,361,<timecave.validation_methods.markov.MarkovCV object at 0x00000250F6C17470>,5,Tree,4.79458416117058,1.7004016472000842,2.1896538907257876
datasets/synthetic_data/s2.csv,361,<timecave.validation_methods.markov.MarkovCV object at 0x00000250F6C17470>,5,ARMA,1.6065726979743478,0.9408894842858585,1.267506488336193
datasets/synthetic_data/s2.csv,361,<timecave.validation_methods.markov.MarkovCV object at 0x00000250F6C17470>,6,Tree,2.3313336457424554,1.2327671004591159,1.5268705399418954
datasets/synthetic_data/s2.csv,361,<timecave.validation_methods.markov.MarkovCV object at 0x00000250F6C17470>,6,ARMA,2.43470392518488,1.273096903023648,1.5603537820586972
datasets/synthetic_data/s2.csv,361,<timecave.validation_methods.markov.MarkovCV object at 0x00000250F6C17470>,7,Tree,2.1875595020795875,1.2334955937480585,1.479040061012408
datasets/synthetic_data/s2.csv,361,<timecave.validation_methods.markov.MarkovCV object at 0x00000250F6C17470>,7,ARMA,1.4553687832545783,1.0661983717915513,1.206386664073579
datasets/synthetic_data/s2.csv,361,<timecave.validation_methods.markov.MarkovCV object at 0x00000250F6C17470>,8,Tree,5.650131082854137,2.034123548434787,2.3770004381266188
datasets/synthetic_data/s2.csv,361,<timecave.validation_methods.markov.MarkovCV object at 0x00000250F6C17470>,8,ARMA,2.5328517136174975,1.3316579158014004,1.5914935480916967
datasets/synthetic_data/s2.csv,361,<timecave.validation_methods.markov.MarkovCV object at 0x00000250F6C17470>,9,Tree,4.841846343761576,1.965827902255522,2.200419583570728
datasets/synthetic_data/s2.csv,361,<timecave.validation_methods.markov.MarkovCV object at 0x00000250F6C17470>,9,ARMA,2.0620108936010286,1.1263676836462526,1.4359703665469663
datasets/synthetic_data/s2.csv,362,<timecave.validation_methods.OOS.Holdout object at 0x00000250F29F7AA0>,0,Tree,2.3604366543903774,1.2636911547417302,1.5363712618994074
datasets/synthetic_data/s2.csv,362,<timecave.validation_methods.OOS.Holdout object at 0x00000250F29F7AA0>,0,ARMA,1.4456729976597102,0.936734946916872,1.2023614255537767
datasets/synthetic_data/s2.csv,362,<timecave.validation_methods.OOS.Repeated_Holdout object at 0x00000250F6CEA1B0>,0,Tree,2.098826614475982,1.2342821549366603,1.4487327615802654
datasets/synthetic_data/s2.csv,362,<timecave.validation_methods.OOS.Repeated_Holdout object at 0x00000250F6CEA1B0>,0,ARMA,1.5479321229234309,0.9413216798427896,1.2441592032064992
datasets/synthetic_data/s2.csv,362,<timecave.validation_methods.OOS.Repeated_Holdout object at 0x00000250F6CEA1B0>,1,Tree,3.086008054908692,1.4427340536024842,1.7567037470526132
datasets/synthetic_data/s2.csv,362,<timecave.validation_methods.OOS.Repeated_Holdout object at 0x00000250F6CEA1B0>,1,ARMA,1.5127306108359213,0.9450997507138396,1.2299311406887465
datasets/synthetic_data/s2.csv,362,<timecave.validation_methods.OOS.Repeated_Holdout object at 0x00000250F6CEA1B0>,2,Tree,3.0827352033041526,1.5059870454925253,1.7557719679115944
datasets/synthetic_data/s2.csv,362,<timecave.validation_methods.OOS.Repeated_Holdout object at 0x00000250F6CEA1B0>,2,ARMA,1.4883309050858742,0.9418695400123768,1.2199716820835942
datasets/synthetic_data/s2.csv,362,<timecave.validation_methods.OOS.Repeated_Holdout object at 0x00000250F6CEA1B0>,3,Tree,2.3372285243460875,1.254990996325797,1.528799700531789
datasets/synthetic_data/s2.csv,362,<timecave.validation_methods.OOS.Repeated_Holdout object at 0x00000250F6CEA1B0>,3,ARMA,1.4456729976597102,0.936734946916872,1.2023614255537767
datasets/synthetic_data/s2.csv,362,<timecave.validation_methods.prequential.Growing_Window object at 0x00000250F6CEAD50>,0,Tree,2.116067597211211,1.177649449430007,1.4546709583996
datasets/synthetic_data/s2.csv,362,<timecave.validation_methods.prequential.Growing_Window object at 0x00000250F6CEAD50>,0,ARMA,1.850736373462464,1.06821431323135,1.3604177202104006
datasets/synthetic_data/s2.csv,362,<timecave.validation_methods.prequential.Growing_Window object at 0x00000250F6CEAD50>,1,Tree,2.457592804359239,1.2658564621384214,1.5676711403732733
datasets/synthetic_data/s2.csv,362,<timecave.validation_methods.prequential.Growing_Window object at 0x00000250F6CEAD50>,1,ARMA,1.588114508597036,0.989460168245978,1.2602041535390351
datasets/synthetic_data/s2.csv,362,<timecave.validation_methods.prequential.Growing_Window object at 0x00000250F6CEAD50>,2,Tree,2.676978538319673,1.2740337153233925,1.6361474683902038
datasets/synthetic_data/s2.csv,362,<timecave.validation_methods.prequential.Growing_Window object at 0x00000250F6CEAD50>,2,ARMA,1.7822997678680101,1.0649896518188076,1.3350280026531316
datasets/synthetic_data/s2.csv,362,<timecave.validation_methods.prequential.Growing_Window object at 0x00000250F6CEAD50>,3,Tree,3.0108909920803364,1.421835816701965,1.735191917938859
datasets/synthetic_data/s2.csv,362,<timecave.validation_methods.prequential.Growing_Window object at 0x00000250F6CEAD50>,3,ARMA,1.5249770787337913,0.9477136071234692,1.2348996229385574
datasets/synthetic_data/s2.csv,362,<timecave.validation_methods.prequential.Growing_Window object at 0x00000250F6CE8650>,0,Tree,2.3708249127020973,1.2431822763700504,1.5397483277153112
datasets/synthetic_data/s2.csv,362,<timecave.validation_methods.prequential.Growing_Window object at 0x00000250F6CE8650>,0,ARMA,1.6571951677906864,1.0002467681560179,1.2873209264945111
datasets/synthetic_data/s2.csv,362,<timecave.validation_methods.prequential.Growing_Window object at 0x00000250F6CE8650>,1,Tree,3.125536929371534,1.3554621414566372,1.7679188130034518
datasets/synthetic_data/s2.csv,362,<timecave.validation_methods.prequential.Growing_Window object at 0x00000250F6CE8650>,1,ARMA,1.9811909550949616,1.1735384901854402,1.4075478517957964
datasets/synthetic_data/s2.csv,362,<timecave.validation_methods.prequential.Growing_Window object at 0x00000250F6CE8650>,2,Tree,3.4988060250997535,1.577086011302922,1.8705095629533022
datasets/synthetic_data/s2.csv,362,<timecave.validation_methods.prequential.Growing_Window object at 0x00000250F6CE8650>,2,ARMA,2.027009743578511,1.163185875745921,1.4237309238681692
datasets/synthetic_data/s2.csv,362,<timecave.validation_methods.prequential.Rolling_Window object at 0x00000250F6CEA150>,0,Tree,2.050187456731282,1.1622707808670734,1.4318475675613245
datasets/synthetic_data/s2.csv,362,<timecave.validation_methods.prequential.Rolling_Window object at 0x00000250F6CEA150>,0,ARMA,1.850736373462464,1.06821431323135,1.3604177202104006
datasets/synthetic_data/s2.csv,362,<timecave.validation_methods.prequential.Rolling_Window object at 0x00000250F6CEA150>,1,Tree,2.044860513523159,1.1004575582831686,1.4299861934729157
datasets/synthetic_data/s2.csv,362,<timecave.validation_methods.prequential.Rolling_Window object at 0x00000250F6CEA150>,1,ARMA,1.8022970656007846,1.1009209796733368,1.3424965793627872
datasets/synthetic_data/s2.csv,362,<timecave.validation_methods.prequential.Rolling_Window object at 0x00000250F6CEA150>,2,Tree,2.5035369042231075,1.3021709533135504,1.5822569020936859
datasets/synthetic_data/s2.csv,362,<timecave.validation_methods.prequential.Rolling_Window object at 0x00000250F6CEA150>,2,ARMA,2.2161296444639804,1.1127838004520023,1.4886670697184043
datasets/synthetic_data/s2.csv,362,<timecave.validation_methods.prequential.Rolling_Window object at 0x00000250F6CEA150>,3,Tree,3.0748125795938135,1.4738347645656729,1.7535143511228568
datasets/synthetic_data/s2.csv,362,<timecave.validation_methods.prequential.Rolling_Window object at 0x00000250F6CEA150>,3,ARMA,1.6311958700405598,0.9971163215262155,1.2771827864642398
datasets/synthetic_data/s2.csv,362,<timecave.validation_methods.prequential.Rolling_Window object at 0x00000250F6CEAF90>,0,Tree,2.0270169563527505,1.1023137408758839,1.4237334569197813
datasets/synthetic_data/s2.csv,362,<timecave.validation_methods.prequential.Rolling_Window object at 0x00000250F6CEAF90>,0,ARMA,1.6571951677906864,1.0002467681560179,1.2873209264945111
datasets/synthetic_data/s2.csv,362,<timecave.validation_methods.prequential.Rolling_Window object at 0x00000250F6CEAF90>,1,Tree,2.8843572566192033,1.3925836487866914,1.6983395586923138
datasets/synthetic_data/s2.csv,362,<timecave.validation_methods.prequential.Rolling_Window object at 0x00000250F6CEAF90>,1,ARMA,1.8904615780348852,1.1116701383154666,1.374940572546641
datasets/synthetic_data/s2.csv,362,<timecave.validation_methods.prequential.Rolling_Window object at 0x00000250F6CEAF90>,2,Tree,2.8559725503588136,1.4351680217107354,1.6899622925849007
datasets/synthetic_data/s2.csv,362,<timecave.validation_methods.prequential.Rolling_Window object at 0x00000250F6CEAF90>,2,ARMA,2.647643249450974,1.3436916220860189,1.6271580284197888
datasets/synthetic_data/s2.csv,362,<timecave.validation_methods.CV.Block_CV object at 0x00000250F6CE9760>,0,Tree,3.7424939202822314,1.6992302108991342,1.9345526408661593
datasets/synthetic_data/s2.csv,362,<timecave.validation_methods.CV.Block_CV object at 0x00000250F6CE9760>,0,ARMA,2.669664779472715,1.3196417246078989,1.6339108848014676
datasets/synthetic_data/s2.csv,362,<timecave.validation_methods.CV.Block_CV object at 0x00000250F6CE9760>,1,Tree,1.6789450675751145,1.0076419642330297,1.2957411267591665
datasets/synthetic_data/s2.csv,362,<timecave.validation_methods.CV.Block_CV object at 0x00000250F6CE9760>,1,ARMA,1.9716887473828222,1.1018502163734671,1.4041683472371902
datasets/synthetic_data/s2.csv,362,<timecave.validation_methods.CV.Block_CV object at 0x00000250F6CE9760>,2,Tree,2.4335769863684455,1.2968755005869539,1.5599926238186017
datasets/synthetic_data/s2.csv,362,<timecave.validation_methods.CV.Block_CV object at 0x00000250F6CE9760>,2,ARMA,1.835564993762591,1.0784956133847374,1.3548302453675114
datasets/synthetic_data/s2.csv,362,<timecave.validation_methods.CV.Block_CV object at 0x00000250F6CE9760>,3,Tree,1.7392444297243448,1.0336130939961539,1.318804166555575
datasets/synthetic_data/s2.csv,362,<timecave.validation_methods.CV.Block_CV object at 0x00000250F6CE9760>,3,ARMA,1.8855167999369362,1.1537838050717295,1.3731412163127783
datasets/synthetic_data/s2.csv,362,<timecave.validation_methods.CV.Block_CV object at 0x00000250F6CE9760>,4,Tree,3.0057168250073087,1.4057380506547008,1.7337003273366793
datasets/synthetic_data/s2.csv,362,<timecave.validation_methods.CV.Block_CV object at 0x00000250F6CE9760>,4,ARMA,1.5249770787337913,0.9477136071234692,1.2348996229385574
datasets/synthetic_data/s2.csv,362,<timecave.validation_methods.CV.AdaptedhvBlockCV object at 0x00000250F6CE9580>,0,Tree,3.441471841710402,1.6081155756376428,1.855120438599716
datasets/synthetic_data/s2.csv,362,<timecave.validation_methods.CV.AdaptedhvBlockCV object at 0x00000250F6CE9580>,0,ARMA,2.6697575492307006,1.3197577406692327,1.6339392734219655
datasets/synthetic_data/s2.csv,362,<timecave.validation_methods.CV.AdaptedhvBlockCV object at 0x00000250F6CE9580>,1,Tree,1.783335802602734,1.0376491868008948,1.3354159661329252
datasets/synthetic_data/s2.csv,362,<timecave.validation_methods.CV.AdaptedhvBlockCV object at 0x00000250F6CE9580>,1,ARMA,1.9606989584075363,1.0955116548212502,1.400249605751609
datasets/synthetic_data/s2.csv,362,<timecave.validation_methods.CV.AdaptedhvBlockCV object at 0x00000250F6CE9580>,2,Tree,1.8471522981622923,1.0309391226269955,1.3590998116997486
datasets/synthetic_data/s2.csv,362,<timecave.validation_methods.CV.AdaptedhvBlockCV object at 0x00000250F6CE9580>,2,ARMA,1.8351637979298001,1.0793995751381902,1.3546821759843894
datasets/synthetic_data/s2.csv,362,<timecave.validation_methods.CV.AdaptedhvBlockCV object at 0x00000250F6CE9580>,3,Tree,1.8375369305587246,1.1516333558618674,1.3555577931459524
datasets/synthetic_data/s2.csv,362,<timecave.validation_methods.CV.AdaptedhvBlockCV object at 0x00000250F6CE9580>,3,ARMA,1.8901313111878772,1.1561302483239295,1.3748204650745774
datasets/synthetic_data/s2.csv,362,<timecave.validation_methods.CV.AdaptedhvBlockCV object at 0x00000250F6CE9580>,4,Tree,3.313711444385398,1.4888390357463777,1.8203602512649517
datasets/synthetic_data/s2.csv,362,<timecave.validation_methods.CV.AdaptedhvBlockCV object at 0x00000250F6CE9580>,4,ARMA,1.6208603968609576,1.0145683163015653,1.2731301570778055
datasets/synthetic_data/s2.csv,362,<timecave.validation_methods.markov.MarkovCV object at 0x00000250F6CE9D00>,0,Tree,3.9391059081752937,1.5090353274216814,1.9847180928724597
datasets/synthetic_data/s2.csv,362,<timecave.validation_methods.markov.MarkovCV object at 0x00000250F6CE9D00>,0,ARMA,1.6248406492849818,1.0497855600982737,1.2746923743731198
datasets/synthetic_data/s2.csv,362,<timecave.validation_methods.markov.MarkovCV object at 0x00000250F6CE9D00>,1,Tree,4.735019217956662,1.6497012080549847,2.1760099305739993
datasets/synthetic_data/s2.csv,362,<timecave.validation_methods.markov.MarkovCV object at 0x00000250F6CE9D00>,1,ARMA,3.268320838776669,1.2294652482025807,1.8078497832443572
datasets/synthetic_data/s2.csv,362,<timecave.validation_methods.markov.MarkovCV object at 0x00000250F6CE9D00>,2,Tree,3.505786313435659,1.554149627914197,1.8723745120663384
datasets/synthetic_data/s2.csv,362,<timecave.validation_methods.markov.MarkovCV object at 0x00000250F6CE9D00>,2,ARMA,3.0709582274407903,1.4166957900996553,1.7524149701029121
datasets/synthetic_data/s2.csv,362,<timecave.validation_methods.markov.MarkovCV object at 0x00000250F6CE9D00>,3,Tree,4.02823647648499,1.6587466050512352,2.0070467051080274
datasets/synthetic_data/s2.csv,362,<timecave.validation_methods.markov.MarkovCV object at 0x00000250F6CE9D00>,3,ARMA,2.780926812812277,1.4080409048402303,1.6676111095852886
datasets/synthetic_data/s2.csv,362,<timecave.validation_methods.markov.MarkovCV object at 0x00000250F6CE9D00>,4,Tree,2.635772715373093,1.466334043266521,1.623506302843661
datasets/synthetic_data/s2.csv,362,<timecave.validation_methods.markov.MarkovCV object at 0x00000250F6CE9D00>,4,ARMA,2.2587127617861205,1.3128045117878708,1.5029014477956033
datasets/synthetic_data/s2.csv,362,<timecave.validation_methods.markov.MarkovCV object at 0x00000250F6CE9D00>,5,Tree,4.569543242752156,1.93564503193788,2.137648998959407
datasets/synthetic_data/s2.csv,362,<timecave.validation_methods.markov.MarkovCV object at 0x00000250F6CE9D00>,5,ARMA,3.2850044566315217,1.4924822064574799,1.812458125483599
datasets/synthetic_data/s2.csv,362,<timecave.validation_methods.markov.MarkovCV object at 0x00000250F6CE9D00>,6,Tree,4.305650921323728,1.7752416666879482,2.0750062460927023
datasets/synthetic_data/s2.csv,362,<timecave.validation_methods.markov.MarkovCV object at 0x00000250F6CE9D00>,6,ARMA,2.280299908587316,1.169935523584512,1.5100661934456105
datasets/synthetic_data/s2.csv,362,<timecave.validation_methods.markov.MarkovCV object at 0x00000250F6CE9D00>,7,Tree,2.5502375659441245,1.3899591897483285,1.5969463253172052
datasets/synthetic_data/s2.csv,362,<timecave.validation_methods.markov.MarkovCV object at 0x00000250F6CE9D00>,7,ARMA,2.273131407322067,1.309061671225654,1.5076907532123645
datasets/synthetic_data/s2.csv,362,<timecave.validation_methods.markov.MarkovCV object at 0x00000250F6CE9D00>,8,Tree,1.634650349586641,0.9760785764266388,1.2785344538128962
datasets/synthetic_data/s2.csv,362,<timecave.validation_methods.markov.MarkovCV object at 0x00000250F6CE9D00>,8,ARMA,1.6713607417234635,0.955783368301506,1.2928111779078426
datasets/synthetic_data/s2.csv,362,<timecave.validation_methods.markov.MarkovCV object at 0x00000250F6CE9D00>,9,Tree,3.5725944186446967,1.5668235000569033,1.8901307940575691
datasets/synthetic_data/s2.csv,362,<timecave.validation_methods.markov.MarkovCV object at 0x00000250F6CE9D00>,9,ARMA,3.295037371903001,1.4194815032111538,1.8152237801172066
datasets/synthetic_data/s2.csv,363,<timecave.validation_methods.OOS.Holdout object at 0x00000250F6C425A0>,0,Tree,1.4102556394403578,0.9559024548264827,1.1875418474480628
datasets/synthetic_data/s2.csv,363,<timecave.validation_methods.OOS.Holdout object at 0x00000250F6C425A0>,0,ARMA,1.620303803225032,1.051647705961661,1.2729115457191171
datasets/synthetic_data/s2.csv,363,<timecave.validation_methods.OOS.Repeated_Holdout object at 0x00000250F6C14230>,0,Tree,1.962250306193077,1.094462866691079,1.4008034502359983
datasets/synthetic_data/s2.csv,363,<timecave.validation_methods.OOS.Repeated_Holdout object at 0x00000250F6C14230>,0,ARMA,1.5084126806005533,1.0101430535742055,1.2281745318156347
datasets/synthetic_data/s2.csv,363,<timecave.validation_methods.OOS.Repeated_Holdout object at 0x00000250F6C14230>,1,Tree,2.052127710584606,1.2066850248983467,1.432524942395282
datasets/synthetic_data/s2.csv,363,<timecave.validation_methods.OOS.Repeated_Holdout object at 0x00000250F6C14230>,1,ARMA,1.6069975377769872,1.0258005673069814,1.2676740660662689
datasets/synthetic_data/s2.csv,363,<timecave.validation_methods.OOS.Repeated_Holdout object at 0x00000250F6C14230>,2,Tree,1.8418960752881055,1.0563626759529128,1.3571647192909582
datasets/synthetic_data/s2.csv,363,<timecave.validation_methods.OOS.Repeated_Holdout object at 0x00000250F6C14230>,2,ARMA,1.6265726891998227,1.0294811154937566,1.2753715886751682
datasets/synthetic_data/s2.csv,363,<timecave.validation_methods.OOS.Repeated_Holdout object at 0x00000250F6C14230>,3,Tree,1.3911079139138487,0.9358274165610945,1.1794523788241087
datasets/synthetic_data/s2.csv,363,<timecave.validation_methods.OOS.Repeated_Holdout object at 0x00000250F6C14230>,3,ARMA,1.620303803225032,1.051647705961661,1.2729115457191171
datasets/synthetic_data/s2.csv,363,<timecave.validation_methods.prequential.Growing_Window object at 0x00000250F6C15010>,0,Tree,3.2129094942156278,1.5711518543723544,1.792459063469966
datasets/synthetic_data/s2.csv,363,<timecave.validation_methods.prequential.Growing_Window object at 0x00000250F6C15010>,0,ARMA,2.1553865487587482,1.1589243831139169,1.4681234787165378
datasets/synthetic_data/s2.csv,363,<timecave.validation_methods.prequential.Growing_Window object at 0x00000250F6C15010>,1,Tree,2.0526892997672426,1.1911668734814655,1.4327209427405054
datasets/synthetic_data/s2.csv,363,<timecave.validation_methods.prequential.Growing_Window object at 0x00000250F6C15010>,1,ARMA,2.023846718285193,1.1897496036547954,1.4226196674744775
datasets/synthetic_data/s2.csv,363,<timecave.validation_methods.prequential.Growing_Window object at 0x00000250F6C15010>,2,Tree,2.4452856739530664,1.3353559658806462,1.563740922900295
datasets/synthetic_data/s2.csv,363,<timecave.validation_methods.prequential.Growing_Window object at 0x00000250F6C15010>,2,ARMA,1.196459868045419,0.8590366926932239,1.0938280797481015
datasets/synthetic_data/s2.csv,363,<timecave.validation_methods.prequential.Growing_Window object at 0x00000250F6C15010>,3,Tree,1.957002091304526,1.1465496343645627,1.3989289085956176
datasets/synthetic_data/s2.csv,363,<timecave.validation_methods.prequential.Growing_Window object at 0x00000250F6C15010>,3,ARMA,1.6346753215112972,1.0479396287717286,1.278544219615144
datasets/synthetic_data/s2.csv,363,<timecave.validation_methods.prequential.Growing_Window object at 0x00000250F6C14950>,0,Tree,1.9409642109403649,1.0754038968442134,1.3931849162765024
datasets/synthetic_data/s2.csv,363,<timecave.validation_methods.prequential.Growing_Window object at 0x00000250F6C14950>,0,ARMA,1.9835331776403575,1.1904798691199248,1.4083796283816226
datasets/synthetic_data/s2.csv,363,<timecave.validation_methods.prequential.Growing_Window object at 0x00000250F6C14950>,1,Tree,2.2443423196805985,1.2458704153070466,1.4981129195359737
datasets/synthetic_data/s2.csv,363,<timecave.validation_methods.prequential.Growing_Window object at 0x00000250F6C14950>,1,ARMA,1.3628554779896571,0.9497812789112955,1.1674140131031738
datasets/synthetic_data/s2.csv,363,<timecave.validation_methods.prequential.Growing_Window object at 0x00000250F6C14950>,2,Tree,1.7776635501158682,1.0389020450922068,1.3332904972720192
datasets/synthetic_data/s2.csv,363,<timecave.validation_methods.prequential.Growing_Window object at 0x00000250F6C14950>,2,ARMA,1.7786927137774944,1.0809580471571905,1.3336763902002218
datasets/synthetic_data/s2.csv,363,<timecave.validation_methods.prequential.Rolling_Window object at 0x00000250F6C17440>,0,Tree,2.9793237404668926,1.5183049474735129,1.7260717657348124
datasets/synthetic_data/s2.csv,363,<timecave.validation_methods.prequential.Rolling_Window object at 0x00000250F6C17440>,0,ARMA,2.1553865487587482,1.1589243831139169,1.4681234787165378
datasets/synthetic_data/s2.csv,363,<timecave.validation_methods.prequential.Rolling_Window object at 0x00000250F6C17440>,1,Tree,2.9883141582299846,1.3950077100040121,1.72867410411274
datasets/synthetic_data/s2.csv,363,<timecave.validation_methods.prequential.Rolling_Window object at 0x00000250F6C17440>,1,ARMA,2.2378457049512273,1.2705937821202302,1.4959430821228552
datasets/synthetic_data/s2.csv,363,<timecave.validation_methods.prequential.Rolling_Window object at 0x00000250F6C17440>,2,Tree,1.5829544307021888,1.0634109017964029,1.2581551695646245
datasets/synthetic_data/s2.csv,363,<timecave.validation_methods.prequential.Rolling_Window object at 0x00000250F6C17440>,2,ARMA,1.2168660405517255,0.8690498175073638,1.1031165126820128
datasets/synthetic_data/s2.csv,363,<timecave.validation_methods.prequential.Rolling_Window object at 0x00000250F6C17440>,3,Tree,1.7281449207148878,1.0931347031291079,1.3145892593182433
datasets/synthetic_data/s2.csv,363,<timecave.validation_methods.prequential.Rolling_Window object at 0x00000250F6C17440>,3,ARMA,1.6694618890045079,1.0536712369089083,1.2920765801625336
datasets/synthetic_data/s2.csv,363,<timecave.validation_methods.prequential.Rolling_Window object at 0x00000250F6C177A0>,0,Tree,1.9179608167693478,1.077572200253482,1.3849046237085598
datasets/synthetic_data/s2.csv,363,<timecave.validation_methods.prequential.Rolling_Window object at 0x00000250F6C177A0>,0,ARMA,1.9835331776403575,1.1904798691199248,1.4083796283816226
datasets/synthetic_data/s2.csv,363,<timecave.validation_methods.prequential.Rolling_Window object at 0x00000250F6C177A0>,1,Tree,1.7002895645695504,1.0473017221494283,1.303951519255816
datasets/synthetic_data/s2.csv,363,<timecave.validation_methods.prequential.Rolling_Window object at 0x00000250F6C177A0>,1,ARMA,1.3483973344355613,0.9246750785755157,1.1612051216023642
datasets/synthetic_data/s2.csv,363,<timecave.validation_methods.prequential.Rolling_Window object at 0x00000250F6C177A0>,2,Tree,1.7736441501255138,1.0071589020562643,1.3317823208488366
datasets/synthetic_data/s2.csv,363,<timecave.validation_methods.prequential.Rolling_Window object at 0x00000250F6C177A0>,2,ARMA,1.7828537724885274,1.074183986917864,1.3352354745469157
datasets/synthetic_data/s2.csv,363,<timecave.validation_methods.CV.Block_CV object at 0x00000250F6C14320>,0,Tree,1.36976318852029,0.870410325494442,1.1703688258494798
datasets/synthetic_data/s2.csv,363,<timecave.validation_methods.CV.Block_CV object at 0x00000250F6C14320>,0,ARMA,1.6245832132517208,1.0730355732224992,1.2745913907020245
datasets/synthetic_data/s2.csv,363,<timecave.validation_methods.CV.Block_CV object at 0x00000250F6C14320>,1,Tree,1.9396609453386706,1.1918151837282827,1.3927171088698058
datasets/synthetic_data/s2.csv,363,<timecave.validation_methods.CV.Block_CV object at 0x00000250F6C14320>,1,ARMA,2.1563460293677377,1.1608462621793798,1.468450213445365
datasets/synthetic_data/s2.csv,363,<timecave.validation_methods.CV.Block_CV object at 0x00000250F6C14320>,2,Tree,3.118163535344337,1.3546165998785331,1.7658322500578407
datasets/synthetic_data/s2.csv,363,<timecave.validation_methods.CV.Block_CV object at 0x00000250F6C14320>,2,ARMA,2.3314967627790253,1.2752712604547896,1.5269239544846447
datasets/synthetic_data/s2.csv,363,<timecave.validation_methods.CV.Block_CV object at 0x00000250F6C14320>,3,Tree,2.0768937342150777,1.2111632360109605,1.441143203923565
datasets/synthetic_data/s2.csv,363,<timecave.validation_methods.CV.Block_CV object at 0x00000250F6C14320>,3,ARMA,1.1865680389282516,0.8477916241077111,1.0892970388871217
datasets/synthetic_data/s2.csv,363,<timecave.validation_methods.CV.Block_CV object at 0x00000250F6C14320>,4,Tree,1.8937429939697645,1.1575927771801813,1.376133348905463
datasets/synthetic_data/s2.csv,363,<timecave.validation_methods.CV.Block_CV object at 0x00000250F6C14320>,4,ARMA,1.6346753215112972,1.0479396287717286,1.278544219615144
datasets/synthetic_data/s2.csv,363,<timecave.validation_methods.CV.AdaptedhvBlockCV object at 0x00000250F6CE9D60>,0,Tree,1.4711190200190347,0.9353488938532043,1.2128969535863443
datasets/synthetic_data/s2.csv,363,<timecave.validation_methods.CV.AdaptedhvBlockCV object at 0x00000250F6CE9D60>,0,ARMA,1.6624260616103705,1.0740876843204017,1.2893510234262702
datasets/synthetic_data/s2.csv,363,<timecave.validation_methods.CV.AdaptedhvBlockCV object at 0x00000250F6CE9D60>,1,Tree,2.444536512905462,1.2166900605851134,1.5635013632566688
datasets/synthetic_data/s2.csv,363,<timecave.validation_methods.CV.AdaptedhvBlockCV object at 0x00000250F6CE9D60>,1,ARMA,2.184440759680224,1.1703812869432066,1.4779853719439255
datasets/synthetic_data/s2.csv,363,<timecave.validation_methods.CV.AdaptedhvBlockCV object at 0x00000250F6CE9D60>,2,Tree,2.5956264508389855,1.3108158000423111,1.611094798836799
datasets/synthetic_data/s2.csv,363,<timecave.validation_methods.CV.AdaptedhvBlockCV object at 0x00000250F6CE9D60>,2,ARMA,2.3247228062966587,1.2825414493806409,1.5247041700922375
datasets/synthetic_data/s2.csv,363,<timecave.validation_methods.CV.AdaptedhvBlockCV object at 0x00000250F6CE9D60>,3,Tree,1.8139155736949837,1.147100002004968,1.346816830045936
datasets/synthetic_data/s2.csv,363,<timecave.validation_methods.CV.AdaptedhvBlockCV object at 0x00000250F6CE9D60>,3,ARMA,1.1891149192347632,0.8486247284445103,1.0904654598999288
datasets/synthetic_data/s2.csv,363,<timecave.validation_methods.CV.AdaptedhvBlockCV object at 0x00000250F6CE9D60>,4,Tree,2.2369346374947536,1.2438772942392673,1.4956385383824373
datasets/synthetic_data/s2.csv,363,<timecave.validation_methods.CV.AdaptedhvBlockCV object at 0x00000250F6CE9D60>,4,ARMA,1.554444490137394,1.0163633128266154,1.24677363227548
datasets/synthetic_data/s2.csv,363,<timecave.validation_methods.markov.MarkovCV object at 0x00000250F6CE8A10>,0,Tree,4.945542843952088,2.0444652492761213,2.223857649210508
datasets/synthetic_data/s2.csv,363,<timecave.validation_methods.markov.MarkovCV object at 0x00000250F6CE8A10>,0,ARMA,1.6724275756522757,1.0450057487785538,1.2932237144640812
datasets/synthetic_data/s2.csv,363,<timecave.validation_methods.markov.MarkovCV object at 0x00000250F6CE8A10>,1,Tree,2.185857797554682,1.2241003827805972,1.478464675788597
datasets/synthetic_data/s2.csv,363,<timecave.validation_methods.markov.MarkovCV object at 0x00000250F6CE8A10>,1,ARMA,1.7222305815023564,1.0597209772220249,1.3123378305536866
datasets/synthetic_data/s2.csv,363,<timecave.validation_methods.markov.MarkovCV object at 0x00000250F6CE8A10>,2,Tree,1.7375296048054476,1.2149531433966068,1.318153862341361
datasets/synthetic_data/s2.csv,363,<timecave.validation_methods.markov.MarkovCV object at 0x00000250F6CE8A10>,2,ARMA,2.220379513783248,1.0284834409547141,1.4900937936194647
datasets/synthetic_data/s2.csv,363,<timecave.validation_methods.markov.MarkovCV object at 0x00000250F6CE8A10>,3,Tree,1.385266401251679,0.9771358937866557,1.1769734071981741
datasets/synthetic_data/s2.csv,363,<timecave.validation_methods.markov.MarkovCV object at 0x00000250F6CE8A10>,3,ARMA,0.8830284136338762,0.8112981439188582,0.9396959155140966
datasets/synthetic_data/s2.csv,363,<timecave.validation_methods.markov.MarkovCV object at 0x00000250F6CE8A10>,4,Tree,4.159338904893258,1.5961151811528962,2.03944573472629
datasets/synthetic_data/s2.csv,363,<timecave.validation_methods.markov.MarkovCV object at 0x00000250F6CE8A10>,4,ARMA,1.9476611962863863,1.0633780382049633,1.395586327063427
datasets/synthetic_data/s2.csv,363,<timecave.validation_methods.markov.MarkovCV object at 0x00000250F6CE8A10>,5,Tree,2.4682159259102625,1.3589790275368576,1.5710556724413882
datasets/synthetic_data/s2.csv,363,<timecave.validation_methods.markov.MarkovCV object at 0x00000250F6CE8A10>,5,ARMA,1.8196528517220891,1.1313699227977336,1.3489450884754683
datasets/synthetic_data/s2.csv,363,<timecave.validation_methods.markov.MarkovCV object at 0x00000250F6CE8A10>,6,Tree,2.1559364601516333,1.224673494082457,1.4683107505401005
datasets/synthetic_data/s2.csv,363,<timecave.validation_methods.markov.MarkovCV object at 0x00000250F6CE8A10>,6,ARMA,3.1614508422252703,1.358584035845042,1.7780469178920084
datasets/synthetic_data/s2.csv,363,<timecave.validation_methods.markov.MarkovCV object at 0x00000250F6CE8A10>,7,Tree,3.327613672087799,1.564178666974468,1.8241747920875893
datasets/synthetic_data/s2.csv,363,<timecave.validation_methods.markov.MarkovCV object at 0x00000250F6CE8A10>,7,ARMA,2.2955556322802915,1.1843764713132545,1.5151091156350065
datasets/synthetic_data/s2.csv,363,<timecave.validation_methods.markov.MarkovCV object at 0x00000250F6CE8A10>,8,Tree,4.540289865869022,1.8920241090830296,2.1307955945770636
datasets/synthetic_data/s2.csv,363,<timecave.validation_methods.markov.MarkovCV object at 0x00000250F6CE8A10>,8,ARMA,1.689846519474186,1.0024478965186,1.29994096768822
datasets/synthetic_data/s2.csv,363,<timecave.validation_methods.markov.MarkovCV object at 0x00000250F6CE8A10>,9,Tree,5.304862405257788,2.058275005889536,2.3032286914802422
datasets/synthetic_data/s2.csv,363,<timecave.validation_methods.markov.MarkovCV object at 0x00000250F6CE8A10>,9,ARMA,3.412940210055697,1.5571060310011071,1.8474144662353646
datasets/synthetic_data/s2.csv,364,<timecave.validation_methods.OOS.Holdout object at 0x00000250F29F75C0>,0,Tree,2.7074153137224544,1.3428808601530258,1.6454225334917638
datasets/synthetic_data/s2.csv,364,<timecave.validation_methods.OOS.Holdout object at 0x00000250F29F75C0>,0,ARMA,1.859647789561375,1.0543120219264153,1.3636890369733765
datasets/synthetic_data/s2.csv,364,<timecave.validation_methods.OOS.Repeated_Holdout object at 0x00000250F6CEA540>,0,Tree,3.2967122955318406,1.5568385758569563,1.8156850760888685
datasets/synthetic_data/s2.csv,364,<timecave.validation_methods.OOS.Repeated_Holdout object at 0x00000250F6CEA540>,0,ARMA,1.8994847385746263,1.0540879891570607,1.3782179575722506
datasets/synthetic_data/s2.csv,364,<timecave.validation_methods.OOS.Repeated_Holdout object at 0x00000250F6CEA540>,1,Tree,3.1405330753567426,1.5000320681201955,1.7721549241973014
datasets/synthetic_data/s2.csv,364,<timecave.validation_methods.OOS.Repeated_Holdout object at 0x00000250F6CEA540>,1,ARMA,1.8594432978399549,1.0644475591535925,1.363614057510392
datasets/synthetic_data/s2.csv,364,<timecave.validation_methods.OOS.Repeated_Holdout object at 0x00000250F6CEA540>,2,Tree,3.1388643842819404,1.467870644991826,1.7716840531770726
datasets/synthetic_data/s2.csv,364,<timecave.validation_methods.OOS.Repeated_Holdout object at 0x00000250F6CEA540>,2,ARMA,2.016864800317374,1.1139046931750793,1.4201636526532335
datasets/synthetic_data/s2.csv,364,<timecave.validation_methods.OOS.Repeated_Holdout object at 0x00000250F6CEA540>,3,Tree,2.8819667027579627,1.3880405506996467,1.697635621315117
datasets/synthetic_data/s2.csv,364,<timecave.validation_methods.OOS.Repeated_Holdout object at 0x00000250F6CEA540>,3,ARMA,1.859647789561375,1.0543120219264153,1.3636890369733765
datasets/synthetic_data/s2.csv,364,<timecave.validation_methods.prequential.Growing_Window object at 0x00000250F6CE8410>,0,Tree,3.2167372631725026,1.5201105616248791,1.7935264880041506
datasets/synthetic_data/s2.csv,364,<timecave.validation_methods.prequential.Growing_Window object at 0x00000250F6CE8410>,0,ARMA,2.743481255935195,1.3517931675260146,1.6563457537408048
datasets/synthetic_data/s2.csv,364,<timecave.validation_methods.prequential.Growing_Window object at 0x00000250F6CE8410>,1,Tree,2.032355923857067,1.182048372479192,1.425607212333421
datasets/synthetic_data/s2.csv,364,<timecave.validation_methods.prequential.Growing_Window object at 0x00000250F6CE8410>,1,ARMA,1.0434165559848978,0.8635901581631508,1.0214776336195022
datasets/synthetic_data/s2.csv,364,<timecave.validation_methods.prequential.Growing_Window object at 0x00000250F6CE8410>,2,Tree,1.9903091202203786,1.204601436667782,1.4107831584692165
datasets/synthetic_data/s2.csv,364,<timecave.validation_methods.prequential.Growing_Window object at 0x00000250F6CE8410>,2,ARMA,1.701235324652691,1.1011205861329922,1.3043141203915147
datasets/synthetic_data/s2.csv,364,<timecave.validation_methods.prequential.Growing_Window object at 0x00000250F6CE8410>,3,Tree,3.2205453817277547,1.4945611800925445,1.794587802735702
datasets/synthetic_data/s2.csv,364,<timecave.validation_methods.prequential.Growing_Window object at 0x00000250F6CE8410>,3,ARMA,1.9043350808316586,1.0864576394197276,1.3799764783617359
datasets/synthetic_data/s2.csv,364,<timecave.validation_methods.prequential.Growing_Window object at 0x00000250F6CE9160>,0,Tree,2.093641193379799,1.1379621239018842,1.4469420145188263
datasets/synthetic_data/s2.csv,364,<timecave.validation_methods.prequential.Growing_Window object at 0x00000250F6CE9160>,0,ARMA,1.1849984079021327,0.9105908698433486,1.0885763215788467
datasets/synthetic_data/s2.csv,364,<timecave.validation_methods.prequential.Growing_Window object at 0x00000250F6CE9160>,1,Tree,1.9527721711746633,1.116433808743527,1.3974162483578982
datasets/synthetic_data/s2.csv,364,<timecave.validation_methods.prequential.Growing_Window object at 0x00000250F6CE9160>,1,ARMA,1.513687208902855,0.989733786038115,1.2303199620029153
datasets/synthetic_data/s2.csv,364,<timecave.validation_methods.prequential.Growing_Window object at 0x00000250F6CE9160>,2,Tree,3.263547328464846,1.483982886644097,1.8065290832048195
datasets/synthetic_data/s2.csv,364,<timecave.validation_methods.prequential.Growing_Window object at 0x00000250F6CE9160>,2,ARMA,1.944066235663352,1.0869154599762374,1.394297757175042
datasets/synthetic_data/s2.csv,364,<timecave.validation_methods.prequential.Rolling_Window object at 0x00000250F6CE8CB0>,0,Tree,3.1685540923121014,1.4588088778431054,1.7800432838310707
datasets/synthetic_data/s2.csv,364,<timecave.validation_methods.prequential.Rolling_Window object at 0x00000250F6CE8CB0>,0,ARMA,2.743481255935195,1.3517931675260146,1.6563457537408048
datasets/synthetic_data/s2.csv,364,<timecave.validation_methods.prequential.Rolling_Window object at 0x00000250F6CE8CB0>,1,Tree,2.8728305082756376,1.3835105267671386,1.6949426268389256
datasets/synthetic_data/s2.csv,364,<timecave.validation_methods.prequential.Rolling_Window object at 0x00000250F6CE8CB0>,1,ARMA,1.0997420242340534,0.878336902413802,1.048685855837702
datasets/synthetic_data/s2.csv,364,<timecave.validation_methods.prequential.Rolling_Window object at 0x00000250F6CE8CB0>,2,Tree,1.6471613121211826,1.1065461293495227,1.2834178244520302
datasets/synthetic_data/s2.csv,364,<timecave.validation_methods.prequential.Rolling_Window object at 0x00000250F6CE8CB0>,2,ARMA,1.6942416693843545,1.0877222666033035,1.3016303889293437
datasets/synthetic_data/s2.csv,364,<timecave.validation_methods.prequential.Rolling_Window object at 0x00000250F6CE8CB0>,3,Tree,3.8917775086406694,1.7266860198460523,1.9727588571948345
datasets/synthetic_data/s2.csv,364,<timecave.validation_methods.prequential.Rolling_Window object at 0x00000250F6CE8CB0>,3,ARMA,1.8986841176983862,1.0877553976025016,1.377927471857059
datasets/synthetic_data/s2.csv,364,<timecave.validation_methods.prequential.Rolling_Window object at 0x00000250F6CE95B0>,0,Tree,2.0771001163039124,1.1266693493773607,1.4412148057468437
datasets/synthetic_data/s2.csv,364,<timecave.validation_methods.prequential.Rolling_Window object at 0x00000250F6CE95B0>,0,ARMA,1.1849984079021327,0.9105908698433486,1.0885763215788467
datasets/synthetic_data/s2.csv,364,<timecave.validation_methods.prequential.Rolling_Window object at 0x00000250F6CE95B0>,1,Tree,1.8461226043143624,1.157830116750927,1.3587209442392365
datasets/synthetic_data/s2.csv,364,<timecave.validation_methods.prequential.Rolling_Window object at 0x00000250F6CE95B0>,1,ARMA,1.543630317075698,1.020715441246541,1.242429200025377
datasets/synthetic_data/s2.csv,364,<timecave.validation_methods.prequential.Rolling_Window object at 0x00000250F6CE95B0>,2,Tree,2.3504165306855374,1.2368545402166538,1.5331068229857754
datasets/synthetic_data/s2.csv,364,<timecave.validation_methods.prequential.Rolling_Window object at 0x00000250F6CE95B0>,2,ARMA,1.964149174093769,1.0907144893598633,1.4014810644792062
datasets/synthetic_data/s2.csv,364,<timecave.validation_methods.CV.Block_CV object at 0x00000250F6CEAFF0>,0,Tree,2.602928803483413,1.2989415462688512,1.613359477451759
datasets/synthetic_data/s2.csv,364,<timecave.validation_methods.CV.Block_CV object at 0x00000250F6CEAFF0>,0,ARMA,1.3579053934901544,0.9407079689831402,1.1652919777850332
datasets/synthetic_data/s2.csv,364,<timecave.validation_methods.CV.Block_CV object at 0x00000250F6CEAFF0>,1,Tree,3.620258592719353,1.5774350930667576,1.9026977144883925
datasets/synthetic_data/s2.csv,364,<timecave.validation_methods.CV.Block_CV object at 0x00000250F6CEAFF0>,1,ARMA,2.7435144048227427,1.3809777319082635,1.656355760343394
datasets/synthetic_data/s2.csv,364,<timecave.validation_methods.CV.Block_CV object at 0x00000250F6CEAFF0>,2,Tree,2.2950539594626695,1.3305508329105098,1.514943549926092
datasets/synthetic_data/s2.csv,364,<timecave.validation_methods.CV.Block_CV object at 0x00000250F6CEAFF0>,2,ARMA,1.4579997674378995,0.9726979875294124,1.2074766115490185
datasets/synthetic_data/s2.csv,364,<timecave.validation_methods.CV.Block_CV object at 0x00000250F6CEAFF0>,3,Tree,2.78978670581802,1.369808442878806,1.6702654596853819
datasets/synthetic_data/s2.csv,364,<timecave.validation_methods.CV.Block_CV object at 0x00000250F6CEAFF0>,3,ARMA,1.703479866947271,1.0790470247406807,1.3051742668882462
datasets/synthetic_data/s2.csv,364,<timecave.validation_methods.CV.Block_CV object at 0x00000250F6CEAFF0>,4,Tree,3.1498270645785884,1.4911139257246684,1.774775215225463
datasets/synthetic_data/s2.csv,364,<timecave.validation_methods.CV.Block_CV object at 0x00000250F6CEAFF0>,4,ARMA,1.9043350808316586,1.0864576394197276,1.3799764783617359
datasets/synthetic_data/s2.csv,364,<timecave.validation_methods.CV.AdaptedhvBlockCV object at 0x00000250F6CEB3B0>,0,Tree,2.68185170829005,1.324262259974205,1.6376360121498459
datasets/synthetic_data/s2.csv,364,<timecave.validation_methods.CV.AdaptedhvBlockCV object at 0x00000250F6CEB3B0>,0,ARMA,1.3590385012853594,0.941089639029099,1.1657780669086888
datasets/synthetic_data/s2.csv,364,<timecave.validation_methods.CV.AdaptedhvBlockCV object at 0x00000250F6CEB3B0>,1,Tree,3.0972133706601768,1.5056697387125648,1.7598901586917794
datasets/synthetic_data/s2.csv,364,<timecave.validation_methods.CV.AdaptedhvBlockCV object at 0x00000250F6CEB3B0>,1,ARMA,2.7580759532655246,1.3853651059523169,1.6607456016095676
datasets/synthetic_data/s2.csv,364,<timecave.validation_methods.CV.AdaptedhvBlockCV object at 0x00000250F6CEB3B0>,2,Tree,2.2293506147360005,1.2852768794997687,1.493101006206881
datasets/synthetic_data/s2.csv,364,<timecave.validation_methods.CV.AdaptedhvBlockCV object at 0x00000250F6CEB3B0>,2,ARMA,1.4493109078715138,0.9715031394638114,1.203873293943974
datasets/synthetic_data/s2.csv,364,<timecave.validation_methods.CV.AdaptedhvBlockCV object at 0x00000250F6CEB3B0>,3,Tree,1.8993383509347495,1.0946998651918065,1.3781648489693639
datasets/synthetic_data/s2.csv,364,<timecave.validation_methods.CV.AdaptedhvBlockCV object at 0x00000250F6CEB3B0>,3,ARMA,1.7080454473259814,1.0778609915598674,1.3069221274911453
datasets/synthetic_data/s2.csv,364,<timecave.validation_methods.CV.AdaptedhvBlockCV object at 0x00000250F6CEB3B0>,4,Tree,3.239475718835383,1.5280889757716638,1.7998543604512514
datasets/synthetic_data/s2.csv,364,<timecave.validation_methods.CV.AdaptedhvBlockCV object at 0x00000250F6CEB3B0>,4,ARMA,1.9534747087070474,1.0979162909152653,1.3976675959279614
datasets/synthetic_data/s2.csv,364,<timecave.validation_methods.markov.MarkovCV object at 0x00000250F6CE88C0>,0,Tree,2.7315616169425243,1.48421002319584,1.6527436634101866
datasets/synthetic_data/s2.csv,364,<timecave.validation_methods.markov.MarkovCV object at 0x00000250F6CE88C0>,0,ARMA,2.654411491550171,1.3774395853858692,1.6292364750244732
datasets/synthetic_data/s2.csv,364,<timecave.validation_methods.markov.MarkovCV object at 0x00000250F6CE88C0>,1,Tree,5.678156302330136,2.018562654516372,2.3828882269905436
datasets/synthetic_data/s2.csv,364,<timecave.validation_methods.markov.MarkovCV object at 0x00000250F6CE88C0>,1,ARMA,2.140076030950355,1.3539728237767872,1.4628998704458056
datasets/synthetic_data/s2.csv,364,<timecave.validation_methods.markov.MarkovCV object at 0x00000250F6CE88C0>,2,Tree,2.8307781069798046,1.4428256967382034,1.6824916365259603
datasets/synthetic_data/s2.csv,364,<timecave.validation_methods.markov.MarkovCV object at 0x00000250F6CE88C0>,2,ARMA,1.6640703870019822,1.076877827260357,1.289988522042728
datasets/synthetic_data/s2.csv,364,<timecave.validation_methods.markov.MarkovCV object at 0x00000250F6CE88C0>,3,Tree,2.445180999750179,1.3199514174075593,1.5637074533780861
datasets/synthetic_data/s2.csv,364,<timecave.validation_methods.markov.MarkovCV object at 0x00000250F6CE88C0>,3,ARMA,2.1109081877655718,1.0547847651777054,1.452896482123063
datasets/synthetic_data/s2.csv,364,<timecave.validation_methods.markov.MarkovCV object at 0x00000250F6CE88C0>,4,Tree,2.389747422637164,1.4286068229739437,1.5458807918585327
datasets/synthetic_data/s2.csv,364,<timecave.validation_methods.markov.MarkovCV object at 0x00000250F6CE88C0>,4,ARMA,1.4652016307531563,0.9722610586063269,1.2104551337216742
datasets/synthetic_data/s2.csv,364,<timecave.validation_methods.markov.MarkovCV object at 0x00000250F6CE88C0>,5,Tree,1.8304543391713557,1.1512673728132143,1.3529428440149849
datasets/synthetic_data/s2.csv,364,<timecave.validation_methods.markov.MarkovCV object at 0x00000250F6CE88C0>,5,ARMA,2.414736719941651,1.1961982868319714,1.5539423155129186
datasets/synthetic_data/s2.csv,364,<timecave.validation_methods.markov.MarkovCV object at 0x00000250F6CE88C0>,6,Tree,3.9888940303315703,1.591379719362437,1.997221577675239
datasets/synthetic_data/s2.csv,364,<timecave.validation_methods.markov.MarkovCV object at 0x00000250F6CE88C0>,6,ARMA,1.8724661389742097,1.0463022939875986,1.368380845734918
datasets/synthetic_data/s2.csv,364,<timecave.validation_methods.markov.MarkovCV object at 0x00000250F6CE88C0>,7,Tree,4.790376161004668,1.8261958324139973,2.1886927973118264
datasets/synthetic_data/s2.csv,364,<timecave.validation_methods.markov.MarkovCV object at 0x00000250F6CE88C0>,7,ARMA,1.7233286855272598,1.1264440756462273,1.3127561409215573
datasets/synthetic_data/s2.csv,364,<timecave.validation_methods.markov.MarkovCV object at 0x00000250F6CE88C0>,8,Tree,2.8030524060068176,1.3105763102017964,1.6742318853751466
datasets/synthetic_data/s2.csv,364,<timecave.validation_methods.markov.MarkovCV object at 0x00000250F6CE88C0>,8,ARMA,1.38419490641245,0.7612241066963801,1.1765181283824104
datasets/synthetic_data/s2.csv,364,<timecave.validation_methods.markov.MarkovCV object at 0x00000250F6CE88C0>,9,Tree,1.8594348765359052,1.1556406412515121,1.3636109696449004
datasets/synthetic_data/s2.csv,364,<timecave.validation_methods.markov.MarkovCV object at 0x00000250F6CE88C0>,9,ARMA,1.5435072952149897,0.9388314731914718,1.2423796904388729
datasets/synthetic_data/s2.csv,365,<timecave.validation_methods.OOS.Holdout object at 0x00000250E98F1F70>,0,Tree,2.1908256750424466,1.1414039517914671,1.4801438021497935
datasets/synthetic_data/s2.csv,365,<timecave.validation_methods.OOS.Holdout object at 0x00000250E98F1F70>,0,ARMA,1.355906431491736,0.8998265314238753,1.1644339532544283
datasets/synthetic_data/s2.csv,365,<timecave.validation_methods.OOS.Repeated_Holdout object at 0x00000250F6C17C80>,0,Tree,2.6460414729248067,1.3130889123126095,1.6266657532894724
datasets/synthetic_data/s2.csv,365,<timecave.validation_methods.OOS.Repeated_Holdout object at 0x00000250F6C17C80>,0,ARMA,1.408878578667157,0.8948172861338565,1.1869619112116265
datasets/synthetic_data/s2.csv,365,<timecave.validation_methods.OOS.Repeated_Holdout object at 0x00000250F6C17C80>,1,Tree,4.327414520777128,1.71852134269854,2.080243860891585
datasets/synthetic_data/s2.csv,365,<timecave.validation_methods.OOS.Repeated_Holdout object at 0x00000250F6C17C80>,1,ARMA,1.5193968442000276,0.9289629145952507,1.2326381643450879
datasets/synthetic_data/s2.csv,365,<timecave.validation_methods.OOS.Repeated_Holdout object at 0x00000250F6C17C80>,2,Tree,2.581334257274169,1.2775889247917438,1.6066531228843919
datasets/synthetic_data/s2.csv,365,<timecave.validation_methods.OOS.Repeated_Holdout object at 0x00000250F6C17C80>,2,ARMA,1.4153232459162395,0.9127889418019045,1.1896735879711877
datasets/synthetic_data/s2.csv,365,<timecave.validation_methods.OOS.Repeated_Holdout object at 0x00000250F6C17C80>,3,Tree,2.270347450406676,1.1710106772138906,1.5067672183873249
datasets/synthetic_data/s2.csv,365,<timecave.validation_methods.OOS.Repeated_Holdout object at 0x00000250F6C17C80>,3,ARMA,1.355906431491736,0.8998265314238753,1.1644339532544283
datasets/synthetic_data/s2.csv,365,<timecave.validation_methods.prequential.Growing_Window object at 0x00000250F6C15A30>,0,Tree,2.563693049360374,1.287516442643486,1.6011536620076081
datasets/synthetic_data/s2.csv,365,<timecave.validation_methods.prequential.Growing_Window object at 0x00000250F6C15A30>,0,ARMA,1.7388848328029967,1.0952706338705496,1.3186678250427575
datasets/synthetic_data/s2.csv,365,<timecave.validation_methods.prequential.Growing_Window object at 0x00000250F6C15A30>,1,Tree,4.214170273378273,1.6837030009049148,2.05284443477295
datasets/synthetic_data/s2.csv,365,<timecave.validation_methods.prequential.Growing_Window object at 0x00000250F6C15A30>,1,ARMA,2.0925875878687252,1.2265260683702937,1.4465778886284435
datasets/synthetic_data/s2.csv,365,<timecave.validation_methods.prequential.Growing_Window object at 0x00000250F6C15A30>,2,Tree,1.5893763808181338,1.017735334345621,1.260704715949827
datasets/synthetic_data/s2.csv,365,<timecave.validation_methods.prequential.Growing_Window object at 0x00000250F6C15A30>,2,ARMA,1.0312247795341898,0.8407683630669345,1.0154923828046125
datasets/synthetic_data/s2.csv,365,<timecave.validation_methods.prequential.Growing_Window object at 0x00000250F6C15A30>,3,Tree,2.8752904061510987,1.3620266522065163,1.6956681297208775
datasets/synthetic_data/s2.csv,365,<timecave.validation_methods.prequential.Growing_Window object at 0x00000250F6C15A30>,3,ARMA,1.5809515196047161,0.9580636889608294,1.2573589462061803
datasets/synthetic_data/s2.csv,365,<timecave.validation_methods.prequential.Growing_Window object at 0x00000250F6C154C0>,0,Tree,5.86514931202859,1.9584312800590395,2.421807034432882
datasets/synthetic_data/s2.csv,365,<timecave.validation_methods.prequential.Growing_Window object at 0x00000250F6C154C0>,0,ARMA,2.0989270134319167,1.2410561208383708,1.4487674117786873
datasets/synthetic_data/s2.csv,365,<timecave.validation_methods.prequential.Growing_Window object at 0x00000250F6C154C0>,1,Tree,1.715925243395061,1.0409703882557937,1.3099332973075617
datasets/synthetic_data/s2.csv,365,<timecave.validation_methods.prequential.Growing_Window object at 0x00000250F6C154C0>,1,ARMA,0.8928623551785959,0.7822902785621665,0.9449139406203064
datasets/synthetic_data/s2.csv,365,<timecave.validation_methods.prequential.Growing_Window object at 0x00000250F6C154C0>,2,Tree,2.811851034390318,1.2633532539999077,1.6768574877998184
datasets/synthetic_data/s2.csv,365,<timecave.validation_methods.prequential.Growing_Window object at 0x00000250F6C154C0>,2,ARMA,1.5737916733048012,0.9560689397363422,1.2545085385539634
datasets/synthetic_data/s2.csv,365,<timecave.validation_methods.prequential.Rolling_Window object at 0x00000250F6CBEA50>,0,Tree,3.061891004805491,1.3643961996326313,1.749825992721988
datasets/synthetic_data/s2.csv,365,<timecave.validation_methods.prequential.Rolling_Window object at 0x00000250F6CBEA50>,0,ARMA,1.7388848328029967,1.0952706338705496,1.3186678250427575
datasets/synthetic_data/s2.csv,365,<timecave.validation_methods.prequential.Rolling_Window object at 0x00000250F6CBEA50>,1,Tree,4.336868053015934,1.8694285641865616,2.0825148386064223
datasets/synthetic_data/s2.csv,365,<timecave.validation_methods.prequential.Rolling_Window object at 0x00000250F6CBEA50>,1,ARMA,2.274824080721306,1.270124172621846,1.5082519950993951
datasets/synthetic_data/s2.csv,365,<timecave.validation_methods.prequential.Rolling_Window object at 0x00000250F6CBEA50>,2,Tree,3.153631545210962,1.4435099991664322,1.7758467121942034
datasets/synthetic_data/s2.csv,365,<timecave.validation_methods.prequential.Rolling_Window object at 0x00000250F6CBEA50>,2,ARMA,1.5123213478528328,0.9879764856834615,1.2297647530535394
datasets/synthetic_data/s2.csv,365,<timecave.validation_methods.prequential.Rolling_Window object at 0x00000250F6CBEA50>,3,Tree,2.168842604710079,1.1889519678514502,1.4726990883103306
datasets/synthetic_data/s2.csv,365,<timecave.validation_methods.prequential.Rolling_Window object at 0x00000250F6CBEA50>,3,ARMA,1.5924913672699126,1.001625418268166,1.2619395259955655
datasets/synthetic_data/s2.csv,365,<timecave.validation_methods.prequential.Rolling_Window object at 0x00000250F6CBDFA0>,0,Tree,6.730341778521465,2.095636345644243,2.5942902263473657
datasets/synthetic_data/s2.csv,365,<timecave.validation_methods.prequential.Rolling_Window object at 0x00000250F6CBDFA0>,0,ARMA,2.0989270134319167,1.2410561208383708,1.4487674117786873
datasets/synthetic_data/s2.csv,365,<timecave.validation_methods.prequential.Rolling_Window object at 0x00000250F6CBDFA0>,1,Tree,1.9709682646192734,1.0855190087401196,1.4039117723771937
datasets/synthetic_data/s2.csv,365,<timecave.validation_methods.prequential.Rolling_Window object at 0x00000250F6CBDFA0>,1,ARMA,0.8734766118513145,0.7764282397006367,0.9345997067468589
datasets/synthetic_data/s2.csv,365,<timecave.validation_methods.prequential.Rolling_Window object at 0x00000250F6CBDFA0>,2,Tree,4.477503019956261,1.6648994458964892,2.116011110546507
datasets/synthetic_data/s2.csv,365,<timecave.validation_methods.prequential.Rolling_Window object at 0x00000250F6CBDFA0>,2,ARMA,1.6043729380811302,0.9617072696387214,1.2666384401561206
datasets/synthetic_data/s2.csv,365,<timecave.validation_methods.CV.Block_CV object at 0x00000250F6CBD880>,0,Tree,3.4004167640465313,1.3809885797761492,1.8440218990149035
datasets/synthetic_data/s2.csv,365,<timecave.validation_methods.CV.Block_CV object at 0x00000250F6CBD880>,0,ARMA,2.091442377715326,1.1192676175113743,1.4461820002044439
datasets/synthetic_data/s2.csv,365,<timecave.validation_methods.CV.Block_CV object at 0x00000250F6CBD880>,1,Tree,2.0864716919617154,1.1276127518726529,1.444462423174004
datasets/synthetic_data/s2.csv,365,<timecave.validation_methods.CV.Block_CV object at 0x00000250F6CBD880>,1,ARMA,1.8548660391132668,1.1226055989192425,1.3619346677110715
datasets/synthetic_data/s2.csv,365,<timecave.validation_methods.CV.Block_CV object at 0x00000250F6CBD880>,2,Tree,3.9631403906383222,1.6424884544592782,1.9907637706765517
datasets/synthetic_data/s2.csv,365,<timecave.validation_methods.CV.Block_CV object at 0x00000250F6CBD880>,2,ARMA,2.1460057105558823,1.2462101669165215,1.4649251552744538
datasets/synthetic_data/s2.csv,365,<timecave.validation_methods.CV.Block_CV object at 0x00000250F6CBD880>,3,Tree,2.529817221947214,1.2758300258935147,1.5905399152323132
datasets/synthetic_data/s2.csv,365,<timecave.validation_methods.CV.Block_CV object at 0x00000250F6CBD880>,3,ARMA,1.0158246893308391,0.8334101913445007,1.0078812873205054
datasets/synthetic_data/s2.csv,365,<timecave.validation_methods.CV.Block_CV object at 0x00000250F6CBD880>,4,Tree,3.030490620262441,1.411368048663231,1.7408304398368155
datasets/synthetic_data/s2.csv,365,<timecave.validation_methods.CV.Block_CV object at 0x00000250F6CBD880>,4,ARMA,1.5809515196047161,0.9580636889608294,1.2573589462061803
datasets/synthetic_data/s2.csv,365,<timecave.validation_methods.CV.AdaptedhvBlockCV object at 0x00000250F6CBFE90>,0,Tree,3.1381957525043864,1.3965974815072053,1.7714953436304557
datasets/synthetic_data/s2.csv,365,<timecave.validation_methods.CV.AdaptedhvBlockCV object at 0x00000250F6CBFE90>,0,ARMA,2.0931671776146095,1.1210449251390826,1.4467782060891743
datasets/synthetic_data/s2.csv,365,<timecave.validation_methods.CV.AdaptedhvBlockCV object at 0x00000250F6CBFE90>,1,Tree,1.8006419983020039,0.9624966021758496,1.3418800238106252
datasets/synthetic_data/s2.csv,365,<timecave.validation_methods.CV.AdaptedhvBlockCV object at 0x00000250F6CBFE90>,1,ARMA,1.8620239248841877,1.1249691354434193,1.3645599748212562
datasets/synthetic_data/s2.csv,365,<timecave.validation_methods.CV.AdaptedhvBlockCV object at 0x00000250F6CBFE90>,2,Tree,5.106406603680098,1.8156052125142532,2.259735958841231
datasets/synthetic_data/s2.csv,365,<timecave.validation_methods.CV.AdaptedhvBlockCV object at 0x00000250F6CBFE90>,2,ARMA,2.1372857175336755,1.2454236706264825,1.4619458668273855
datasets/synthetic_data/s2.csv,365,<timecave.validation_methods.CV.AdaptedhvBlockCV object at 0x00000250F6CBFE90>,3,Tree,2.524804901237214,1.2285870264665466,1.5889634675590292
datasets/synthetic_data/s2.csv,365,<timecave.validation_methods.CV.AdaptedhvBlockCV object at 0x00000250F6CBFE90>,3,ARMA,1.0094473677328628,0.8321358632725777,1.004712579662892
datasets/synthetic_data/s2.csv,365,<timecave.validation_methods.CV.AdaptedhvBlockCV object at 0x00000250F6CBFE90>,4,Tree,4.560832098314248,1.7638784939037135,2.135610474387651
datasets/synthetic_data/s2.csv,365,<timecave.validation_methods.CV.AdaptedhvBlockCV object at 0x00000250F6CBFE90>,4,ARMA,1.5508745507578272,0.9466321090996586,1.245341138306218
datasets/synthetic_data/s2.csv,365,<timecave.validation_methods.markov.MarkovCV object at 0x00000250F6C14770>,0,Tree,5.5657907604152825,1.9377072677583211,2.359192819676951
datasets/synthetic_data/s2.csv,365,<timecave.validation_methods.markov.MarkovCV object at 0x00000250F6C14770>,0,ARMA,1.4714158933236983,0.9637646513567828,1.2130193293281433
datasets/synthetic_data/s2.csv,365,<timecave.validation_methods.markov.MarkovCV object at 0x00000250F6C14770>,1,Tree,2.780913039218336,1.340129587290464,1.6676069798421738
datasets/synthetic_data/s2.csv,365,<timecave.validation_methods.markov.MarkovCV object at 0x00000250F6C14770>,1,ARMA,2.6772301055835848,1.303521676523538,1.6362243445150133
datasets/synthetic_data/s2.csv,365,<timecave.validation_methods.markov.MarkovCV object at 0x00000250F6C14770>,2,Tree,4.850935258680286,1.8182817924740873,2.2024838838639176
datasets/synthetic_data/s2.csv,365,<timecave.validation_methods.markov.MarkovCV object at 0x00000250F6C14770>,2,ARMA,1.8890608129841833,1.0665085241461651,1.3744310870262588
datasets/synthetic_data/s2.csv,365,<timecave.validation_methods.markov.MarkovCV object at 0x00000250F6C14770>,3,Tree,5.011610316631612,1.644079782721499,2.2386626178662143
datasets/synthetic_data/s2.csv,365,<timecave.validation_methods.markov.MarkovCV object at 0x00000250F6C14770>,3,ARMA,2.6445104499291836,1.3875647300996847,1.6261950836013443
datasets/synthetic_data/s2.csv,365,<timecave.validation_methods.markov.MarkovCV object at 0x00000250F6C14770>,4,Tree,1.270536350547757,1.0251074654351242,1.127180708913951
datasets/synthetic_data/s2.csv,365,<timecave.validation_methods.markov.MarkovCV object at 0x00000250F6C14770>,4,ARMA,2.0467077919853276,1.1839999760416167,1.4306319554607074
datasets/synthetic_data/s2.csv,365,<timecave.validation_methods.markov.MarkovCV object at 0x00000250F6C14770>,5,Tree,1.5677975210553776,1.015522192494492,1.252117215381762
datasets/synthetic_data/s2.csv,365,<timecave.validation_methods.markov.MarkovCV object at 0x00000250F6C14770>,5,ARMA,1.2956698591690936,0.9577342559526345,1.138274948845442
datasets/synthetic_data/s2.csv,365,<timecave.validation_methods.markov.MarkovCV object at 0x00000250F6C14770>,6,Tree,3.8541267844066214,1.82930483491479,1.963193007426071
datasets/synthetic_data/s2.csv,365,<timecave.validation_methods.markov.MarkovCV object at 0x00000250F6C14770>,6,ARMA,1.9691820716543218,1.1844275354236367,1.4032754796027478
datasets/synthetic_data/s2.csv,365,<timecave.validation_methods.markov.MarkovCV object at 0x00000250F6C14770>,7,Tree,1.3976071709130464,0.9128898804603149,1.1822043693511906
datasets/synthetic_data/s2.csv,365,<timecave.validation_methods.markov.MarkovCV object at 0x00000250F6C14770>,7,ARMA,1.3379240317531707,0.9134576675529628,1.1566866610077124
datasets/synthetic_data/s2.csv,365,<timecave.validation_methods.markov.MarkovCV object at 0x00000250F6C14770>,8,Tree,5.6826102595828765,1.9276367643452383,2.3838226149575132
datasets/synthetic_data/s2.csv,365,<timecave.validation_methods.markov.MarkovCV object at 0x00000250F6C14770>,8,ARMA,2.447545933485774,1.289522458053101,1.564463465053043
datasets/synthetic_data/s2.csv,365,<timecave.validation_methods.markov.MarkovCV object at 0x00000250F6C14770>,9,Tree,4.518638655650097,1.6044247144087302,2.125708977176814
datasets/synthetic_data/s2.csv,365,<timecave.validation_methods.markov.MarkovCV object at 0x00000250F6C14770>,9,ARMA,2.734038465378766,1.2993652030752687,1.65349280777957
datasets/synthetic_data/s2.csv,366,<timecave.validation_methods.OOS.Holdout object at 0x00000250F6C17B60>,0,Tree,2.4807303734467028,1.3353593755513864,1.5750334515326025
datasets/synthetic_data/s2.csv,366,<timecave.validation_methods.OOS.Holdout object at 0x00000250F6C17B60>,0,ARMA,1.710632831513693,0.9957548706181921,1.3079116298564262
datasets/synthetic_data/s2.csv,366,<timecave.validation_methods.OOS.Repeated_Holdout object at 0x00000250F6C144D0>,0,Tree,2.519924013053317,1.2540711261157982,1.5874268528197817
datasets/synthetic_data/s2.csv,366,<timecave.validation_methods.OOS.Repeated_Holdout object at 0x00000250F6C144D0>,0,ARMA,1.551002596951496,0.998240797429728,1.2453925473325653
datasets/synthetic_data/s2.csv,366,<timecave.validation_methods.OOS.Repeated_Holdout object at 0x00000250F6C144D0>,1,Tree,2.2984613920038326,1.2136070973689101,1.516067739912644
datasets/synthetic_data/s2.csv,366,<timecave.validation_methods.OOS.Repeated_Holdout object at 0x00000250F6C144D0>,1,ARMA,1.685757647502952,1.0697494631386866,1.2983673006907375
datasets/synthetic_data/s2.csv,366,<timecave.validation_methods.OOS.Repeated_Holdout object at 0x00000250F6C144D0>,2,Tree,2.8677836943422967,1.3658656472599444,1.6934531863450777
datasets/synthetic_data/s2.csv,366,<timecave.validation_methods.OOS.Repeated_Holdout object at 0x00000250F6C144D0>,2,ARMA,1.8623159543756795,1.0803813678570884,1.364666975630201
datasets/synthetic_data/s2.csv,366,<timecave.validation_methods.OOS.Repeated_Holdout object at 0x00000250F6C144D0>,3,Tree,2.6794196823299328,1.3917077914650837,1.6368933020603185
datasets/synthetic_data/s2.csv,366,<timecave.validation_methods.OOS.Repeated_Holdout object at 0x00000250F6C144D0>,3,ARMA,1.710632831513693,0.9957548706181921,1.3079116298564262
datasets/synthetic_data/s2.csv,366,<timecave.validation_methods.prequential.Growing_Window object at 0x00000250F6C15DF0>,0,Tree,2.048463191544279,1.1573596629608787,1.4312453289161433
datasets/synthetic_data/s2.csv,366,<timecave.validation_methods.prequential.Growing_Window object at 0x00000250F6C15DF0>,0,ARMA,1.192361640861542,0.8837340972016396,1.0919531312568054
datasets/synthetic_data/s2.csv,366,<timecave.validation_methods.prequential.Growing_Window object at 0x00000250F6C15DF0>,1,Tree,3.211759659694689,1.4606657666160887,1.7921382925697138
datasets/synthetic_data/s2.csv,366,<timecave.validation_methods.prequential.Growing_Window object at 0x00000250F6C15DF0>,1,ARMA,2.075857812672897,1.1674210833788123,1.4407837494478126
datasets/synthetic_data/s2.csv,366,<timecave.validation_methods.prequential.Growing_Window object at 0x00000250F6C15DF0>,2,Tree,2.351759348779905,1.2477811133636603,1.5335447006135507
datasets/synthetic_data/s2.csv,366,<timecave.validation_methods.prequential.Growing_Window object at 0x00000250F6C15DF0>,2,ARMA,1.5765427670740522,0.9142803622002067,1.2556045424710967
datasets/synthetic_data/s2.csv,366,<timecave.validation_methods.prequential.Growing_Window object at 0x00000250F6C15DF0>,3,Tree,2.2910957779926897,1.1955215578124354,1.5136366069809126
datasets/synthetic_data/s2.csv,366,<timecave.validation_methods.prequential.Growing_Window object at 0x00000250F6C15DF0>,3,ARMA,1.674968591555694,1.067708774518974,1.2942057763569494
datasets/synthetic_data/s2.csv,366,<timecave.validation_methods.prequential.Growing_Window object at 0x00000250F6C15910>,0,Tree,3.2722656463814,1.4452576201279859,1.8089404761852723
datasets/synthetic_data/s2.csv,366,<timecave.validation_methods.prequential.Growing_Window object at 0x00000250F6C15910>,0,ARMA,2.033629203339151,1.1634117654302694,1.4260537168491063
datasets/synthetic_data/s2.csv,366,<timecave.validation_methods.prequential.Growing_Window object at 0x00000250F6C15910>,1,Tree,3.0913669691201995,1.5127633950166646,1.7582283609133937
datasets/synthetic_data/s2.csv,366,<timecave.validation_methods.prequential.Growing_Window object at 0x00000250F6C15910>,1,ARMA,1.6071155822701018,0.9539175024136044,1.2677206246922472
datasets/synthetic_data/s2.csv,366,<timecave.validation_methods.prequential.Growing_Window object at 0x00000250F6C15910>,2,Tree,2.797751442421721,1.2973536080608112,1.6726480330367537
datasets/synthetic_data/s2.csv,366,<timecave.validation_methods.prequential.Growing_Window object at 0x00000250F6C15910>,2,ARMA,1.6727448576940902,1.0732414273912834,1.2933463796269313
datasets/synthetic_data/s2.csv,366,<timecave.validation_methods.prequential.Rolling_Window object at 0x00000250F6C17F80>,0,Tree,1.8628497251878973,1.0728626155683054,1.3648625297764962
datasets/synthetic_data/s2.csv,366,<timecave.validation_methods.prequential.Rolling_Window object at 0x00000250F6C17F80>,0,ARMA,1.192361640861542,0.8837340972016396,1.0919531312568054
datasets/synthetic_data/s2.csv,366,<timecave.validation_methods.prequential.Rolling_Window object at 0x00000250F6C17F80>,1,Tree,3.3829643622047234,1.4427903911550772,1.8392836546342501
datasets/synthetic_data/s2.csv,366,<timecave.validation_methods.prequential.Rolling_Window object at 0x00000250F6C17F80>,1,ARMA,2.7034039733034447,1.3593162483558205,1.6442031423469075
datasets/synthetic_data/s2.csv,366,<timecave.validation_methods.prequential.Rolling_Window object at 0x00000250F6C17F80>,2,Tree,3.0853987501308584,1.5154079546648376,1.7565303157448944
datasets/synthetic_data/s2.csv,366,<timecave.validation_methods.prequential.Rolling_Window object at 0x00000250F6C17F80>,2,ARMA,1.571801696784873,0.9215780753532922,1.2537151577550911
datasets/synthetic_data/s2.csv,366,<timecave.validation_methods.prequential.Rolling_Window object at 0x00000250F6C17F80>,3,Tree,2.2005203832721,1.2347388459676505,1.4834151082121618
datasets/synthetic_data/s2.csv,366,<timecave.validation_methods.prequential.Rolling_Window object at 0x00000250F6C17F80>,3,ARMA,1.712888975946032,1.0811655020702275,1.308773844461308
datasets/synthetic_data/s2.csv,366,<timecave.validation_methods.prequential.Rolling_Window object at 0x00000250F6C14410>,0,Tree,3.627170580471263,1.5420351600933015,1.9045132135197338
datasets/synthetic_data/s2.csv,366,<timecave.validation_methods.prequential.Rolling_Window object at 0x00000250F6C14410>,0,ARMA,2.033629203339151,1.1634117654302694,1.4260537168491063
datasets/synthetic_data/s2.csv,366,<timecave.validation_methods.prequential.Rolling_Window object at 0x00000250F6C14410>,1,Tree,2.397993957530053,1.2935565732052008,1.5485457557108389
datasets/synthetic_data/s2.csv,366,<timecave.validation_methods.prequential.Rolling_Window object at 0x00000250F6C14410>,1,ARMA,1.930956195695757,1.0118971377806503,1.3895884986915217
datasets/synthetic_data/s2.csv,366,<timecave.validation_methods.prequential.Rolling_Window object at 0x00000250F6C14410>,2,Tree,3.4133425149320082,1.5123758125195523,1.8475233462481626
datasets/synthetic_data/s2.csv,366,<timecave.validation_methods.prequential.Rolling_Window object at 0x00000250F6C14410>,2,ARMA,1.6847821626191986,1.0782357323610974,1.2979915880386894
datasets/synthetic_data/s2.csv,366,<timecave.validation_methods.CV.Block_CV object at 0x00000250F29F4860>,0,Tree,2.0058481177236724,1.1387569907037156,1.4162796749666615
datasets/synthetic_data/s2.csv,366,<timecave.validation_methods.CV.Block_CV object at 0x00000250F29F4860>,0,ARMA,1.5229321149353896,1.0479524127385245,1.2340713573109903
datasets/synthetic_data/s2.csv,366,<timecave.validation_methods.CV.Block_CV object at 0x00000250F29F4860>,1,Tree,1.2365078946475094,0.9167582320836131,1.1119837654604088
datasets/synthetic_data/s2.csv,366,<timecave.validation_methods.CV.Block_CV object at 0x00000250F29F4860>,1,ARMA,1.2658368128105302,0.9123460164046198,1.1250941350884958
datasets/synthetic_data/s2.csv,366,<timecave.validation_methods.CV.Block_CV object at 0x00000250F29F4860>,2,Tree,2.50449887017989,1.3544141551767612,1.582560858286306
datasets/synthetic_data/s2.csv,366,<timecave.validation_methods.CV.Block_CV object at 0x00000250F29F4860>,2,ARMA,2.1181159161713694,1.2096215243775492,1.4553748369995165
datasets/synthetic_data/s2.csv,366,<timecave.validation_methods.CV.Block_CV object at 0x00000250F29F4860>,3,Tree,2.557851052343151,1.3583720265413082,1.5993283128686089
datasets/synthetic_data/s2.csv,366,<timecave.validation_methods.CV.Block_CV object at 0x00000250F29F4860>,3,ARMA,1.5679558926186055,0.9140896846084687,1.2521804552933278
datasets/synthetic_data/s2.csv,366,<timecave.validation_methods.CV.Block_CV object at 0x00000250F29F4860>,4,Tree,2.777686177011264,1.3309590998627485,1.66663918621016
datasets/synthetic_data/s2.csv,366,<timecave.validation_methods.CV.Block_CV object at 0x00000250F29F4860>,4,ARMA,1.674968591555694,1.067708774518974,1.2942057763569494
datasets/synthetic_data/s2.csv,366,<timecave.validation_methods.CV.AdaptedhvBlockCV object at 0x00000250F6CEB5F0>,0,Tree,2.184415118356914,1.2173171113646504,1.477976697501322
datasets/synthetic_data/s2.csv,366,<timecave.validation_methods.CV.AdaptedhvBlockCV object at 0x00000250F6CEB5F0>,0,ARMA,1.4990080149782496,1.0384247556911916,1.2243398282250928
datasets/synthetic_data/s2.csv,366,<timecave.validation_methods.CV.AdaptedhvBlockCV object at 0x00000250F6CEB5F0>,1,Tree,1.3333917318492652,0.9639311397533022,1.154725825401539
datasets/synthetic_data/s2.csv,366,<timecave.validation_methods.CV.AdaptedhvBlockCV object at 0x00000250F6CEB5F0>,1,ARMA,1.256383739618381,0.9094871329347537,1.1208852481937575
datasets/synthetic_data/s2.csv,366,<timecave.validation_methods.CV.AdaptedhvBlockCV object at 0x00000250F6CEB5F0>,2,Tree,1.8315340267981013,1.1363309405233435,1.3533417996936699
datasets/synthetic_data/s2.csv,366,<timecave.validation_methods.CV.AdaptedhvBlockCV object at 0x00000250F6CEB5F0>,2,ARMA,2.1294686195342,1.2162240229191652,1.459269892629256
datasets/synthetic_data/s2.csv,366,<timecave.validation_methods.CV.AdaptedhvBlockCV object at 0x00000250F6CEB5F0>,3,Tree,2.7170668120973995,1.4273057939769809,1.6483527571783292
datasets/synthetic_data/s2.csv,366,<timecave.validation_methods.CV.AdaptedhvBlockCV object at 0x00000250F6CEB5F0>,3,ARMA,1.5658477425604462,0.9160759520814922,1.2513383805192129
datasets/synthetic_data/s2.csv,366,<timecave.validation_methods.CV.AdaptedhvBlockCV object at 0x00000250F6CEB5F0>,4,Tree,2.597471748239528,1.2842424257873932,1.6116673813909395
datasets/synthetic_data/s2.csv,366,<timecave.validation_methods.CV.AdaptedhvBlockCV object at 0x00000250F6CEB5F0>,4,ARMA,1.6642978506211525,1.0695089914160167,1.2900766840080293
datasets/synthetic_data/s2.csv,366,<timecave.validation_methods.markov.MarkovCV object at 0x00000250F6CE84A0>,0,Tree,2.83447368484192,1.3671152631097034,1.6835895238572613
datasets/synthetic_data/s2.csv,366,<timecave.validation_methods.markov.MarkovCV object at 0x00000250F6CE84A0>,0,ARMA,2.1957283380780863,1.249059988021578,1.4817990208115561
datasets/synthetic_data/s2.csv,366,<timecave.validation_methods.markov.MarkovCV object at 0x00000250F6CE84A0>,1,Tree,3.413155094763608,1.4936551449079665,1.8474726235491576
datasets/synthetic_data/s2.csv,366,<timecave.validation_methods.markov.MarkovCV object at 0x00000250F6CE84A0>,1,ARMA,1.741932494120504,1.1024666150695737,1.3198229025594699
datasets/synthetic_data/s2.csv,366,<timecave.validation_methods.markov.MarkovCV object at 0x00000250F6CE84A0>,2,Tree,1.6449603163135331,1.1336289974801006,1.282560063433106
datasets/synthetic_data/s2.csv,366,<timecave.validation_methods.markov.MarkovCV object at 0x00000250F6CE84A0>,2,ARMA,1.230377728368337,0.8470469829591187,1.1092239306687974
datasets/synthetic_data/s2.csv,366,<timecave.validation_methods.markov.MarkovCV object at 0x00000250F6CE84A0>,3,Tree,3.419828183273443,1.6337640516945986,1.8492777463846373
datasets/synthetic_data/s2.csv,366,<timecave.validation_methods.markov.MarkovCV object at 0x00000250F6CE84A0>,3,ARMA,1.5784819796455496,1.1203057175480342,1.2563765278154275
datasets/synthetic_data/s2.csv,366,<timecave.validation_methods.markov.MarkovCV object at 0x00000250F6CE84A0>,4,Tree,4.405996326605914,1.807389482732791,2.0990465279754793
datasets/synthetic_data/s2.csv,366,<timecave.validation_methods.markov.MarkovCV object at 0x00000250F6CE84A0>,4,ARMA,2.0209214028118714,1.180625077944124,1.421591151777427
datasets/synthetic_data/s2.csv,366,<timecave.validation_methods.markov.MarkovCV object at 0x00000250F6CE84A0>,5,Tree,5.162494673708911,1.9647684943552874,2.272112381399501
datasets/synthetic_data/s2.csv,366,<timecave.validation_methods.markov.MarkovCV object at 0x00000250F6CE84A0>,5,ARMA,2.5007425956422535,1.3429639842007093,1.5813736420094568
datasets/synthetic_data/s2.csv,366,<timecave.validation_methods.markov.MarkovCV object at 0x00000250F6CE84A0>,6,Tree,1.8639943894035989,1.253792351937358,1.3652817985323025
datasets/synthetic_data/s2.csv,366,<timecave.validation_methods.markov.MarkovCV object at 0x00000250F6CE84A0>,6,ARMA,1.1485461959958156,0.8635439892999361,1.0717024755013937
datasets/synthetic_data/s2.csv,366,<timecave.validation_methods.markov.MarkovCV object at 0x00000250F6CE84A0>,7,Tree,3.1248561812431825,1.5145366702697534,1.7677262744110533
datasets/synthetic_data/s2.csv,366,<timecave.validation_methods.markov.MarkovCV object at 0x00000250F6CE84A0>,7,ARMA,1.5004598840975432,0.9841420102700648,1.224932603900126
datasets/synthetic_data/s2.csv,366,<timecave.validation_methods.markov.MarkovCV object at 0x00000250F6CE84A0>,8,Tree,3.173286297154284,1.4875156265971767,1.7813720266003628
datasets/synthetic_data/s2.csv,366,<timecave.validation_methods.markov.MarkovCV object at 0x00000250F6CE84A0>,8,ARMA,3.341407696901783,1.2829430175819807,1.8279517764158286
datasets/synthetic_data/s2.csv,366,<timecave.validation_methods.markov.MarkovCV object at 0x00000250F6CE84A0>,9,Tree,7.0132167545879405,2.2171921505367904,2.648247865020935
datasets/synthetic_data/s2.csv,366,<timecave.validation_methods.markov.MarkovCV object at 0x00000250F6CE84A0>,9,ARMA,2.7798483879962963,1.4819632050463214,1.6672877340148269
datasets/synthetic_data/s2.csv,367,<timecave.validation_methods.OOS.Holdout object at 0x00000250F6BB3770>,0,Tree,1.9186224420646278,1.083894469229711,1.3851434734584818
datasets/synthetic_data/s2.csv,367,<timecave.validation_methods.OOS.Holdout object at 0x00000250F6BB3770>,0,ARMA,1.5723857965413695,0.9312674445998986,1.2539480836706796
datasets/synthetic_data/s2.csv,367,<timecave.validation_methods.OOS.Repeated_Holdout object at 0x00000250F6C16900>,0,Tree,2.528410363050901,1.2550253571871708,1.5900975954484369
datasets/synthetic_data/s2.csv,367,<timecave.validation_methods.OOS.Repeated_Holdout object at 0x00000250F6C16900>,0,ARMA,1.7691854187544183,0.9647052375048619,1.3301072959556377
datasets/synthetic_data/s2.csv,367,<timecave.validation_methods.OOS.Repeated_Holdout object at 0x00000250F6C16900>,1,Tree,2.542338475840102,1.2905692205022639,1.594471221389744
datasets/synthetic_data/s2.csv,367,<timecave.validation_methods.OOS.Repeated_Holdout object at 0x00000250F6C16900>,1,ARMA,1.9003652229993484,1.008824290621056,1.3785373491492163
datasets/synthetic_data/s2.csv,367,<timecave.validation_methods.OOS.Repeated_Holdout object at 0x00000250F6C16900>,2,Tree,3.031864182245085,1.2690511075035615,1.7412249085758809
datasets/synthetic_data/s2.csv,367,<timecave.validation_methods.OOS.Repeated_Holdout object at 0x00000250F6C16900>,2,ARMA,1.6305846855313009,0.9507863835469587,1.2769434934762387
datasets/synthetic_data/s2.csv,367,<timecave.validation_methods.OOS.Repeated_Holdout object at 0x00000250F6C16900>,3,Tree,2.0400450058468955,1.124086462562966,1.4283014408194425
datasets/synthetic_data/s2.csv,367,<timecave.validation_methods.OOS.Repeated_Holdout object at 0x00000250F6C16900>,3,ARMA,1.5723857965413695,0.9312674445998986,1.2539480836706796
datasets/synthetic_data/s2.csv,367,<timecave.validation_methods.prequential.Growing_Window object at 0x00000250F6C153A0>,0,Tree,4.469789881787032,1.6129342036706549,2.114187759350392
datasets/synthetic_data/s2.csv,367,<timecave.validation_methods.prequential.Growing_Window object at 0x00000250F6C153A0>,0,ARMA,2.401148657610774,1.1951523429023407,1.549564021785087
datasets/synthetic_data/s2.csv,367,<timecave.validation_methods.prequential.Growing_Window object at 0x00000250F6C153A0>,1,Tree,1.6475302440545552,1.0384739278573927,1.2835615466562385
datasets/synthetic_data/s2.csv,367,<timecave.validation_methods.prequential.Growing_Window object at 0x00000250F6C153A0>,1,ARMA,1.2364420182134561,0.9445037597316064,1.1119541439346572
datasets/synthetic_data/s2.csv,367,<timecave.validation_methods.prequential.Growing_Window object at 0x00000250F6C153A0>,2,Tree,2.154618924158877,1.0226251933791166,1.4678620249052283
datasets/synthetic_data/s2.csv,367,<timecave.validation_methods.prequential.Growing_Window object at 0x00000250F6C153A0>,2,ARMA,1.4682423330512033,1.0222767506131374,1.2117104988615075
datasets/synthetic_data/s2.csv,367,<timecave.validation_methods.prequential.Growing_Window object at 0x00000250F6C153A0>,3,Tree,2.582598080688891,1.2728079107921895,1.6070463841124472
datasets/synthetic_data/s2.csv,367,<timecave.validation_methods.prequential.Growing_Window object at 0x00000250F6C153A0>,3,ARMA,1.942230504180291,1.016698869331556,1.3936393020363236
datasets/synthetic_data/s2.csv,367,<timecave.validation_methods.prequential.Growing_Window object at 0x00000250F6C168A0>,0,Tree,3.008017001788642,1.4087897115823664,1.73436357255007
datasets/synthetic_data/s2.csv,367,<timecave.validation_methods.prequential.Growing_Window object at 0x00000250F6C168A0>,0,ARMA,1.3816269174947287,1.00170435618079,1.1754262705481482
datasets/synthetic_data/s2.csv,367,<timecave.validation_methods.prequential.Growing_Window object at 0x00000250F6C168A0>,1,Tree,2.2390615016763813,1.1801187123258186,1.4963493915781774
datasets/synthetic_data/s2.csv,367,<timecave.validation_methods.prequential.Growing_Window object at 0x00000250F6C168A0>,1,ARMA,1.561201955924274,1.0470253323262377,1.2494806744901155
datasets/synthetic_data/s2.csv,367,<timecave.validation_methods.prequential.Growing_Window object at 0x00000250F6C168A0>,2,Tree,3.581909683136801,1.468445380640476,1.8925933750113364
datasets/synthetic_data/s2.csv,367,<timecave.validation_methods.prequential.Growing_Window object at 0x00000250F6C168A0>,2,ARMA,2.0062830598649346,1.0299208615114108,1.4164332175803187
datasets/synthetic_data/s2.csv,367,<timecave.validation_methods.prequential.Rolling_Window object at 0x00000250F6C16810>,0,Tree,4.607460620911754,1.6416287311975855,2.146499620524484
datasets/synthetic_data/s2.csv,367,<timecave.validation_methods.prequential.Rolling_Window object at 0x00000250F6C16810>,0,ARMA,2.401148657610774,1.1951523429023407,1.549564021785087
datasets/synthetic_data/s2.csv,367,<timecave.validation_methods.prequential.Rolling_Window object at 0x00000250F6C16810>,1,Tree,2.8136224050852947,1.2765553895123698,1.67738558628757
datasets/synthetic_data/s2.csv,367,<timecave.validation_methods.prequential.Rolling_Window object at 0x00000250F6C16810>,1,ARMA,1.1752559123583297,0.8975816303756624,1.0840922065757737
datasets/synthetic_data/s2.csv,367,<timecave.validation_methods.prequential.Rolling_Window object at 0x00000250F6C16810>,2,Tree,2.036396737429259,1.1066944229341134,1.427023734010496
datasets/synthetic_data/s2.csv,367,<timecave.validation_methods.prequential.Rolling_Window object at 0x00000250F6C16810>,2,ARMA,1.6725465880109132,1.0715258916291737,1.2932697274779585
datasets/synthetic_data/s2.csv,367,<timecave.validation_methods.prequential.Rolling_Window object at 0x00000250F6C16810>,3,Tree,2.6717569065759483,1.149027446357105,1.6345509801092006
datasets/synthetic_data/s2.csv,367,<timecave.validation_methods.prequential.Rolling_Window object at 0x00000250F6C16810>,3,ARMA,1.9355000993263658,1.0150605241060686,1.391222519702138
datasets/synthetic_data/s2.csv,367,<timecave.validation_methods.prequential.Rolling_Window object at 0x00000250F6C148F0>,0,Tree,2.882454284474917,1.3710695008504943,1.6977792213579823
datasets/synthetic_data/s2.csv,367,<timecave.validation_methods.prequential.Rolling_Window object at 0x00000250F6C148F0>,0,ARMA,1.3816269174947287,1.00170435618079,1.1754262705481482
datasets/synthetic_data/s2.csv,367,<timecave.validation_methods.prequential.Rolling_Window object at 0x00000250F6C148F0>,1,Tree,2.222517799697745,1.2894294549513374,1.4908111214026227
datasets/synthetic_data/s2.csv,367,<timecave.validation_methods.prequential.Rolling_Window object at 0x00000250F6C148F0>,1,ARMA,1.4901675077482133,1.008070681139892,1.2207241734921994
datasets/synthetic_data/s2.csv,367,<timecave.validation_methods.prequential.Rolling_Window object at 0x00000250F6C148F0>,2,Tree,2.680356586129713,1.3599133291388978,1.6371794605753252
datasets/synthetic_data/s2.csv,367,<timecave.validation_methods.prequential.Rolling_Window object at 0x00000250F6C148F0>,2,ARMA,2.036182297494803,1.0720681421187934,1.4269485966546949
datasets/synthetic_data/s2.csv,367,<timecave.validation_methods.CV.Block_CV object at 0x00000250F6CEBEC0>,0,Tree,2.773781224593651,1.3239037871348789,1.6654672691451042
datasets/synthetic_data/s2.csv,367,<timecave.validation_methods.CV.Block_CV object at 0x00000250F6CEBEC0>,0,ARMA,1.9239925806603195,1.041729854179492,1.3870805963102215
datasets/synthetic_data/s2.csv,367,<timecave.validation_methods.CV.Block_CV object at 0x00000250F6CEBEC0>,1,Tree,3.2357839378593267,1.4531147414186554,1.798828490395715
datasets/synthetic_data/s2.csv,367,<timecave.validation_methods.CV.Block_CV object at 0x00000250F6CEBEC0>,1,ARMA,2.3689348021362275,1.1775771011813836,1.5391344327693497
datasets/synthetic_data/s2.csv,367,<timecave.validation_methods.CV.Block_CV object at 0x00000250F6CEBEC0>,2,Tree,2.276942788632062,1.2856544963313012,1.508954203623179
datasets/synthetic_data/s2.csv,367,<timecave.validation_methods.CV.Block_CV object at 0x00000250F6CEBEC0>,2,ARMA,1.4969157369752122,1.009153343449866,1.2234850783623037
datasets/synthetic_data/s2.csv,367,<timecave.validation_methods.CV.Block_CV object at 0x00000250F6CEBEC0>,3,Tree,2.5986315055899443,1.2867078959873337,1.6120271417038685
datasets/synthetic_data/s2.csv,367,<timecave.validation_methods.CV.Block_CV object at 0x00000250F6CEBEC0>,3,ARMA,1.424880527948877,1.0261978815804884,1.1936835962468768
datasets/synthetic_data/s2.csv,367,<timecave.validation_methods.CV.Block_CV object at 0x00000250F6CEBEC0>,4,Tree,2.3947777192593596,1.232084867366514,1.547506936740304
datasets/synthetic_data/s2.csv,367,<timecave.validation_methods.CV.Block_CV object at 0x00000250F6CEBEC0>,4,ARMA,1.942230504180291,1.016698869331556,1.3936393020363236
datasets/synthetic_data/s2.csv,367,<timecave.validation_methods.CV.AdaptedhvBlockCV object at 0x00000250F6CE9D90>,0,Tree,2.754372998924935,1.3572695561696653,1.659630380212695
datasets/synthetic_data/s2.csv,367,<timecave.validation_methods.CV.AdaptedhvBlockCV object at 0x00000250F6CE9D90>,0,ARMA,1.915748081962386,1.040343099049979,1.3841055169178345
datasets/synthetic_data/s2.csv,367,<timecave.validation_methods.CV.AdaptedhvBlockCV object at 0x00000250F6CE9D90>,1,Tree,4.67227572420501,1.731043777408341,2.1615447541526893
datasets/synthetic_data/s2.csv,367,<timecave.validation_methods.CV.AdaptedhvBlockCV object at 0x00000250F6CE9D90>,1,ARMA,2.3645465730103963,1.1771435924122184,1.5377082210258213
datasets/synthetic_data/s2.csv,367,<timecave.validation_methods.CV.AdaptedhvBlockCV object at 0x00000250F6CE9D90>,2,Tree,2.134816820282521,1.216274444150598,1.4611012354667696
datasets/synthetic_data/s2.csv,367,<timecave.validation_methods.CV.AdaptedhvBlockCV object at 0x00000250F6CE9D90>,2,ARMA,1.4439939414278191,0.984749014578193,1.2016629899550952
datasets/synthetic_data/s2.csv,367,<timecave.validation_methods.CV.AdaptedhvBlockCV object at 0x00000250F6CE9D90>,3,Tree,2.6187044394842647,1.2331821832281398,1.6182411561582113
datasets/synthetic_data/s2.csv,367,<timecave.validation_methods.CV.AdaptedhvBlockCV object at 0x00000250F6CE9D90>,3,ARMA,1.421879190781027,1.0263455626023064,1.1924257590227691
datasets/synthetic_data/s2.csv,367,<timecave.validation_methods.CV.AdaptedhvBlockCV object at 0x00000250F6CE9D90>,4,Tree,2.586217621355231,1.2979517403323553,1.6081721367301545
datasets/synthetic_data/s2.csv,367,<timecave.validation_methods.CV.AdaptedhvBlockCV object at 0x00000250F6CE9D90>,4,ARMA,1.9583923407556438,1.0470498974195834,1.3994257181985916
datasets/synthetic_data/s2.csv,367,<timecave.validation_methods.markov.MarkovCV object at 0x00000250F6CE95E0>,0,Tree,2.6404349103774707,1.397755663295643,1.6249415098327296
datasets/synthetic_data/s2.csv,367,<timecave.validation_methods.markov.MarkovCV object at 0x00000250F6CE95E0>,0,ARMA,1.6440163150869587,1.1190411334541255,1.2821919961873725
datasets/synthetic_data/s2.csv,367,<timecave.validation_methods.markov.MarkovCV object at 0x00000250F6CE95E0>,1,Tree,5.621153893001315,2.219731632851512,2.3708972759276845
datasets/synthetic_data/s2.csv,367,<timecave.validation_methods.markov.MarkovCV object at 0x00000250F6CE95E0>,1,ARMA,1.7279399288775787,1.2023502560054182,1.3145112889882606
datasets/synthetic_data/s2.csv,367,<timecave.validation_methods.markov.MarkovCV object at 0x00000250F6CE95E0>,2,Tree,4.820899598245643,1.6878734194462284,2.19565470833773
datasets/synthetic_data/s2.csv,367,<timecave.validation_methods.markov.MarkovCV object at 0x00000250F6CE95E0>,2,ARMA,3.3198303302042973,1.4224432753428526,1.8220401560350687
datasets/synthetic_data/s2.csv,367,<timecave.validation_methods.markov.MarkovCV object at 0x00000250F6CE95E0>,3,Tree,10.393609744717747,2.8237539089906503,3.2239121800566695
datasets/synthetic_data/s2.csv,367,<timecave.validation_methods.markov.MarkovCV object at 0x00000250F6CE95E0>,3,ARMA,4.321572608171838,1.5844434373028138,2.0788392453895606
datasets/synthetic_data/s2.csv,367,<timecave.validation_methods.markov.MarkovCV object at 0x00000250F6CE95E0>,4,Tree,2.385838709379072,1.1735374944357913,1.5446160394671136
datasets/synthetic_data/s2.csv,367,<timecave.validation_methods.markov.MarkovCV object at 0x00000250F6CE95E0>,4,ARMA,1.5136659707193842,1.030311304811019,1.2303113308099638
datasets/synthetic_data/s2.csv,367,<timecave.validation_methods.markov.MarkovCV object at 0x00000250F6CE95E0>,5,Tree,2.620800341758114,1.387354312210028,1.6188886131411617
datasets/synthetic_data/s2.csv,367,<timecave.validation_methods.markov.MarkovCV object at 0x00000250F6CE95E0>,5,ARMA,0.8060483326643135,0.7774445287260061,0.8978019451217031
datasets/synthetic_data/s2.csv,367,<timecave.validation_methods.markov.MarkovCV object at 0x00000250F6CE95E0>,6,Tree,1.7916619107523488,1.1022657180348747,1.338529757141151
datasets/synthetic_data/s2.csv,367,<timecave.validation_methods.markov.MarkovCV object at 0x00000250F6CE95E0>,6,ARMA,0.8403302778628585,0.7029240056419865,0.916695302629428
datasets/synthetic_data/s2.csv,367,<timecave.validation_methods.markov.MarkovCV object at 0x00000250F6CE95E0>,7,Tree,3.0434791114944586,1.4291929301503445,1.744556995771264
datasets/synthetic_data/s2.csv,367,<timecave.validation_methods.markov.MarkovCV object at 0x00000250F6CE95E0>,7,ARMA,1.8911077170404116,1.1681125573192608,1.3751755222663076
datasets/synthetic_data/s2.csv,367,<timecave.validation_methods.markov.MarkovCV object at 0x00000250F6CE95E0>,8,Tree,4.860194270979973,1.5922803255233475,2.2045848296175796
datasets/synthetic_data/s2.csv,367,<timecave.validation_methods.markov.MarkovCV object at 0x00000250F6CE95E0>,8,ARMA,1.658817631775583,1.0320601114346637,1.2879509430780285
datasets/synthetic_data/s2.csv,367,<timecave.validation_methods.markov.MarkovCV object at 0x00000250F6CE95E0>,9,Tree,3.0871380784169604,1.2994754823013361,1.7570253493950962
datasets/synthetic_data/s2.csv,367,<timecave.validation_methods.markov.MarkovCV object at 0x00000250F6CE95E0>,9,ARMA,1.6670363729537057,0.9768509444614195,1.2911376274254056
datasets/synthetic_data/s2.csv,368,<timecave.validation_methods.OOS.Holdout object at 0x00000250F6C168D0>,0,Tree,3.219844458360854,1.432566491823531,1.7943925039859183
datasets/synthetic_data/s2.csv,368,<timecave.validation_methods.OOS.Holdout object at 0x00000250F6C168D0>,0,ARMA,2.531224570607098,1.3987664641037059,1.590982265962477
datasets/synthetic_data/s2.csv,368,<timecave.validation_methods.OOS.Repeated_Holdout object at 0x00000250F6C14D40>,0,Tree,2.1877194050695397,1.1659289448944439,1.4790941163663454
datasets/synthetic_data/s2.csv,368,<timecave.validation_methods.OOS.Repeated_Holdout object at 0x00000250F6C14D40>,0,ARMA,2.696739421475544,1.445780248616156,1.642175210346187
datasets/synthetic_data/s2.csv,368,<timecave.validation_methods.OOS.Repeated_Holdout object at 0x00000250F6C14D40>,1,Tree,2.967593082356823,1.3320498749312752,1.7226703347874843
datasets/synthetic_data/s2.csv,368,<timecave.validation_methods.OOS.Repeated_Holdout object at 0x00000250F6C14D40>,1,ARMA,2.4627535652901678,1.3692552107702063,1.5693162731872017
datasets/synthetic_data/s2.csv,368,<timecave.validation_methods.OOS.Repeated_Holdout object at 0x00000250F6C14D40>,2,Tree,3.119212949459584,1.3861182371311342,1.766129369400663
datasets/synthetic_data/s2.csv,368,<timecave.validation_methods.OOS.Repeated_Holdout object at 0x00000250F6C14D40>,2,ARMA,2.6103688560983374,1.4263861752351332,1.615663596203844
datasets/synthetic_data/s2.csv,368,<timecave.validation_methods.OOS.Repeated_Holdout object at 0x00000250F6C14D40>,3,Tree,2.9553316648798105,1.4051153892331278,1.7191078107203779
datasets/synthetic_data/s2.csv,368,<timecave.validation_methods.OOS.Repeated_Holdout object at 0x00000250F6C14D40>,3,ARMA,2.531224570607098,1.3987664641037059,1.590982265962477
datasets/synthetic_data/s2.csv,368,<timecave.validation_methods.prequential.Growing_Window object at 0x00000250F6C16BD0>,0,Tree,2.4922826957239783,1.2920281662502655,1.578696517929896
datasets/synthetic_data/s2.csv,368,<timecave.validation_methods.prequential.Growing_Window object at 0x00000250F6C16BD0>,0,ARMA,1.3769662520868406,0.9143064194787219,1.1734420531440146
datasets/synthetic_data/s2.csv,368,<timecave.validation_methods.prequential.Growing_Window object at 0x00000250F6C16BD0>,1,Tree,3.1471446527870577,1.3308996911570576,1.774019349608977
datasets/synthetic_data/s2.csv,368,<timecave.validation_methods.prequential.Growing_Window object at 0x00000250F6C16BD0>,1,ARMA,1.4571324685228357,1.0341051762141444,1.2071174211827265
datasets/synthetic_data/s2.csv,368,<timecave.validation_methods.prequential.Growing_Window object at 0x00000250F6C16BD0>,2,Tree,5.418200411031728,1.8633859965857624,2.3277028184525035
datasets/synthetic_data/s2.csv,368,<timecave.validation_methods.prequential.Growing_Window object at 0x00000250F6C16BD0>,2,ARMA,2.59082865831015,1.331420133900401,1.6096051249639305
datasets/synthetic_data/s2.csv,368,<timecave.validation_methods.prequential.Growing_Window object at 0x00000250F6C16BD0>,3,Tree,2.8344098175444867,1.308653378333948,1.683570556152752
datasets/synthetic_data/s2.csv,368,<timecave.validation_methods.prequential.Growing_Window object at 0x00000250F6C16BD0>,3,ARMA,2.4195585923221308,1.3375668538387444,1.5554930383393333
datasets/synthetic_data/s2.csv,368,<timecave.validation_methods.prequential.Growing_Window object at 0x00000250F6C17290>,0,Tree,2.725376283437375,1.2849705022156386,1.650871370954556
datasets/synthetic_data/s2.csv,368,<timecave.validation_methods.prequential.Growing_Window object at 0x00000250F6C17290>,0,ARMA,1.4303468261413166,1.0239840326481058,1.1959710808131259
datasets/synthetic_data/s2.csv,368,<timecave.validation_methods.prequential.Growing_Window object at 0x00000250F6C17290>,1,Tree,4.523743077513144,1.7009080030203747,2.1269092781576613
datasets/synthetic_data/s2.csv,368,<timecave.validation_methods.prequential.Growing_Window object at 0x00000250F6C17290>,1,ARMA,2.7227564069560044,1.3873525861205114,1.650077697248225
datasets/synthetic_data/s2.csv,368,<timecave.validation_methods.prequential.Growing_Window object at 0x00000250F6C17290>,2,Tree,2.4988727283431413,1.3729100433358672,1.5807823152930138
datasets/synthetic_data/s2.csv,368,<timecave.validation_methods.prequential.Growing_Window object at 0x00000250F6C17290>,2,ARMA,2.644771914760922,1.404871947519807,1.6262754732089277
datasets/synthetic_data/s2.csv,368,<timecave.validation_methods.prequential.Rolling_Window object at 0x00000250F6C15730>,0,Tree,2.4282658627399805,1.2716837083375896,1.558289402755464
datasets/synthetic_data/s2.csv,368,<timecave.validation_methods.prequential.Rolling_Window object at 0x00000250F6C15730>,0,ARMA,1.3769662520868406,0.9143064194787219,1.1734420531440146
datasets/synthetic_data/s2.csv,368,<timecave.validation_methods.prequential.Rolling_Window object at 0x00000250F6C15730>,1,Tree,2.9033386327388,1.3294812029474141,1.7039186109491264
datasets/synthetic_data/s2.csv,368,<timecave.validation_methods.prequential.Rolling_Window object at 0x00000250F6C15730>,1,ARMA,1.6842737793258429,1.1071563606623105,1.2977957386760997
datasets/synthetic_data/s2.csv,368,<timecave.validation_methods.prequential.Rolling_Window object at 0x00000250F6C15730>,2,Tree,7.034610461975546,2.158701943042274,2.652284008543494
datasets/synthetic_data/s2.csv,368,<timecave.validation_methods.prequential.Rolling_Window object at 0x00000250F6C15730>,2,ARMA,2.7143420117156265,1.3682621675022966,1.6475260276291923
datasets/synthetic_data/s2.csv,368,<timecave.validation_methods.prequential.Rolling_Window object at 0x00000250F6C15730>,3,Tree,2.9581783303954015,1.3323268366575116,1.7199355599543262
datasets/synthetic_data/s2.csv,368,<timecave.validation_methods.prequential.Rolling_Window object at 0x00000250F6C15730>,3,ARMA,2.276231185010459,1.2691662057613367,1.5087183915530622
datasets/synthetic_data/s2.csv,368,<timecave.validation_methods.prequential.Rolling_Window object at 0x00000250F6C15F40>,0,Tree,3.0354932973433715,1.3622736197426573,1.742266712459195
datasets/synthetic_data/s2.csv,368,<timecave.validation_methods.prequential.Rolling_Window object at 0x00000250F6C15F40>,0,ARMA,1.4303468261413166,1.0239840326481058,1.1959710808131259
datasets/synthetic_data/s2.csv,368,<timecave.validation_methods.prequential.Rolling_Window object at 0x00000250F6C15F40>,1,Tree,5.361640794256414,1.8983767826893085,2.3155217110311046
datasets/synthetic_data/s2.csv,368,<timecave.validation_methods.prequential.Rolling_Window object at 0x00000250F6C15F40>,1,ARMA,2.728701681393897,1.3666801652426153,1.6518782283794096
datasets/synthetic_data/s2.csv,368,<timecave.validation_methods.prequential.Rolling_Window object at 0x00000250F6C15F40>,2,Tree,6.798436191783333,2.176834243119406,2.6073810983021515
datasets/synthetic_data/s2.csv,368,<timecave.validation_methods.prequential.Rolling_Window object at 0x00000250F6C15F40>,2,ARMA,2.95053668877564,1.4910433868866169,1.7177126327694165
datasets/synthetic_data/s2.csv,368,<timecave.validation_methods.CV.Block_CV object at 0x00000250F2A0F5F0>,0,Tree,2.413979032562789,1.1375405616191638,1.553698501178008
datasets/synthetic_data/s2.csv,368,<timecave.validation_methods.CV.Block_CV object at 0x00000250F2A0F5F0>,0,ARMA,1.398846930323318,0.9691133849618003,1.1827285953773663
datasets/synthetic_data/s2.csv,368,<timecave.validation_methods.CV.Block_CV object at 0x00000250F2A0F5F0>,1,Tree,1.7449178500309122,1.0566401784975614,1.3209533867744585
datasets/synthetic_data/s2.csv,368,<timecave.validation_methods.CV.Block_CV object at 0x00000250F2A0F5F0>,1,ARMA,1.2493732635273354,0.8591224973364546,1.1177536685367377
datasets/synthetic_data/s2.csv,368,<timecave.validation_methods.CV.Block_CV object at 0x00000250F2A0F5F0>,2,Tree,2.5650666332193786,1.242959172362743,1.6015825402455468
datasets/synthetic_data/s2.csv,368,<timecave.validation_methods.CV.Block_CV object at 0x00000250F2A0F5F0>,2,ARMA,1.4757585624066996,1.0443898458630745,1.2148080352083204
datasets/synthetic_data/s2.csv,368,<timecave.validation_methods.CV.Block_CV object at 0x00000250F2A0F5F0>,3,Tree,2.7313163038982227,1.3008574148295347,1.6526694478625248
datasets/synthetic_data/s2.csv,368,<timecave.validation_methods.CV.Block_CV object at 0x00000250F2A0F5F0>,3,ARMA,2.6322527805735416,1.3671551063239096,1.6224218873565353
datasets/synthetic_data/s2.csv,368,<timecave.validation_methods.CV.Block_CV object at 0x00000250F2A0F5F0>,4,Tree,2.8637295980345305,1.2168827225426706,1.6922557720494058
datasets/synthetic_data/s2.csv,368,<timecave.validation_methods.CV.Block_CV object at 0x00000250F2A0F5F0>,4,ARMA,2.4195585923221308,1.3375668538387444,1.5554930383393333
datasets/synthetic_data/s2.csv,368,<timecave.validation_methods.CV.AdaptedhvBlockCV object at 0x00000250F6CEAE70>,0,Tree,2.3989399647298493,1.182135736493668,1.5488511757847652
datasets/synthetic_data/s2.csv,368,<timecave.validation_methods.CV.AdaptedhvBlockCV object at 0x00000250F6CEAE70>,0,ARMA,1.4051657152035957,0.9709048180579369,1.1853968597915197
datasets/synthetic_data/s2.csv,368,<timecave.validation_methods.CV.AdaptedhvBlockCV object at 0x00000250F6CEAE70>,1,Tree,1.6964867400418535,1.0730468626325123,1.302492510551156
datasets/synthetic_data/s2.csv,368,<timecave.validation_methods.CV.AdaptedhvBlockCV object at 0x00000250F6CEAE70>,1,ARMA,1.2554531653866263,0.8612996966730209,1.1204700644758994
datasets/synthetic_data/s2.csv,368,<timecave.validation_methods.CV.AdaptedhvBlockCV object at 0x00000250F6CEAE70>,2,Tree,2.6852293343023286,1.2846275792914565,1.6386669381855266
datasets/synthetic_data/s2.csv,368,<timecave.validation_methods.CV.AdaptedhvBlockCV object at 0x00000250F6CEAE70>,2,ARMA,1.4986941719709632,1.0540133677457115,1.2242116532572964
datasets/synthetic_data/s2.csv,368,<timecave.validation_methods.CV.AdaptedhvBlockCV object at 0x00000250F6CEAE70>,3,Tree,2.199922402702657,1.1831860506986278,1.483213539144872
datasets/synthetic_data/s2.csv,368,<timecave.validation_methods.CV.AdaptedhvBlockCV object at 0x00000250F6CEAE70>,3,ARMA,2.621823815559722,1.3654399782813758,1.6192046861220857
datasets/synthetic_data/s2.csv,368,<timecave.validation_methods.CV.AdaptedhvBlockCV object at 0x00000250F6CEAE70>,4,Tree,3.564949206502563,1.3640304219913997,1.888107307994586
datasets/synthetic_data/s2.csv,368,<timecave.validation_methods.CV.AdaptedhvBlockCV object at 0x00000250F6CEAE70>,4,ARMA,2.471358711612615,1.363337129498224,1.5720555688691844
datasets/synthetic_data/s2.csv,368,<timecave.validation_methods.markov.MarkovCV object at 0x00000250F6CE8C50>,0,Tree,2.5788348951403663,1.3193556244946982,1.6058751181646618
datasets/synthetic_data/s2.csv,368,<timecave.validation_methods.markov.MarkovCV object at 0x00000250F6CE8C50>,0,ARMA,2.8277118798222185,1.2793205721433702,1.6815801734744076
datasets/synthetic_data/s2.csv,368,<timecave.validation_methods.markov.MarkovCV object at 0x00000250F6CE8C50>,1,Tree,7.517484630678657,2.223257042565175,2.7418031713962723
datasets/synthetic_data/s2.csv,368,<timecave.validation_methods.markov.MarkovCV object at 0x00000250F6CE8C50>,1,ARMA,2.593647042816562,1.3521431669489168,1.6104803764146156
datasets/synthetic_data/s2.csv,368,<timecave.validation_methods.markov.MarkovCV object at 0x00000250F6CE8C50>,2,Tree,6.215432869148384,2.0097210856157384,2.4930769882112314
datasets/synthetic_data/s2.csv,368,<timecave.validation_methods.markov.MarkovCV object at 0x00000250F6CE8C50>,2,ARMA,1.5499251073825935,0.9937436780974359,1.244959881836597
datasets/synthetic_data/s2.csv,368,<timecave.validation_methods.markov.MarkovCV object at 0x00000250F6CE8C50>,3,Tree,3.359042890112645,1.3972998371670298,1.8327691862623197
datasets/synthetic_data/s2.csv,368,<timecave.validation_methods.markov.MarkovCV object at 0x00000250F6CE8C50>,3,ARMA,3.5685991288421075,1.503407093732794,1.889073616575624
datasets/synthetic_data/s2.csv,368,<timecave.validation_methods.markov.MarkovCV object at 0x00000250F6CE8C50>,4,Tree,3.2265074164059246,1.5381507077608474,1.7962481500076555
datasets/synthetic_data/s2.csv,368,<timecave.validation_methods.markov.MarkovCV object at 0x00000250F6CE8C50>,4,ARMA,2.775863704035994,1.4434799315718916,1.6660923455907222
datasets/synthetic_data/s2.csv,368,<timecave.validation_methods.markov.MarkovCV object at 0x00000250F6CE8C50>,5,Tree,4.453283568623145,1.7991757134516178,2.1102804478606974
datasets/synthetic_data/s2.csv,368,<timecave.validation_methods.markov.MarkovCV object at 0x00000250F6CE8C50>,5,ARMA,3.293698864065309,1.559211857724016,1.8148550531833965
datasets/synthetic_data/s2.csv,368,<timecave.validation_methods.markov.MarkovCV object at 0x00000250F6CE8C50>,6,Tree,2.378730037269342,1.2055925777790806,1.5423132098472547
datasets/synthetic_data/s2.csv,368,<timecave.validation_methods.markov.MarkovCV object at 0x00000250F6CE8C50>,6,ARMA,1.4207506960996268,0.9020069727873385,1.1919524722486323
datasets/synthetic_data/s2.csv,368,<timecave.validation_methods.markov.MarkovCV object at 0x00000250F6CE8C50>,7,Tree,4.41186311000995,1.753746656576615,2.100443550779204
datasets/synthetic_data/s2.csv,368,<timecave.validation_methods.markov.MarkovCV object at 0x00000250F6CE8C50>,7,ARMA,1.6368822991659373,1.102306451917911,1.2794070107537856
datasets/synthetic_data/s2.csv,368,<timecave.validation_methods.markov.MarkovCV object at 0x00000250F6CE8C50>,8,Tree,5.802946423833469,2.083729058632034,2.408930556042135
datasets/synthetic_data/s2.csv,368,<timecave.validation_methods.markov.MarkovCV object at 0x00000250F6CE8C50>,8,ARMA,2.8004245277832394,1.3012064345647731,1.6734469001982821
datasets/synthetic_data/s2.csv,368,<timecave.validation_methods.markov.MarkovCV object at 0x00000250F6CE8C50>,9,Tree,4.094453760931017,1.6657184898395592,2.0234756635381155
datasets/synthetic_data/s2.csv,368,<timecave.validation_methods.markov.MarkovCV object at 0x00000250F6CE8C50>,9,ARMA,1.3999093759744818,0.9603374675786087,1.1831776603597965
datasets/synthetic_data/s2.csv,369,<timecave.validation_methods.OOS.Holdout object at 0x00000250F2359DC0>,0,Tree,3.1384708932552803,1.4151635726433787,1.7715729996969587
datasets/synthetic_data/s2.csv,369,<timecave.validation_methods.OOS.Holdout object at 0x00000250F2359DC0>,0,ARMA,1.9102510030357085,1.161349503648794,1.3821183028365223
datasets/synthetic_data/s2.csv,369,<timecave.validation_methods.OOS.Repeated_Holdout object at 0x00000250F6CE8440>,0,Tree,3.622737427124254,1.5861315049583284,1.9033490029745606
datasets/synthetic_data/s2.csv,369,<timecave.validation_methods.OOS.Repeated_Holdout object at 0x00000250F6CE8440>,0,ARMA,2.2238928824963033,1.259772813471514,1.4912722362118538
datasets/synthetic_data/s2.csv,369,<timecave.validation_methods.OOS.Repeated_Holdout object at 0x00000250F6CE8440>,1,Tree,4.132358533119022,1.6154602242083143,2.032820339606779
datasets/synthetic_data/s2.csv,369,<timecave.validation_methods.OOS.Repeated_Holdout object at 0x00000250F6CE8440>,1,ARMA,2.327407938822246,1.2716592098802537,1.5255844581085134
datasets/synthetic_data/s2.csv,369,<timecave.validation_methods.OOS.Repeated_Holdout object at 0x00000250F6CE8440>,2,Tree,3.57236335626084,1.501039316226128,1.890069669684385
datasets/synthetic_data/s2.csv,369,<timecave.validation_methods.OOS.Repeated_Holdout object at 0x00000250F6CE8440>,2,ARMA,2.0769729401757107,1.2283181855854683,1.4411706839148897
datasets/synthetic_data/s2.csv,369,<timecave.validation_methods.OOS.Repeated_Holdout object at 0x00000250F6CE8440>,3,Tree,3.0667927422570425,1.3916882794973546,1.7512260682895977
datasets/synthetic_data/s2.csv,369,<timecave.validation_methods.OOS.Repeated_Holdout object at 0x00000250F6CE8440>,3,ARMA,1.9102510030357085,1.161349503648794,1.3821183028365223
datasets/synthetic_data/s2.csv,369,<timecave.validation_methods.prequential.Growing_Window object at 0x00000250F6CE8230>,0,Tree,1.3155339295401507,0.9559248560346013,1.1469672748340078
datasets/synthetic_data/s2.csv,369,<timecave.validation_methods.prequential.Growing_Window object at 0x00000250F6CE8230>,0,ARMA,0.9489322877500186,0.8073015402447637,0.9741315556689552
datasets/synthetic_data/s2.csv,369,<timecave.validation_methods.prequential.Growing_Window object at 0x00000250F6CE8230>,1,Tree,1.0749584278342021,0.813459058965163,1.0368020195940024
datasets/synthetic_data/s2.csv,369,<timecave.validation_methods.prequential.Growing_Window object at 0x00000250F6CE8230>,1,ARMA,0.8527977342181703,0.7551889665756812,0.9234704836745841
datasets/synthetic_data/s2.csv,369,<timecave.validation_methods.prequential.Growing_Window object at 0x00000250F6CE8230>,2,Tree,1.3858875944390177,0.8425519926556054,1.1772372719375723
datasets/synthetic_data/s2.csv,369,<timecave.validation_methods.prequential.Growing_Window object at 0x00000250F6CE8230>,2,ARMA,1.3988668294786688,0.9313925621124883,1.1827370077403805
datasets/synthetic_data/s2.csv,369,<timecave.validation_methods.prequential.Growing_Window object at 0x00000250F6CE8230>,3,Tree,3.288728832882313,1.4229993608694531,1.8134852723091834
datasets/synthetic_data/s2.csv,369,<timecave.validation_methods.prequential.Growing_Window object at 0x00000250F6CE8230>,3,ARMA,2.396198508021989,1.287653714546343,1.547965925988679
datasets/synthetic_data/s2.csv,369,<timecave.validation_methods.prequential.Growing_Window object at 0x00000250F6CE87A0>,0,Tree,1.1940158039961692,0.869314672458463,1.0927103019538935
datasets/synthetic_data/s2.csv,369,<timecave.validation_methods.prequential.Growing_Window object at 0x00000250F6CE87A0>,0,ARMA,0.926733632775492,0.7806841880322042,0.9626700539517639
datasets/synthetic_data/s2.csv,369,<timecave.validation_methods.prequential.Growing_Window object at 0x00000250F6CE87A0>,1,Tree,1.4379938393398641,0.8988369085064982,1.1991638083847695
datasets/synthetic_data/s2.csv,369,<timecave.validation_methods.prequential.Growing_Window object at 0x00000250F6CE87A0>,1,ARMA,1.1793333117224698,0.8885881580903484,1.085971137610236
datasets/synthetic_data/s2.csv,369,<timecave.validation_methods.prequential.Growing_Window object at 0x00000250F6CE87A0>,2,Tree,2.80050515956218,1.3900482230465139,1.6734709915508486
datasets/synthetic_data/s2.csv,369,<timecave.validation_methods.prequential.Growing_Window object at 0x00000250F6CE87A0>,2,ARMA,2.2671826572915914,1.2579271710944755,1.5057166590336946
datasets/synthetic_data/s2.csv,369,<timecave.validation_methods.prequential.Rolling_Window object at 0x00000250F6CE8200>,0,Tree,1.3008908263172614,0.9341025292690575,1.1405660113808676
datasets/synthetic_data/s2.csv,369,<timecave.validation_methods.prequential.Rolling_Window object at 0x00000250F6CE8200>,0,ARMA,0.9489322877500186,0.8073015402447637,0.9741315556689552
datasets/synthetic_data/s2.csv,369,<timecave.validation_methods.prequential.Rolling_Window object at 0x00000250F6CE8200>,1,Tree,1.3328721907152516,0.9357775093861088,1.1545008405000197
datasets/synthetic_data/s2.csv,369,<timecave.validation_methods.prequential.Rolling_Window object at 0x00000250F6CE8200>,1,ARMA,0.8474584291403652,0.7479365797301992,0.9205750535075156
datasets/synthetic_data/s2.csv,369,<timecave.validation_methods.prequential.Rolling_Window object at 0x00000250F6CE8200>,2,Tree,1.031904762842969,0.7895121929174734,1.015827132362081
datasets/synthetic_data/s2.csv,369,<timecave.validation_methods.prequential.Rolling_Window object at 0x00000250F6CE8200>,2,ARMA,1.271474075339916,0.9185035663217583,1.1275965924655484
datasets/synthetic_data/s2.csv,369,<timecave.validation_methods.prequential.Rolling_Window object at 0x00000250F6CE8200>,3,Tree,2.619830013401519,1.3737694643434955,1.618588895736505
datasets/synthetic_data/s2.csv,369,<timecave.validation_methods.prequential.Rolling_Window object at 0x00000250F6CE8200>,3,ARMA,2.594522585369848,1.3205762796265201,1.6107521799984776
datasets/synthetic_data/s2.csv,369,<timecave.validation_methods.prequential.Rolling_Window object at 0x00000250F6CE9C10>,0,Tree,1.3303554511607492,0.9528770864490896,1.1534103567944711
datasets/synthetic_data/s2.csv,369,<timecave.validation_methods.prequential.Rolling_Window object at 0x00000250F6CE9C10>,0,ARMA,0.926733632775492,0.7806841880322042,0.9626700539517639
datasets/synthetic_data/s2.csv,369,<timecave.validation_methods.prequential.Rolling_Window object at 0x00000250F6CE9C10>,1,Tree,1.4976191189086245,1.040706875416094,1.2237724947508113
datasets/synthetic_data/s2.csv,369,<timecave.validation_methods.prequential.Rolling_Window object at 0x00000250F6CE9C10>,1,ARMA,1.214503383003584,0.8709417923486062,1.102045091184378
datasets/synthetic_data/s2.csv,369,<timecave.validation_methods.prequential.Rolling_Window object at 0x00000250F6CE9C10>,2,Tree,3.3705285835553402,1.4684364847061848,1.8358999383287042
datasets/synthetic_data/s2.csv,369,<timecave.validation_methods.prequential.Rolling_Window object at 0x00000250F6CE9C10>,2,ARMA,2.2728572253944264,1.2453126749273535,1.5075998226964695
datasets/synthetic_data/s2.csv,369,<timecave.validation_methods.CV.Block_CV object at 0x00000250F6CE86E0>,0,Tree,1.2617320878314402,0.8332937321540248,1.1232684843043717
datasets/synthetic_data/s2.csv,369,<timecave.validation_methods.CV.Block_CV object at 0x00000250F6CE86E0>,0,ARMA,1.4838746641936909,0.9464041912887216,1.2181439423129317
datasets/synthetic_data/s2.csv,369,<timecave.validation_methods.CV.Block_CV object at 0x00000250F6CE86E0>,1,Tree,2.345480808378005,1.241844401470894,1.5314962645654755
datasets/synthetic_data/s2.csv,369,<timecave.validation_methods.CV.Block_CV object at 0x00000250F6CE86E0>,1,ARMA,0.9848391615932298,0.823913587269258,0.9923906295371948
datasets/synthetic_data/s2.csv,369,<timecave.validation_methods.CV.Block_CV object at 0x00000250F6CE86E0>,2,Tree,1.8795323984934218,1.1022383046220827,1.3709603927515273
datasets/synthetic_data/s2.csv,369,<timecave.validation_methods.CV.Block_CV object at 0x00000250F6CE86E0>,2,ARMA,1.0360709722680568,0.845262487333004,1.017875715531153
datasets/synthetic_data/s2.csv,369,<timecave.validation_methods.CV.Block_CV object at 0x00000250F6CE86E0>,3,Tree,0.7011853478151342,0.6355703099561931,0.8373681077131695
datasets/synthetic_data/s2.csv,369,<timecave.validation_methods.CV.Block_CV object at 0x00000250F6CE86E0>,3,ARMA,1.3463496137699555,0.9163102643547101,1.160323064396272
datasets/synthetic_data/s2.csv,369,<timecave.validation_methods.CV.Block_CV object at 0x00000250F6CE86E0>,4,Tree,3.8742885860312906,1.5355657572533585,1.9683212608797607
datasets/synthetic_data/s2.csv,369,<timecave.validation_methods.CV.Block_CV object at 0x00000250F6CE86E0>,4,ARMA,2.396198508021989,1.287653714546343,1.547965925988679
datasets/synthetic_data/s2.csv,369,<timecave.validation_methods.CV.AdaptedhvBlockCV object at 0x00000250F6CEA6F0>,0,Tree,1.4555975356572117,0.8853586872490598,1.206481469255625
datasets/synthetic_data/s2.csv,369,<timecave.validation_methods.CV.AdaptedhvBlockCV object at 0x00000250F6CEA6F0>,0,ARMA,1.4831436983332162,0.9463383442003094,1.2178438727247496
datasets/synthetic_data/s2.csv,369,<timecave.validation_methods.CV.AdaptedhvBlockCV object at 0x00000250F6CEA6F0>,1,Tree,2.488664047441725,1.224561100010491,1.5775500142441523
datasets/synthetic_data/s2.csv,369,<timecave.validation_methods.CV.AdaptedhvBlockCV object at 0x00000250F6CEA6F0>,1,ARMA,0.9856206755528186,0.8241767995223626,0.9927843046466934
datasets/synthetic_data/s2.csv,369,<timecave.validation_methods.CV.AdaptedhvBlockCV object at 0x00000250F6CEA6F0>,2,Tree,1.5799663622288438,1.0337994912543975,1.2569671285395032
datasets/synthetic_data/s2.csv,369,<timecave.validation_methods.CV.AdaptedhvBlockCV object at 0x00000250F6CEA6F0>,2,ARMA,0.9956078648053295,0.8324846916199012,0.9978015157361355
datasets/synthetic_data/s2.csv,369,<timecave.validation_methods.CV.AdaptedhvBlockCV object at 0x00000250F6CEA6F0>,3,Tree,1.0249383289017795,0.8387071832307363,1.0123923789232017
datasets/synthetic_data/s2.csv,369,<timecave.validation_methods.CV.AdaptedhvBlockCV object at 0x00000250F6CEA6F0>,3,ARMA,1.3355156980254788,0.905180851604341,1.1556451436429258
datasets/synthetic_data/s2.csv,369,<timecave.validation_methods.CV.AdaptedhvBlockCV object at 0x00000250F6CEA6F0>,4,Tree,3.828160988585925,1.5089026207391245,1.9565686771963628
datasets/synthetic_data/s2.csv,369,<timecave.validation_methods.CV.AdaptedhvBlockCV object at 0x00000250F6CEA6F0>,4,ARMA,2.288434914888432,1.2827541292114333,1.512757387980119
datasets/synthetic_data/s2.csv,369,<timecave.validation_methods.markov.MarkovCV object at 0x00000250F6CEAA20>,0,Tree,3.9855783887767005,1.6502439456200133,1.9963913415902956
datasets/synthetic_data/s2.csv,369,<timecave.validation_methods.markov.MarkovCV object at 0x00000250F6CEAA20>,0,ARMA,1.8676638086415245,1.0775449729381668,1.3666249700051307
datasets/synthetic_data/s2.csv,369,<timecave.validation_methods.markov.MarkovCV object at 0x00000250F6CEAA20>,1,Tree,4.882963728896882,1.4527337739999102,2.2097429101361277
datasets/synthetic_data/s2.csv,369,<timecave.validation_methods.markov.MarkovCV object at 0x00000250F6CEAA20>,1,ARMA,2.5535246715216697,1.2335395276958017,1.5979751786312795
datasets/synthetic_data/s2.csv,369,<timecave.validation_methods.markov.MarkovCV object at 0x00000250F6CEAA20>,2,Tree,3.0562191096723943,1.3913524721122352,1.748204538854763
datasets/synthetic_data/s2.csv,369,<timecave.validation_methods.markov.MarkovCV object at 0x00000250F6CEAA20>,2,ARMA,1.7882049436571894,1.0267640482274152,1.337237803704782
datasets/synthetic_data/s2.csv,369,<timecave.validation_methods.markov.MarkovCV object at 0x00000250F6CEAA20>,3,Tree,3.134535627010803,1.3886871214251797,1.7704619812384572
datasets/synthetic_data/s2.csv,369,<timecave.validation_methods.markov.MarkovCV object at 0x00000250F6CEAA20>,3,ARMA,2.1375697021855,1.2723725118831632,1.4620429891714881
datasets/synthetic_data/s2.csv,369,<timecave.validation_methods.markov.MarkovCV object at 0x00000250F6CEAA20>,4,Tree,6.971414727551485,2.36174820995643,2.6403436760299757
datasets/synthetic_data/s2.csv,369,<timecave.validation_methods.markov.MarkovCV object at 0x00000250F6CEAA20>,4,ARMA,3.6333512543814135,1.4681090963301964,1.9061351616245406
datasets/synthetic_data/s2.csv,369,<timecave.validation_methods.markov.MarkovCV object at 0x00000250F6CEAA20>,5,Tree,6.397032164308398,2.1533141620211036,2.529235490085571
datasets/synthetic_data/s2.csv,369,<timecave.validation_methods.markov.MarkovCV object at 0x00000250F6CEAA20>,5,ARMA,2.2835135250927494,1.2498310257341028,1.5111298835946396
datasets/synthetic_data/s2.csv,369,<timecave.validation_methods.markov.MarkovCV object at 0x00000250F6CEAA20>,6,Tree,3.408601193756476,1.5102418937660573,1.8462397443876233
datasets/synthetic_data/s2.csv,369,<timecave.validation_methods.markov.MarkovCV object at 0x00000250F6CEAA20>,6,ARMA,2.0162333809936004,1.1338851499911455,1.4199413301237487
datasets/synthetic_data/s2.csv,369,<timecave.validation_methods.markov.MarkovCV object at 0x00000250F6CEAA20>,7,Tree,3.1424124520123775,1.4353262219972318,1.7726850966859222
datasets/synthetic_data/s2.csv,369,<timecave.validation_methods.markov.MarkovCV object at 0x00000250F6CEAA20>,7,ARMA,1.370594147390874,1.0390265526873623,1.1707237707464875
datasets/synthetic_data/s2.csv,369,<timecave.validation_methods.markov.MarkovCV object at 0x00000250F6CEAA20>,8,Tree,1.3692098108837805,0.9226008367683107,1.170132390323326
datasets/synthetic_data/s2.csv,369,<timecave.validation_methods.markov.MarkovCV object at 0x00000250F6CEAA20>,8,ARMA,1.1689294771507397,0.8988811473807815,1.081170420031338
datasets/synthetic_data/s2.csv,369,<timecave.validation_methods.markov.MarkovCV object at 0x00000250F6CEAA20>,9,Tree,1.0630044954731652,0.8327690660976406,1.0310210936121362
datasets/synthetic_data/s2.csv,369,<timecave.validation_methods.markov.MarkovCV object at 0x00000250F6CEAA20>,9,ARMA,1.2221743587420533,0.8408389333712663,1.1055199494998058
datasets/synthetic_data/s2.csv,370,<timecave.validation_methods.OOS.Holdout object at 0x00000250F6C16A80>,0,Tree,3.2308498671914525,1.45157500249237,1.7974564993878024
datasets/synthetic_data/s2.csv,370,<timecave.validation_methods.OOS.Holdout object at 0x00000250F6C16A80>,0,ARMA,1.4087997429858639,0.9517805917914418,1.1869287017280625
datasets/synthetic_data/s2.csv,370,<timecave.validation_methods.OOS.Repeated_Holdout object at 0x00000250F6CE97C0>,0,Tree,3.4217575041319157,1.5759615011383088,1.8497993145560185
datasets/synthetic_data/s2.csv,370,<timecave.validation_methods.OOS.Repeated_Holdout object at 0x00000250F6CE97C0>,0,ARMA,1.456094246487017,0.9930030691394032,1.2066873026956972
datasets/synthetic_data/s2.csv,370,<timecave.validation_methods.OOS.Repeated_Holdout object at 0x00000250F6CE97C0>,1,Tree,2.9145974732049895,1.4164782438791461,1.7072192223627842
datasets/synthetic_data/s2.csv,370,<timecave.validation_methods.OOS.Repeated_Holdout object at 0x00000250F6CE97C0>,1,ARMA,1.5815393880209523,1.0341899981613203,1.2575926955978045
datasets/synthetic_data/s2.csv,370,<timecave.validation_methods.OOS.Repeated_Holdout object at 0x00000250F6CE97C0>,2,Tree,3.7542173295311114,1.5672098953923375,1.937580276925607
datasets/synthetic_data/s2.csv,370,<timecave.validation_methods.OOS.Repeated_Holdout object at 0x00000250F6CE97C0>,2,ARMA,1.4012011912770497,0.9678574302570986,1.1837234437473347
datasets/synthetic_data/s2.csv,370,<timecave.validation_methods.OOS.Repeated_Holdout object at 0x00000250F6CE97C0>,3,Tree,2.929771582551564,1.3766389176855003,1.7116575541128443
datasets/synthetic_data/s2.csv,370,<timecave.validation_methods.OOS.Repeated_Holdout object at 0x00000250F6CE97C0>,3,ARMA,1.4087997429858639,0.9517805917914418,1.1869287017280625
datasets/synthetic_data/s2.csv,370,<timecave.validation_methods.prequential.Growing_Window object at 0x00000250F6CEA510>,0,Tree,3.57520543132406,1.457807552575343,1.8908213642023564
datasets/synthetic_data/s2.csv,370,<timecave.validation_methods.prequential.Growing_Window object at 0x00000250F6CEA510>,0,ARMA,1.6532784158039977,0.964661853969259,1.2857987462289726
datasets/synthetic_data/s2.csv,370,<timecave.validation_methods.prequential.Growing_Window object at 0x00000250F6CEA510>,1,Tree,2.0208918166553493,1.1339318508335507,1.4215807457388234
datasets/synthetic_data/s2.csv,370,<timecave.validation_methods.prequential.Growing_Window object at 0x00000250F6CEA510>,1,ARMA,1.612448903628702,1.009815306719767,1.2698223905840935
datasets/synthetic_data/s2.csv,370,<timecave.validation_methods.prequential.Growing_Window object at 0x00000250F6CEA510>,2,Tree,1.7546471020903527,1.0288987881382254,1.324630930520027
datasets/synthetic_data/s2.csv,370,<timecave.validation_methods.prequential.Growing_Window object at 0x00000250F6CEA510>,2,ARMA,1.3315980720666676,0.9585889884293681,1.1539489035770465
datasets/synthetic_data/s2.csv,370,<timecave.validation_methods.prequential.Growing_Window object at 0x00000250F6CEA510>,3,Tree,3.674266459722051,1.5949472937407505,1.9168376195499846
datasets/synthetic_data/s2.csv,370,<timecave.validation_methods.prequential.Growing_Window object at 0x00000250F6CEA510>,3,ARMA,1.3906362016666154,0.9887064100579546,1.179252390994657
datasets/synthetic_data/s2.csv,370,<timecave.validation_methods.prequential.Growing_Window object at 0x00000250F6CE9B50>,0,Tree,2.0644790396441346,1.1922094888480375,1.436829509595392
datasets/synthetic_data/s2.csv,370,<timecave.validation_methods.prequential.Growing_Window object at 0x00000250F6CE9B50>,0,ARMA,1.73897564483106,1.0524178772520738,1.3187022578395247
datasets/synthetic_data/s2.csv,370,<timecave.validation_methods.prequential.Growing_Window object at 0x00000250F6CE9B50>,1,Tree,1.7980163879062832,1.0863376803477476,1.3409013341429277
datasets/synthetic_data/s2.csv,370,<timecave.validation_methods.prequential.Growing_Window object at 0x00000250F6CE9B50>,1,ARMA,1.1920925224458183,0.9168080543281961,1.0918298962960387
datasets/synthetic_data/s2.csv,370,<timecave.validation_methods.prequential.Growing_Window object at 0x00000250F6CE9B50>,2,Tree,3.2554835484542943,1.4415325913397254,1.8042958594571719
datasets/synthetic_data/s2.csv,370,<timecave.validation_methods.prequential.Growing_Window object at 0x00000250F6CE9B50>,2,ARMA,1.5090117839323018,1.0159426777800225,1.2284184075193199
datasets/synthetic_data/s2.csv,370,<timecave.validation_methods.prequential.Rolling_Window object at 0x00000250F6CEB590>,0,Tree,3.367023537280715,1.4136286507588711,1.834945104704965
datasets/synthetic_data/s2.csv,370,<timecave.validation_methods.prequential.Rolling_Window object at 0x00000250F6CEB590>,0,ARMA,1.6532784158039977,0.964661853969259,1.2857987462289726
datasets/synthetic_data/s2.csv,370,<timecave.validation_methods.prequential.Rolling_Window object at 0x00000250F6CEB590>,1,Tree,2.9602418620280377,1.3798858333605029,1.7205353416968912
datasets/synthetic_data/s2.csv,370,<timecave.validation_methods.prequential.Rolling_Window object at 0x00000250F6CEB590>,1,ARMA,1.4921305257335664,0.9769442658713399,1.221527947176636
datasets/synthetic_data/s2.csv,370,<timecave.validation_methods.prequential.Rolling_Window object at 0x00000250F6CEB590>,2,Tree,2.940780832321554,1.3715740555818836,1.7148705001607423
datasets/synthetic_data/s2.csv,370,<timecave.validation_methods.prequential.Rolling_Window object at 0x00000250F6CEB590>,2,ARMA,1.3794674015596182,0.9674769552124138,1.1745073016203935
datasets/synthetic_data/s2.csv,370,<timecave.validation_methods.prequential.Rolling_Window object at 0x00000250F6CEB590>,3,Tree,1.2449735563822193,0.8752508779955761,1.1157838304896783
datasets/synthetic_data/s2.csv,370,<timecave.validation_methods.prequential.Rolling_Window object at 0x00000250F6CEB590>,3,ARMA,1.4005107359454354,0.9807530481203317,1.1834317622682922
datasets/synthetic_data/s2.csv,370,<timecave.validation_methods.prequential.Rolling_Window object at 0x00000250F6CEB860>,0,Tree,2.0045589557855257,1.2154397873715257,1.415824479158884
datasets/synthetic_data/s2.csv,370,<timecave.validation_methods.prequential.Rolling_Window object at 0x00000250F6CEB860>,0,ARMA,1.73897564483106,1.0524178772520738,1.3187022578395247
datasets/synthetic_data/s2.csv,370,<timecave.validation_methods.prequential.Rolling_Window object at 0x00000250F6CEB860>,1,Tree,3.026784840841891,1.3454990383829297,1.7397657430935611
datasets/synthetic_data/s2.csv,370,<timecave.validation_methods.prequential.Rolling_Window object at 0x00000250F6CEB860>,1,ARMA,1.1318934899393058,0.8790976921636351,1.0639048312416415
datasets/synthetic_data/s2.csv,370,<timecave.validation_methods.prequential.Rolling_Window object at 0x00000250F6CEB860>,2,Tree,4.373944787649098,1.778513221032934,2.0913978071254395
datasets/synthetic_data/s2.csv,370,<timecave.validation_methods.prequential.Rolling_Window object at 0x00000250F6CEB860>,2,ARMA,1.6493748920128526,1.0597519471504107,1.2842799118622281
datasets/synthetic_data/s2.csv,370,<timecave.validation_methods.CV.Block_CV object at 0x00000250F6CEAF60>,0,Tree,2.428850491320951,1.307473134528398,1.5584769781170817
datasets/synthetic_data/s2.csv,370,<timecave.validation_methods.CV.Block_CV object at 0x00000250F6CEAF60>,0,ARMA,1.5272400786074156,1.0518459363544914,1.2358155520171348
datasets/synthetic_data/s2.csv,370,<timecave.validation_methods.CV.Block_CV object at 0x00000250F6CEAF60>,1,Tree,1.7793696205178922,1.0560867410758203,1.333930140793697
datasets/synthetic_data/s2.csv,370,<timecave.validation_methods.CV.Block_CV object at 0x00000250F6CEAF60>,1,ARMA,1.767856876695411,0.9927012695642621,1.3296077905515638
datasets/synthetic_data/s2.csv,370,<timecave.validation_methods.CV.Block_CV object at 0x00000250F6CEAF60>,2,Tree,2.5253076645573,1.22205466895202,1.589121664491835
datasets/synthetic_data/s2.csv,370,<timecave.validation_methods.CV.Block_CV object at 0x00000250F6CEAF60>,2,ARMA,1.682335594898751,1.0270692882454848,1.297048802049773
datasets/synthetic_data/s2.csv,370,<timecave.validation_methods.CV.Block_CV object at 0x00000250F6CEAF60>,3,Tree,1.8045267690083837,1.0850099485010802,1.3433267543707985
datasets/synthetic_data/s2.csv,370,<timecave.validation_methods.CV.Block_CV object at 0x00000250F6CEAF60>,3,ARMA,1.3312694386116406,0.9504940145550175,1.153806499640057
datasets/synthetic_data/s2.csv,370,<timecave.validation_methods.CV.Block_CV object at 0x00000250F6CEAF60>,4,Tree,3.615654899547795,1.5759412934943886,1.9014875491435108
datasets/synthetic_data/s2.csv,370,<timecave.validation_methods.CV.Block_CV object at 0x00000250F6CEAF60>,4,ARMA,1.3906362016666154,0.9887064100579546,1.179252390994657
datasets/synthetic_data/s2.csv,370,<timecave.validation_methods.CV.AdaptedhvBlockCV object at 0x00000250F6CE9DF0>,0,Tree,2.832223422016313,1.4488794512766747,1.68292109797706
datasets/synthetic_data/s2.csv,370,<timecave.validation_methods.CV.AdaptedhvBlockCV object at 0x00000250F6CE9DF0>,0,ARMA,1.5222605708990435,1.051391053071346,1.2337992425427418
datasets/synthetic_data/s2.csv,370,<timecave.validation_methods.CV.AdaptedhvBlockCV object at 0x00000250F6CE9DF0>,1,Tree,2.387585740695867,1.3430867591360167,1.5451814588247772
datasets/synthetic_data/s2.csv,370,<timecave.validation_methods.CV.AdaptedhvBlockCV object at 0x00000250F6CE9DF0>,1,ARMA,1.7721423675820054,1.0001971558312155,1.3312183771199995
datasets/synthetic_data/s2.csv,370,<timecave.validation_methods.CV.AdaptedhvBlockCV object at 0x00000250F6CE9DF0>,2,Tree,2.6515879532191495,1.2348967849401171,1.6283697225197813
datasets/synthetic_data/s2.csv,370,<timecave.validation_methods.CV.AdaptedhvBlockCV object at 0x00000250F6CE9DF0>,2,ARMA,1.6792235855918232,1.024445111101702,1.2958485967086677
datasets/synthetic_data/s2.csv,370,<timecave.validation_methods.CV.AdaptedhvBlockCV object at 0x00000250F6CE9DF0>,3,Tree,2.0760234720782944,1.120192300957021,1.4408412376380315
datasets/synthetic_data/s2.csv,370,<timecave.validation_methods.CV.AdaptedhvBlockCV object at 0x00000250F6CE9DF0>,3,ARMA,1.3310480821223403,0.9528530380569247,1.1537105712102755
datasets/synthetic_data/s2.csv,370,<timecave.validation_methods.CV.AdaptedhvBlockCV object at 0x00000250F6CE9DF0>,4,Tree,2.8402225586955256,1.4041097743532258,1.6852959854860883
datasets/synthetic_data/s2.csv,370,<timecave.validation_methods.CV.AdaptedhvBlockCV object at 0x00000250F6CE9DF0>,4,ARMA,1.704517859552531,1.0500391934948667,1.3055718515472563
datasets/synthetic_data/s2.csv,370,<timecave.validation_methods.markov.MarkovCV object at 0x00000250F6CEA030>,0,Tree,5.043398424663361,1.8579259038723759,2.245751193846585
datasets/synthetic_data/s2.csv,370,<timecave.validation_methods.markov.MarkovCV object at 0x00000250F6CEA030>,0,ARMA,2.082924886091583,1.2367420794308204,1.4432341757634424
datasets/synthetic_data/s2.csv,370,<timecave.validation_methods.markov.MarkovCV object at 0x00000250F6CEA030>,1,Tree,4.79380335647969,1.9673424139002749,2.1894755893774405
datasets/synthetic_data/s2.csv,370,<timecave.validation_methods.markov.MarkovCV object at 0x00000250F6CEA030>,1,ARMA,1.8765712326517219,1.1153725405471426,1.3698800066617958
datasets/synthetic_data/s2.csv,370,<timecave.validation_methods.markov.MarkovCV object at 0x00000250F6CEA030>,2,Tree,4.634941320486437,1.7784259851111852,2.152891386133178
datasets/synthetic_data/s2.csv,370,<timecave.validation_methods.markov.MarkovCV object at 0x00000250F6CEA030>,2,ARMA,1.2432356833136973,0.8025457172855962,1.1150047907133391
datasets/synthetic_data/s2.csv,370,<timecave.validation_methods.markov.MarkovCV object at 0x00000250F6CEA030>,3,Tree,3.622508682040049,1.5474377910218888,1.9032889118680982
datasets/synthetic_data/s2.csv,370,<timecave.validation_methods.markov.MarkovCV object at 0x00000250F6CEA030>,3,ARMA,1.9043530922494454,1.10460952203913,1.3799830043335481
datasets/synthetic_data/s2.csv,370,<timecave.validation_methods.markov.MarkovCV object at 0x00000250F6CEA030>,4,Tree,4.245147178392617,1.7218051889195536,2.0603754945137105
datasets/synthetic_data/s2.csv,370,<timecave.validation_methods.markov.MarkovCV object at 0x00000250F6CEA030>,4,ARMA,1.6651399885159568,1.0746963296406058,1.290403033364366
datasets/synthetic_data/s2.csv,370,<timecave.validation_methods.markov.MarkovCV object at 0x00000250F6CEA030>,5,Tree,1.5480516709645789,1.0939223266831457,1.244207245986206
datasets/synthetic_data/s2.csv,370,<timecave.validation_methods.markov.MarkovCV object at 0x00000250F6CEA030>,5,ARMA,2.1498813266852865,1.223279003506332,1.4662473620386454
datasets/synthetic_data/s2.csv,370,<timecave.validation_methods.markov.MarkovCV object at 0x00000250F6CEA030>,6,Tree,1.5927177736707172,0.7822170046009401,1.2620292285326506
datasets/synthetic_data/s2.csv,370,<timecave.validation_methods.markov.MarkovCV object at 0x00000250F6CEA030>,6,ARMA,2.134918159024502,1.2889228726627602,1.461135913946578
datasets/synthetic_data/s2.csv,370,<timecave.validation_methods.markov.MarkovCV object at 0x00000250F6CEA030>,7,Tree,2.33877986404194,1.050877393279105,1.5293069881622656
datasets/synthetic_data/s2.csv,370,<timecave.validation_methods.markov.MarkovCV object at 0x00000250F6CEA030>,7,ARMA,2.320996852618383,1.308383114786455,1.5234818189326655
datasets/synthetic_data/s2.csv,370,<timecave.validation_methods.markov.MarkovCV object at 0x00000250F6CEA030>,8,Tree,1.5464299501990657,0.9821346633988498,1.24355536676059
datasets/synthetic_data/s2.csv,370,<timecave.validation_methods.markov.MarkovCV object at 0x00000250F6CEA030>,8,ARMA,0.8969349911709013,0.8404744139240189,0.9470665188733584
datasets/synthetic_data/s2.csv,370,<timecave.validation_methods.markov.MarkovCV object at 0x00000250F6CEA030>,9,Tree,2.74661122664762,1.2244591679529158,1.6572903266017152
datasets/synthetic_data/s2.csv,370,<timecave.validation_methods.markov.MarkovCV object at 0x00000250F6CEA030>,9,ARMA,3.2134485594663813,1.441907335355581,1.792609427473364
datasets/synthetic_data/s2.csv,371,<timecave.validation_methods.OOS.Holdout object at 0x00000250F2A0CCE0>,0,Tree,2.9918489892866904,1.4232577833361588,1.7296962130058244
datasets/synthetic_data/s2.csv,371,<timecave.validation_methods.OOS.Holdout object at 0x00000250F2A0CCE0>,0,ARMA,1.8027349212140316,1.115632401306318,1.3426596445912984
datasets/synthetic_data/s2.csv,371,<timecave.validation_methods.OOS.Repeated_Holdout object at 0x00000250F6CE8050>,0,Tree,1.6448836333838055,1.0491410022958485,1.2825301686057158
datasets/synthetic_data/s2.csv,371,<timecave.validation_methods.OOS.Repeated_Holdout object at 0x00000250F6CE8050>,0,ARMA,2.173699424756919,1.2262663439708164,1.474347118136336
datasets/synthetic_data/s2.csv,371,<timecave.validation_methods.OOS.Repeated_Holdout object at 0x00000250F6CE8050>,1,Tree,1.5936078194694603,0.9966108846490676,1.2623818041581003
datasets/synthetic_data/s2.csv,371,<timecave.validation_methods.OOS.Repeated_Holdout object at 0x00000250F6CE8050>,1,ARMA,2.140300729983697,1.2091355946041067,1.4629766676142504
datasets/synthetic_data/s2.csv,371,<timecave.validation_methods.OOS.Repeated_Holdout object at 0x00000250F6CE8050>,2,Tree,2.198348011464391,1.150568749664959,1.482682707616296
datasets/synthetic_data/s2.csv,371,<timecave.validation_methods.OOS.Repeated_Holdout object at 0x00000250F6CE8050>,2,ARMA,1.9195599692212004,1.1510857239738084,1.385481854526143
datasets/synthetic_data/s2.csv,371,<timecave.validation_methods.OOS.Repeated_Holdout object at 0x00000250F6CE8050>,3,Tree,2.813919249049672,1.3470932503866733,1.6774740680707025
datasets/synthetic_data/s2.csv,371,<timecave.validation_methods.OOS.Repeated_Holdout object at 0x00000250F6CE8050>,3,ARMA,1.8027349212140316,1.115632401306318,1.3426596445912984
datasets/synthetic_data/s2.csv,371,<timecave.validation_methods.prequential.Growing_Window object at 0x00000250F6CE8D10>,0,Tree,4.069342297643939,1.6697982065609815,2.017261088120211
datasets/synthetic_data/s2.csv,371,<timecave.validation_methods.prequential.Growing_Window object at 0x00000250F6CE8D10>,0,ARMA,2.286108888320357,1.2265312536874018,1.5119883889502448
datasets/synthetic_data/s2.csv,371,<timecave.validation_methods.prequential.Growing_Window object at 0x00000250F6CE8D10>,1,Tree,1.7806803735256636,1.0129069351733253,1.3344213628107366
datasets/synthetic_data/s2.csv,371,<timecave.validation_methods.prequential.Growing_Window object at 0x00000250F6CE8D10>,1,ARMA,1.7747211648845673,1.0912940657866406,1.3321866103833078
datasets/synthetic_data/s2.csv,371,<timecave.validation_methods.prequential.Growing_Window object at 0x00000250F6CE8D10>,2,Tree,2.689276367131102,1.3685594040347107,1.639901328474095
datasets/synthetic_data/s2.csv,371,<timecave.validation_methods.prequential.Growing_Window object at 0x00000250F6CE8D10>,2,ARMA,1.4194091891900575,0.9775578637123565,1.191389604281512
datasets/synthetic_data/s2.csv,371,<timecave.validation_methods.prequential.Growing_Window object at 0x00000250F6CE8D10>,3,Tree,1.5864264524936824,1.011442512092334,1.2595342204536097
datasets/synthetic_data/s2.csv,371,<timecave.validation_methods.prequential.Growing_Window object at 0x00000250F6CE8D10>,3,ARMA,2.19521936993583,1.235560056945415,1.481627270920669
datasets/synthetic_data/s2.csv,371,<timecave.validation_methods.prequential.Growing_Window object at 0x00000250F6CE9940>,0,Tree,2.721098147103707,1.243210674016488,1.6495751413935975
datasets/synthetic_data/s2.csv,371,<timecave.validation_methods.prequential.Growing_Window object at 0x00000250F6CE9940>,0,ARMA,1.7932888736441688,1.1283669326745553,1.3391373617535165
datasets/synthetic_data/s2.csv,371,<timecave.validation_methods.prequential.Growing_Window object at 0x00000250F6CE9940>,1,Tree,2.0632323527395013,1.1939600253637035,1.436395611501059
datasets/synthetic_data/s2.csv,371,<timecave.validation_methods.prequential.Growing_Window object at 0x00000250F6CE9940>,1,ARMA,1.4667452124547524,0.9919336269944589,1.2110925697298092
datasets/synthetic_data/s2.csv,371,<timecave.validation_methods.prequential.Growing_Window object at 0x00000250F6CE9940>,2,Tree,2.2333837989071417,1.274364117482349,1.4944510025113376
datasets/synthetic_data/s2.csv,371,<timecave.validation_methods.prequential.Growing_Window object at 0x00000250F6CE9940>,2,ARMA,2.1529242673556315,1.215883338211747,1.4672846579159857
datasets/synthetic_data/s2.csv,371,<timecave.validation_methods.prequential.Rolling_Window object at 0x00000250F6CE89B0>,0,Tree,2.220907346292304,1.2580328885502823,1.490270896948707
datasets/synthetic_data/s2.csv,371,<timecave.validation_methods.prequential.Rolling_Window object at 0x00000250F6CE89B0>,0,ARMA,2.286108888320357,1.2265312536874018,1.5119883889502448
datasets/synthetic_data/s2.csv,371,<timecave.validation_methods.prequential.Rolling_Window object at 0x00000250F6CE89B0>,1,Tree,3.0442983900044824,1.440846012125522,1.744791789871927
datasets/synthetic_data/s2.csv,371,<timecave.validation_methods.prequential.Rolling_Window object at 0x00000250F6CE89B0>,1,ARMA,1.7443996098114734,1.0992192252634099,1.3207572107739838
datasets/synthetic_data/s2.csv,371,<timecave.validation_methods.prequential.Rolling_Window object at 0x00000250F6CE89B0>,2,Tree,2.0092089900942947,1.2097970385280843,1.4174656927397906
datasets/synthetic_data/s2.csv,371,<timecave.validation_methods.prequential.Rolling_Window object at 0x00000250F6CE89B0>,2,ARMA,1.487068752358224,0.9965247694954604,1.2194542846528622
datasets/synthetic_data/s2.csv,371,<timecave.validation_methods.prequential.Rolling_Window object at 0x00000250F6CE89B0>,3,Tree,2.9158925466709773,1.3689765470122932,1.7075984734916394
datasets/synthetic_data/s2.csv,371,<timecave.validation_methods.prequential.Rolling_Window object at 0x00000250F6CE89B0>,3,ARMA,2.1662911159867564,1.2302529254477466,1.4718325706366049
datasets/synthetic_data/s2.csv,371,<timecave.validation_methods.prequential.Rolling_Window object at 0x00000250F6CE8860>,0,Tree,2.914271088843346,1.3146628337350124,1.7071236302164368
datasets/synthetic_data/s2.csv,371,<timecave.validation_methods.prequential.Rolling_Window object at 0x00000250F6CE8860>,0,ARMA,1.7932888736441688,1.1283669326745553,1.3391373617535165
datasets/synthetic_data/s2.csv,371,<timecave.validation_methods.prequential.Rolling_Window object at 0x00000250F6CE8860>,1,Tree,1.4492295701243134,0.9221355718671456,1.2038395117806664
datasets/synthetic_data/s2.csv,371,<timecave.validation_methods.prequential.Rolling_Window object at 0x00000250F6CE8860>,1,ARMA,1.4424053752343686,0.9756712713060934,1.2010018214950253
datasets/synthetic_data/s2.csv,371,<timecave.validation_methods.prequential.Rolling_Window object at 0x00000250F6CE8860>,2,Tree,4.2796893041916055,1.7177477869826405,2.068740994951182
datasets/synthetic_data/s2.csv,371,<timecave.validation_methods.prequential.Rolling_Window object at 0x00000250F6CE8860>,2,ARMA,2.051689338874075,1.209242992434627,1.4323719275642326
datasets/synthetic_data/s2.csv,371,<timecave.validation_methods.CV.Block_CV object at 0x00000250F6CEA060>,0,Tree,2.254974623744927,1.2259615230014445,1.5016572923756362
datasets/synthetic_data/s2.csv,371,<timecave.validation_methods.CV.Block_CV object at 0x00000250F6CEA060>,0,ARMA,1.7253120686992545,1.0647307391495473,1.3135113508071616
datasets/synthetic_data/s2.csv,371,<timecave.validation_methods.CV.Block_CV object at 0x00000250F6CEA060>,1,Tree,2.0778904569673315,1.1999253614774033,1.4414889721976132
datasets/synthetic_data/s2.csv,371,<timecave.validation_methods.CV.Block_CV object at 0x00000250F6CEA060>,1,ARMA,2.0924333507201363,1.2169176953800498,1.446524576604261
datasets/synthetic_data/s2.csv,371,<timecave.validation_methods.CV.Block_CV object at 0x00000250F6CEA060>,2,Tree,2.3585779439488412,1.1934948316833476,1.535766240008173
datasets/synthetic_data/s2.csv,371,<timecave.validation_methods.CV.Block_CV object at 0x00000250F6CEA060>,2,ARMA,1.7162379765340063,1.0943866716089379,1.3100526617407433
datasets/synthetic_data/s2.csv,371,<timecave.validation_methods.CV.Block_CV object at 0x00000250F6CEA060>,3,Tree,2.5430373159476627,1.2796720963423207,1.5946903511176278
datasets/synthetic_data/s2.csv,371,<timecave.validation_methods.CV.Block_CV object at 0x00000250F6CEA060>,3,ARMA,1.4966453870492142,1.02895191707688,1.2233745898330626
datasets/synthetic_data/s2.csv,371,<timecave.validation_methods.CV.Block_CV object at 0x00000250F6CEA060>,4,Tree,1.5582417160172441,0.9868775726782313,1.2482955243119491
datasets/synthetic_data/s2.csv,371,<timecave.validation_methods.CV.Block_CV object at 0x00000250F6CEA060>,4,ARMA,2.19521936993583,1.235560056945415,1.481627270920669
datasets/synthetic_data/s2.csv,371,<timecave.validation_methods.CV.AdaptedhvBlockCV object at 0x00000250F6CE83E0>,0,Tree,2.5666159351893145,1.3152281644733426,1.6020661456972725
datasets/synthetic_data/s2.csv,371,<timecave.validation_methods.CV.AdaptedhvBlockCV object at 0x00000250F6CE83E0>,0,ARMA,1.7250696958607155,1.0652581316510923,1.3134190861490918
datasets/synthetic_data/s2.csv,371,<timecave.validation_methods.CV.AdaptedhvBlockCV object at 0x00000250F6CE83E0>,1,Tree,2.5881603057437523,1.329456667959973,1.6087760272156446
datasets/synthetic_data/s2.csv,371,<timecave.validation_methods.CV.AdaptedhvBlockCV object at 0x00000250F6CE83E0>,1,ARMA,2.0572702138708605,1.2046326852374762,1.434318728132231
datasets/synthetic_data/s2.csv,371,<timecave.validation_methods.CV.AdaptedhvBlockCV object at 0x00000250F6CE83E0>,2,Tree,1.2618286501765223,0.9134484502936461,1.1233114662356662
datasets/synthetic_data/s2.csv,371,<timecave.validation_methods.CV.AdaptedhvBlockCV object at 0x00000250F6CE83E0>,2,ARMA,1.7341240919492185,1.1008430905454656,1.3168614551080224
datasets/synthetic_data/s2.csv,371,<timecave.validation_methods.CV.AdaptedhvBlockCV object at 0x00000250F6CE83E0>,3,Tree,2.6027155156447006,1.3255443116392647,1.6132933755658643
datasets/synthetic_data/s2.csv,371,<timecave.validation_methods.CV.AdaptedhvBlockCV object at 0x00000250F6CE83E0>,3,ARMA,1.482554180309545,1.0220849305252826,1.2176018151717518
datasets/synthetic_data/s2.csv,371,<timecave.validation_methods.CV.AdaptedhvBlockCV object at 0x00000250F6CE83E0>,4,Tree,1.6911145625800272,1.0689047085420107,1.30042860725994
datasets/synthetic_data/s2.csv,371,<timecave.validation_methods.CV.AdaptedhvBlockCV object at 0x00000250F6CE83E0>,4,ARMA,2.2212628570427735,1.2520795426274958,1.4903901693995347
datasets/synthetic_data/s2.csv,371,<timecave.validation_methods.markov.MarkovCV object at 0x00000250F6CE8350>,0,Tree,3.2669710866597,1.6168014798631756,1.807476441522738
datasets/synthetic_data/s2.csv,371,<timecave.validation_methods.markov.MarkovCV object at 0x00000250F6CE8350>,0,ARMA,2.3413526499400508,1.0601802046190771,1.5301479176668022
datasets/synthetic_data/s2.csv,371,<timecave.validation_methods.markov.MarkovCV object at 0x00000250F6CE8350>,1,Tree,3.967175777345868,1.566020690978202,1.99177704006896
datasets/synthetic_data/s2.csv,371,<timecave.validation_methods.markov.MarkovCV object at 0x00000250F6CE8350>,1,ARMA,1.5612992307330946,1.067338069449731,1.249519599979566
datasets/synthetic_data/s2.csv,371,<timecave.validation_methods.markov.MarkovCV object at 0x00000250F6CE8350>,2,Tree,5.37385077992963,1.9939811875729243,2.3181567634501405
datasets/synthetic_data/s2.csv,371,<timecave.validation_methods.markov.MarkovCV object at 0x00000250F6CE8350>,2,ARMA,2.0793492614127156,1.279781096161255,1.441994889523786
datasets/synthetic_data/s2.csv,371,<timecave.validation_methods.markov.MarkovCV object at 0x00000250F6CE8350>,3,Tree,4.385448810599614,1.8196545468287124,2.0941463202459407
datasets/synthetic_data/s2.csv,371,<timecave.validation_methods.markov.MarkovCV object at 0x00000250F6CE8350>,3,ARMA,3.927426108387452,1.7138326059977287,1.9817734755484675
datasets/synthetic_data/s2.csv,371,<timecave.validation_methods.markov.MarkovCV object at 0x00000250F6CE8350>,4,Tree,2.237527224034633,1.2449833843768678,1.4958366301286492
datasets/synthetic_data/s2.csv,371,<timecave.validation_methods.markov.MarkovCV object at 0x00000250F6CE8350>,4,ARMA,0.9872781976679618,0.8125760786894488,0.9936187385853599
datasets/synthetic_data/s2.csv,371,<timecave.validation_methods.markov.MarkovCV object at 0x00000250F6CE8350>,5,Tree,2.3229645462654043,1.3096438319402377,1.524127470477914
datasets/synthetic_data/s2.csv,371,<timecave.validation_methods.markov.MarkovCV object at 0x00000250F6CE8350>,5,ARMA,1.9529566741375521,1.2347458836852279,1.3974822625484562
datasets/synthetic_data/s2.csv,371,<timecave.validation_methods.markov.MarkovCV object at 0x00000250F6CE8350>,6,Tree,4.092433290591694,1.67585942915309,2.0229763445457523
datasets/synthetic_data/s2.csv,371,<timecave.validation_methods.markov.MarkovCV object at 0x00000250F6CE8350>,6,ARMA,4.355925492183928,1.7304246879564158,2.0870854060588724
datasets/synthetic_data/s2.csv,371,<timecave.validation_methods.markov.MarkovCV object at 0x00000250F6CE8350>,7,Tree,3.749421743057759,1.5285743053397929,1.936342362047001
datasets/synthetic_data/s2.csv,371,<timecave.validation_methods.markov.MarkovCV object at 0x00000250F6CE8350>,7,ARMA,1.972251743999662,1.2536041790553314,1.404368806261255
datasets/synthetic_data/s2.csv,371,<timecave.validation_methods.markov.MarkovCV object at 0x00000250F6CE8350>,8,Tree,4.7816580113613645,1.9368951721687118,2.186700256404925
datasets/synthetic_data/s2.csv,371,<timecave.validation_methods.markov.MarkovCV object at 0x00000250F6CE8350>,8,ARMA,1.8452533201857806,1.0552135981957096,1.3584010159690623
datasets/synthetic_data/s2.csv,371,<timecave.validation_methods.markov.MarkovCV object at 0x00000250F6CE8350>,9,Tree,2.253328853479687,1.2774028929076282,1.5011092077126458
datasets/synthetic_data/s2.csv,371,<timecave.validation_methods.markov.MarkovCV object at 0x00000250F6CE8350>,9,ARMA,3.3063645143904847,1.6541918223991936,1.8183411435675334
datasets/synthetic_data/s2.csv,372,<timecave.validation_methods.OOS.Holdout object at 0x00000250F6C41FD0>,0,Tree,2.1744618719201565,1.09451837246654,1.474605666583496
datasets/synthetic_data/s2.csv,372,<timecave.validation_methods.OOS.Holdout object at 0x00000250F6C41FD0>,0,ARMA,1.4017161790470254,1.0035312245439532,1.1839409525170692
datasets/synthetic_data/s2.csv,372,<timecave.validation_methods.OOS.Repeated_Holdout object at 0x00000250F6CEBF50>,0,Tree,2.284139331001496,1.1877622483155452,1.5113369349690016
datasets/synthetic_data/s2.csv,372,<timecave.validation_methods.OOS.Repeated_Holdout object at 0x00000250F6CEBF50>,0,ARMA,1.5202570553298749,1.0462177478441754,1.2329870458889156
datasets/synthetic_data/s2.csv,372,<timecave.validation_methods.OOS.Repeated_Holdout object at 0x00000250F6CEBF50>,1,Tree,2.6605090775605755,1.3476187405585656,1.6311067033031823
datasets/synthetic_data/s2.csv,372,<timecave.validation_methods.OOS.Repeated_Holdout object at 0x00000250F6CEBF50>,1,ARMA,1.6469130516576045,1.1085285808319918,1.2833211023191369
datasets/synthetic_data/s2.csv,372,<timecave.validation_methods.OOS.Repeated_Holdout object at 0x00000250F6CEBF50>,2,Tree,2.671473174002031,1.3588989806587308,1.6344641855978463
datasets/synthetic_data/s2.csv,372,<timecave.validation_methods.OOS.Repeated_Holdout object at 0x00000250F6CEBF50>,2,ARMA,1.4421562975276596,1.019029458911126,1.2008981212108125
datasets/synthetic_data/s2.csv,372,<timecave.validation_methods.OOS.Repeated_Holdout object at 0x00000250F6CEBF50>,3,Tree,2.4049517702097396,1.1769373607135498,1.5507906919406433
datasets/synthetic_data/s2.csv,372,<timecave.validation_methods.OOS.Repeated_Holdout object at 0x00000250F6CEBF50>,3,ARMA,1.4017161790470254,1.0035312245439532,1.1839409525170692
datasets/synthetic_data/s2.csv,372,<timecave.validation_methods.prequential.Growing_Window object at 0x00000250F6CEA360>,0,Tree,2.8194621121177446,1.4082725417699478,1.6791254009506689
datasets/synthetic_data/s2.csv,372,<timecave.validation_methods.prequential.Growing_Window object at 0x00000250F6CEA360>,0,ARMA,2.5543674348163976,1.3492661357322167,1.5982388541192452
datasets/synthetic_data/s2.csv,372,<timecave.validation_methods.prequential.Growing_Window object at 0x00000250F6CEA360>,1,Tree,3.5668097152033758,1.509161118962706,1.8885999351909806
datasets/synthetic_data/s2.csv,372,<timecave.validation_methods.prequential.Growing_Window object at 0x00000250F6CEA360>,1,ARMA,1.569274415511768,1.0484963684136566,1.2527068354215076
datasets/synthetic_data/s2.csv,372,<timecave.validation_methods.prequential.Growing_Window object at 0x00000250F6CEA360>,2,Tree,1.5120166958706123,1.0018046240130576,1.2296408808553059
datasets/synthetic_data/s2.csv,372,<timecave.validation_methods.prequential.Growing_Window object at 0x00000250F6CEA360>,2,ARMA,0.8933495792210809,0.8265595306593292,0.945171719435723
datasets/synthetic_data/s2.csv,372,<timecave.validation_methods.prequential.Growing_Window object at 0x00000250F6CEA360>,3,Tree,2.828195204359017,1.3991477711154412,1.6817238787503188
datasets/synthetic_data/s2.csv,372,<timecave.validation_methods.prequential.Growing_Window object at 0x00000250F6CEA360>,3,ARMA,1.7094276653461309,1.13743510456334,1.307450827123579
datasets/synthetic_data/s2.csv,372,<timecave.validation_methods.prequential.Growing_Window object at 0x00000250F6CE81D0>,0,Tree,3.677370142704525,1.6284466495714756,1.9176470328776682
datasets/synthetic_data/s2.csv,372,<timecave.validation_methods.prequential.Growing_Window object at 0x00000250F6CE81D0>,0,ARMA,1.4984276367936415,1.015474026109357,1.2241027884918985
datasets/synthetic_data/s2.csv,372,<timecave.validation_methods.prequential.Growing_Window object at 0x00000250F6CE81D0>,1,Tree,2.923782658645676,1.3114156089639766,1.7099072076126458
datasets/synthetic_data/s2.csv,372,<timecave.validation_methods.prequential.Growing_Window object at 0x00000250F6CE81D0>,1,ARMA,0.8831624389867248,0.8207403288793165,0.939767225959027
datasets/synthetic_data/s2.csv,372,<timecave.validation_methods.prequential.Growing_Window object at 0x00000250F6CE81D0>,2,Tree,2.9078154340705287,1.3332142490898304,1.705231783092999
datasets/synthetic_data/s2.csv,372,<timecave.validation_methods.prequential.Growing_Window object at 0x00000250F6CE81D0>,2,ARMA,1.819381566629385,1.1565433136804946,1.3488445301921883
datasets/synthetic_data/s2.csv,372,<timecave.validation_methods.prequential.Rolling_Window object at 0x00000250F6CE9F10>,0,Tree,2.810732664014329,1.4325336191110476,1.6765239825347948
datasets/synthetic_data/s2.csv,372,<timecave.validation_methods.prequential.Rolling_Window object at 0x00000250F6CE9F10>,0,ARMA,2.5543674348163976,1.3492661357322167,1.5982388541192452
datasets/synthetic_data/s2.csv,372,<timecave.validation_methods.prequential.Rolling_Window object at 0x00000250F6CE9F10>,1,Tree,2.726840617714393,1.2280078113602269,1.651314814841311
datasets/synthetic_data/s2.csv,372,<timecave.validation_methods.prequential.Rolling_Window object at 0x00000250F6CE9F10>,1,ARMA,1.7480049571826233,1.0904890763882464,1.3221213851922309
datasets/synthetic_data/s2.csv,372,<timecave.validation_methods.prequential.Rolling_Window object at 0x00000250F6CE9F10>,2,Tree,1.6028357708260093,1.0190921054926745,1.2660315046735644
datasets/synthetic_data/s2.csv,372,<timecave.validation_methods.prequential.Rolling_Window object at 0x00000250F6CE9F10>,2,ARMA,0.9152135161060715,0.8399741687712083,0.956667923631848
datasets/synthetic_data/s2.csv,372,<timecave.validation_methods.prequential.Rolling_Window object at 0x00000250F6CE9F10>,3,Tree,2.304123957245914,1.3113563490764746,1.5179341083347175
datasets/synthetic_data/s2.csv,372,<timecave.validation_methods.prequential.Rolling_Window object at 0x00000250F6CE9F10>,3,ARMA,1.7387502428276909,1.1390224770478166,1.3186167915007343
datasets/synthetic_data/s2.csv,372,<timecave.validation_methods.prequential.Rolling_Window object at 0x00000250F6CE85C0>,0,Tree,2.9024135509497313,1.380939945383345,1.7036471321696085
datasets/synthetic_data/s2.csv,372,<timecave.validation_methods.prequential.Rolling_Window object at 0x00000250F6CE85C0>,0,ARMA,1.4984276367936415,1.015474026109357,1.2241027884918985
datasets/synthetic_data/s2.csv,372,<timecave.validation_methods.prequential.Rolling_Window object at 0x00000250F6CE85C0>,1,Tree,1.8604826150122147,1.0814648863792247,1.3639950934707261
datasets/synthetic_data/s2.csv,372,<timecave.validation_methods.prequential.Rolling_Window object at 0x00000250F6CE85C0>,1,ARMA,0.9253505466488797,0.8202631041759145,0.9619514263458835
datasets/synthetic_data/s2.csv,372,<timecave.validation_methods.prequential.Rolling_Window object at 0x00000250F6CE85C0>,2,Tree,3.240303256692629,1.5724128137278424,1.800084235999146
datasets/synthetic_data/s2.csv,372,<timecave.validation_methods.prequential.Rolling_Window object at 0x00000250F6CE85C0>,2,ARMA,1.7803327200047758,1.148193441554993,1.3342910926798455
datasets/synthetic_data/s2.csv,372,<timecave.validation_methods.CV.Block_CV object at 0x00000250F6CEA5D0>,0,Tree,2.881117335023061,1.3310569806928316,1.6973854409128943
datasets/synthetic_data/s2.csv,372,<timecave.validation_methods.CV.Block_CV object at 0x00000250F6CEA5D0>,0,ARMA,1.6014324207551516,1.0038584250250695,1.265477151415683
datasets/synthetic_data/s2.csv,372,<timecave.validation_methods.CV.Block_CV object at 0x00000250F6CEA5D0>,1,Tree,2.1836627625374483,1.121342761637523,1.4777221533622105
datasets/synthetic_data/s2.csv,372,<timecave.validation_methods.CV.Block_CV object at 0x00000250F6CEA5D0>,1,ARMA,2.342871725414781,1.3033353938657646,1.5306442190838407
datasets/synthetic_data/s2.csv,372,<timecave.validation_methods.CV.Block_CV object at 0x00000250F6CEA5D0>,2,Tree,2.347978129734776,1.3020653718055841,1.53231136840225
datasets/synthetic_data/s2.csv,372,<timecave.validation_methods.CV.Block_CV object at 0x00000250F6CEA5D0>,2,ARMA,1.5883165408866493,1.0437141427200836,1.2602843095455285
datasets/synthetic_data/s2.csv,372,<timecave.validation_methods.CV.Block_CV object at 0x00000250F6CEA5D0>,3,Tree,1.8793749558103374,1.1401421939274052,1.3709029709685283
datasets/synthetic_data/s2.csv,372,<timecave.validation_methods.CV.Block_CV object at 0x00000250F6CEA5D0>,3,ARMA,0.989015496794005,0.8565545309444306,0.9944925825736485
datasets/synthetic_data/s2.csv,372,<timecave.validation_methods.CV.Block_CV object at 0x00000250F6CEA5D0>,4,Tree,2.5719344014821526,1.32120515670876,1.6037251639486587
datasets/synthetic_data/s2.csv,372,<timecave.validation_methods.CV.Block_CV object at 0x00000250F6CEA5D0>,4,ARMA,1.7094276653461309,1.13743510456334,1.307450827123579
datasets/synthetic_data/s2.csv,372,<timecave.validation_methods.CV.AdaptedhvBlockCV object at 0x00000250F6CE99A0>,0,Tree,3.173289058852586,1.4085453147496503,1.7813728017606494
datasets/synthetic_data/s2.csv,372,<timecave.validation_methods.CV.AdaptedhvBlockCV object at 0x00000250F6CE99A0>,0,ARMA,1.6146255350647443,1.0105741690265453,1.2706791629143621
datasets/synthetic_data/s2.csv,372,<timecave.validation_methods.CV.AdaptedhvBlockCV object at 0x00000250F6CE99A0>,1,Tree,2.140209111761943,1.1018341040208866,1.4629453550156761
datasets/synthetic_data/s2.csv,372,<timecave.validation_methods.CV.AdaptedhvBlockCV object at 0x00000250F6CE99A0>,1,ARMA,2.3208628159124585,1.2987440040778866,1.523437828043028
datasets/synthetic_data/s2.csv,372,<timecave.validation_methods.CV.AdaptedhvBlockCV object at 0x00000250F6CE99A0>,2,Tree,2.707561566163785,1.2711924338433775,1.6454669751057858
datasets/synthetic_data/s2.csv,372,<timecave.validation_methods.CV.AdaptedhvBlockCV object at 0x00000250F6CE99A0>,2,ARMA,1.55112658325259,1.03408163865458,1.2454423243380601
datasets/synthetic_data/s2.csv,372,<timecave.validation_methods.CV.AdaptedhvBlockCV object at 0x00000250F6CE99A0>,3,Tree,1.5297453453881917,1.0480069400295067,1.236828745375928
datasets/synthetic_data/s2.csv,372,<timecave.validation_methods.CV.AdaptedhvBlockCV object at 0x00000250F6CE99A0>,3,ARMA,1.0002865813213973,0.8609093803797655,1.0001432803960626
datasets/synthetic_data/s2.csv,372,<timecave.validation_methods.CV.AdaptedhvBlockCV object at 0x00000250F6CE99A0>,4,Tree,2.743231278724482,1.3698233224398892,1.6562702915661085
datasets/synthetic_data/s2.csv,372,<timecave.validation_methods.CV.AdaptedhvBlockCV object at 0x00000250F6CE99A0>,4,ARMA,1.655837259163797,1.1188690246802468,1.2867934018962783
datasets/synthetic_data/s2.csv,372,<timecave.validation_methods.markov.MarkovCV object at 0x00000250F6CE9010>,0,Tree,4.688048379166241,1.8964708426784838,2.165190148501106
datasets/synthetic_data/s2.csv,372,<timecave.validation_methods.markov.MarkovCV object at 0x00000250F6CE9010>,0,ARMA,1.1929418535026868,0.9480402277402402,1.0922187754761803
datasets/synthetic_data/s2.csv,372,<timecave.validation_methods.markov.MarkovCV object at 0x00000250F6CE9010>,1,Tree,2.4383157238744593,1.3059653419822586,1.5615107184628798
datasets/synthetic_data/s2.csv,372,<timecave.validation_methods.markov.MarkovCV object at 0x00000250F6CE9010>,1,ARMA,2.397979637309317,1.3595896592173848,1.5485411319397742
datasets/synthetic_data/s2.csv,372,<timecave.validation_methods.markov.MarkovCV object at 0x00000250F6CE9010>,2,Tree,3.586749103081713,1.6841544547004867,1.8938714589648669
datasets/synthetic_data/s2.csv,372,<timecave.validation_methods.markov.MarkovCV object at 0x00000250F6CE9010>,2,ARMA,1.3720295424312858,0.94651431017906,1.1713366477794869
datasets/synthetic_data/s2.csv,372,<timecave.validation_methods.markov.MarkovCV object at 0x00000250F6CE9010>,3,Tree,3.2240858333476985,1.5849839847356324,1.7955739565241244
datasets/synthetic_data/s2.csv,372,<timecave.validation_methods.markov.MarkovCV object at 0x00000250F6CE9010>,3,ARMA,2.533479929605506,1.376443161672523,1.591690902658398
datasets/synthetic_data/s2.csv,372,<timecave.validation_methods.markov.MarkovCV object at 0x00000250F6CE9010>,4,Tree,3.642756754447676,1.442357545252046,1.9086007320672589
datasets/synthetic_data/s2.csv,372,<timecave.validation_methods.markov.MarkovCV object at 0x00000250F6CE9010>,4,ARMA,1.135562425876961,0.796485574528408,1.0656277144842663
datasets/synthetic_data/s2.csv,372,<timecave.validation_methods.markov.MarkovCV object at 0x00000250F6CE9010>,5,Tree,2.091327639391671,1.2268625933465351,1.4461423302675538
datasets/synthetic_data/s2.csv,372,<timecave.validation_methods.markov.MarkovCV object at 0x00000250F6CE9010>,5,ARMA,2.0027780527807537,1.1625171472698903,1.4151954115177006
datasets/synthetic_data/s2.csv,372,<timecave.validation_methods.markov.MarkovCV object at 0x00000250F6CE9010>,6,Tree,2.5459894942078627,1.3526151410480738,1.5956157100655104
datasets/synthetic_data/s2.csv,372,<timecave.validation_methods.markov.MarkovCV object at 0x00000250F6CE9010>,6,ARMA,2.7135794866171117,1.456812825099463,1.6472945961840315
datasets/synthetic_data/s2.csv,372,<timecave.validation_methods.markov.MarkovCV object at 0x00000250F6CE9010>,7,Tree,3.7336647366691573,1.511376833248532,1.9322693230161154
datasets/synthetic_data/s2.csv,372,<timecave.validation_methods.markov.MarkovCV object at 0x00000250F6CE9010>,7,ARMA,1.1228277369370554,0.8320743057163353,1.0596356623561967
datasets/synthetic_data/s2.csv,372,<timecave.validation_methods.markov.MarkovCV object at 0x00000250F6CE9010>,8,Tree,3.5849137621947595,1.3377396539135058,1.8933868495885249
datasets/synthetic_data/s2.csv,372,<timecave.validation_methods.markov.MarkovCV object at 0x00000250F6CE9010>,8,ARMA,1.779144629119787,1.084756926401098,1.3338458041017287
datasets/synthetic_data/s2.csv,372,<timecave.validation_methods.markov.MarkovCV object at 0x00000250F6CE9010>,9,Tree,4.408047316977075,1.858656035951126,2.099535023993902
datasets/synthetic_data/s2.csv,372,<timecave.validation_methods.markov.MarkovCV object at 0x00000250F6CE9010>,9,ARMA,1.7345008237658832,1.0196145133625776,1.3170044888935966
datasets/synthetic_data/s2.csv,373,<timecave.validation_methods.OOS.Holdout object at 0x00000250F2A0FBF0>,0,Tree,2.2560529911200606,1.1544249509333897,1.5020163085399774
datasets/synthetic_data/s2.csv,373,<timecave.validation_methods.OOS.Holdout object at 0x00000250F2A0FBF0>,0,ARMA,1.6400455786708115,0.9888716637907914,1.2806426428441353
datasets/synthetic_data/s2.csv,373,<timecave.validation_methods.OOS.Repeated_Holdout object at 0x00000250F6CE8AA0>,0,Tree,2.9533348730230324,1.4155554015423761,1.7185269485879564
datasets/synthetic_data/s2.csv,373,<timecave.validation_methods.OOS.Repeated_Holdout object at 0x00000250F6CE8AA0>,0,ARMA,2.097104441130918,1.1610893419301218,1.4481382672697098
datasets/synthetic_data/s2.csv,373,<timecave.validation_methods.OOS.Repeated_Holdout object at 0x00000250F6CE8AA0>,1,Tree,3.299408889660672,1.531361651002361,1.8164275074058618
datasets/synthetic_data/s2.csv,373,<timecave.validation_methods.OOS.Repeated_Holdout object at 0x00000250F6CE8AA0>,1,ARMA,2.1789185560192337,1.2178507836277574,1.4761160374507263
datasets/synthetic_data/s2.csv,373,<timecave.validation_methods.OOS.Repeated_Holdout object at 0x00000250F6CE8AA0>,2,Tree,2.7999957420193287,1.3259236755149764,1.6733187807525882
datasets/synthetic_data/s2.csv,373,<timecave.validation_methods.OOS.Repeated_Holdout object at 0x00000250F6CE8AA0>,2,ARMA,1.7913926594293714,1.043229537029678,1.3384291760976266
datasets/synthetic_data/s2.csv,373,<timecave.validation_methods.OOS.Repeated_Holdout object at 0x00000250F6CE8AA0>,3,Tree,1.8820999809726822,1.0504429096620076,1.3718964906189832
datasets/synthetic_data/s2.csv,373,<timecave.validation_methods.OOS.Repeated_Holdout object at 0x00000250F6CE8AA0>,3,ARMA,1.6400455786708115,0.9888716637907914,1.2806426428441353
datasets/synthetic_data/s2.csv,373,<timecave.validation_methods.prequential.Growing_Window object at 0x00000250F6CEA2A0>,0,Tree,2.6301904609439584,1.3682827373196653,1.6217861945842178
datasets/synthetic_data/s2.csv,373,<timecave.validation_methods.prequential.Growing_Window object at 0x00000250F6CEA2A0>,0,ARMA,1.4029619953343757,0.9346204765620647,1.1844669667552472
datasets/synthetic_data/s2.csv,373,<timecave.validation_methods.prequential.Growing_Window object at 0x00000250F6CEA2A0>,1,Tree,2.6628787744633624,1.3289646740300274,1.6318329493129382
datasets/synthetic_data/s2.csv,373,<timecave.validation_methods.prequential.Growing_Window object at 0x00000250F6CEA2A0>,1,ARMA,1.577159050077039,1.012757096557512,1.255849931352086
datasets/synthetic_data/s2.csv,373,<timecave.validation_methods.prequential.Growing_Window object at 0x00000250F6CEA2A0>,2,Tree,1.598240638001434,1.0413462723822637,1.2642154238900243
datasets/synthetic_data/s2.csv,373,<timecave.validation_methods.prequential.Growing_Window object at 0x00000250F6CEA2A0>,2,ARMA,1.0534204254738253,0.8276584768151736,1.026362716330745
datasets/synthetic_data/s2.csv,373,<timecave.validation_methods.prequential.Growing_Window object at 0x00000250F6CEA2A0>,3,Tree,2.731797355375622,1.47543322804103,1.6528149791720856
datasets/synthetic_data/s2.csv,373,<timecave.validation_methods.prequential.Growing_Window object at 0x00000250F6CEA2A0>,3,ARMA,2.0756485335912633,1.1653123835137964,1.4407111207980812
datasets/synthetic_data/s2.csv,373,<timecave.validation_methods.prequential.Growing_Window object at 0x00000250F6CE9190>,0,Tree,2.7720250630018746,1.3627074411040894,1.6649399577768187
datasets/synthetic_data/s2.csv,373,<timecave.validation_methods.prequential.Growing_Window object at 0x00000250F6CE9190>,0,ARMA,1.510812865597909,0.991667091710134,1.2291512785649734
datasets/synthetic_data/s2.csv,373,<timecave.validation_methods.prequential.Growing_Window object at 0x00000250F6CE9190>,1,Tree,2.1548015297856193,1.2240653173787122,1.4679242248105382
datasets/synthetic_data/s2.csv,373,<timecave.validation_methods.prequential.Growing_Window object at 0x00000250F6CE9190>,1,ARMA,1.117862434763528,0.8649582450170721,1.0572901374568515
datasets/synthetic_data/s2.csv,373,<timecave.validation_methods.prequential.Growing_Window object at 0x00000250F6CE9190>,2,Tree,3.111428744971685,1.4957212923362366,1.7639242458143392
datasets/synthetic_data/s2.csv,373,<timecave.validation_methods.prequential.Growing_Window object at 0x00000250F6CE9190>,2,ARMA,2.3327018704710953,1.2189592215569465,1.527318522925423
datasets/synthetic_data/s2.csv,373,<timecave.validation_methods.prequential.Rolling_Window object at 0x00000250F6CEA990>,0,Tree,2.9188141995230836,1.4955243470551918,1.708453745210295
datasets/synthetic_data/s2.csv,373,<timecave.validation_methods.prequential.Rolling_Window object at 0x00000250F6CEA990>,0,ARMA,1.4029619953343757,0.9346204765620647,1.1844669667552472
datasets/synthetic_data/s2.csv,373,<timecave.validation_methods.prequential.Rolling_Window object at 0x00000250F6CEA990>,1,Tree,3.8662053661510782,1.6134251699335498,1.9662668603602813
datasets/synthetic_data/s2.csv,373,<timecave.validation_methods.prequential.Rolling_Window object at 0x00000250F6CEA990>,1,ARMA,1.591789534231891,1.0406240536195606,1.26166141822277
datasets/synthetic_data/s2.csv,373,<timecave.validation_methods.prequential.Rolling_Window object at 0x00000250F6CEA990>,2,Tree,2.278692631936189,1.2797012616420789,1.5095339121517573
datasets/synthetic_data/s2.csv,373,<timecave.validation_methods.prequential.Rolling_Window object at 0x00000250F6CEA990>,2,ARMA,0.9038343229581338,0.7668150320981318,0.9507020158588777
datasets/synthetic_data/s2.csv,373,<timecave.validation_methods.prequential.Rolling_Window object at 0x00000250F6CEA990>,3,Tree,3.6146364915677585,1.6922751680198782,1.9012197378440396
datasets/synthetic_data/s2.csv,373,<timecave.validation_methods.prequential.Rolling_Window object at 0x00000250F6CEA990>,3,ARMA,2.1950212645183096,1.1877484433378807,1.4815604154128543
datasets/synthetic_data/s2.csv,373,<timecave.validation_methods.prequential.Rolling_Window object at 0x00000250F6CE8590>,0,Tree,2.676519485779018,1.2728494333783136,1.6360071777895775
datasets/synthetic_data/s2.csv,373,<timecave.validation_methods.prequential.Rolling_Window object at 0x00000250F6CE8590>,0,ARMA,1.510812865597909,0.991667091710134,1.2291512785649734
datasets/synthetic_data/s2.csv,373,<timecave.validation_methods.prequential.Rolling_Window object at 0x00000250F6CE8590>,1,Tree,1.9180989620236997,1.2430879481183323,1.3849544981780808
datasets/synthetic_data/s2.csv,373,<timecave.validation_methods.prequential.Rolling_Window object at 0x00000250F6CE8590>,1,ARMA,1.1129990449659821,0.8692931779656212,1.054987698964297
datasets/synthetic_data/s2.csv,373,<timecave.validation_methods.prequential.Rolling_Window object at 0x00000250F6CE8590>,2,Tree,2.450444250299898,1.189676125673942,1.5653894883701942
datasets/synthetic_data/s2.csv,373,<timecave.validation_methods.prequential.Rolling_Window object at 0x00000250F6CE8590>,2,ARMA,2.430121839691445,1.2206434551636982,1.558884806421387
datasets/synthetic_data/s2.csv,373,<timecave.validation_methods.CV.Block_CV object at 0x00000250F6CEA090>,0,Tree,3.648366727837197,1.552433404476597,1.9100698227649158
datasets/synthetic_data/s2.csv,373,<timecave.validation_methods.CV.Block_CV object at 0x00000250F6CEA090>,0,ARMA,2.289461327667828,1.257296535729549,1.5130966022259875
datasets/synthetic_data/s2.csv,373,<timecave.validation_methods.CV.Block_CV object at 0x00000250F6CEA090>,1,Tree,1.742179532529022,1.1060252519524165,1.3199164869524973
datasets/synthetic_data/s2.csv,373,<timecave.validation_methods.CV.Block_CV object at 0x00000250F6CEA090>,1,ARMA,1.5980217796343992,0.9957141573788606,1.264128861957672
datasets/synthetic_data/s2.csv,373,<timecave.validation_methods.CV.Block_CV object at 0x00000250F6CEA090>,2,Tree,2.4587439539443046,1.2213545715335956,1.5680382501534535
datasets/synthetic_data/s2.csv,373,<timecave.validation_methods.CV.Block_CV object at 0x00000250F6CEA090>,2,ARMA,1.545119883243042,1.0134104288707186,1.2430285126428282
datasets/synthetic_data/s2.csv,373,<timecave.validation_methods.CV.Block_CV object at 0x00000250F6CEA090>,3,Tree,1.0573600025022127,0.8887470965118084,1.028280118694421
datasets/synthetic_data/s2.csv,373,<timecave.validation_methods.CV.Block_CV object at 0x00000250F6CEA090>,3,ARMA,0.928097209736107,0.785442247542149,0.9633780201645182
datasets/synthetic_data/s2.csv,373,<timecave.validation_methods.CV.Block_CV object at 0x00000250F6CEA090>,4,Tree,2.8207100267638516,1.48226418959232,1.679496956461622
datasets/synthetic_data/s2.csv,373,<timecave.validation_methods.CV.Block_CV object at 0x00000250F6CEA090>,4,ARMA,2.0756485335912633,1.1653123835137964,1.4407111207980812
datasets/synthetic_data/s2.csv,373,<timecave.validation_methods.CV.AdaptedhvBlockCV object at 0x00000250F6CEAED0>,0,Tree,3.0721131206111605,1.3404221176686177,1.7527444538811585
datasets/synthetic_data/s2.csv,373,<timecave.validation_methods.CV.AdaptedhvBlockCV object at 0x00000250F6CEAED0>,0,ARMA,2.2897706926954515,1.2572426651254585,1.5131988278793542
datasets/synthetic_data/s2.csv,373,<timecave.validation_methods.CV.AdaptedhvBlockCV object at 0x00000250F6CEAED0>,1,Tree,1.4759132158466017,0.9962848595288362,1.214871686988631
datasets/synthetic_data/s2.csv,373,<timecave.validation_methods.CV.AdaptedhvBlockCV object at 0x00000250F6CEAED0>,1,ARMA,1.5703346504005145,0.9869263699315249,1.2531299415465718
datasets/synthetic_data/s2.csv,373,<timecave.validation_methods.CV.AdaptedhvBlockCV object at 0x00000250F6CEAED0>,2,Tree,2.4707023099386056,1.2000786511788266,1.5718467832262168
datasets/synthetic_data/s2.csv,373,<timecave.validation_methods.CV.AdaptedhvBlockCV object at 0x00000250F6CEAED0>,2,ARMA,1.5458222096093348,1.009687592725897,1.2433109866840777
datasets/synthetic_data/s2.csv,373,<timecave.validation_methods.CV.AdaptedhvBlockCV object at 0x00000250F6CEAED0>,3,Tree,1.2598696594045904,1.0086046701704316,1.1224391562149774
datasets/synthetic_data/s2.csv,373,<timecave.validation_methods.CV.AdaptedhvBlockCV object at 0x00000250F6CEAED0>,3,ARMA,0.9703240494667249,0.8027431578039589,0.9850502776339515
datasets/synthetic_data/s2.csv,373,<timecave.validation_methods.CV.AdaptedhvBlockCV object at 0x00000250F6CEAED0>,4,Tree,3.053566801882265,1.4803977195032447,1.7474457936892536
datasets/synthetic_data/s2.csv,373,<timecave.validation_methods.CV.AdaptedhvBlockCV object at 0x00000250F6CEAED0>,4,ARMA,2.172217093597904,1.1929812701839968,1.4738443247500408
datasets/synthetic_data/s2.csv,373,<timecave.validation_methods.markov.MarkovCV object at 0x00000250F6CEA4E0>,0,Tree,6.441253201661004,1.7177475017852242,2.537962411396395
datasets/synthetic_data/s2.csv,373,<timecave.validation_methods.markov.MarkovCV object at 0x00000250F6CEA4E0>,0,ARMA,3.37512718677262,1.5462498529829805,1.8371519226162598
datasets/synthetic_data/s2.csv,373,<timecave.validation_methods.markov.MarkovCV object at 0x00000250F6CEA4E0>,1,Tree,5.948546352998303,1.7835342014811904,2.4389641967438354
datasets/synthetic_data/s2.csv,373,<timecave.validation_methods.markov.MarkovCV object at 0x00000250F6CEA4E0>,1,ARMA,1.8362816264523867,1.014256653339391,1.3550946927991367
datasets/synthetic_data/s2.csv,373,<timecave.validation_methods.markov.MarkovCV object at 0x00000250F6CEA4E0>,2,Tree,2.180653388112115,1.0726713374813268,1.4767035545809846
datasets/synthetic_data/s2.csv,373,<timecave.validation_methods.markov.MarkovCV object at 0x00000250F6CEA4E0>,2,ARMA,1.518031810381704,0.9614859094756689,1.2320843357423648
datasets/synthetic_data/s2.csv,373,<timecave.validation_methods.markov.MarkovCV object at 0x00000250F6CEA4E0>,3,Tree,1.2216889918552698,0.8943784451712686,1.1053004079684716
datasets/synthetic_data/s2.csv,373,<timecave.validation_methods.markov.MarkovCV object at 0x00000250F6CEA4E0>,3,ARMA,1.768726071552776,0.9720810381750941,1.3299346117583284
datasets/synthetic_data/s2.csv,373,<timecave.validation_methods.markov.MarkovCV object at 0x00000250F6CEA4E0>,4,Tree,4.254964407954051,1.8059654593437158,2.0627565071898455
datasets/synthetic_data/s2.csv,373,<timecave.validation_methods.markov.MarkovCV object at 0x00000250F6CEA4E0>,4,ARMA,2.446002836621206,1.320768046580144,1.5639702160275324
datasets/synthetic_data/s2.csv,373,<timecave.validation_methods.markov.MarkovCV object at 0x00000250F6CEA4E0>,5,Tree,5.231294378177354,2.0573074557791373,2.2872023037277125
datasets/synthetic_data/s2.csv,373,<timecave.validation_methods.markov.MarkovCV object at 0x00000250F6CEA4E0>,5,ARMA,1.9122466845698995,1.1567034984403146,1.38284007917398
datasets/synthetic_data/s2.csv,373,<timecave.validation_methods.markov.MarkovCV object at 0x00000250F6CEA4E0>,6,Tree,0.9885318532277337,0.8190862314119858,0.9942493918669167
datasets/synthetic_data/s2.csv,373,<timecave.validation_methods.markov.MarkovCV object at 0x00000250F6CEA4E0>,6,ARMA,1.5114007877421203,0.9970693113214567,1.2293904130674358
datasets/synthetic_data/s2.csv,373,<timecave.validation_methods.markov.MarkovCV object at 0x00000250F6CEA4E0>,7,Tree,7.070765038394996,2.1636765079022364,2.6590910173205797
datasets/synthetic_data/s2.csv,373,<timecave.validation_methods.markov.MarkovCV object at 0x00000250F6CEA4E0>,7,ARMA,1.579373942692432,1.0425869463420878,1.2567314520980335
datasets/synthetic_data/s2.csv,373,<timecave.validation_methods.markov.MarkovCV object at 0x00000250F6CEA4E0>,8,Tree,3.904605982901796,1.7911585194666315,1.9760075867520843
datasets/synthetic_data/s2.csv,373,<timecave.validation_methods.markov.MarkovCV object at 0x00000250F6CEA4E0>,8,ARMA,2.1374162486787514,1.1700759459209156,1.4619905090932537
datasets/synthetic_data/s2.csv,373,<timecave.validation_methods.markov.MarkovCV object at 0x00000250F6CEA4E0>,9,Tree,2.3439854328542378,1.376298736926284,1.531007979356815
datasets/synthetic_data/s2.csv,373,<timecave.validation_methods.markov.MarkovCV object at 0x00000250F6CEA4E0>,9,ARMA,1.3237614870207968,0.9881276778658935,1.1505483418878133
datasets/synthetic_data/s2.csv,374,<timecave.validation_methods.OOS.Holdout object at 0x00000250F2605430>,0,Tree,2.3919679310006456,1.2706446056522014,1.5465988267810906
datasets/synthetic_data/s2.csv,374,<timecave.validation_methods.OOS.Holdout object at 0x00000250F2605430>,0,ARMA,1.6326381568828652,1.0531709024229614,1.2777472977403885
datasets/synthetic_data/s2.csv,374,<timecave.validation_methods.OOS.Repeated_Holdout object at 0x00000250F6CBDC40>,0,Tree,2.6904598057775324,1.3262623463770504,1.6402621149613656
datasets/synthetic_data/s2.csv,374,<timecave.validation_methods.OOS.Repeated_Holdout object at 0x00000250F6CBDC40>,0,ARMA,1.695215632641156,1.1189932012720731,1.3020044672124425
datasets/synthetic_data/s2.csv,374,<timecave.validation_methods.OOS.Repeated_Holdout object at 0x00000250F6CBDC40>,1,Tree,2.136723275134851,1.2298190473921886,1.4617534932863512
datasets/synthetic_data/s2.csv,374,<timecave.validation_methods.OOS.Repeated_Holdout object at 0x00000250F6CBDC40>,1,ARMA,1.6362766160589428,1.0846982819893207,1.2791702842307364
datasets/synthetic_data/s2.csv,374,<timecave.validation_methods.OOS.Repeated_Holdout object at 0x00000250F6CBDC40>,2,Tree,2.8121513480882134,1.4086088005661364,1.6769470319864648
datasets/synthetic_data/s2.csv,374,<timecave.validation_methods.OOS.Repeated_Holdout object at 0x00000250F6CBDC40>,2,ARMA,1.8009965376966715,1.1304654448971911,1.3420121227830513
datasets/synthetic_data/s2.csv,374,<timecave.validation_methods.OOS.Repeated_Holdout object at 0x00000250F6CBDC40>,3,Tree,2.465900878022773,1.3074817820918365,1.5703187186118535
datasets/synthetic_data/s2.csv,374,<timecave.validation_methods.OOS.Repeated_Holdout object at 0x00000250F6CBDC40>,3,ARMA,1.6326381568828652,1.0531709024229614,1.2777472977403885
datasets/synthetic_data/s2.csv,374,<timecave.validation_methods.prequential.Growing_Window object at 0x00000250F6CBE3F0>,0,Tree,2.164139189042688,1.111685201884403,1.471101352403256
datasets/synthetic_data/s2.csv,374,<timecave.validation_methods.prequential.Growing_Window object at 0x00000250F6CBE3F0>,0,ARMA,2.009023753987188,1.1455176312759163,1.4174003506374575
datasets/synthetic_data/s2.csv,374,<timecave.validation_methods.prequential.Growing_Window object at 0x00000250F6CBE3F0>,1,Tree,1.5550484618290497,1.0505763972642115,1.2470158226057317
datasets/synthetic_data/s2.csv,374,<timecave.validation_methods.prequential.Growing_Window object at 0x00000250F6CBE3F0>,1,ARMA,2.287014388910004,1.2544260822316806,1.512287799630085
datasets/synthetic_data/s2.csv,374,<timecave.validation_methods.prequential.Growing_Window object at 0x00000250F6CBE3F0>,2,Tree,1.4171853535901604,0.8965695165094693,1.1904559435737891
datasets/synthetic_data/s2.csv,374,<timecave.validation_methods.prequential.Growing_Window object at 0x00000250F6CBE3F0>,2,ARMA,1.336132339529332,0.9128842839298228,1.1559119082046574
datasets/synthetic_data/s2.csv,374,<timecave.validation_methods.prequential.Growing_Window object at 0x00000250F6CBE3F0>,3,Tree,1.801911765930476,1.2025023732444333,1.3423530705185116
datasets/synthetic_data/s2.csv,374,<timecave.validation_methods.prequential.Growing_Window object at 0x00000250F6CBE3F0>,3,ARMA,1.6063049833015062,1.0523095058768859,1.2674008771109109
datasets/synthetic_data/s2.csv,374,<timecave.validation_methods.prequential.Growing_Window object at 0x00000250F6CBEED0>,0,Tree,2.5809149275275964,1.3866580562958732,1.6065226196750535
datasets/synthetic_data/s2.csv,374,<timecave.validation_methods.prequential.Growing_Window object at 0x00000250F6CBEED0>,0,ARMA,3.113860976815036,1.4398442285982758,1.764613548858513
datasets/synthetic_data/s2.csv,374,<timecave.validation_methods.prequential.Growing_Window object at 0x00000250F6CBEED0>,1,Tree,0.959237718167571,0.7991182703418134,0.9794068195431207
datasets/synthetic_data/s2.csv,374,<timecave.validation_methods.prequential.Growing_Window object at 0x00000250F6CBEED0>,1,ARMA,1.8484513439685113,1.047031780147758,1.3595776344028727
datasets/synthetic_data/s2.csv,374,<timecave.validation_methods.prequential.Growing_Window object at 0x00000250F6CBEED0>,2,Tree,2.1173257153968428,1.2281089584149971,1.45510333495489
datasets/synthetic_data/s2.csv,374,<timecave.validation_methods.prequential.Growing_Window object at 0x00000250F6CBEED0>,2,ARMA,1.594472330996441,1.0631782613248706,1.262724170591678
datasets/synthetic_data/s2.csv,374,<timecave.validation_methods.prequential.Rolling_Window object at 0x00000250F6CBC170>,0,Tree,2.3022229692935587,1.177874770108991,1.517307803082011
datasets/synthetic_data/s2.csv,374,<timecave.validation_methods.prequential.Rolling_Window object at 0x00000250F6CBC170>,0,ARMA,2.009023753987188,1.1455176312759163,1.4174003506374575
datasets/synthetic_data/s2.csv,374,<timecave.validation_methods.prequential.Rolling_Window object at 0x00000250F6CBC170>,1,Tree,4.6689929251913265,1.8199679822119734,2.1607852566118937
datasets/synthetic_data/s2.csv,374,<timecave.validation_methods.prequential.Rolling_Window object at 0x00000250F6CBC170>,1,ARMA,1.8312026490677358,1.1215349277808917,1.3532193647253707
datasets/synthetic_data/s2.csv,374,<timecave.validation_methods.prequential.Rolling_Window object at 0x00000250F6CBC170>,2,Tree,2.0779199725217388,1.2129317728132563,1.4414992100316042
datasets/synthetic_data/s2.csv,374,<timecave.validation_methods.prequential.Rolling_Window object at 0x00000250F6CBC170>,2,ARMA,1.2760472575185111,0.9615033948526028,1.1296226173012434
datasets/synthetic_data/s2.csv,374,<timecave.validation_methods.prequential.Rolling_Window object at 0x00000250F6CBC170>,3,Tree,2.498335441482635,1.291626183377036,1.5806123628146893
datasets/synthetic_data/s2.csv,374,<timecave.validation_methods.prequential.Rolling_Window object at 0x00000250F6CBC170>,3,ARMA,1.7546203226675534,1.1446173518125256,1.3246208222233082
datasets/synthetic_data/s2.csv,374,<timecave.validation_methods.prequential.Rolling_Window object at 0x00000250F6CBF8F0>,0,Tree,2.6836478288456194,1.413912211289947,1.6381843085701986
datasets/synthetic_data/s2.csv,374,<timecave.validation_methods.prequential.Rolling_Window object at 0x00000250F6CBF8F0>,0,ARMA,3.113860976815036,1.4398442285982758,1.764613548858513
datasets/synthetic_data/s2.csv,374,<timecave.validation_methods.prequential.Rolling_Window object at 0x00000250F6CBF8F0>,1,Tree,4.412608712622422,1.6791374120492708,2.1006210302247337
datasets/synthetic_data/s2.csv,374,<timecave.validation_methods.prequential.Rolling_Window object at 0x00000250F6CBF8F0>,1,ARMA,1.5345697125898723,0.9711389602306272,1.238777507298979
datasets/synthetic_data/s2.csv,374,<timecave.validation_methods.prequential.Rolling_Window object at 0x00000250F6CBF8F0>,2,Tree,7.657387872991516,2.5541525489176617,2.7671985604563174
datasets/synthetic_data/s2.csv,374,<timecave.validation_methods.prequential.Rolling_Window object at 0x00000250F6CBF8F0>,2,ARMA,2.1508513537374343,1.2208264715927983,1.4665781103430646
datasets/synthetic_data/s2.csv,374,<timecave.validation_methods.CV.Block_CV object at 0x00000250F6CBE120>,0,Tree,2.91887567308184,1.309183301818906,1.7084717361085726
datasets/synthetic_data/s2.csv,374,<timecave.validation_methods.CV.Block_CV object at 0x00000250F6CBE120>,0,ARMA,3.027949766009052,1.3884674745329697,1.7401005045712308
datasets/synthetic_data/s2.csv,374,<timecave.validation_methods.CV.Block_CV object at 0x00000250F6CBE120>,1,Tree,2.619379485699618,1.3176568070038874,1.6184497167658989
datasets/synthetic_data/s2.csv,374,<timecave.validation_methods.CV.Block_CV object at 0x00000250F6CBE120>,1,ARMA,1.4936383362143557,0.9452766094147282,1.222144973484879
datasets/synthetic_data/s2.csv,374,<timecave.validation_methods.CV.Block_CV object at 0x00000250F6CBE120>,2,Tree,1.5262261887334805,0.9950477806405864,1.2354052730717482
datasets/synthetic_data/s2.csv,374,<timecave.validation_methods.CV.Block_CV object at 0x00000250F6CBE120>,2,ARMA,1.8621168715618246,1.1446460140867574,1.3645940317771525
datasets/synthetic_data/s2.csv,374,<timecave.validation_methods.CV.Block_CV object at 0x00000250F6CBE120>,3,Tree,2.511208097873586,1.326642964736967,1.5846791782167096
datasets/synthetic_data/s2.csv,374,<timecave.validation_methods.CV.Block_CV object at 0x00000250F6CBE120>,3,ARMA,1.2519350766912438,0.8674862676068531,1.1188990466933306
datasets/synthetic_data/s2.csv,374,<timecave.validation_methods.CV.Block_CV object at 0x00000250F6CBE120>,4,Tree,1.8398408916147238,1.2002111263098658,1.3564073472282299
datasets/synthetic_data/s2.csv,374,<timecave.validation_methods.CV.Block_CV object at 0x00000250F6CBE120>,4,ARMA,1.6063049833015062,1.0523095058768859,1.2674008771109109
datasets/synthetic_data/s2.csv,374,<timecave.validation_methods.CV.AdaptedhvBlockCV object at 0x00000250F6CBFC20>,0,Tree,2.9660222584568374,1.3248611947514735,1.7222143474192861
datasets/synthetic_data/s2.csv,374,<timecave.validation_methods.CV.AdaptedhvBlockCV object at 0x00000250F6CBFC20>,0,ARMA,3.0249631695218957,1.3878693861448608,1.739242125042369
datasets/synthetic_data/s2.csv,374,<timecave.validation_methods.CV.AdaptedhvBlockCV object at 0x00000250F6CBFC20>,1,Tree,2.1900502277226552,1.2310781404490474,1.4798818289723863
datasets/synthetic_data/s2.csv,374,<timecave.validation_methods.CV.AdaptedhvBlockCV object at 0x00000250F6CBFC20>,1,ARMA,1.4971625182653936,0.9458278696415573,1.223585925983702
datasets/synthetic_data/s2.csv,374,<timecave.validation_methods.CV.AdaptedhvBlockCV object at 0x00000250F6CBFC20>,2,Tree,1.585353941644719,1.0398666592044061,1.2591083915393142
datasets/synthetic_data/s2.csv,374,<timecave.validation_methods.CV.AdaptedhvBlockCV object at 0x00000250F6CBFC20>,2,ARMA,1.8920194820440916,1.151268790597232,1.3755069909106574
datasets/synthetic_data/s2.csv,374,<timecave.validation_methods.CV.AdaptedhvBlockCV object at 0x00000250F6CBFC20>,3,Tree,2.5873336528375943,1.3040875765993099,1.6085190868738841
datasets/synthetic_data/s2.csv,374,<timecave.validation_methods.CV.AdaptedhvBlockCV object at 0x00000250F6CBFC20>,3,ARMA,1.2006977410959077,0.845679108375314,1.095763542510841
datasets/synthetic_data/s2.csv,374,<timecave.validation_methods.CV.AdaptedhvBlockCV object at 0x00000250F6CBFC20>,4,Tree,2.1484393824768038,1.3022762843808062,1.465755567097326
datasets/synthetic_data/s2.csv,374,<timecave.validation_methods.CV.AdaptedhvBlockCV object at 0x00000250F6CBFC20>,4,ARMA,1.6193303527629015,1.0825762190652972,1.2725291166660595
datasets/synthetic_data/s2.csv,374,<timecave.validation_methods.markov.MarkovCV object at 0x00000250F6CBED50>,0,Tree,1.8280560703222815,1.143570306877844,1.3520562378548762
datasets/synthetic_data/s2.csv,374,<timecave.validation_methods.markov.MarkovCV object at 0x00000250F6CBED50>,0,ARMA,2.8788979347709613,1.3808810917290235,1.6967315446973223
datasets/synthetic_data/s2.csv,374,<timecave.validation_methods.markov.MarkovCV object at 0x00000250F6CBED50>,1,Tree,1.155726397460131,0.8307591143955596,1.075047160574889
datasets/synthetic_data/s2.csv,374,<timecave.validation_methods.markov.MarkovCV object at 0x00000250F6CBED50>,1,ARMA,3.925500657575467,1.730943442364899,1.9812876261601866
datasets/synthetic_data/s2.csv,374,<timecave.validation_methods.markov.MarkovCV object at 0x00000250F6CBED50>,2,Tree,1.9752608298624619,1.1795815533530096,1.4054397282923454
datasets/synthetic_data/s2.csv,374,<timecave.validation_methods.markov.MarkovCV object at 0x00000250F6CBED50>,2,ARMA,1.055624498307038,0.8317745839355584,1.027435885253692
datasets/synthetic_data/s2.csv,374,<timecave.validation_methods.markov.MarkovCV object at 0x00000250F6CBED50>,3,Tree,1.704673581192706,1.1157389838415404,1.3056314875157944
datasets/synthetic_data/s2.csv,374,<timecave.validation_methods.markov.MarkovCV object at 0x00000250F6CBED50>,3,ARMA,1.1410965907128305,0.8686894959171454,1.0682212274210012
datasets/synthetic_data/s2.csv,374,<timecave.validation_methods.markov.MarkovCV object at 0x00000250F6CBED50>,4,Tree,3.2052933340052543,1.3467981263679478,1.7903333024901409
datasets/synthetic_data/s2.csv,374,<timecave.validation_methods.markov.MarkovCV object at 0x00000250F6CBED50>,4,ARMA,2.5888742045126283,1.284238521779404,1.6089978882871874
datasets/synthetic_data/s2.csv,374,<timecave.validation_methods.markov.MarkovCV object at 0x00000250F6CBED50>,5,Tree,5.260439760384572,1.8357679321027611,2.293564858551982
datasets/synthetic_data/s2.csv,374,<timecave.validation_methods.markov.MarkovCV object at 0x00000250F6CBED50>,5,ARMA,3.3798748548531155,1.585395169820448,1.8384435957769047
datasets/synthetic_data/s2.csv,374,<timecave.validation_methods.markov.MarkovCV object at 0x00000250F6CBED50>,6,Tree,6.6408750411727056,2.1799866040464546,2.576989530668044
datasets/synthetic_data/s2.csv,374,<timecave.validation_methods.markov.MarkovCV object at 0x00000250F6CBED50>,6,ARMA,2.448025285515541,1.3117946134490088,1.564616657688247
datasets/synthetic_data/s2.csv,374,<timecave.validation_methods.markov.MarkovCV object at 0x00000250F6CBED50>,7,Tree,4.887667779918743,1.881783292739694,2.2108070426698805
datasets/synthetic_data/s2.csv,374,<timecave.validation_methods.markov.MarkovCV object at 0x00000250F6CBED50>,7,ARMA,2.8893834954085085,1.3351360640489047,1.6998186654489085
datasets/synthetic_data/s2.csv,374,<timecave.validation_methods.markov.MarkovCV object at 0x00000250F6CBED50>,8,Tree,2.6382011975769872,1.408338255805291,1.6242540434233148
datasets/synthetic_data/s2.csv,374,<timecave.validation_methods.markov.MarkovCV object at 0x00000250F6CBED50>,8,ARMA,2.461090302366445,1.2206722623113913,1.568786251331406
datasets/synthetic_data/s2.csv,374,<timecave.validation_methods.markov.MarkovCV object at 0x00000250F6CBED50>,9,Tree,3.3158031639613212,1.5486669298213571,1.8209346951390983
datasets/synthetic_data/s2.csv,374,<timecave.validation_methods.markov.MarkovCV object at 0x00000250F6CBED50>,9,ARMA,1.2214925660263587,0.8421464316261502,1.1052115480876765
datasets/synthetic_data/s2.csv,375,<timecave.validation_methods.OOS.Holdout object at 0x00000250F2A0FB30>,0,Tree,2.6826458786325826,1.2981197102377955,1.637878468822575
datasets/synthetic_data/s2.csv,375,<timecave.validation_methods.OOS.Holdout object at 0x00000250F2A0FB30>,0,ARMA,1.7508595859870162,1.0678149698939026,1.3232005086104737
datasets/synthetic_data/s2.csv,375,<timecave.validation_methods.OOS.Repeated_Holdout object at 0x00000250F7D90EF0>,0,Tree,2.397067079748017,1.315037815177771,1.548246453168234
datasets/synthetic_data/s2.csv,375,<timecave.validation_methods.OOS.Repeated_Holdout object at 0x00000250F7D90EF0>,0,ARMA,1.5864073602897126,1.0511997885521602,1.259526641357662
datasets/synthetic_data/s2.csv,375,<timecave.validation_methods.OOS.Repeated_Holdout object at 0x00000250F7D90EF0>,1,Tree,1.3491928947195526,0.9951963386295276,1.161547629122264
datasets/synthetic_data/s2.csv,375,<timecave.validation_methods.OOS.Repeated_Holdout object at 0x00000250F7D90EF0>,1,ARMA,1.463079396151239,1.0277450986049308,1.209578189350006
datasets/synthetic_data/s2.csv,375,<timecave.validation_methods.OOS.Repeated_Holdout object at 0x00000250F7D90EF0>,2,Tree,2.275407823258862,1.291665382428501,1.5084454989355307
datasets/synthetic_data/s2.csv,375,<timecave.validation_methods.OOS.Repeated_Holdout object at 0x00000250F7D90EF0>,2,ARMA,1.6809855360454968,1.0786547283225258,1.2965282627253047
datasets/synthetic_data/s2.csv,375,<timecave.validation_methods.OOS.Repeated_Holdout object at 0x00000250F7D90EF0>,3,Tree,2.5426375134160253,1.3153849346709876,1.5945649919072051
datasets/synthetic_data/s2.csv,375,<timecave.validation_methods.OOS.Repeated_Holdout object at 0x00000250F7D90EF0>,3,ARMA,1.7508595859870162,1.0678149698939026,1.3232005086104737
datasets/synthetic_data/s2.csv,375,<timecave.validation_methods.prequential.Growing_Window object at 0x00000250F7D92C90>,0,Tree,2.6791346089472206,1.3629056002154953,1.636806222173908
datasets/synthetic_data/s2.csv,375,<timecave.validation_methods.prequential.Growing_Window object at 0x00000250F7D92C90>,0,ARMA,1.8788770660917948,1.1191745803000246,1.3707213670515954
datasets/synthetic_data/s2.csv,375,<timecave.validation_methods.prequential.Growing_Window object at 0x00000250F7D92C90>,1,Tree,3.4796627891090255,1.4677259143493393,1.8653854264223857
datasets/synthetic_data/s2.csv,375,<timecave.validation_methods.prequential.Growing_Window object at 0x00000250F7D92C90>,1,ARMA,2.5559134501829326,1.2424807559653124,1.598722443134809
datasets/synthetic_data/s2.csv,375,<timecave.validation_methods.prequential.Growing_Window object at 0x00000250F7D92C90>,2,Tree,3.140781727519364,1.4130451896355427,1.7722250781205429
datasets/synthetic_data/s2.csv,375,<timecave.validation_methods.prequential.Growing_Window object at 0x00000250F7D92C90>,2,ARMA,1.854011374108533,1.02563411784518,1.3616208628353683
datasets/synthetic_data/s2.csv,375,<timecave.validation_methods.prequential.Growing_Window object at 0x00000250F7D92C90>,3,Tree,1.2645837586659017,0.9372941618751556,1.1245371308524683
datasets/synthetic_data/s2.csv,375,<timecave.validation_methods.prequential.Growing_Window object at 0x00000250F7D92C90>,3,ARMA,1.4578943559594522,1.0354864724240918,1.2074329612692591
datasets/synthetic_data/s2.csv,375,<timecave.validation_methods.prequential.Growing_Window object at 0x00000250F7D903B0>,0,Tree,3.2052658721694205,1.3933641650544908,1.790325632997925
datasets/synthetic_data/s2.csv,375,<timecave.validation_methods.prequential.Growing_Window object at 0x00000250F7D903B0>,0,ARMA,2.4797415028731384,1.2390294187525193,1.5747194997437284
datasets/synthetic_data/s2.csv,375,<timecave.validation_methods.prequential.Growing_Window object at 0x00000250F7D903B0>,1,Tree,2.669549499274306,1.3408992144264678,1.633875607038157
datasets/synthetic_data/s2.csv,375,<timecave.validation_methods.prequential.Growing_Window object at 0x00000250F7D903B0>,1,ARMA,1.9295584899126736,1.0649065386989593,1.389085486898727
datasets/synthetic_data/s2.csv,375,<timecave.validation_methods.prequential.Growing_Window object at 0x00000250F7D903B0>,2,Tree,1.4443052154449763,1.0211212440860788,1.2017925009938182
datasets/synthetic_data/s2.csv,375,<timecave.validation_methods.prequential.Growing_Window object at 0x00000250F7D903B0>,2,ARMA,1.4181465347258762,1.0177186978939503,1.1908595780888174
datasets/synthetic_data/s2.csv,375,<timecave.validation_methods.prequential.Rolling_Window object at 0x00000250F7D90380>,0,Tree,2.5065801076121033,1.2913748221790107,1.5832182754162811
datasets/synthetic_data/s2.csv,375,<timecave.validation_methods.prequential.Rolling_Window object at 0x00000250F7D90380>,0,ARMA,1.8788770660917948,1.1191745803000246,1.3707213670515954
datasets/synthetic_data/s2.csv,375,<timecave.validation_methods.prequential.Rolling_Window object at 0x00000250F7D90380>,1,Tree,2.801481671731271,1.3594506397139827,1.6737627286241235
datasets/synthetic_data/s2.csv,375,<timecave.validation_methods.prequential.Rolling_Window object at 0x00000250F7D90380>,1,ARMA,2.525774599868417,1.2527981221294953,1.5892685738629633
datasets/synthetic_data/s2.csv,375,<timecave.validation_methods.prequential.Rolling_Window object at 0x00000250F7D90380>,2,Tree,3.4568486465705166,1.4325969084058126,1.8592602417549073
datasets/synthetic_data/s2.csv,375,<timecave.validation_methods.prequential.Rolling_Window object at 0x00000250F7D90380>,2,ARMA,1.933916403158232,1.0414576980162997,1.3906532289389157
datasets/synthetic_data/s2.csv,375,<timecave.validation_methods.prequential.Rolling_Window object at 0x00000250F7D90380>,3,Tree,1.9818686639451328,1.2340475265754676,1.4077885721745056
datasets/synthetic_data/s2.csv,375,<timecave.validation_methods.prequential.Rolling_Window object at 0x00000250F7D90380>,3,ARMA,1.5041442923270139,1.0256760991429794,1.2264356046393197
datasets/synthetic_data/s2.csv,375,<timecave.validation_methods.prequential.Rolling_Window object at 0x00000250F7D92990>,0,Tree,3.3871485426285766,1.4417547032537523,1.8404207515208517
datasets/synthetic_data/s2.csv,375,<timecave.validation_methods.prequential.Rolling_Window object at 0x00000250F7D92990>,0,ARMA,2.4797415028731384,1.2390294187525193,1.5747194997437284
datasets/synthetic_data/s2.csv,375,<timecave.validation_methods.prequential.Rolling_Window object at 0x00000250F7D92990>,1,Tree,3.142082681578454,1.4475726804972313,1.7725920798588868
datasets/synthetic_data/s2.csv,375,<timecave.validation_methods.prequential.Rolling_Window object at 0x00000250F7D92990>,1,ARMA,1.865006838912557,1.0369108671335059,1.3656525322762583
datasets/synthetic_data/s2.csv,375,<timecave.validation_methods.prequential.Rolling_Window object at 0x00000250F7D92990>,2,Tree,2.14512211925946,1.0723105421915642,1.4646235418220819
datasets/synthetic_data/s2.csv,375,<timecave.validation_methods.prequential.Rolling_Window object at 0x00000250F7D92990>,2,ARMA,1.4123099380124484,1.008302109038924,1.1884064700313812
datasets/synthetic_data/s2.csv,375,<timecave.validation_methods.CV.Block_CV object at 0x00000250F7D90680>,0,Tree,2.1839670649990346,1.1838608068254954,1.4778251131304525
datasets/synthetic_data/s2.csv,375,<timecave.validation_methods.CV.Block_CV object at 0x00000250F7D90680>,0,ARMA,1.0745025188021922,0.8571045142478412,1.0365821331675518
datasets/synthetic_data/s2.csv,375,<timecave.validation_methods.CV.Block_CV object at 0x00000250F7D90680>,1,Tree,3.1968417370284405,1.3708442847354316,1.7879714027434668
datasets/synthetic_data/s2.csv,375,<timecave.validation_methods.CV.Block_CV object at 0x00000250F7D90680>,1,ARMA,1.8922503640786548,1.1180588653279102,1.3755909145086176
datasets/synthetic_data/s2.csv,375,<timecave.validation_methods.CV.Block_CV object at 0x00000250F7D90680>,2,Tree,2.780182293925025,1.3292429632290768,1.6673878654725256
datasets/synthetic_data/s2.csv,375,<timecave.validation_methods.CV.Block_CV object at 0x00000250F7D90680>,2,ARMA,2.486895903672843,1.2519746702309598,1.5769895065195718
datasets/synthetic_data/s2.csv,375,<timecave.validation_methods.CV.Block_CV object at 0x00000250F7D90680>,3,Tree,2.468663432875532,1.2644876471361135,1.5711980883629957
datasets/synthetic_data/s2.csv,375,<timecave.validation_methods.CV.Block_CV object at 0x00000250F7D90680>,3,ARMA,1.8908084585464335,1.0632957264559595,1.3750667105804117
datasets/synthetic_data/s2.csv,375,<timecave.validation_methods.CV.Block_CV object at 0x00000250F7D90680>,4,Tree,1.3780996836921302,0.9631120768497302,1.173924905473996
datasets/synthetic_data/s2.csv,375,<timecave.validation_methods.CV.Block_CV object at 0x00000250F7D90680>,4,ARMA,1.4578943559594522,1.0354864724240918,1.2074329612692591
datasets/synthetic_data/s2.csv,375,<timecave.validation_methods.CV.AdaptedhvBlockCV object at 0x00000250F7D92060>,0,Tree,2.4242635767404654,1.2619926436445905,1.5570046810271527
datasets/synthetic_data/s2.csv,375,<timecave.validation_methods.CV.AdaptedhvBlockCV object at 0x00000250F7D92060>,0,ARMA,1.0751400013726564,0.8573685973280256,1.0368895801254137
datasets/synthetic_data/s2.csv,375,<timecave.validation_methods.CV.AdaptedhvBlockCV object at 0x00000250F7D92060>,1,Tree,2.722955332821754,1.262948558737988,1.6501379738742314
datasets/synthetic_data/s2.csv,375,<timecave.validation_methods.CV.AdaptedhvBlockCV object at 0x00000250F7D92060>,1,ARMA,1.8946414920109271,1.1194470731233963,1.376459767668829
datasets/synthetic_data/s2.csv,375,<timecave.validation_methods.CV.AdaptedhvBlockCV object at 0x00000250F7D92060>,2,Tree,2.6875562810511773,1.3066365486993132,1.6393767965453145
datasets/synthetic_data/s2.csv,375,<timecave.validation_methods.CV.AdaptedhvBlockCV object at 0x00000250F7D92060>,2,ARMA,2.478991940621005,1.2484100431925844,1.5744814830988025
datasets/synthetic_data/s2.csv,375,<timecave.validation_methods.CV.AdaptedhvBlockCV object at 0x00000250F7D92060>,3,Tree,3.008344792449435,1.4160264114510466,1.7344580688069213
datasets/synthetic_data/s2.csv,375,<timecave.validation_methods.CV.AdaptedhvBlockCV object at 0x00000250F7D92060>,3,ARMA,1.8895930948528745,1.0646215081444284,1.3746247105493465
datasets/synthetic_data/s2.csv,375,<timecave.validation_methods.CV.AdaptedhvBlockCV object at 0x00000250F7D92060>,4,Tree,1.2862968163438322,0.9560435764027001,1.134150261801245
datasets/synthetic_data/s2.csv,375,<timecave.validation_methods.CV.AdaptedhvBlockCV object at 0x00000250F7D92060>,4,ARMA,1.4226768004577668,1.0211411867116618,1.1927601604923628
datasets/synthetic_data/s2.csv,375,<timecave.validation_methods.markov.MarkovCV object at 0x00000250F7D912E0>,0,Tree,2.793781739899602,1.3147856635711077,1.6714609597294225
datasets/synthetic_data/s2.csv,375,<timecave.validation_methods.markov.MarkovCV object at 0x00000250F7D912E0>,0,ARMA,2.2831088022581953,1.0975286088111758,1.5109959636803123
datasets/synthetic_data/s2.csv,375,<timecave.validation_methods.markov.MarkovCV object at 0x00000250F7D912E0>,1,Tree,5.25420731582053,1.9454834718564111,2.2922057751913396
datasets/synthetic_data/s2.csv,375,<timecave.validation_methods.markov.MarkovCV object at 0x00000250F7D912E0>,1,ARMA,0.7498554736366229,0.6945730540463206,0.8659419574293781
datasets/synthetic_data/s2.csv,375,<timecave.validation_methods.markov.MarkovCV object at 0x00000250F7D912E0>,2,Tree,9.995175910861066,2.764268244208074,3.1615148126904398
datasets/synthetic_data/s2.csv,375,<timecave.validation_methods.markov.MarkovCV object at 0x00000250F7D912E0>,2,ARMA,4.3372235927859135,1.7054264576367524,2.0826001999389883
datasets/synthetic_data/s2.csv,375,<timecave.validation_methods.markov.MarkovCV object at 0x00000250F7D912E0>,3,Tree,7.18672105824007,2.1280959599115077,2.6808060463674113
datasets/synthetic_data/s2.csv,375,<timecave.validation_methods.markov.MarkovCV object at 0x00000250F7D912E0>,3,ARMA,3.7520865686027465,1.5246564710703743,1.9370303478786146
datasets/synthetic_data/s2.csv,375,<timecave.validation_methods.markov.MarkovCV object at 0x00000250F7D912E0>,4,Tree,2.967406710978196,1.153438494762778,1.7226162401934437
datasets/synthetic_data/s2.csv,375,<timecave.validation_methods.markov.MarkovCV object at 0x00000250F7D912E0>,4,ARMA,1.398159049883097,0.8089312134025646,1.1824377572976503
datasets/synthetic_data/s2.csv,375,<timecave.validation_methods.markov.MarkovCV object at 0x00000250F7D912E0>,5,Tree,2.2253809507169975,1.219178368240142,1.4917710785227731
datasets/synthetic_data/s2.csv,375,<timecave.validation_methods.markov.MarkovCV object at 0x00000250F7D912E0>,5,ARMA,1.5759196549552563,0.9759905130586302,1.255356385635273
datasets/synthetic_data/s2.csv,375,<timecave.validation_methods.markov.MarkovCV object at 0x00000250F7D912E0>,6,Tree,3.4399634838092363,1.5419582320967606,1.8547138549677242
datasets/synthetic_data/s2.csv,375,<timecave.validation_methods.markov.MarkovCV object at 0x00000250F7D912E0>,6,ARMA,2.745750527858293,1.4231680347360007,1.6570306357633504
datasets/synthetic_data/s2.csv,375,<timecave.validation_methods.markov.MarkovCV object at 0x00000250F7D912E0>,7,Tree,5.202813157520599,1.7567107137730908,2.280967592387187
datasets/synthetic_data/s2.csv,375,<timecave.validation_methods.markov.MarkovCV object at 0x00000250F7D912E0>,7,ARMA,1.344390383093783,0.9367485680991129,1.1594784961756655
datasets/synthetic_data/s2.csv,375,<timecave.validation_methods.markov.MarkovCV object at 0x00000250F7D912E0>,8,Tree,2.0891005234682627,1.2515660249935516,1.4453721055383153
datasets/synthetic_data/s2.csv,375,<timecave.validation_methods.markov.MarkovCV object at 0x00000250F7D912E0>,8,ARMA,1.662851551732025,1.0634009291360642,1.289516014531043
datasets/synthetic_data/s2.csv,375,<timecave.validation_methods.markov.MarkovCV object at 0x00000250F7D912E0>,9,Tree,2.3167254083702478,1.1703872565641316,1.5220793042316316
datasets/synthetic_data/s2.csv,375,<timecave.validation_methods.markov.MarkovCV object at 0x00000250F7D912E0>,9,ARMA,1.2493174356700418,0.9499840432024693,1.117728695019521
datasets/synthetic_data/s2.csv,376,<timecave.validation_methods.OOS.Holdout object at 0x00000250F6C43710>,0,Tree,1.8101793052270476,1.0736561404374922,1.3454290413199232
datasets/synthetic_data/s2.csv,376,<timecave.validation_methods.OOS.Holdout object at 0x00000250F6C43710>,0,ARMA,1.2886221393324513,0.9210748207269083,1.1351749377661804
datasets/synthetic_data/s2.csv,376,<timecave.validation_methods.OOS.Repeated_Holdout object at 0x00000250F6C17FB0>,0,Tree,1.8739072052023364,1.083682494794161,1.3689073033636487
datasets/synthetic_data/s2.csv,376,<timecave.validation_methods.OOS.Repeated_Holdout object at 0x00000250F6C17FB0>,0,ARMA,1.3440111107515738,0.9517103070847277,1.159314931652126
datasets/synthetic_data/s2.csv,376,<timecave.validation_methods.OOS.Repeated_Holdout object at 0x00000250F6C17FB0>,1,Tree,2.353443729037938,1.2377581337830623,1.53409378104402
datasets/synthetic_data/s2.csv,376,<timecave.validation_methods.OOS.Repeated_Holdout object at 0x00000250F6C17FB0>,1,ARMA,1.3390848365071555,0.9459724295531,1.1571883323414367
datasets/synthetic_data/s2.csv,376,<timecave.validation_methods.OOS.Repeated_Holdout object at 0x00000250F6C17FB0>,2,Tree,1.7762657594893538,1.0545070383517778,1.3327662058625864
datasets/synthetic_data/s2.csv,376,<timecave.validation_methods.OOS.Repeated_Holdout object at 0x00000250F6C17FB0>,2,ARMA,1.237513143792646,0.8834892409739551,1.1124356807441256
datasets/synthetic_data/s2.csv,376,<timecave.validation_methods.OOS.Repeated_Holdout object at 0x00000250F6C17FB0>,3,Tree,2.096726975095883,1.122611886129616,1.4480079333677296
datasets/synthetic_data/s2.csv,376,<timecave.validation_methods.OOS.Repeated_Holdout object at 0x00000250F6C17FB0>,3,ARMA,1.2886221393324513,0.9210748207269083,1.1351749377661804
datasets/synthetic_data/s2.csv,376,<timecave.validation_methods.prequential.Growing_Window object at 0x00000250F6CEB7D0>,0,Tree,2.55962425615183,1.2792464941251596,1.599882575738554
datasets/synthetic_data/s2.csv,376,<timecave.validation_methods.prequential.Growing_Window object at 0x00000250F6CEB7D0>,0,ARMA,2.7381857146557067,1.4254917629558213,1.6547464200461974
datasets/synthetic_data/s2.csv,376,<timecave.validation_methods.prequential.Growing_Window object at 0x00000250F6CEB7D0>,1,Tree,3.362500004288046,1.3984066069390082,1.8337120832584504
datasets/synthetic_data/s2.csv,376,<timecave.validation_methods.prequential.Growing_Window object at 0x00000250F6CEB7D0>,1,ARMA,1.3057547519326425,0.9629944295690281,1.1426962640757352
datasets/synthetic_data/s2.csv,376,<timecave.validation_methods.prequential.Growing_Window object at 0x00000250F6CEB7D0>,2,Tree,1.5363391110450184,1.0744186569301297,1.2394914727601067
datasets/synthetic_data/s2.csv,376,<timecave.validation_methods.prequential.Growing_Window object at 0x00000250F6CEB7D0>,2,ARMA,0.7926708199365717,0.7369343928871362,0.8903206276036582
datasets/synthetic_data/s2.csv,376,<timecave.validation_methods.prequential.Growing_Window object at 0x00000250F6CEB7D0>,3,Tree,2.087334348296865,1.1488905917667878,1.4447610004069409
datasets/synthetic_data/s2.csv,376,<timecave.validation_methods.prequential.Growing_Window object at 0x00000250F6CEB7D0>,3,ARMA,1.3541538602034398,0.9484381909574887,1.1636811677617884
datasets/synthetic_data/s2.csv,376,<timecave.validation_methods.prequential.Growing_Window object at 0x00000250F6CEB380>,0,Tree,2.202984816237306,1.206695280701993,1.484245537718509
datasets/synthetic_data/s2.csv,376,<timecave.validation_methods.prequential.Growing_Window object at 0x00000250F6CEB380>,0,ARMA,1.316845306615866,0.9573301361388429,1.1475388039695504
datasets/synthetic_data/s2.csv,376,<timecave.validation_methods.prequential.Growing_Window object at 0x00000250F6CEB380>,1,Tree,2.0519289760655846,1.1448999336328929,1.4324555755993218
datasets/synthetic_data/s2.csv,376,<timecave.validation_methods.prequential.Growing_Window object at 0x00000250F6CEB380>,1,ARMA,0.9121192570183703,0.7591853228835266,0.9550493479492933
datasets/synthetic_data/s2.csv,376,<timecave.validation_methods.prequential.Growing_Window object at 0x00000250F6CEB380>,2,Tree,2.066159201599811,1.102273785470668,1.4374140675531915
datasets/synthetic_data/s2.csv,376,<timecave.validation_methods.prequential.Growing_Window object at 0x00000250F6CEB380>,2,ARMA,1.4469353857187246,0.9872901075444445,1.2028862729779257
datasets/synthetic_data/s2.csv,376,<timecave.validation_methods.prequential.Rolling_Window object at 0x00000250F6CEB650>,0,Tree,2.5294917829184147,1.2543148522949097,1.5904376073642168
datasets/synthetic_data/s2.csv,376,<timecave.validation_methods.prequential.Rolling_Window object at 0x00000250F6CEB650>,0,ARMA,2.7381857146557067,1.4254917629558213,1.6547464200461974
datasets/synthetic_data/s2.csv,376,<timecave.validation_methods.prequential.Rolling_Window object at 0x00000250F6CEB650>,1,Tree,4.0494069968517135,1.7511950217957002,2.012313841539563
datasets/synthetic_data/s2.csv,376,<timecave.validation_methods.prequential.Rolling_Window object at 0x00000250F6CEB650>,1,ARMA,1.578109865662586,1.057336595348906,1.256228428934239
datasets/synthetic_data/s2.csv,376,<timecave.validation_methods.prequential.Rolling_Window object at 0x00000250F6CEB650>,2,Tree,3.013929988864675,1.4138516516070398,1.736067391798105
datasets/synthetic_data/s2.csv,376,<timecave.validation_methods.prequential.Rolling_Window object at 0x00000250F6CEB650>,2,ARMA,0.7549496366430781,0.6956934177818392,0.8688783785105244
datasets/synthetic_data/s2.csv,376,<timecave.validation_methods.prequential.Rolling_Window object at 0x00000250F6CEB650>,3,Tree,1.7002029636654246,1.0270810438434117,1.3039183117302344
datasets/synthetic_data/s2.csv,376,<timecave.validation_methods.prequential.Rolling_Window object at 0x00000250F6CEB650>,3,ARMA,1.4938262323590885,0.9467841301423969,1.2222218425306792
datasets/synthetic_data/s2.csv,376,<timecave.validation_methods.prequential.Rolling_Window object at 0x00000250F6CEA240>,0,Tree,2.166276978274404,1.2127888145253236,1.4718277678704135
datasets/synthetic_data/s2.csv,376,<timecave.validation_methods.prequential.Rolling_Window object at 0x00000250F6CEA240>,0,ARMA,1.316845306615866,0.9573301361388429,1.1475388039695504
datasets/synthetic_data/s2.csv,376,<timecave.validation_methods.prequential.Rolling_Window object at 0x00000250F6CEA240>,1,Tree,1.5750027864769909,1.070288362790883,1.2549911499596285
datasets/synthetic_data/s2.csv,376,<timecave.validation_methods.prequential.Rolling_Window object at 0x00000250F6CEA240>,1,ARMA,1.0958675137039968,0.8358761833975317,1.0468369088372824
datasets/synthetic_data/s2.csv,376,<timecave.validation_methods.prequential.Rolling_Window object at 0x00000250F6CEA240>,2,Tree,1.6129393693861946,1.0327406607986975,1.2700154996637618
datasets/synthetic_data/s2.csv,376,<timecave.validation_methods.prequential.Rolling_Window object at 0x00000250F6CEA240>,2,ARMA,1.3952730979371268,0.9372970000807326,1.181216787019693
datasets/synthetic_data/s2.csv,376,<timecave.validation_methods.CV.Block_CV object at 0x00000250F6CE8F20>,0,Tree,2.117987398862571,1.1900465759751355,1.4553306836807127
datasets/synthetic_data/s2.csv,376,<timecave.validation_methods.CV.Block_CV object at 0x00000250F6CE8F20>,0,ARMA,1.6014270660869636,1.00054311897056,1.2654750357422953
datasets/synthetic_data/s2.csv,376,<timecave.validation_methods.CV.Block_CV object at 0x00000250F6CE8F20>,1,Tree,3.6588406294422158,1.5656986301732245,1.9128096166221602
datasets/synthetic_data/s2.csv,376,<timecave.validation_methods.CV.Block_CV object at 0x00000250F6CE8F20>,1,ARMA,2.3573510858232236,1.2827344452346159,1.535366759384618
datasets/synthetic_data/s2.csv,376,<timecave.validation_methods.CV.Block_CV object at 0x00000250F6CE8F20>,2,Tree,1.5579955043071445,0.9583013223421661,1.2481969012568268
datasets/synthetic_data/s2.csv,376,<timecave.validation_methods.CV.Block_CV object at 0x00000250F6CE8F20>,2,ARMA,1.2318742581218982,0.9273882464476735,1.109898309811263
datasets/synthetic_data/s2.csv,376,<timecave.validation_methods.CV.Block_CV object at 0x00000250F6CE8F20>,3,Tree,2.826792091000181,1.309259012035379,1.68130666179617
datasets/synthetic_data/s2.csv,376,<timecave.validation_methods.CV.Block_CV object at 0x00000250F6CE8F20>,3,ARMA,0.7189779009659956,0.6868519080992778,0.8479256458947303
datasets/synthetic_data/s2.csv,376,<timecave.validation_methods.CV.Block_CV object at 0x00000250F6CE8F20>,4,Tree,2.2489485991671523,1.193238580457596,1.499649492103789
datasets/synthetic_data/s2.csv,376,<timecave.validation_methods.CV.Block_CV object at 0x00000250F6CE8F20>,4,ARMA,1.3541538602034398,0.9484381909574887,1.1636811677617884
datasets/synthetic_data/s2.csv,376,<timecave.validation_methods.CV.AdaptedhvBlockCV object at 0x00000250F6CEB620>,0,Tree,2.376668389624473,1.211598740234658,1.5416447027848126
datasets/synthetic_data/s2.csv,376,<timecave.validation_methods.CV.AdaptedhvBlockCV object at 0x00000250F6CEB620>,0,ARMA,1.6021266257672713,1.0008004102291945,1.2657514075707248
datasets/synthetic_data/s2.csv,376,<timecave.validation_methods.CV.AdaptedhvBlockCV object at 0x00000250F6CEB620>,1,Tree,2.4624133738677423,1.3802532045337559,1.5692078810239714
datasets/synthetic_data/s2.csv,376,<timecave.validation_methods.CV.AdaptedhvBlockCV object at 0x00000250F6CEB620>,1,ARMA,2.3397232462742505,1.2773976616850038,1.5296153916178572
datasets/synthetic_data/s2.csv,376,<timecave.validation_methods.CV.AdaptedhvBlockCV object at 0x00000250F6CEB620>,2,Tree,2.6772264555084657,1.3052670419404393,1.6362232291189567
datasets/synthetic_data/s2.csv,376,<timecave.validation_methods.CV.AdaptedhvBlockCV object at 0x00000250F6CEB620>,2,ARMA,1.2299926328282451,0.933759266633575,1.109050329258436
datasets/synthetic_data/s2.csv,376,<timecave.validation_methods.CV.AdaptedhvBlockCV object at 0x00000250F6CEB620>,3,Tree,2.6381318465969152,1.3218512956749036,1.624232694719853
datasets/synthetic_data/s2.csv,376,<timecave.validation_methods.CV.AdaptedhvBlockCV object at 0x00000250F6CEB620>,3,ARMA,0.7221514886267089,0.6875780720085245,0.8497949685816626
datasets/synthetic_data/s2.csv,376,<timecave.validation_methods.CV.AdaptedhvBlockCV object at 0x00000250F6CEB620>,4,Tree,2.3092478894760684,1.2357861569380688,1.519620969016968
datasets/synthetic_data/s2.csv,376,<timecave.validation_methods.CV.AdaptedhvBlockCV object at 0x00000250F6CEB620>,4,ARMA,1.3737473661766835,0.9536232663337949,1.172069693395697
datasets/synthetic_data/s2.csv,376,<timecave.validation_methods.markov.MarkovCV object at 0x00000250F6CE9100>,0,Tree,1.3136207885416238,0.9371452706623424,1.1461329715794863
datasets/synthetic_data/s2.csv,376,<timecave.validation_methods.markov.MarkovCV object at 0x00000250F6CE9100>,0,ARMA,0.9052857027708229,0.794894002471155,0.951465029715135
datasets/synthetic_data/s2.csv,376,<timecave.validation_methods.markov.MarkovCV object at 0x00000250F6CE9100>,1,Tree,1.254638336945987,0.80120248296908,1.1201063953687556
datasets/synthetic_data/s2.csv,376,<timecave.validation_methods.markov.MarkovCV object at 0x00000250F6CE9100>,1,ARMA,1.2397446726095032,0.8462585414988169,1.1134382212810476
datasets/synthetic_data/s2.csv,376,<timecave.validation_methods.markov.MarkovCV object at 0x00000250F6CE9100>,2,Tree,4.900694257396596,1.993099824317224,2.213751173324725
datasets/synthetic_data/s2.csv,376,<timecave.validation_methods.markov.MarkovCV object at 0x00000250F6CE9100>,2,ARMA,2.6160692117298647,1.384315759517376,1.6174267253046937
datasets/synthetic_data/s2.csv,376,<timecave.validation_methods.markov.MarkovCV object at 0x00000250F6CE9100>,3,Tree,4.9152987435906885,2.0296065081064323,2.2170473029664226
datasets/synthetic_data/s2.csv,376,<timecave.validation_methods.markov.MarkovCV object at 0x00000250F6CE9100>,3,ARMA,2.076215777503954,1.1469451327395268,1.4409079698245666
datasets/synthetic_data/s2.csv,376,<timecave.validation_methods.markov.MarkovCV object at 0x00000250F6CE9100>,4,Tree,3.077091639672913,1.3083098725471047,1.754164085732265
datasets/synthetic_data/s2.csv,376,<timecave.validation_methods.markov.MarkovCV object at 0x00000250F6CE9100>,4,ARMA,1.4880100849596656,0.8357564676812229,1.2198401882868368
datasets/synthetic_data/s2.csv,376,<timecave.validation_methods.markov.MarkovCV object at 0x00000250F6CE9100>,5,Tree,2.7764807158578946,1.194380901781476,1.6662775026561136
datasets/synthetic_data/s2.csv,376,<timecave.validation_methods.markov.MarkovCV object at 0x00000250F6CE9100>,5,ARMA,1.2870938167862689,0.9110462250074006,1.1345015719628901
datasets/synthetic_data/s2.csv,376,<timecave.validation_methods.markov.MarkovCV object at 0x00000250F6CE9100>,6,Tree,2.44749541807887,1.1465520535451361,1.5644473203271723
datasets/synthetic_data/s2.csv,376,<timecave.validation_methods.markov.MarkovCV object at 0x00000250F6CE9100>,6,ARMA,1.836679410333188,1.1155367383821109,1.3552414583140482
datasets/synthetic_data/s2.csv,376,<timecave.validation_methods.markov.MarkovCV object at 0x00000250F6CE9100>,7,Tree,3.346369837671371,1.5581098668971012,1.8293085681949262
datasets/synthetic_data/s2.csv,376,<timecave.validation_methods.markov.MarkovCV object at 0x00000250F6CE9100>,7,ARMA,1.4593967990600085,0.956039300247936,1.20805496524786
datasets/synthetic_data/s2.csv,376,<timecave.validation_methods.markov.MarkovCV object at 0x00000250F6CE9100>,8,Tree,4.118741561212965,1.6004537141020139,2.0294682951977756
datasets/synthetic_data/s2.csv,376,<timecave.validation_methods.markov.MarkovCV object at 0x00000250F6CE9100>,8,ARMA,1.2792652375285742,0.9352395213087985,1.1310460810809497
datasets/synthetic_data/s2.csv,376,<timecave.validation_methods.markov.MarkovCV object at 0x00000250F6CE9100>,9,Tree,2.0401968726117357,1.140206155124118,1.428354603245194
datasets/synthetic_data/s2.csv,376,<timecave.validation_methods.markov.MarkovCV object at 0x00000250F6CE9100>,9,ARMA,2.198766362842885,1.1611720642594046,1.482823780104327
datasets/synthetic_data/s2.csv,377,<timecave.validation_methods.OOS.Holdout object at 0x00000250F6C140B0>,0,Tree,2.034512573693827,1.1227153135256955,1.4263634087054486
datasets/synthetic_data/s2.csv,377,<timecave.validation_methods.OOS.Holdout object at 0x00000250F6C140B0>,0,ARMA,2.398091360627556,1.293430232976147,1.5485772052524718
datasets/synthetic_data/s2.csv,377,<timecave.validation_methods.OOS.Repeated_Holdout object at 0x00000250F6CEB4D0>,0,Tree,2.255905544994101,1.1306022375776414,1.5019672250066247
datasets/synthetic_data/s2.csv,377,<timecave.validation_methods.OOS.Repeated_Holdout object at 0x00000250F6CEB4D0>,0,ARMA,1.8515692985334924,1.109112084884777,1.3607238142009173
datasets/synthetic_data/s2.csv,377,<timecave.validation_methods.OOS.Repeated_Holdout object at 0x00000250F6CEB4D0>,1,Tree,1.4384107371782775,0.9617539321953295,1.1993376243486558
datasets/synthetic_data/s2.csv,377,<timecave.validation_methods.OOS.Repeated_Holdout object at 0x00000250F6CEB4D0>,1,ARMA,1.5648570824352723,1.0327393141192394,1.2509424776684468
datasets/synthetic_data/s2.csv,377,<timecave.validation_methods.OOS.Repeated_Holdout object at 0x00000250F6CEB4D0>,2,Tree,1.83852946325229,1.0774647871081975,1.3559238412434123
datasets/synthetic_data/s2.csv,377,<timecave.validation_methods.OOS.Repeated_Holdout object at 0x00000250F6CEB4D0>,2,ARMA,1.6584831031393827,1.0645254627088365,1.2878210679824207
datasets/synthetic_data/s2.csv,377,<timecave.validation_methods.OOS.Repeated_Holdout object at 0x00000250F6CEB4D0>,3,Tree,2.0106766127162006,1.1229278161282308,1.4179832907041607
datasets/synthetic_data/s2.csv,377,<timecave.validation_methods.OOS.Repeated_Holdout object at 0x00000250F6CEB4D0>,3,ARMA,2.398091360627556,1.293430232976147,1.5485772052524718
datasets/synthetic_data/s2.csv,377,<timecave.validation_methods.prequential.Growing_Window object at 0x00000250F6CE9EB0>,0,Tree,4.1697515934019505,1.6033855256846559,2.0419969621431737
datasets/synthetic_data/s2.csv,377,<timecave.validation_methods.prequential.Growing_Window object at 0x00000250F6CE9EB0>,0,ARMA,2.1070030586283623,1.1897959902715853,1.4515519483051105
datasets/synthetic_data/s2.csv,377,<timecave.validation_methods.prequential.Growing_Window object at 0x00000250F6CE9EB0>,1,Tree,1.6613978440230854,0.9667361290351136,1.2889522272074654
datasets/synthetic_data/s2.csv,377,<timecave.validation_methods.prequential.Growing_Window object at 0x00000250F6CE9EB0>,1,ARMA,1.9504024061487923,1.197877396727843,1.396568081458542
datasets/synthetic_data/s2.csv,377,<timecave.validation_methods.prequential.Growing_Window object at 0x00000250F6CE9EB0>,2,Tree,2.8219974858810812,1.4046343507300028,1.6798801998598236
datasets/synthetic_data/s2.csv,377,<timecave.validation_methods.prequential.Growing_Window object at 0x00000250F6CE9EB0>,2,ARMA,2.1996404808655434,1.1707577491528625,1.4831184985919175
datasets/synthetic_data/s2.csv,377,<timecave.validation_methods.prequential.Growing_Window object at 0x00000250F6CE9EB0>,3,Tree,1.386018316769194,0.9957391504230848,1.17729279143686
datasets/synthetic_data/s2.csv,377,<timecave.validation_methods.prequential.Growing_Window object at 0x00000250F6CE9EB0>,3,ARMA,1.6084872136765398,1.0411489343143474,1.268261492625452
datasets/synthetic_data/s2.csv,377,<timecave.validation_methods.prequential.Growing_Window object at 0x00000250F6CE9BB0>,0,Tree,3.99779062289677,1.7006281093525497,1.9994475794320714
datasets/synthetic_data/s2.csv,377,<timecave.validation_methods.prequential.Growing_Window object at 0x00000250F6CE9BB0>,0,ARMA,2.0803732253783447,1.264795924727991,1.4423498970008437
datasets/synthetic_data/s2.csv,377,<timecave.validation_methods.prequential.Growing_Window object at 0x00000250F6CE9BB0>,1,Tree,3.6710935618490086,1.5106162581716103,1.9160098021275904
datasets/synthetic_data/s2.csv,377,<timecave.validation_methods.prequential.Growing_Window object at 0x00000250F6CE9BB0>,1,ARMA,2.1312949765431015,1.1497227559275802,1.4598955361747983
datasets/synthetic_data/s2.csv,377,<timecave.validation_methods.prequential.Growing_Window object at 0x00000250F6CE9BB0>,2,Tree,1.6028909112589507,1.0594566488512114,1.266053281366527
datasets/synthetic_data/s2.csv,377,<timecave.validation_methods.prequential.Growing_Window object at 0x00000250F6CE9BB0>,2,ARMA,1.6059982159300454,1.0396062566525275,1.2672798490980772
datasets/synthetic_data/s2.csv,377,<timecave.validation_methods.prequential.Rolling_Window object at 0x00000250F6CEB260>,0,Tree,4.0046696303577995,1.5224563696194875,2.001167067078059
datasets/synthetic_data/s2.csv,377,<timecave.validation_methods.prequential.Rolling_Window object at 0x00000250F6CEB260>,0,ARMA,2.1070030586283623,1.1897959902715853,1.4515519483051105
datasets/synthetic_data/s2.csv,377,<timecave.validation_methods.prequential.Rolling_Window object at 0x00000250F6CEB260>,1,Tree,1.709963136426714,1.0503344954120382,1.307655587846706
datasets/synthetic_data/s2.csv,377,<timecave.validation_methods.prequential.Rolling_Window object at 0x00000250F6CEB260>,1,ARMA,1.9829516169789656,1.2491980189289325,1.4081731487920672
datasets/synthetic_data/s2.csv,377,<timecave.validation_methods.prequential.Rolling_Window object at 0x00000250F6CEB260>,2,Tree,3.5352885521465924,1.4463382914140521,1.8802363022095367
datasets/synthetic_data/s2.csv,377,<timecave.validation_methods.prequential.Rolling_Window object at 0x00000250F6CEB260>,2,ARMA,2.188469883398465,1.171343991902638,1.4793477898717613
datasets/synthetic_data/s2.csv,377,<timecave.validation_methods.prequential.Rolling_Window object at 0x00000250F6CEB260>,3,Tree,3.3993235062256257,1.5699913292734204,1.8437254422027227
datasets/synthetic_data/s2.csv,377,<timecave.validation_methods.prequential.Rolling_Window object at 0x00000250F6CEB260>,3,ARMA,1.5934593808977358,1.0357702732941394,1.2623230097315568
datasets/synthetic_data/s2.csv,377,<timecave.validation_methods.prequential.Rolling_Window object at 0x00000250F6CEB410>,0,Tree,2.860865636826564,1.373883081698479,1.6914093640590275
datasets/synthetic_data/s2.csv,377,<timecave.validation_methods.prequential.Rolling_Window object at 0x00000250F6CEB410>,0,ARMA,2.0803732253783447,1.264795924727991,1.4423498970008437
datasets/synthetic_data/s2.csv,377,<timecave.validation_methods.prequential.Rolling_Window object at 0x00000250F6CEB410>,1,Tree,2.598009620158578,1.3165400485604706,1.611834240906483
datasets/synthetic_data/s2.csv,377,<timecave.validation_methods.prequential.Rolling_Window object at 0x00000250F6CEB410>,1,ARMA,2.352942997812292,1.2450400805102693,1.5339305713793867
datasets/synthetic_data/s2.csv,377,<timecave.validation_methods.prequential.Rolling_Window object at 0x00000250F6CEB410>,2,Tree,2.811604321777838,1.3336541760850114,1.6767839222087735
datasets/synthetic_data/s2.csv,377,<timecave.validation_methods.prequential.Rolling_Window object at 0x00000250F6CEB410>,2,ARMA,1.6497791983638572,1.047080364481637,1.2844373080706808
datasets/synthetic_data/s2.csv,377,<timecave.validation_methods.CV.Block_CV object at 0x00000250F6CE9610>,0,Tree,2.3491529582961785,1.2347280935287146,1.5326946722345514
datasets/synthetic_data/s2.csv,377,<timecave.validation_methods.CV.Block_CV object at 0x00000250F6CE9610>,0,ARMA,1.7865457050007494,1.0965322296578597,1.3366172619717094
datasets/synthetic_data/s2.csv,377,<timecave.validation_methods.CV.Block_CV object at 0x00000250F6CE9610>,1,Tree,1.5238443801137895,0.9992050562593007,1.2344409180328517
datasets/synthetic_data/s2.csv,377,<timecave.validation_methods.CV.Block_CV object at 0x00000250F6CE9610>,1,ARMA,1.9225157049657757,1.180144098839099,1.3865481257301442
datasets/synthetic_data/s2.csv,377,<timecave.validation_methods.CV.Block_CV object at 0x00000250F6CE9610>,2,Tree,2.407716767702086,1.2995311130852802,1.55168191576176
datasets/synthetic_data/s2.csv,377,<timecave.validation_methods.CV.Block_CV object at 0x00000250F6CE9610>,2,ARMA,2.014643074746707,1.247691453892811,1.4193812295316248
datasets/synthetic_data/s2.csv,377,<timecave.validation_methods.CV.Block_CV object at 0x00000250F6CE9610>,3,Tree,3.6897183943365985,1.6021463584121494,1.9208639708049602
datasets/synthetic_data/s2.csv,377,<timecave.validation_methods.CV.Block_CV object at 0x00000250F6CE9610>,3,ARMA,2.421098745887143,1.2449101157617541,1.555988028837993
datasets/synthetic_data/s2.csv,377,<timecave.validation_methods.CV.Block_CV object at 0x00000250F6CE9610>,4,Tree,1.6900273715095582,1.024500047802308,1.3000105274610503
datasets/synthetic_data/s2.csv,377,<timecave.validation_methods.CV.Block_CV object at 0x00000250F6CE9610>,4,ARMA,1.6084872136765398,1.0411489343143474,1.268261492625452
datasets/synthetic_data/s2.csv,377,<timecave.validation_methods.CV.AdaptedhvBlockCV object at 0x00000250F6CEBCE0>,0,Tree,2.1955983807666657,1.2703228543978708,1.4817551689691066
datasets/synthetic_data/s2.csv,377,<timecave.validation_methods.CV.AdaptedhvBlockCV object at 0x00000250F6CEBCE0>,0,ARMA,1.7804789920560988,1.094534410161959,1.3343459042002934
datasets/synthetic_data/s2.csv,377,<timecave.validation_methods.CV.AdaptedhvBlockCV object at 0x00000250F6CEBCE0>,1,Tree,1.7485465140992067,1.0424632988166296,1.3223261753815534
datasets/synthetic_data/s2.csv,377,<timecave.validation_methods.CV.AdaptedhvBlockCV object at 0x00000250F6CEBCE0>,1,ARMA,1.9303060496699447,1.1827235777132772,1.38935454426505
datasets/synthetic_data/s2.csv,377,<timecave.validation_methods.CV.AdaptedhvBlockCV object at 0x00000250F6CEBCE0>,2,Tree,1.6712271510906211,1.010933751734036,1.292759510152844
datasets/synthetic_data/s2.csv,377,<timecave.validation_methods.CV.AdaptedhvBlockCV object at 0x00000250F6CEBCE0>,2,ARMA,2.0154812269909863,1.2484987380014416,1.419676451516678
datasets/synthetic_data/s2.csv,377,<timecave.validation_methods.CV.AdaptedhvBlockCV object at 0x00000250F6CEBCE0>,3,Tree,2.603633947074714,1.238569631156997,1.6135779953490672
datasets/synthetic_data/s2.csv,377,<timecave.validation_methods.CV.AdaptedhvBlockCV object at 0x00000250F6CEBCE0>,3,ARMA,2.415020223826763,1.24349630445062,1.5540335336879842
datasets/synthetic_data/s2.csv,377,<timecave.validation_methods.CV.AdaptedhvBlockCV object at 0x00000250F6CEBCE0>,4,Tree,1.6528094056967462,1.0552115515922862,1.2856163524538518
datasets/synthetic_data/s2.csv,377,<timecave.validation_methods.CV.AdaptedhvBlockCV object at 0x00000250F6CEBCE0>,4,ARMA,1.492111555245906,1.005297193086126,1.2215201820870198
datasets/synthetic_data/s2.csv,377,<timecave.validation_methods.markov.MarkovCV object at 0x00000250F6CEA870>,0,Tree,3.2901167938484726,1.5359019490286927,1.813867909702488
datasets/synthetic_data/s2.csv,377,<timecave.validation_methods.markov.MarkovCV object at 0x00000250F6CEA870>,0,ARMA,1.4094537379516265,1.0485285578356998,1.187204168604384
datasets/synthetic_data/s2.csv,377,<timecave.validation_methods.markov.MarkovCV object at 0x00000250F6CEA870>,1,Tree,6.191701759512845,2.1830196252582996,2.4883130348717875
datasets/synthetic_data/s2.csv,377,<timecave.validation_methods.markov.MarkovCV object at 0x00000250F6CEA870>,1,ARMA,1.7230527166866525,1.1816479053186586,1.3126510262391342
datasets/synthetic_data/s2.csv,377,<timecave.validation_methods.markov.MarkovCV object at 0x00000250F6CEA870>,2,Tree,2.4734072603910215,1.2786408709936634,1.5727069849120088
datasets/synthetic_data/s2.csv,377,<timecave.validation_methods.markov.MarkovCV object at 0x00000250F6CEA870>,2,ARMA,2.20674697400345,1.104960998495153,1.485512360771007
datasets/synthetic_data/s2.csv,377,<timecave.validation_methods.markov.MarkovCV object at 0x00000250F6CEA870>,3,Tree,2.0373365638261554,1.0726584532825338,1.4273529920191976
datasets/synthetic_data/s2.csv,377,<timecave.validation_methods.markov.MarkovCV object at 0x00000250F6CEA870>,3,ARMA,1.2409380610470224,0.8766807251168311,1.1139739947804088
datasets/synthetic_data/s2.csv,377,<timecave.validation_methods.markov.MarkovCV object at 0x00000250F6CEA870>,4,Tree,2.9433785734252704,1.4001154787063184,1.7156277490834866
datasets/synthetic_data/s2.csv,377,<timecave.validation_methods.markov.MarkovCV object at 0x00000250F6CEA870>,4,ARMA,1.8969512904327057,1.1697787753193485,1.3772985480398596
datasets/synthetic_data/s2.csv,377,<timecave.validation_methods.markov.MarkovCV object at 0x00000250F6CEA870>,5,Tree,3.878142558949827,1.6449968454086878,1.9693000175061763
datasets/synthetic_data/s2.csv,377,<timecave.validation_methods.markov.MarkovCV object at 0x00000250F6CEA870>,5,ARMA,2.402378169673376,1.3593359605017583,1.5499606993963995
datasets/synthetic_data/s2.csv,377,<timecave.validation_methods.markov.MarkovCV object at 0x00000250F6CEA870>,6,Tree,4.289034534566644,1.7837866832904903,2.070998439054613
datasets/synthetic_data/s2.csv,377,<timecave.validation_methods.markov.MarkovCV object at 0x00000250F6CEA870>,6,ARMA,4.958375428921799,1.767668560152989,2.2267409882879954
datasets/synthetic_data/s2.csv,377,<timecave.validation_methods.markov.MarkovCV object at 0x00000250F6CEA870>,7,Tree,4.978382550973747,1.7546644521603056,2.23122893289186
datasets/synthetic_data/s2.csv,377,<timecave.validation_methods.markov.MarkovCV object at 0x00000250F6CEA870>,7,ARMA,4.10621600785124,1.6997857180143594,2.0263800255261204
datasets/synthetic_data/s2.csv,377,<timecave.validation_methods.markov.MarkovCV object at 0x00000250F6CEA870>,8,Tree,3.5379460928696145,1.4289504855337116,1.8809428733668694
datasets/synthetic_data/s2.csv,377,<timecave.validation_methods.markov.MarkovCV object at 0x00000250F6CEA870>,8,ARMA,2.208612061878015,1.2855407145511712,1.4861399873087378
datasets/synthetic_data/s2.csv,377,<timecave.validation_methods.markov.MarkovCV object at 0x00000250F6CEA870>,9,Tree,3.7650431755299225,1.683881414368455,1.940371916806137
datasets/synthetic_data/s2.csv,377,<timecave.validation_methods.markov.MarkovCV object at 0x00000250F6CEA870>,9,ARMA,2.4272333011867078,1.34477239797218,1.5579580550151881
datasets/synthetic_data/s2.csv,378,<timecave.validation_methods.OOS.Holdout object at 0x00000250F2632D20>,0,Tree,2.1469237126416485,1.2602901078107946,1.465238449072931
datasets/synthetic_data/s2.csv,378,<timecave.validation_methods.OOS.Holdout object at 0x00000250F2632D20>,0,ARMA,2.7908562088399265,1.357297616764809,1.670585588600574
datasets/synthetic_data/s2.csv,378,<timecave.validation_methods.OOS.Repeated_Holdout object at 0x00000250F7D901D0>,0,Tree,1.8669688666209345,1.1311651248350283,1.366370691511251
datasets/synthetic_data/s2.csv,378,<timecave.validation_methods.OOS.Repeated_Holdout object at 0x00000250F7D901D0>,0,ARMA,2.495896161398617,1.2935496475182822,1.5798405493588956
datasets/synthetic_data/s2.csv,378,<timecave.validation_methods.OOS.Repeated_Holdout object at 0x00000250F7D901D0>,1,Tree,1.4353494102804656,0.9728710175786259,1.198060687227682
datasets/synthetic_data/s2.csv,378,<timecave.validation_methods.OOS.Repeated_Holdout object at 0x00000250F7D901D0>,1,ARMA,2.3323969173497123,1.2238985326523102,1.527218686812636
datasets/synthetic_data/s2.csv,378,<timecave.validation_methods.OOS.Repeated_Holdout object at 0x00000250F7D901D0>,2,Tree,1.8044544031328282,1.1190275041223212,1.343299818779422
datasets/synthetic_data/s2.csv,378,<timecave.validation_methods.OOS.Repeated_Holdout object at 0x00000250F7D901D0>,2,ARMA,2.4951140833848933,1.2900012625878483,1.5795930119448152
datasets/synthetic_data/s2.csv,378,<timecave.validation_methods.OOS.Repeated_Holdout object at 0x00000250F7D901D0>,3,Tree,2.0436250644620046,1.200590030858114,1.4295541488387227
datasets/synthetic_data/s2.csv,378,<timecave.validation_methods.OOS.Repeated_Holdout object at 0x00000250F7D901D0>,3,ARMA,2.7908562088399265,1.357297616764809,1.670585588600574
datasets/synthetic_data/s2.csv,378,<timecave.validation_methods.prequential.Growing_Window object at 0x00000250F7D92E70>,0,Tree,1.4853876386711076,0.9556530752830307,1.218764800390587
datasets/synthetic_data/s2.csv,378,<timecave.validation_methods.prequential.Growing_Window object at 0x00000250F7D92E70>,0,ARMA,1.6453221947641232,1.1052113339987055,1.282701132284572
datasets/synthetic_data/s2.csv,378,<timecave.validation_methods.prequential.Growing_Window object at 0x00000250F7D92E70>,1,Tree,3.217936826079524,1.4341524990821706,1.7938608714388984
datasets/synthetic_data/s2.csv,378,<timecave.validation_methods.prequential.Growing_Window object at 0x00000250F7D92E70>,1,ARMA,1.7630092312899133,1.0878274254408096,1.3277835784832983
datasets/synthetic_data/s2.csv,378,<timecave.validation_methods.prequential.Growing_Window object at 0x00000250F7D92E70>,2,Tree,2.98432041782323,1.3835135422876637,1.7275185723526187
datasets/synthetic_data/s2.csv,378,<timecave.validation_methods.prequential.Growing_Window object at 0x00000250F7D92E70>,2,ARMA,2.7614325315041413,1.4244030337488236,1.661755857971965
datasets/synthetic_data/s2.csv,378,<timecave.validation_methods.prequential.Growing_Window object at 0x00000250F7D92E70>,3,Tree,2.894673658839563,1.3014630820327213,1.701374050242792
datasets/synthetic_data/s2.csv,378,<timecave.validation_methods.prequential.Growing_Window object at 0x00000250F7D92E70>,3,ARMA,2.355404230092976,1.2426366885247058,1.5347326249522997
datasets/synthetic_data/s2.csv,378,<timecave.validation_methods.prequential.Growing_Window object at 0x00000250F7D91730>,0,Tree,2.77599778048539,1.2909867377495314,1.6661325819049906
datasets/synthetic_data/s2.csv,378,<timecave.validation_methods.prequential.Growing_Window object at 0x00000250F7D91730>,0,ARMA,1.5658252416287644,0.9463433734203195,1.2513293897406728
datasets/synthetic_data/s2.csv,378,<timecave.validation_methods.prequential.Growing_Window object at 0x00000250F7D91730>,1,Tree,3.0116187242301056,1.3882233273357063,1.7354016031541821
datasets/synthetic_data/s2.csv,378,<timecave.validation_methods.prequential.Growing_Window object at 0x00000250F7D91730>,1,ARMA,2.8367011454429023,1.4495664564669117,1.684250915226975
datasets/synthetic_data/s2.csv,378,<timecave.validation_methods.prequential.Growing_Window object at 0x00000250F7D91730>,2,Tree,1.4426963632563519,0.9813807084886284,1.2011229592578572
datasets/synthetic_data/s2.csv,378,<timecave.validation_methods.prequential.Growing_Window object at 0x00000250F7D91730>,2,ARMA,2.5542291500219028,1.2785778936308152,1.5981955919166786
datasets/synthetic_data/s2.csv,378,<timecave.validation_methods.prequential.Rolling_Window object at 0x00000250F7D93A40>,0,Tree,1.7735412020450494,1.0812886294359547,1.331743669797251
datasets/synthetic_data/s2.csv,378,<timecave.validation_methods.prequential.Rolling_Window object at 0x00000250F7D93A40>,0,ARMA,1.6453221947641232,1.1052113339987055,1.282701132284572
datasets/synthetic_data/s2.csv,378,<timecave.validation_methods.prequential.Rolling_Window object at 0x00000250F7D93A40>,1,Tree,3.3457055814647467,1.4093570013180614,1.8291269998184234
datasets/synthetic_data/s2.csv,378,<timecave.validation_methods.prequential.Rolling_Window object at 0x00000250F7D93A40>,1,ARMA,1.7631064994269385,1.0593278803636546,1.3278202059868416
datasets/synthetic_data/s2.csv,378,<timecave.validation_methods.prequential.Rolling_Window object at 0x00000250F7D93A40>,2,Tree,3.6987110986854095,1.5943166507865856,1.923203343041346
datasets/synthetic_data/s2.csv,378,<timecave.validation_methods.prequential.Rolling_Window object at 0x00000250F7D93A40>,2,ARMA,2.882707830421422,1.4031955931890159,1.6978538895975184
datasets/synthetic_data/s2.csv,378,<timecave.validation_methods.prequential.Rolling_Window object at 0x00000250F7D93A40>,3,Tree,4.371407920914036,1.6967951737019007,2.090791218872424
datasets/synthetic_data/s2.csv,378,<timecave.validation_methods.prequential.Rolling_Window object at 0x00000250F7D93A40>,3,ARMA,2.0148348080784624,1.1512056135805633,1.4194487690925877
datasets/synthetic_data/s2.csv,378,<timecave.validation_methods.prequential.Rolling_Window object at 0x00000250F7D93980>,0,Tree,2.6875650451689834,1.2496745790024721,1.639379469546018
datasets/synthetic_data/s2.csv,378,<timecave.validation_methods.prequential.Rolling_Window object at 0x00000250F7D93980>,0,ARMA,1.5658252416287644,0.9463433734203195,1.2513293897406728
datasets/synthetic_data/s2.csv,378,<timecave.validation_methods.prequential.Rolling_Window object at 0x00000250F7D93980>,1,Tree,2.928600767409706,1.3662071245573881,1.7113155078505267
datasets/synthetic_data/s2.csv,378,<timecave.validation_methods.prequential.Rolling_Window object at 0x00000250F7D93980>,1,ARMA,2.826947466910883,1.4543718460362474,1.6813528680532481
datasets/synthetic_data/s2.csv,378,<timecave.validation_methods.prequential.Rolling_Window object at 0x00000250F7D93980>,2,Tree,2.3651031094220687,1.1176960916508218,1.5378891733223394
datasets/synthetic_data/s2.csv,378,<timecave.validation_methods.prequential.Rolling_Window object at 0x00000250F7D93980>,2,ARMA,2.050114686678657,1.1585825360052917,1.4318221560929474
datasets/synthetic_data/s2.csv,378,<timecave.validation_methods.CV.Block_CV object at 0x00000250F7D90DD0>,0,Tree,1.9108963438974058,1.12925901908264,1.3823517439123103
datasets/synthetic_data/s2.csv,378,<timecave.validation_methods.CV.Block_CV object at 0x00000250F7D90DD0>,0,ARMA,1.6968393243687916,0.9847362108139988,1.3026278533674887
datasets/synthetic_data/s2.csv,378,<timecave.validation_methods.CV.Block_CV object at 0x00000250F7D90DD0>,1,Tree,1.6831279820293163,1.0828081938616316,1.2973542238067892
datasets/synthetic_data/s2.csv,378,<timecave.validation_methods.CV.Block_CV object at 0x00000250F7D90DD0>,1,ARMA,1.6565970494896922,1.1045071864943834,1.287088594266025
datasets/synthetic_data/s2.csv,378,<timecave.validation_methods.CV.Block_CV object at 0x00000250F7D90DD0>,2,Tree,2.8629551280130863,1.3988554529456918,1.6920269288675893
datasets/synthetic_data/s2.csv,378,<timecave.validation_methods.CV.Block_CV object at 0x00000250F7D90DD0>,2,ARMA,1.5728260931335152,0.9829684270071175,1.2541236355054932
datasets/synthetic_data/s2.csv,378,<timecave.validation_methods.CV.Block_CV object at 0x00000250F7D90DD0>,3,Tree,2.6345716604475817,1.3090494882845742,1.6231363653271964
datasets/synthetic_data/s2.csv,378,<timecave.validation_methods.CV.Block_CV object at 0x00000250F7D90DD0>,3,ARMA,2.9209853167716364,1.4230244630141349,1.7090890312595293
datasets/synthetic_data/s2.csv,378,<timecave.validation_methods.CV.Block_CV object at 0x00000250F7D90DD0>,4,Tree,3.1503196648010676,1.424954976971311,1.774913988000846
datasets/synthetic_data/s2.csv,378,<timecave.validation_methods.CV.Block_CV object at 0x00000250F7D90DD0>,4,ARMA,2.355404230092976,1.2426366885247058,1.5347326249522997
datasets/synthetic_data/s2.csv,378,<timecave.validation_methods.CV.AdaptedhvBlockCV object at 0x00000250F7D91B80>,0,Tree,2.0028256979727455,1.1452679713957132,1.415212244849777
datasets/synthetic_data/s2.csv,378,<timecave.validation_methods.CV.AdaptedhvBlockCV object at 0x00000250F7D91B80>,0,ARMA,1.6961842028446297,0.9833635854745423,1.3023763675852804
datasets/synthetic_data/s2.csv,378,<timecave.validation_methods.CV.AdaptedhvBlockCV object at 0x00000250F7D91B80>,1,Tree,3.080301123073952,1.3883703280099229,1.7550786657793866
datasets/synthetic_data/s2.csv,378,<timecave.validation_methods.CV.AdaptedhvBlockCV object at 0x00000250F7D91B80>,1,ARMA,1.650248560771098,1.0918275082468458,1.2846200063719613
datasets/synthetic_data/s2.csv,378,<timecave.validation_methods.CV.AdaptedhvBlockCV object at 0x00000250F7D91B80>,2,Tree,2.9679045518658875,1.3285044263717667,1.7227607355247818
datasets/synthetic_data/s2.csv,378,<timecave.validation_methods.CV.AdaptedhvBlockCV object at 0x00000250F7D91B80>,2,ARMA,1.575012974768585,0.982934244797772,1.2549952090620047
datasets/synthetic_data/s2.csv,378,<timecave.validation_methods.CV.AdaptedhvBlockCV object at 0x00000250F7D91B80>,3,Tree,2.7743799103353917,1.3507787338023585,1.6656469945145616
datasets/synthetic_data/s2.csv,378,<timecave.validation_methods.CV.AdaptedhvBlockCV object at 0x00000250F7D91B80>,3,ARMA,2.8700516019039624,1.4049822278435795,1.6941226643616933
datasets/synthetic_data/s2.csv,378,<timecave.validation_methods.CV.AdaptedhvBlockCV object at 0x00000250F7D91B80>,4,Tree,1.5184922439766566,1.028692879392008,1.2322711730689218
datasets/synthetic_data/s2.csv,378,<timecave.validation_methods.CV.AdaptedhvBlockCV object at 0x00000250F7D91B80>,4,ARMA,2.506726542690445,1.285102992959621,1.583264520757806
datasets/synthetic_data/s2.csv,378,<timecave.validation_methods.markov.MarkovCV object at 0x00000250F7D928D0>,0,Tree,4.774049408099454,1.7157521711344852,2.184959818417596
datasets/synthetic_data/s2.csv,378,<timecave.validation_methods.markov.MarkovCV object at 0x00000250F7D928D0>,0,ARMA,1.3272849542612681,0.9053320216039034,1.1520785364988222
datasets/synthetic_data/s2.csv,378,<timecave.validation_methods.markov.MarkovCV object at 0x00000250F7D928D0>,1,Tree,4.117518807664372,1.5008819019074988,2.029167023106864
datasets/synthetic_data/s2.csv,378,<timecave.validation_methods.markov.MarkovCV object at 0x00000250F7D928D0>,1,ARMA,2.494615823153195,1.38205198014545,1.579435286155528
datasets/synthetic_data/s2.csv,378,<timecave.validation_methods.markov.MarkovCV object at 0x00000250F7D928D0>,2,Tree,7.9834073038693125,2.475113943891729,2.825492400249789
datasets/synthetic_data/s2.csv,378,<timecave.validation_methods.markov.MarkovCV object at 0x00000250F7D928D0>,2,ARMA,2.5139752676672456,1.1847074625353915,1.5855520387761626
datasets/synthetic_data/s2.csv,378,<timecave.validation_methods.markov.MarkovCV object at 0x00000250F7D928D0>,3,Tree,4.725013163036159,1.6668879675588826,2.173709539712277
datasets/synthetic_data/s2.csv,378,<timecave.validation_methods.markov.MarkovCV object at 0x00000250F7D928D0>,3,ARMA,3.0058854980031375,1.4357196388072853,1.7337489720265553
datasets/synthetic_data/s2.csv,378,<timecave.validation_methods.markov.MarkovCV object at 0x00000250F7D928D0>,4,Tree,4.1503020641095425,1.6560875468230671,2.037229016117123
datasets/synthetic_data/s2.csv,378,<timecave.validation_methods.markov.MarkovCV object at 0x00000250F7D928D0>,4,ARMA,1.80875645446145,1.0086617371454998,1.3449001652395802
datasets/synthetic_data/s2.csv,378,<timecave.validation_methods.markov.MarkovCV object at 0x00000250F7D928D0>,5,Tree,4.160706852474451,1.4505314597470158,2.0397810795461484
datasets/synthetic_data/s2.csv,378,<timecave.validation_methods.markov.MarkovCV object at 0x00000250F7D928D0>,5,ARMA,1.7658521510951284,0.9634952367374336,1.3288536981530843
datasets/synthetic_data/s2.csv,378,<timecave.validation_methods.markov.MarkovCV object at 0x00000250F7D928D0>,6,Tree,3.3070129300843103,1.4823075536079573,1.8185194335184627
datasets/synthetic_data/s2.csv,378,<timecave.validation_methods.markov.MarkovCV object at 0x00000250F7D928D0>,6,ARMA,3.415725368141617,1.2353430107842382,1.8481681114394375
datasets/synthetic_data/s2.csv,378,<timecave.validation_methods.markov.MarkovCV object at 0x00000250F7D928D0>,7,Tree,6.3591012590649045,2.024343727298105,2.5217258493073555
datasets/synthetic_data/s2.csv,378,<timecave.validation_methods.markov.MarkovCV object at 0x00000250F7D928D0>,7,ARMA,2.440700889423925,1.3046155133977528,1.5622742683101212
datasets/synthetic_data/s2.csv,378,<timecave.validation_methods.markov.MarkovCV object at 0x00000250F7D928D0>,8,Tree,3.19355569790461,1.5706081936679894,1.7870522370385846
datasets/synthetic_data/s2.csv,378,<timecave.validation_methods.markov.MarkovCV object at 0x00000250F7D928D0>,8,ARMA,2.987762724924065,1.273294179253762,1.7285146007263186
datasets/synthetic_data/s2.csv,378,<timecave.validation_methods.markov.MarkovCV object at 0x00000250F7D928D0>,9,Tree,3.533285694268736,1.6106367925895262,1.879703618730553
datasets/synthetic_data/s2.csv,378,<timecave.validation_methods.markov.MarkovCV object at 0x00000250F7D928D0>,9,ARMA,1.314097515200231,1.0239080295644833,1.146340924507291
datasets/synthetic_data/s2.csv,379,<timecave.validation_methods.OOS.Holdout object at 0x00000250F6C15D60>,0,Tree,2.1036570812339668,1.1082773784860813,1.4503989386489384
datasets/synthetic_data/s2.csv,379,<timecave.validation_methods.OOS.Holdout object at 0x00000250F6C15D60>,0,ARMA,1.7928205257455512,1.0802830273581363,1.3389624810821068
datasets/synthetic_data/s2.csv,379,<timecave.validation_methods.OOS.Repeated_Holdout object at 0x00000250F6CE90D0>,0,Tree,4.11448500473118,1.6642165919590621,2.0284193365108654
datasets/synthetic_data/s2.csv,379,<timecave.validation_methods.OOS.Repeated_Holdout object at 0x00000250F6CE90D0>,0,ARMA,2.176882893962743,1.2115004463014523,1.4754263431167083
datasets/synthetic_data/s2.csv,379,<timecave.validation_methods.OOS.Repeated_Holdout object at 0x00000250F6CE90D0>,1,Tree,5.219693705839077,1.7133708951012203,2.284664900119726
datasets/synthetic_data/s2.csv,379,<timecave.validation_methods.OOS.Repeated_Holdout object at 0x00000250F6CE90D0>,1,ARMA,2.1651971535601846,1.214618818554653,1.4714608909380449
datasets/synthetic_data/s2.csv,379,<timecave.validation_methods.OOS.Repeated_Holdout object at 0x00000250F6CE90D0>,2,Tree,4.30590274536159,1.588637715184585,2.0750669255138714
datasets/synthetic_data/s2.csv,379,<timecave.validation_methods.OOS.Repeated_Holdout object at 0x00000250F6CE90D0>,2,ARMA,1.8462748092622556,1.090438371072171,1.3587769534630236
datasets/synthetic_data/s2.csv,379,<timecave.validation_methods.OOS.Repeated_Holdout object at 0x00000250F6CE90D0>,3,Tree,2.3440717637284,1.1732955303026913,1.5310361732266158
datasets/synthetic_data/s2.csv,379,<timecave.validation_methods.OOS.Repeated_Holdout object at 0x00000250F6CE90D0>,3,ARMA,1.7928205257455512,1.0802830273581363,1.3389624810821068
datasets/synthetic_data/s2.csv,379,<timecave.validation_methods.prequential.Growing_Window object at 0x00000250F6CBECC0>,0,Tree,2.627317160902811,1.337221453066446,1.620900108243198
datasets/synthetic_data/s2.csv,379,<timecave.validation_methods.prequential.Growing_Window object at 0x00000250F6CBECC0>,0,ARMA,1.126044361773895,0.8426762229695612,1.0611523744372884
datasets/synthetic_data/s2.csv,379,<timecave.validation_methods.prequential.Growing_Window object at 0x00000250F6CBECC0>,1,Tree,2.4533908145047962,1.2539792765273725,1.5663303656970953
datasets/synthetic_data/s2.csv,379,<timecave.validation_methods.prequential.Growing_Window object at 0x00000250F6CBECC0>,1,ARMA,1.7028842986260444,0.9947385433031317,1.304946090314096
datasets/synthetic_data/s2.csv,379,<timecave.validation_methods.prequential.Growing_Window object at 0x00000250F6CBECC0>,2,Tree,1.9628383860764214,1.0905732640676387,1.4010133425761588
datasets/synthetic_data/s2.csv,379,<timecave.validation_methods.prequential.Growing_Window object at 0x00000250F6CBECC0>,2,ARMA,1.8025543869937617,1.0819274083028887,1.342592412831892
datasets/synthetic_data/s2.csv,379,<timecave.validation_methods.prequential.Growing_Window object at 0x00000250F6CBECC0>,3,Tree,3.4768079744542013,1.4248396427235082,1.864620061689298
datasets/synthetic_data/s2.csv,379,<timecave.validation_methods.prequential.Growing_Window object at 0x00000250F6CBECC0>,3,ARMA,2.211148122281008,1.238812593077325,1.4869929799030688
datasets/synthetic_data/s2.csv,379,<timecave.validation_methods.prequential.Growing_Window object at 0x00000250F6CBFEF0>,0,Tree,4.112727222065575,1.674031484636169,2.027986001447144
datasets/synthetic_data/s2.csv,379,<timecave.validation_methods.prequential.Growing_Window object at 0x00000250F6CBFEF0>,0,ARMA,1.7091976109823208,1.0032905312465346,1.3073628459545272
datasets/synthetic_data/s2.csv,379,<timecave.validation_methods.prequential.Growing_Window object at 0x00000250F6CBFEF0>,1,Tree,1.7955551073161833,0.9758450065945778,1.3399832488938745
datasets/synthetic_data/s2.csv,379,<timecave.validation_methods.prequential.Growing_Window object at 0x00000250F6CBFEF0>,1,ARMA,1.8284884738031182,1.091032549802907,1.3522161342785104
datasets/synthetic_data/s2.csv,379,<timecave.validation_methods.prequential.Growing_Window object at 0x00000250F6CBFEF0>,2,Tree,3.686791567307779,1.5344714849686207,1.920101967945395
datasets/synthetic_data/s2.csv,379,<timecave.validation_methods.prequential.Growing_Window object at 0x00000250F6CBFEF0>,2,ARMA,2.2143897458280555,1.2320411442579886,1.4880825735919547
datasets/synthetic_data/s2.csv,379,<timecave.validation_methods.prequential.Rolling_Window object at 0x00000250F6CBE690>,0,Tree,2.8769586244461407,1.3898959101174357,1.6961599642858396
datasets/synthetic_data/s2.csv,379,<timecave.validation_methods.prequential.Rolling_Window object at 0x00000250F6CBE690>,0,ARMA,1.126044361773895,0.8426762229695612,1.0611523744372884
datasets/synthetic_data/s2.csv,379,<timecave.validation_methods.prequential.Rolling_Window object at 0x00000250F6CBE690>,1,Tree,1.6400299892982797,0.9830030690834118,1.2806365562868647
datasets/synthetic_data/s2.csv,379,<timecave.validation_methods.prequential.Rolling_Window object at 0x00000250F6CBE690>,1,ARMA,1.7632043669009836,1.0240933440311284,1.3278570581583635
datasets/synthetic_data/s2.csv,379,<timecave.validation_methods.prequential.Rolling_Window object at 0x00000250F6CBE690>,2,Tree,3.2162788374979723,1.3679815359098058,1.7933986833657407
datasets/synthetic_data/s2.csv,379,<timecave.validation_methods.prequential.Rolling_Window object at 0x00000250F6CBE690>,2,ARMA,1.8707269177568,1.0812092794877968,1.367745194748203
datasets/synthetic_data/s2.csv,379,<timecave.validation_methods.prequential.Rolling_Window object at 0x00000250F6CBE690>,3,Tree,3.208038830662963,1.4940091397219513,1.7910998941050058
datasets/synthetic_data/s2.csv,379,<timecave.validation_methods.prequential.Rolling_Window object at 0x00000250F6CBE690>,3,ARMA,2.3668437568627416,1.2956355048925003,1.5384549901972244
datasets/synthetic_data/s2.csv,379,<timecave.validation_methods.prequential.Rolling_Window object at 0x00000250F6CBC4D0>,0,Tree,3.839936434206331,1.6690639470908917,1.9595755750177974
datasets/synthetic_data/s2.csv,379,<timecave.validation_methods.prequential.Rolling_Window object at 0x00000250F6CBC4D0>,0,ARMA,1.7091976109823208,1.0032905312465346,1.3073628459545272
datasets/synthetic_data/s2.csv,379,<timecave.validation_methods.prequential.Rolling_Window object at 0x00000250F6CBC4D0>,1,Tree,1.8853369602711305,1.0465190709257763,1.373075729984013
datasets/synthetic_data/s2.csv,379,<timecave.validation_methods.prequential.Rolling_Window object at 0x00000250F6CBC4D0>,1,ARMA,1.819576170664714,1.0882121225431354,1.3489166655745322
datasets/synthetic_data/s2.csv,379,<timecave.validation_methods.prequential.Rolling_Window object at 0x00000250F6CBC4D0>,2,Tree,2.9280093489413472,1.4042885834115049,1.7111427026818504
datasets/synthetic_data/s2.csv,379,<timecave.validation_methods.prequential.Rolling_Window object at 0x00000250F6CBC4D0>,2,ARMA,2.5333794550980437,1.3461276613177997,1.591659340153553
datasets/synthetic_data/s2.csv,379,<timecave.validation_methods.CV.Block_CV object at 0x00000250F6CBCA40>,0,Tree,2.7267537108394544,1.2563593580031573,1.6512885001838578
datasets/synthetic_data/s2.csv,379,<timecave.validation_methods.CV.Block_CV object at 0x00000250F6CBCA40>,0,ARMA,2.24677704838237,1.285024820901735,1.4989252977991832
datasets/synthetic_data/s2.csv,379,<timecave.validation_methods.CV.Block_CV object at 0x00000250F6CBCA40>,1,Tree,1.6798477395791989,1.0748664595887236,1.2960894026181986
datasets/synthetic_data/s2.csv,379,<timecave.validation_methods.CV.Block_CV object at 0x00000250F6CBCA40>,1,ARMA,1.068369892442934,0.8151955670661134,1.0336198007212003
datasets/synthetic_data/s2.csv,379,<timecave.validation_methods.CV.Block_CV object at 0x00000250F6CBCA40>,2,Tree,3.4579174913791637,1.5633624646767572,1.8595476577326981
datasets/synthetic_data/s2.csv,379,<timecave.validation_methods.CV.Block_CV object at 0x00000250F6CBCA40>,2,ARMA,1.7518492237382268,1.0052029196119376,1.323574411862902
datasets/synthetic_data/s2.csv,379,<timecave.validation_methods.CV.Block_CV object at 0x00000250F6CBCA40>,3,Tree,2.319505180801959,1.2050561909586723,1.5229921801512833
datasets/synthetic_data/s2.csv,379,<timecave.validation_methods.CV.Block_CV object at 0x00000250F6CBCA40>,3,ARMA,1.9419113446093503,1.139163482842275,1.3935247915302227
datasets/synthetic_data/s2.csv,379,<timecave.validation_methods.CV.Block_CV object at 0x00000250F6CBCA40>,4,Tree,3.491895978463895,1.4533704772955873,1.8686615473284334
datasets/synthetic_data/s2.csv,379,<timecave.validation_methods.CV.Block_CV object at 0x00000250F6CBCA40>,4,ARMA,2.211148122281008,1.238812593077325,1.4869929799030688
datasets/synthetic_data/s2.csv,379,<timecave.validation_methods.CV.AdaptedhvBlockCV object at 0x00000250F6CBD0D0>,0,Tree,2.9153403158406497,1.3546209243291656,1.707436767742996
datasets/synthetic_data/s2.csv,379,<timecave.validation_methods.CV.AdaptedhvBlockCV object at 0x00000250F6CBD0D0>,0,ARMA,2.247805667317453,1.2839305845462317,1.4992683773485829
datasets/synthetic_data/s2.csv,379,<timecave.validation_methods.CV.AdaptedhvBlockCV object at 0x00000250F6CBD0D0>,1,Tree,1.4171920590178078,0.933777927297218,1.190458759897968
datasets/synthetic_data/s2.csv,379,<timecave.validation_methods.CV.AdaptedhvBlockCV object at 0x00000250F6CBD0D0>,1,ARMA,1.078996755775429,0.8156367687656384,1.038747686291252
datasets/synthetic_data/s2.csv,379,<timecave.validation_methods.CV.AdaptedhvBlockCV object at 0x00000250F6CBD0D0>,2,Tree,3.6598651780382148,1.607453743721339,1.9130774103622192
datasets/synthetic_data/s2.csv,379,<timecave.validation_methods.CV.AdaptedhvBlockCV object at 0x00000250F6CBD0D0>,2,ARMA,1.745477705942806,0.9983957443166129,1.3211652833551168
datasets/synthetic_data/s2.csv,379,<timecave.validation_methods.CV.AdaptedhvBlockCV object at 0x00000250F6CBD0D0>,3,Tree,2.4080668323739967,1.2365902645012428,1.5517947133477408
datasets/synthetic_data/s2.csv,379,<timecave.validation_methods.CV.AdaptedhvBlockCV object at 0x00000250F6CBD0D0>,3,ARMA,1.9468650754842107,1.1400587554756836,1.395301069835543
datasets/synthetic_data/s2.csv,379,<timecave.validation_methods.CV.AdaptedhvBlockCV object at 0x00000250F6CBD0D0>,4,Tree,5.0113092841301,1.7224301621637281,2.238595381959433
datasets/synthetic_data/s2.csv,379,<timecave.validation_methods.CV.AdaptedhvBlockCV object at 0x00000250F6CBD0D0>,4,ARMA,2.221225333164039,1.2286190637741172,1.49037758073719
datasets/synthetic_data/s2.csv,379,<timecave.validation_methods.markov.MarkovCV object at 0x00000250F6CE96A0>,0,Tree,2.1513901462946543,1.2755016985580592,1.4667617892127727
datasets/synthetic_data/s2.csv,379,<timecave.validation_methods.markov.MarkovCV object at 0x00000250F6CE96A0>,0,ARMA,1.9537013369790703,1.1883617324991618,1.3977486673143604
datasets/synthetic_data/s2.csv,379,<timecave.validation_methods.markov.MarkovCV object at 0x00000250F6CE96A0>,1,Tree,1.8976462501196838,1.1499072050769699,1.3775508158030627
datasets/synthetic_data/s2.csv,379,<timecave.validation_methods.markov.MarkovCV object at 0x00000250F6CE96A0>,1,ARMA,1.0558372705511208,0.8788807446281939,1.0275394253025627
datasets/synthetic_data/s2.csv,379,<timecave.validation_methods.markov.MarkovCV object at 0x00000250F6CE96A0>,2,Tree,6.7597587680652,2.0568464387375367,2.5999536088294346
datasets/synthetic_data/s2.csv,379,<timecave.validation_methods.markov.MarkovCV object at 0x00000250F6CE96A0>,2,ARMA,3.0290810479013377,1.466544478905769,1.7404255364425498
datasets/synthetic_data/s2.csv,379,<timecave.validation_methods.markov.MarkovCV object at 0x00000250F6CE96A0>,3,Tree,6.95323960001164,1.9997988071352597,2.6368996188728233
datasets/synthetic_data/s2.csv,379,<timecave.validation_methods.markov.MarkovCV object at 0x00000250F6CE96A0>,3,ARMA,3.5879663126959587,1.6316753617718935,1.8941927865705641
datasets/synthetic_data/s2.csv,379,<timecave.validation_methods.markov.MarkovCV object at 0x00000250F6CE96A0>,4,Tree,4.228492987305751,1.6711954629824985,2.056329980160225
datasets/synthetic_data/s2.csv,379,<timecave.validation_methods.markov.MarkovCV object at 0x00000250F6CE96A0>,4,ARMA,2.688122742078728,1.3645318695465614,1.6395495546273458
datasets/synthetic_data/s2.csv,379,<timecave.validation_methods.markov.MarkovCV object at 0x00000250F6CE96A0>,5,Tree,4.993572771534511,1.8479408293966983,2.2346303433755015
datasets/synthetic_data/s2.csv,379,<timecave.validation_methods.markov.MarkovCV object at 0x00000250F6CE96A0>,5,ARMA,3.084380745464338,1.3210196437149158,1.7562405146973288
datasets/synthetic_data/s2.csv,379,<timecave.validation_methods.markov.MarkovCV object at 0x00000250F6CE96A0>,6,Tree,1.9897991338056409,0.968336512817134,1.4106024010349765
datasets/synthetic_data/s2.csv,379,<timecave.validation_methods.markov.MarkovCV object at 0x00000250F6CE96A0>,6,ARMA,1.4111295789285565,0.9601297976407812,1.187909752013408
datasets/synthetic_data/s2.csv,379,<timecave.validation_methods.markov.MarkovCV object at 0x00000250F6CE96A0>,7,Tree,2.9944749627215117,1.2238237392877234,1.7304551316695593
datasets/synthetic_data/s2.csv,379,<timecave.validation_methods.markov.MarkovCV object at 0x00000250F6CE96A0>,7,ARMA,2.114828549326975,1.2545641568584116,1.454245010074635
datasets/synthetic_data/s2.csv,379,<timecave.validation_methods.markov.MarkovCV object at 0x00000250F6CE96A0>,8,Tree,1.311986019927208,0.841151170760968,1.1454195824793671
datasets/synthetic_data/s2.csv,379,<timecave.validation_methods.markov.MarkovCV object at 0x00000250F6CE96A0>,8,ARMA,1.8297686597446465,0.9526250094642794,1.3526894173255908
datasets/synthetic_data/s2.csv,379,<timecave.validation_methods.markov.MarkovCV object at 0x00000250F6CE96A0>,9,Tree,3.0561595795564127,1.3718786401066094,1.7481875126989133
datasets/synthetic_data/s2.csv,379,<timecave.validation_methods.markov.MarkovCV object at 0x00000250F6CE96A0>,9,ARMA,1.4867178690860503,1.0032946373334335,1.2193104071917251
datasets/synthetic_data/s2.csv,380,<timecave.validation_methods.OOS.Holdout object at 0x00000250F6CEB470>,0,Tree,1.7034577016663668,1.1080883516633686,1.3051657755497448
datasets/synthetic_data/s2.csv,380,<timecave.validation_methods.OOS.Holdout object at 0x00000250F6CEB470>,0,ARMA,1.374294198471503,0.9109965952736134,1.1723029465421908
datasets/synthetic_data/s2.csv,380,<timecave.validation_methods.OOS.Repeated_Holdout object at 0x00000250F6CE9370>,0,Tree,2.1075435619698735,1.1559762610348303,1.4517381175576654
datasets/synthetic_data/s2.csv,380,<timecave.validation_methods.OOS.Repeated_Holdout object at 0x00000250F6CE9370>,0,ARMA,1.5493191117229208,0.9676718236871155,1.244716478449177
datasets/synthetic_data/s2.csv,380,<timecave.validation_methods.OOS.Repeated_Holdout object at 0x00000250F6CE9370>,1,Tree,1.7649245772895696,1.032207487443689,1.328504639543863
datasets/synthetic_data/s2.csv,380,<timecave.validation_methods.OOS.Repeated_Holdout object at 0x00000250F6CE9370>,1,ARMA,1.5241935218700784,0.927844829624025,1.2345823268903853
datasets/synthetic_data/s2.csv,380,<timecave.validation_methods.OOS.Repeated_Holdout object at 0x00000250F6CE9370>,2,Tree,1.3459510931675607,0.9740128418205704,1.1601513233917207
datasets/synthetic_data/s2.csv,380,<timecave.validation_methods.OOS.Repeated_Holdout object at 0x00000250F6CE9370>,2,ARMA,1.3970270453268767,0.9283831184383176,1.1819589863133477
datasets/synthetic_data/s2.csv,380,<timecave.validation_methods.OOS.Repeated_Holdout object at 0x00000250F6CE9370>,3,Tree,1.682809319509179,1.0787618653178117,1.2972314055361052
datasets/synthetic_data/s2.csv,380,<timecave.validation_methods.OOS.Repeated_Holdout object at 0x00000250F6CE9370>,3,ARMA,1.374294198471503,0.9109965952736134,1.1723029465421908
datasets/synthetic_data/s2.csv,380,<timecave.validation_methods.prequential.Growing_Window object at 0x00000250F6CEA3C0>,0,Tree,1.9058879477432409,1.140220036774954,1.380539006237506
datasets/synthetic_data/s2.csv,380,<timecave.validation_methods.prequential.Growing_Window object at 0x00000250F6CEA3C0>,0,ARMA,1.6087980532461872,1.048717991511027,1.2683840322418867
datasets/synthetic_data/s2.csv,380,<timecave.validation_methods.prequential.Growing_Window object at 0x00000250F6CEA3C0>,1,Tree,2.4752943879342233,1.2918804228742005,1.5733068321005357
datasets/synthetic_data/s2.csv,380,<timecave.validation_methods.prequential.Growing_Window object at 0x00000250F6CEA3C0>,1,ARMA,1.8170531926277824,1.1232305185135465,1.347981154403793
datasets/synthetic_data/s2.csv,380,<timecave.validation_methods.prequential.Growing_Window object at 0x00000250F6CEA3C0>,2,Tree,1.981645218097006,1.0878169658967682,1.4077092093529138
datasets/synthetic_data/s2.csv,380,<timecave.validation_methods.prequential.Growing_Window object at 0x00000250F6CEA3C0>,2,ARMA,1.741521900628526,1.08547034820109,1.319667344685215
datasets/synthetic_data/s2.csv,380,<timecave.validation_methods.prequential.Growing_Window object at 0x00000250F6CEA3C0>,3,Tree,1.768494936702209,1.0556776011634421,1.3298477118460628
datasets/synthetic_data/s2.csv,380,<timecave.validation_methods.prequential.Growing_Window object at 0x00000250F6CEA3C0>,3,ARMA,1.565974057624366,0.9421257898794705,1.2513888514863658
datasets/synthetic_data/s2.csv,380,<timecave.validation_methods.prequential.Growing_Window object at 0x00000250F6CEB890>,0,Tree,3.8432209817218936,1.5808542219061141,1.9604134721333388
datasets/synthetic_data/s2.csv,380,<timecave.validation_methods.prequential.Growing_Window object at 0x00000250F6CEB890>,0,ARMA,1.9565296925788587,1.2034031871500184,1.3987600553986588
datasets/synthetic_data/s2.csv,380,<timecave.validation_methods.prequential.Growing_Window object at 0x00000250F6CEB890>,1,Tree,2.1965682488498697,1.2297575794105597,1.4820824028541293
datasets/synthetic_data/s2.csv,380,<timecave.validation_methods.prequential.Growing_Window object at 0x00000250F6CEB890>,1,ARMA,1.6672793959020626,1.0697586110355575,1.2912317359413308
datasets/synthetic_data/s2.csv,380,<timecave.validation_methods.prequential.Growing_Window object at 0x00000250F6CEB890>,2,Tree,2.419069181016,1.2188459056676928,1.5553357132837913
datasets/synthetic_data/s2.csv,380,<timecave.validation_methods.prequential.Growing_Window object at 0x00000250F6CEB890>,2,ARMA,1.4690475989064455,0.9340309617239799,1.2120427380692669
datasets/synthetic_data/s2.csv,380,<timecave.validation_methods.prequential.Rolling_Window object at 0x00000250F6CE8A70>,0,Tree,1.985096673079509,1.1337511827317421,1.408934587934979
datasets/synthetic_data/s2.csv,380,<timecave.validation_methods.prequential.Rolling_Window object at 0x00000250F6CE8A70>,0,ARMA,1.6087980532461872,1.048717991511027,1.2683840322418867
datasets/synthetic_data/s2.csv,380,<timecave.validation_methods.prequential.Rolling_Window object at 0x00000250F6CE8A70>,1,Tree,3.1806644320967554,1.3681418970640162,1.7834417377914973
datasets/synthetic_data/s2.csv,380,<timecave.validation_methods.prequential.Rolling_Window object at 0x00000250F6CE8A70>,1,ARMA,1.8112511742251973,1.1239789109215028,1.3458273196161525
datasets/synthetic_data/s2.csv,380,<timecave.validation_methods.prequential.Rolling_Window object at 0x00000250F6CE8A70>,2,Tree,2.8580370662756014,1.4214904877763912,1.6905729993926915
datasets/synthetic_data/s2.csv,380,<timecave.validation_methods.prequential.Rolling_Window object at 0x00000250F6CE8A70>,2,ARMA,1.6745892576505346,1.0652262912779138,1.2940592172116911
datasets/synthetic_data/s2.csv,380,<timecave.validation_methods.prequential.Rolling_Window object at 0x00000250F6CE8A70>,3,Tree,2.3237672772740825,1.1712028530742526,1.5243907888970212
datasets/synthetic_data/s2.csv,380,<timecave.validation_methods.prequential.Rolling_Window object at 0x00000250F6CE8A70>,3,ARMA,1.5999218995060107,0.9543065885917292,1.2648801917596824
datasets/synthetic_data/s2.csv,380,<timecave.validation_methods.prequential.Rolling_Window object at 0x00000250F6CEBF20>,0,Tree,3.714793216260884,1.56412711391054,1.9273798837439609
datasets/synthetic_data/s2.csv,380,<timecave.validation_methods.prequential.Rolling_Window object at 0x00000250F6CEBF20>,0,ARMA,1.9565296925788587,1.2034031871500184,1.3987600553986588
datasets/synthetic_data/s2.csv,380,<timecave.validation_methods.prequential.Rolling_Window object at 0x00000250F6CEBF20>,1,Tree,1.7926261474497214,1.0564676321861917,1.33888989369915
datasets/synthetic_data/s2.csv,380,<timecave.validation_methods.prequential.Rolling_Window object at 0x00000250F6CEBF20>,1,ARMA,1.6853914701601114,1.0744819473419351,1.2982262784892746
datasets/synthetic_data/s2.csv,380,<timecave.validation_methods.prequential.Rolling_Window object at 0x00000250F6CEBF20>,2,Tree,1.8099756765030213,1.0685661151435308,1.3453533649205407
datasets/synthetic_data/s2.csv,380,<timecave.validation_methods.prequential.Rolling_Window object at 0x00000250F6CEBF20>,2,ARMA,1.6016454073968052,0.9694482939319059,1.265561301319223
datasets/synthetic_data/s2.csv,380,<timecave.validation_methods.CV.Block_CV object at 0x00000250F6C42BD0>,0,Tree,1.2051368996471785,0.8758642854529421,1.0977872743146455
datasets/synthetic_data/s2.csv,380,<timecave.validation_methods.CV.Block_CV object at 0x00000250F6C42BD0>,0,ARMA,1.6211055901641944,1.0114701660091425,1.2732264488943805
datasets/synthetic_data/s2.csv,380,<timecave.validation_methods.CV.Block_CV object at 0x00000250F6C42BD0>,1,Tree,1.8364534656006382,1.0472228308086589,1.3551580961646645
datasets/synthetic_data/s2.csv,380,<timecave.validation_methods.CV.Block_CV object at 0x00000250F6C42BD0>,1,ARMA,1.4203186128420957,0.9797886352849103,1.191771208261928
datasets/synthetic_data/s2.csv,380,<timecave.validation_methods.CV.Block_CV object at 0x00000250F6C42BD0>,2,Tree,3.030236211671902,1.3988842255651281,1.740757367260556
datasets/synthetic_data/s2.csv,380,<timecave.validation_methods.CV.Block_CV object at 0x00000250F6C42BD0>,2,ARMA,1.8338497407593084,1.1330860909317102,1.354197083425935
datasets/synthetic_data/s2.csv,380,<timecave.validation_methods.CV.Block_CV object at 0x00000250F6C42BD0>,3,Tree,2.3493446924321817,1.28708680482269,1.5327572190116026
datasets/synthetic_data/s2.csv,380,<timecave.validation_methods.CV.Block_CV object at 0x00000250F6C42BD0>,3,ARMA,1.6291931291794652,1.0726647267307712,1.2763984993643112
datasets/synthetic_data/s2.csv,380,<timecave.validation_methods.CV.Block_CV object at 0x00000250F6C42BD0>,4,Tree,1.9637906117063326,1.125172892179816,1.4013531359747737
datasets/synthetic_data/s2.csv,380,<timecave.validation_methods.CV.Block_CV object at 0x00000250F6C42BD0>,4,ARMA,1.565974057624366,0.9421257898794705,1.2513888514863658
datasets/synthetic_data/s2.csv,380,<timecave.validation_methods.CV.AdaptedhvBlockCV object at 0x00000250F7D93080>,0,Tree,1.3797391573130864,0.9322826627801021,1.1746229851799626
datasets/synthetic_data/s2.csv,380,<timecave.validation_methods.CV.AdaptedhvBlockCV object at 0x00000250F7D93080>,0,ARMA,1.6205446671604335,1.0113396182849537,1.273006153622375
datasets/synthetic_data/s2.csv,380,<timecave.validation_methods.CV.AdaptedhvBlockCV object at 0x00000250F7D93080>,1,Tree,1.801049673338177,1.045364455304068,1.3420319196420691
datasets/synthetic_data/s2.csv,380,<timecave.validation_methods.CV.AdaptedhvBlockCV object at 0x00000250F7D93080>,1,ARMA,1.4208785454689878,0.9798610484478123,1.1920061012717125
datasets/synthetic_data/s2.csv,380,<timecave.validation_methods.CV.AdaptedhvBlockCV object at 0x00000250F7D93080>,2,Tree,2.1622807167304523,1.143256480601371,1.4704695565466332
datasets/synthetic_data/s2.csv,380,<timecave.validation_methods.CV.AdaptedhvBlockCV object at 0x00000250F7D93080>,2,ARMA,1.8348894864442113,1.1329341660921988,1.3545809265024409
datasets/synthetic_data/s2.csv,380,<timecave.validation_methods.CV.AdaptedhvBlockCV object at 0x00000250F7D93080>,3,Tree,2.2667370866445,1.2526843237635925,1.5055686921042493
datasets/synthetic_data/s2.csv,380,<timecave.validation_methods.CV.AdaptedhvBlockCV object at 0x00000250F7D93080>,3,ARMA,1.6247601847048891,1.0683599220620437,1.2746608116298583
datasets/synthetic_data/s2.csv,380,<timecave.validation_methods.CV.AdaptedhvBlockCV object at 0x00000250F7D93080>,4,Tree,1.9994960165487927,1.1502942428518657,1.4140353660884133
datasets/synthetic_data/s2.csv,380,<timecave.validation_methods.CV.AdaptedhvBlockCV object at 0x00000250F7D93080>,4,ARMA,1.517964397011854,0.9557884835960415,1.2320569779891895
datasets/synthetic_data/s2.csv,380,<timecave.validation_methods.markov.MarkovCV object at 0x00000250F7D91520>,0,Tree,4.103574008974377,1.6233343651890741,2.0257280194967873
datasets/synthetic_data/s2.csv,380,<timecave.validation_methods.markov.MarkovCV object at 0x00000250F7D91520>,0,ARMA,1.1987314425144362,0.9412240965956435,1.0948659472805045
datasets/synthetic_data/s2.csv,380,<timecave.validation_methods.markov.MarkovCV object at 0x00000250F7D91520>,1,Tree,3.5152498449139067,1.6088097379135302,1.8748999559746933
datasets/synthetic_data/s2.csv,380,<timecave.validation_methods.markov.MarkovCV object at 0x00000250F7D91520>,1,ARMA,2.3442622088003415,1.117847809274892,1.5310983667943552
datasets/synthetic_data/s2.csv,380,<timecave.validation_methods.markov.MarkovCV object at 0x00000250F7D91520>,2,Tree,1.6220188933478434,1.1052444051888202,1.2735850554037778
datasets/synthetic_data/s2.csv,380,<timecave.validation_methods.markov.MarkovCV object at 0x00000250F7D91520>,2,ARMA,3.213171304329336,1.555173004331324,1.7925320929705375
datasets/synthetic_data/s2.csv,380,<timecave.validation_methods.markov.MarkovCV object at 0x00000250F7D91520>,3,Tree,2.75267338955306,1.1057740114900427,1.6591182566511224
datasets/synthetic_data/s2.csv,380,<timecave.validation_methods.markov.MarkovCV object at 0x00000250F7D91520>,3,ARMA,2.252869863205474,1.2596940625957473,1.5009563162215862
datasets/synthetic_data/s2.csv,380,<timecave.validation_methods.markov.MarkovCV object at 0x00000250F7D91520>,4,Tree,1.9634208450606279,1.1859185913807015,1.4012211977630897
datasets/synthetic_data/s2.csv,380,<timecave.validation_methods.markov.MarkovCV object at 0x00000250F7D91520>,4,ARMA,1.6203055023355477,1.00035734196428,1.272912213130013
datasets/synthetic_data/s2.csv,380,<timecave.validation_methods.markov.MarkovCV object at 0x00000250F7D91520>,5,Tree,1.9822812458680303,1.203596317809672,1.4079351000198945
datasets/synthetic_data/s2.csv,380,<timecave.validation_methods.markov.MarkovCV object at 0x00000250F7D91520>,5,ARMA,0.9780968412306502,0.8571635279146126,0.9889877861888134
datasets/synthetic_data/s2.csv,380,<timecave.validation_methods.markov.MarkovCV object at 0x00000250F7D91520>,6,Tree,7.981791694754256,2.4806563305362372,2.825206487100413
datasets/synthetic_data/s2.csv,380,<timecave.validation_methods.markov.MarkovCV object at 0x00000250F7D91520>,6,ARMA,1.7548961029252106,1.1460113190377843,1.3247249159448955
datasets/synthetic_data/s2.csv,380,<timecave.validation_methods.markov.MarkovCV object at 0x00000250F7D91520>,7,Tree,2.5939774941493203,1.285964769205233,1.6105829671734766
datasets/synthetic_data/s2.csv,380,<timecave.validation_methods.markov.MarkovCV object at 0x00000250F7D91520>,7,ARMA,1.4395425311194356,0.9505443843465395,1.1998093728252983
datasets/synthetic_data/s2.csv,380,<timecave.validation_methods.markov.MarkovCV object at 0x00000250F7D91520>,8,Tree,5.301445752037396,1.9158670997123144,2.302486862511358
datasets/synthetic_data/s2.csv,380,<timecave.validation_methods.markov.MarkovCV object at 0x00000250F7D91520>,8,ARMA,1.6266609184908907,1.0180216871460206,1.275406177847234
datasets/synthetic_data/s2.csv,380,<timecave.validation_methods.markov.MarkovCV object at 0x00000250F7D91520>,9,Tree,5.004580496046312,1.9770818951214557,2.2370919730861116
datasets/synthetic_data/s2.csv,380,<timecave.validation_methods.markov.MarkovCV object at 0x00000250F7D91520>,9,ARMA,1.8538541016703134,1.0958710317634552,1.3615631096905914
datasets/synthetic_data/s2.csv,381,<timecave.validation_methods.OOS.Holdout object at 0x00000250F6CE8B90>,0,Tree,2.7473031637792915,1.2827005726405596,1.6574990690130995
datasets/synthetic_data/s2.csv,381,<timecave.validation_methods.OOS.Holdout object at 0x00000250F6CE8B90>,0,ARMA,1.9656641550548546,1.1030664268691128,1.402021453136454
datasets/synthetic_data/s2.csv,381,<timecave.validation_methods.OOS.Repeated_Holdout object at 0x00000250F6CEBEF0>,0,Tree,3.2017413649866397,1.3914125011987528,1.7893410421120508
datasets/synthetic_data/s2.csv,381,<timecave.validation_methods.OOS.Repeated_Holdout object at 0x00000250F6CEBEF0>,0,ARMA,2.1122225178850287,1.1356982936397326,1.4533487254905577
datasets/synthetic_data/s2.csv,381,<timecave.validation_methods.OOS.Repeated_Holdout object at 0x00000250F6CEBEF0>,1,Tree,3.0229685996148308,1.3709024865035104,1.7386686284668595
datasets/synthetic_data/s2.csv,381,<timecave.validation_methods.OOS.Repeated_Holdout object at 0x00000250F6CEBEF0>,1,ARMA,2.2043107983753134,1.1532517151524815,1.4846921560967827
datasets/synthetic_data/s2.csv,381,<timecave.validation_methods.OOS.Repeated_Holdout object at 0x00000250F6CEBEF0>,2,Tree,2.8127846610204776,1.35920780960449,1.677135850496458
datasets/synthetic_data/s2.csv,381,<timecave.validation_methods.OOS.Repeated_Holdout object at 0x00000250F6CEBEF0>,2,ARMA,2.0847609672669947,1.1514654974988978,1.4438701351807905
datasets/synthetic_data/s2.csv,381,<timecave.validation_methods.OOS.Repeated_Holdout object at 0x00000250F6CEBEF0>,3,Tree,2.7321425382347178,1.2403813064783797,1.652919398589876
datasets/synthetic_data/s2.csv,381,<timecave.validation_methods.OOS.Repeated_Holdout object at 0x00000250F6CEBEF0>,3,ARMA,1.9656641550548546,1.1030664268691128,1.402021453136454
datasets/synthetic_data/s2.csv,381,<timecave.validation_methods.prequential.Growing_Window object at 0x00000250F6CE98B0>,0,Tree,2.2951540885433257,1.2848457409276817,1.5149765966982216
datasets/synthetic_data/s2.csv,381,<timecave.validation_methods.prequential.Growing_Window object at 0x00000250F6CE98B0>,0,ARMA,2.3109834166955663,1.1777425645609378,1.5201919012728513
datasets/synthetic_data/s2.csv,381,<timecave.validation_methods.prequential.Growing_Window object at 0x00000250F6CE98B0>,1,Tree,2.833479183323238,1.461263920382889,1.6832941464055644
datasets/synthetic_data/s2.csv,381,<timecave.validation_methods.prequential.Growing_Window object at 0x00000250F6CE98B0>,1,ARMA,1.303454500525819,0.8584800583079868,1.1416893187403563
datasets/synthetic_data/s2.csv,381,<timecave.validation_methods.prequential.Growing_Window object at 0x00000250F6CE98B0>,2,Tree,1.473957928379039,0.9856781946096409,1.2140666902518324
datasets/synthetic_data/s2.csv,381,<timecave.validation_methods.prequential.Growing_Window object at 0x00000250F6CE98B0>,2,ARMA,1.5877112033606078,1.055354315883053,1.2600441275449872
datasets/synthetic_data/s2.csv,381,<timecave.validation_methods.prequential.Growing_Window object at 0x00000250F6CE98B0>,3,Tree,2.9089957010848,1.3178928235248162,1.7055778202957494
datasets/synthetic_data/s2.csv,381,<timecave.validation_methods.prequential.Growing_Window object at 0x00000250F6CE98B0>,3,ARMA,2.2518193573173857,1.168628262695407,1.5006063298938153
datasets/synthetic_data/s2.csv,381,<timecave.validation_methods.prequential.Growing_Window object at 0x00000250F6CEB1A0>,0,Tree,1.8959021769109525,1.0938935507548437,1.37691763621175
datasets/synthetic_data/s2.csv,381,<timecave.validation_methods.prequential.Growing_Window object at 0x00000250F6CEB1A0>,0,ARMA,1.6284557772746284,0.952273573845496,1.2761096258843236
datasets/synthetic_data/s2.csv,381,<timecave.validation_methods.prequential.Growing_Window object at 0x00000250F6CEB1A0>,1,Tree,1.3197801868561105,0.872669420880453,1.1488168639326768
datasets/synthetic_data/s2.csv,381,<timecave.validation_methods.prequential.Growing_Window object at 0x00000250F6CEB1A0>,1,ARMA,2.0984040204266816,1.1881760430048733,1.4485869046856255
datasets/synthetic_data/s2.csv,381,<timecave.validation_methods.prequential.Growing_Window object at 0x00000250F6CEB1A0>,2,Tree,3.767342747653002,1.5324108897149598,1.940964385982649
datasets/synthetic_data/s2.csv,381,<timecave.validation_methods.prequential.Growing_Window object at 0x00000250F6CEB1A0>,2,ARMA,2.326257659113131,1.197817873740647,1.5252074151121648
datasets/synthetic_data/s2.csv,381,<timecave.validation_methods.prequential.Rolling_Window object at 0x00000250F25580E0>,0,Tree,2.2673244619328057,1.2568932264680104,1.5057637470509129
datasets/synthetic_data/s2.csv,381,<timecave.validation_methods.prequential.Rolling_Window object at 0x00000250F25580E0>,0,ARMA,2.3109834166955663,1.1777425645609378,1.5201919012728513
datasets/synthetic_data/s2.csv,381,<timecave.validation_methods.prequential.Rolling_Window object at 0x00000250F25580E0>,1,Tree,3.5294425495215225,1.5366782197338567,1.8786810664723064
datasets/synthetic_data/s2.csv,381,<timecave.validation_methods.prequential.Rolling_Window object at 0x00000250F25580E0>,1,ARMA,1.5392175141765614,0.9582175985045,1.240652052018035
datasets/synthetic_data/s2.csv,381,<timecave.validation_methods.prequential.Rolling_Window object at 0x00000250F25580E0>,2,Tree,2.0939076876371505,1.2744919791270946,1.4470341003712215
datasets/synthetic_data/s2.csv,381,<timecave.validation_methods.prequential.Rolling_Window object at 0x00000250F25580E0>,2,ARMA,1.5870156302353717,1.0533982166641866,1.2597680858933409
datasets/synthetic_data/s2.csv,381,<timecave.validation_methods.prequential.Rolling_Window object at 0x00000250F25580E0>,3,Tree,3.8967022389582606,1.6214308247450662,1.9740066461281889
datasets/synthetic_data/s2.csv,381,<timecave.validation_methods.prequential.Rolling_Window object at 0x00000250F25580E0>,3,ARMA,2.5627938785752677,1.2667142480823546,1.6008728489718562
datasets/synthetic_data/s2.csv,381,<timecave.validation_methods.prequential.Rolling_Window object at 0x00000250F6CBE720>,0,Tree,1.9151102947414598,1.1099453030870532,1.3838751008459758
datasets/synthetic_data/s2.csv,381,<timecave.validation_methods.prequential.Rolling_Window object at 0x00000250F6CBE720>,0,ARMA,1.6284557772746284,0.952273573845496,1.2761096258843236
datasets/synthetic_data/s2.csv,381,<timecave.validation_methods.prequential.Rolling_Window object at 0x00000250F6CBE720>,1,Tree,1.505022246788177,0.9658728552306955,1.2267934817189798
datasets/synthetic_data/s2.csv,381,<timecave.validation_methods.prequential.Rolling_Window object at 0x00000250F6CBE720>,1,ARMA,2.4020524974232376,1.2790730593544617,1.5498556376073345
datasets/synthetic_data/s2.csv,381,<timecave.validation_methods.prequential.Rolling_Window object at 0x00000250F6CBE720>,2,Tree,2.858896038508342,1.509462166305779,1.6908270279683673
datasets/synthetic_data/s2.csv,381,<timecave.validation_methods.prequential.Rolling_Window object at 0x00000250F6CBE720>,2,ARMA,2.3114016890776394,1.1934245493994022,1.5203294672792602
datasets/synthetic_data/s2.csv,381,<timecave.validation_methods.CV.Block_CV object at 0x00000250F6CBF6B0>,0,Tree,2.0650626488979786,1.1626354627951558,1.4370325844941647
datasets/synthetic_data/s2.csv,381,<timecave.validation_methods.CV.Block_CV object at 0x00000250F6CBF6B0>,0,ARMA,1.5228357359386675,1.02184795973619,1.234032307493879
datasets/synthetic_data/s2.csv,381,<timecave.validation_methods.CV.Block_CV object at 0x00000250F6CBF6B0>,1,Tree,2.341904799716062,1.1849004874862583,1.5303283306911828
datasets/synthetic_data/s2.csv,381,<timecave.validation_methods.CV.Block_CV object at 0x00000250F6CBF6B0>,1,ARMA,2.2782662071051902,1.160485328900093,1.5093926616706437
datasets/synthetic_data/s2.csv,381,<timecave.validation_methods.CV.Block_CV object at 0x00000250F6CBF6B0>,2,Tree,1.9004073902758025,1.0807985511237947,1.3785526432733002
datasets/synthetic_data/s2.csv,381,<timecave.validation_methods.CV.Block_CV object at 0x00000250F6CBF6B0>,2,ARMA,1.5081095332523073,0.9154320171588037,1.228051111824059
datasets/synthetic_data/s2.csv,381,<timecave.validation_methods.CV.Block_CV object at 0x00000250F6CBF6B0>,3,Tree,2.3619978303384053,1.275306145957918,1.5368792504092197
datasets/synthetic_data/s2.csv,381,<timecave.validation_methods.CV.Block_CV object at 0x00000250F6CBF6B0>,3,ARMA,1.6535896492333104,1.092302073156414,1.2859197678056398
datasets/synthetic_data/s2.csv,381,<timecave.validation_methods.CV.Block_CV object at 0x00000250F6CBF6B0>,4,Tree,3.0240244324523937,1.3661603088127288,1.7389722345260128
datasets/synthetic_data/s2.csv,381,<timecave.validation_methods.CV.Block_CV object at 0x00000250F6CBF6B0>,4,ARMA,2.2518193573173857,1.168628262695407,1.5006063298938153
datasets/synthetic_data/s2.csv,381,<timecave.validation_methods.CV.AdaptedhvBlockCV object at 0x00000250F6CBEF00>,0,Tree,2.0749539335606366,1.1310637913322465,1.4404700391055125
datasets/synthetic_data/s2.csv,381,<timecave.validation_methods.CV.AdaptedhvBlockCV object at 0x00000250F6CBEF00>,0,ARMA,1.5226073051021114,1.0220417360557552,1.2339397493808648
datasets/synthetic_data/s2.csv,381,<timecave.validation_methods.CV.AdaptedhvBlockCV object at 0x00000250F6CBEF00>,1,Tree,2.928129483537551,1.3569529739843618,1.7111778059388074
datasets/synthetic_data/s2.csv,381,<timecave.validation_methods.CV.AdaptedhvBlockCV object at 0x00000250F6CBEF00>,1,ARMA,2.2758172944856043,1.1556761459356728,1.5085812190550445
datasets/synthetic_data/s2.csv,381,<timecave.validation_methods.CV.AdaptedhvBlockCV object at 0x00000250F6CBEF00>,2,Tree,1.7802459097597862,1.0036843503552104,1.334258561808687
datasets/synthetic_data/s2.csv,381,<timecave.validation_methods.CV.AdaptedhvBlockCV object at 0x00000250F6CBEF00>,2,ARMA,1.4852108583783246,0.910219083522777,1.218692273865033
datasets/synthetic_data/s2.csv,381,<timecave.validation_methods.CV.AdaptedhvBlockCV object at 0x00000250F6CBEF00>,3,Tree,2.1315824828166505,1.150978362752642,1.4599940009522816
datasets/synthetic_data/s2.csv,381,<timecave.validation_methods.CV.AdaptedhvBlockCV object at 0x00000250F6CBEF00>,3,ARMA,1.6508123047863281,1.0915471939121817,1.2848394081698802
datasets/synthetic_data/s2.csv,381,<timecave.validation_methods.CV.AdaptedhvBlockCV object at 0x00000250F6CBEF00>,4,Tree,3.1281141362099643,1.3455133796100784,1.7686475443711118
datasets/synthetic_data/s2.csv,381,<timecave.validation_methods.CV.AdaptedhvBlockCV object at 0x00000250F6CBEF00>,4,ARMA,2.2857475867292893,1.193562715566041,1.5118689052723087
datasets/synthetic_data/s2.csv,381,<timecave.validation_methods.markov.MarkovCV object at 0x00000250F6CBE480>,0,Tree,5.521279345756513,2.1114359291592666,2.34974027197827
datasets/synthetic_data/s2.csv,381,<timecave.validation_methods.markov.MarkovCV object at 0x00000250F6CBE480>,0,ARMA,2.590894084222755,1.4076970022884716,1.609625448426669
datasets/synthetic_data/s2.csv,381,<timecave.validation_methods.markov.MarkovCV object at 0x00000250F6CBE480>,1,Tree,6.0772315221092175,1.7344958260174284,2.465204154245489
datasets/synthetic_data/s2.csv,381,<timecave.validation_methods.markov.MarkovCV object at 0x00000250F6CBE480>,1,ARMA,2.3956370235039084,1.189661438736465,1.5477845533225574
datasets/synthetic_data/s2.csv,381,<timecave.validation_methods.markov.MarkovCV object at 0x00000250F6CBE480>,2,Tree,3.0184587258057403,1.4544332622052938,1.7373712112861028
datasets/synthetic_data/s2.csv,381,<timecave.validation_methods.markov.MarkovCV object at 0x00000250F6CBE480>,2,ARMA,3.8363562031621568,1.460752939835852,1.958661839920857
datasets/synthetic_data/s2.csv,381,<timecave.validation_methods.markov.MarkovCV object at 0x00000250F6CBE480>,3,Tree,2.5728063729806165,1.347078764555695,1.6039969990559884
datasets/synthetic_data/s2.csv,381,<timecave.validation_methods.markov.MarkovCV object at 0x00000250F6CBE480>,3,ARMA,1.7343753928953372,1.0392192029823228,1.316956868274484
datasets/synthetic_data/s2.csv,381,<timecave.validation_methods.markov.MarkovCV object at 0x00000250F6CBE480>,4,Tree,2.676072113373311,1.467777777014958,1.6358704451677435
datasets/synthetic_data/s2.csv,381,<timecave.validation_methods.markov.MarkovCV object at 0x00000250F6CBE480>,4,ARMA,2.474633034686102,1.2235937988355703,1.573096638699003
datasets/synthetic_data/s2.csv,381,<timecave.validation_methods.markov.MarkovCV object at 0x00000250F6CBE480>,5,Tree,1.6200900203150317,1.1187228017737085,1.2728275689640887
datasets/synthetic_data/s2.csv,381,<timecave.validation_methods.markov.MarkovCV object at 0x00000250F6CBE480>,5,ARMA,1.8185250027975974,1.1257687528384848,1.3485269751835138
datasets/synthetic_data/s2.csv,381,<timecave.validation_methods.markov.MarkovCV object at 0x00000250F6CBE480>,6,Tree,3.2629639612100836,1.4994975109094852,1.806367615190796
datasets/synthetic_data/s2.csv,381,<timecave.validation_methods.markov.MarkovCV object at 0x00000250F6CBE480>,6,ARMA,1.4246345674703127,1.03496901998433,1.19358056597379
datasets/synthetic_data/s2.csv,381,<timecave.validation_methods.markov.MarkovCV object at 0x00000250F6CBE480>,7,Tree,2.9587186002540866,1.5231328833019526,1.7200926138595232
datasets/synthetic_data/s2.csv,381,<timecave.validation_methods.markov.MarkovCV object at 0x00000250F6CBE480>,7,ARMA,1.9240360784395614,1.1383283373644153,1.3870962758365266
datasets/synthetic_data/s2.csv,381,<timecave.validation_methods.markov.MarkovCV object at 0x00000250F6CBE480>,8,Tree,10.087421073622092,2.898380526870585,3.1760700674925437
datasets/synthetic_data/s2.csv,381,<timecave.validation_methods.markov.MarkovCV object at 0x00000250F6CBE480>,8,ARMA,3.956727530261768,1.6893224312847972,1.9891524653132469
datasets/synthetic_data/s2.csv,381,<timecave.validation_methods.markov.MarkovCV object at 0x00000250F6CBE480>,9,Tree,10.525201005451503,2.9804682154729503,3.2442566183105033
datasets/synthetic_data/s2.csv,381,<timecave.validation_methods.markov.MarkovCV object at 0x00000250F6CBE480>,9,ARMA,2.537381993362776,1.232941145572443,1.592916191569028
datasets/synthetic_data/s2.csv,382,<timecave.validation_methods.OOS.Holdout object at 0x00000250F05B7D10>,0,Tree,2.738755516881646,1.3902318748759412,1.6549185831579891
datasets/synthetic_data/s2.csv,382,<timecave.validation_methods.OOS.Holdout object at 0x00000250F05B7D10>,0,ARMA,2.138916876831049,1.1762891103306117,1.4625036331001195
datasets/synthetic_data/s2.csv,382,<timecave.validation_methods.OOS.Repeated_Holdout object at 0x00000250E98F3290>,0,Tree,2.6875682690164813,1.3637120007304557,1.6393804527980933
datasets/synthetic_data/s2.csv,382,<timecave.validation_methods.OOS.Repeated_Holdout object at 0x00000250E98F3290>,0,ARMA,2.189360507244535,1.2130278702454718,1.4796487783405003
datasets/synthetic_data/s2.csv,382,<timecave.validation_methods.OOS.Repeated_Holdout object at 0x00000250E98F3290>,1,Tree,3.9907929988379083,1.7400155638358985,1.997696923669331
datasets/synthetic_data/s2.csv,382,<timecave.validation_methods.OOS.Repeated_Holdout object at 0x00000250E98F3290>,1,ARMA,2.2421610539450447,1.195826818038416,1.4973847381167755
datasets/synthetic_data/s2.csv,382,<timecave.validation_methods.OOS.Repeated_Holdout object at 0x00000250E98F3290>,2,Tree,2.6604757157191568,1.3602873622810796,1.6310964765209803
datasets/synthetic_data/s2.csv,382,<timecave.validation_methods.OOS.Repeated_Holdout object at 0x00000250E98F3290>,2,ARMA,2.24228224966226,1.2149762021953607,1.497425206700575
datasets/synthetic_data/s2.csv,382,<timecave.validation_methods.OOS.Repeated_Holdout object at 0x00000250E98F3290>,3,Tree,2.0589659961684634,1.1797327661103034,1.434909751924651
datasets/synthetic_data/s2.csv,382,<timecave.validation_methods.OOS.Repeated_Holdout object at 0x00000250E98F3290>,3,ARMA,2.138916876831049,1.1762891103306117,1.4625036331001195
datasets/synthetic_data/s2.csv,382,<timecave.validation_methods.prequential.Growing_Window object at 0x00000250E98F1CD0>,0,Tree,3.6136735072314115,1.5883069180180718,1.9009664666246513
datasets/synthetic_data/s2.csv,382,<timecave.validation_methods.prequential.Growing_Window object at 0x00000250E98F1CD0>,0,ARMA,1.8849748322327118,1.1478207324441332,1.3729438561837521
datasets/synthetic_data/s2.csv,382,<timecave.validation_methods.prequential.Growing_Window object at 0x00000250E98F1CD0>,1,Tree,3.216562468201252,1.5268000161965678,1.793477757933243
datasets/synthetic_data/s2.csv,382,<timecave.validation_methods.prequential.Growing_Window object at 0x00000250E98F1CD0>,1,ARMA,2.545000978143518,1.320479301178004,1.5953059199236734
datasets/synthetic_data/s2.csv,382,<timecave.validation_methods.prequential.Growing_Window object at 0x00000250E98F1CD0>,2,Tree,2.919611172776818,1.4211737604482604,1.7086869733151295
datasets/synthetic_data/s2.csv,382,<timecave.validation_methods.prequential.Growing_Window object at 0x00000250E98F1CD0>,2,ARMA,1.6892680874774653,1.0094079229971937,1.2997184646982074
datasets/synthetic_data/s2.csv,382,<timecave.validation_methods.prequential.Growing_Window object at 0x00000250E98F1CD0>,3,Tree,4.094805964046082,1.7101966811390612,2.023562690910781
datasets/synthetic_data/s2.csv,382,<timecave.validation_methods.prequential.Growing_Window object at 0x00000250E98F1CD0>,3,ARMA,2.312232481725008,1.2331917138476935,1.5206026705635527
datasets/synthetic_data/s2.csv,382,<timecave.validation_methods.prequential.Growing_Window object at 0x00000250E98F2390>,0,Tree,2.5631600119992126,1.240642910854408,1.600987199199048
datasets/synthetic_data/s2.csv,382,<timecave.validation_methods.prequential.Growing_Window object at 0x00000250E98F2390>,0,ARMA,2.9717524059168374,1.486653562316821,1.7238771435101856
datasets/synthetic_data/s2.csv,382,<timecave.validation_methods.prequential.Growing_Window object at 0x00000250E98F2390>,1,Tree,3.1607730736767814,1.5346959955451722,1.7778563141257455
datasets/synthetic_data/s2.csv,382,<timecave.validation_methods.prequential.Growing_Window object at 0x00000250E98F2390>,1,ARMA,1.678331420290798,1.0387968322718386,1.2955043111818647
datasets/synthetic_data/s2.csv,382,<timecave.validation_methods.prequential.Growing_Window object at 0x00000250E98F2390>,2,Tree,3.3095749085096715,1.604013618279309,1.819223710407731
datasets/synthetic_data/s2.csv,382,<timecave.validation_methods.prequential.Growing_Window object at 0x00000250E98F2390>,2,ARMA,2.446749831139101,1.294388030942189,1.5642090113341955
datasets/synthetic_data/s2.csv,382,<timecave.validation_methods.prequential.Rolling_Window object at 0x00000250E98F2030>,0,Tree,3.9737896829966646,1.662920375154531,1.993436651362833
datasets/synthetic_data/s2.csv,382,<timecave.validation_methods.prequential.Rolling_Window object at 0x00000250E98F2030>,0,ARMA,1.8849748322327118,1.1478207324441332,1.3729438561837521
datasets/synthetic_data/s2.csv,382,<timecave.validation_methods.prequential.Rolling_Window object at 0x00000250E98F2030>,1,Tree,4.306286997764152,1.7304180214128722,2.0751595114024735
datasets/synthetic_data/s2.csv,382,<timecave.validation_methods.prequential.Rolling_Window object at 0x00000250E98F2030>,1,ARMA,2.470990653087937,1.341207489722522,1.5719385016876255
datasets/synthetic_data/s2.csv,382,<timecave.validation_methods.prequential.Rolling_Window object at 0x00000250E98F2030>,2,Tree,3.9908343780362987,1.6062909705025934,1.9977072803682472
datasets/synthetic_data/s2.csv,382,<timecave.validation_methods.prequential.Rolling_Window object at 0x00000250E98F2030>,2,ARMA,1.7145672883767102,1.0554690095243713,1.3094148648830555
datasets/synthetic_data/s2.csv,382,<timecave.validation_methods.prequential.Rolling_Window object at 0x00000250E98F2030>,3,Tree,2.8154235091087787,1.3410487145269212,1.6779223787496187
datasets/synthetic_data/s2.csv,382,<timecave.validation_methods.prequential.Rolling_Window object at 0x00000250E98F2030>,3,ARMA,2.303273186319887,1.23965842840254,1.517653842719046
datasets/synthetic_data/s2.csv,382,<timecave.validation_methods.prequential.Rolling_Window object at 0x00000250F25E7080>,0,Tree,2.7715403302271593,1.3634064734570694,1.664794380765132
datasets/synthetic_data/s2.csv,382,<timecave.validation_methods.prequential.Rolling_Window object at 0x00000250F25E7080>,0,ARMA,2.9717524059168374,1.486653562316821,1.7238771435101856
datasets/synthetic_data/s2.csv,382,<timecave.validation_methods.prequential.Rolling_Window object at 0x00000250F25E7080>,1,Tree,4.609817974157327,1.878364482871574,2.1470486659964947
datasets/synthetic_data/s2.csv,382,<timecave.validation_methods.prequential.Rolling_Window object at 0x00000250F25E7080>,1,ARMA,1.9573054844200795,1.1678175698872257,1.3990373420391893
datasets/synthetic_data/s2.csv,382,<timecave.validation_methods.prequential.Rolling_Window object at 0x00000250F25E7080>,2,Tree,3.6762757732560964,1.6095724507704128,1.9173616699141809
datasets/synthetic_data/s2.csv,382,<timecave.validation_methods.prequential.Rolling_Window object at 0x00000250F25E7080>,2,ARMA,2.5110521157519075,1.299355036235742,1.5846299617740123
datasets/synthetic_data/s2.csv,382,<timecave.validation_methods.CV.Block_CV object at 0x00000250F25E7890>,0,Tree,5.550679194146737,1.8293197600233582,2.3559879443975804
datasets/synthetic_data/s2.csv,382,<timecave.validation_methods.CV.Block_CV object at 0x00000250F25E7890>,0,ARMA,3.47556592293755,1.5253715842660456,1.8642869744053756
datasets/synthetic_data/s2.csv,382,<timecave.validation_methods.CV.Block_CV object at 0x00000250F25E7890>,1,Tree,2.6430234213314288,1.4022862579606918,1.6257378082985672
datasets/synthetic_data/s2.csv,382,<timecave.validation_methods.CV.Block_CV object at 0x00000250F25E7890>,1,ARMA,1.9268333977591952,1.1454940503834914,1.388104245998547
datasets/synthetic_data/s2.csv,382,<timecave.validation_methods.CV.Block_CV object at 0x00000250F25E7890>,2,Tree,4.260281176847496,1.7612463824263602,2.0640448582449693
datasets/synthetic_data/s2.csv,382,<timecave.validation_methods.CV.Block_CV object at 0x00000250F25E7890>,2,ARMA,2.6547746740964864,1.39063389070588,1.6293479291104422
datasets/synthetic_data/s2.csv,382,<timecave.validation_methods.CV.Block_CV object at 0x00000250F25E7890>,3,Tree,2.383541800202138,1.2551102351780277,1.5438723393474403
datasets/synthetic_data/s2.csv,382,<timecave.validation_methods.CV.Block_CV object at 0x00000250F25E7890>,3,ARMA,1.526397811596435,0.9592580134276087,1.2354747312658543
datasets/synthetic_data/s2.csv,382,<timecave.validation_methods.CV.Block_CV object at 0x00000250F25E7890>,4,Tree,3.190954844830653,1.5419722426990243,1.7863243951843273
datasets/synthetic_data/s2.csv,382,<timecave.validation_methods.CV.Block_CV object at 0x00000250F25E7890>,4,ARMA,2.312232481725008,1.2331917138476935,1.5206026705635527
datasets/synthetic_data/s2.csv,382,<timecave.validation_methods.CV.AdaptedhvBlockCV object at 0x00000250F25E7F80>,0,Tree,3.6356977029013793,1.4715015512573355,1.9067505612694544
datasets/synthetic_data/s2.csv,382,<timecave.validation_methods.CV.AdaptedhvBlockCV object at 0x00000250F25E7F80>,0,ARMA,3.462401546671429,1.526639000597489,1.8607529515417753
datasets/synthetic_data/s2.csv,382,<timecave.validation_methods.CV.AdaptedhvBlockCV object at 0x00000250F25E7F80>,1,Tree,2.8708581058791047,1.317756173962543,1.6943606776241902
datasets/synthetic_data/s2.csv,382,<timecave.validation_methods.CV.AdaptedhvBlockCV object at 0x00000250F25E7F80>,1,ARMA,1.9378297004303364,1.1373893606913956,1.3920595175603436
datasets/synthetic_data/s2.csv,382,<timecave.validation_methods.CV.AdaptedhvBlockCV object at 0x00000250F25E7F80>,2,Tree,3.846772659371006,1.6717473880960403,1.961319112069988
datasets/synthetic_data/s2.csv,382,<timecave.validation_methods.CV.AdaptedhvBlockCV object at 0x00000250F25E7F80>,2,ARMA,2.6104724625491054,1.365729758334529,1.6156956590116547
datasets/synthetic_data/s2.csv,382,<timecave.validation_methods.CV.AdaptedhvBlockCV object at 0x00000250F25E7F80>,3,Tree,2.4074440402621056,1.2408389779501812,1.5515940320399875
datasets/synthetic_data/s2.csv,382,<timecave.validation_methods.CV.AdaptedhvBlockCV object at 0x00000250F25E7F80>,3,ARMA,1.5407618515284265,0.9738143981012986,1.2412742853730703
datasets/synthetic_data/s2.csv,382,<timecave.validation_methods.CV.AdaptedhvBlockCV object at 0x00000250F25E7F80>,4,Tree,4.072121332796065,1.7240804761814292,2.017949784508045
datasets/synthetic_data/s2.csv,382,<timecave.validation_methods.CV.AdaptedhvBlockCV object at 0x00000250F25E7F80>,4,ARMA,2.331628771176388,1.2479323503504594,1.5269671807790723
datasets/synthetic_data/s2.csv,382,<timecave.validation_methods.markov.MarkovCV object at 0x00000250F25E7230>,0,Tree,3.7735534584712154,1.6716141652469916,1.9425636304819505
datasets/synthetic_data/s2.csv,382,<timecave.validation_methods.markov.MarkovCV object at 0x00000250F25E7230>,0,ARMA,2.168947440859225,1.1509182199274137,1.4727346810811597
datasets/synthetic_data/s2.csv,382,<timecave.validation_methods.markov.MarkovCV object at 0x00000250F25E7230>,1,Tree,4.5216973616428415,1.8400839371984112,2.1264283109577997
datasets/synthetic_data/s2.csv,382,<timecave.validation_methods.markov.MarkovCV object at 0x00000250F25E7230>,1,ARMA,2.9623028310289405,1.4110093461368185,1.7211341699672749
datasets/synthetic_data/s2.csv,382,<timecave.validation_methods.markov.MarkovCV object at 0x00000250F25E7230>,2,Tree,4.954334538920816,1.7521023898402823,2.2258334481539306
datasets/synthetic_data/s2.csv,382,<timecave.validation_methods.markov.MarkovCV object at 0x00000250F25E7230>,2,ARMA,3.260697905646917,1.44095195750986,1.8057402652781813
datasets/synthetic_data/s2.csv,382,<timecave.validation_methods.markov.MarkovCV object at 0x00000250F25E7230>,3,Tree,1.8301986434795747,1.101474841353514,1.3528483445972703
datasets/synthetic_data/s2.csv,382,<timecave.validation_methods.markov.MarkovCV object at 0x00000250F25E7230>,3,ARMA,1.9565574938796366,1.1075292156400436,1.3987699932010398
datasets/synthetic_data/s2.csv,382,<timecave.validation_methods.markov.MarkovCV object at 0x00000250F25E7230>,4,Tree,7.877088014396161,2.4772475322386582,2.8066150456370322
datasets/synthetic_data/s2.csv,382,<timecave.validation_methods.markov.MarkovCV object at 0x00000250F25E7230>,4,ARMA,3.0582182945731167,1.4293439081377817,1.7487762277012793
datasets/synthetic_data/s2.csv,382,<timecave.validation_methods.markov.MarkovCV object at 0x00000250F25E7230>,5,Tree,2.038495215282397,1.3184055189488013,1.4277588085115767
datasets/synthetic_data/s2.csv,382,<timecave.validation_methods.markov.MarkovCV object at 0x00000250F25E7230>,5,ARMA,3.7120199739717514,1.602465392100334,1.9266603161875089
datasets/synthetic_data/s2.csv,382,<timecave.validation_methods.markov.MarkovCV object at 0x00000250F25E7230>,6,Tree,4.187423322086005,1.6888353793363022,2.046319457486051
datasets/synthetic_data/s2.csv,382,<timecave.validation_methods.markov.MarkovCV object at 0x00000250F25E7230>,6,ARMA,3.2673289142032402,1.4601185901081952,1.807575424208694
datasets/synthetic_data/s2.csv,382,<timecave.validation_methods.markov.MarkovCV object at 0x00000250F25E7230>,7,Tree,3.05563165548309,1.4670224611429084,1.7480365143449064
datasets/synthetic_data/s2.csv,382,<timecave.validation_methods.markov.MarkovCV object at 0x00000250F25E7230>,7,ARMA,1.7042211867199284,1.1294810267757898,1.305458228638484
datasets/synthetic_data/s2.csv,382,<timecave.validation_methods.markov.MarkovCV object at 0x00000250F25E7230>,8,Tree,3.1492796835953913,1.4188020183282306,1.7746209971696467
datasets/synthetic_data/s2.csv,382,<timecave.validation_methods.markov.MarkovCV object at 0x00000250F25E7230>,8,ARMA,2.5373122743855197,1.3068764883328914,1.5928943073492101
datasets/synthetic_data/s2.csv,382,<timecave.validation_methods.markov.MarkovCV object at 0x00000250F25E7230>,9,Tree,2.0675625835834506,1.199306648585739,1.437902146734419
datasets/synthetic_data/s2.csv,382,<timecave.validation_methods.markov.MarkovCV object at 0x00000250F25E7230>,9,ARMA,2.704421903573479,1.3341005824282646,1.644512664461262
datasets/synthetic_data/s2.csv,383,<timecave.validation_methods.OOS.Holdout object at 0x00000250E98F1E50>,0,Tree,2.0215446874392136,1.1010420469890267,1.4218103556519812
datasets/synthetic_data/s2.csv,383,<timecave.validation_methods.OOS.Holdout object at 0x00000250E98F1E50>,0,ARMA,1.244928431734279,0.8623784820537788,1.115763609253447
datasets/synthetic_data/s2.csv,383,<timecave.validation_methods.OOS.Repeated_Holdout object at 0x00000250E98F37D0>,0,Tree,2.1990914506325243,1.1775772452736109,1.4829333938624905
datasets/synthetic_data/s2.csv,383,<timecave.validation_methods.OOS.Repeated_Holdout object at 0x00000250E98F37D0>,0,ARMA,1.0066384778809878,0.798752592347767,1.0033137484760128
datasets/synthetic_data/s2.csv,383,<timecave.validation_methods.OOS.Repeated_Holdout object at 0x00000250E98F37D0>,1,Tree,2.2309522596992926,1.0994856987997832,1.4936372584062345
datasets/synthetic_data/s2.csv,383,<timecave.validation_methods.OOS.Repeated_Holdout object at 0x00000250E98F37D0>,1,ARMA,0.9076029612667423,0.7758688564103149,0.9526819832802247
datasets/synthetic_data/s2.csv,383,<timecave.validation_methods.OOS.Repeated_Holdout object at 0x00000250E98F37D0>,2,Tree,1.527154944863355,0.8874835376314717,1.2357811071801328
datasets/synthetic_data/s2.csv,383,<timecave.validation_methods.OOS.Repeated_Holdout object at 0x00000250E98F37D0>,2,ARMA,1.2649600874229707,0.892557529870476,1.1247044444755123
datasets/synthetic_data/s2.csv,383,<timecave.validation_methods.OOS.Repeated_Holdout object at 0x00000250E98F37D0>,3,Tree,2.322061896379429,1.2000625911839728,1.523831321498357
datasets/synthetic_data/s2.csv,383,<timecave.validation_methods.OOS.Repeated_Holdout object at 0x00000250E98F37D0>,3,ARMA,1.244928431734279,0.8623784820537788,1.115763609253447
datasets/synthetic_data/s2.csv,383,<timecave.validation_methods.prequential.Growing_Window object at 0x00000250F2643E30>,0,Tree,4.754939531349363,1.892853935337493,2.1805823835272453
datasets/synthetic_data/s2.csv,383,<timecave.validation_methods.prequential.Growing_Window object at 0x00000250F2643E30>,0,ARMA,2.2870856717132835,1.2968163834230522,1.512311367316031
datasets/synthetic_data/s2.csv,383,<timecave.validation_methods.prequential.Growing_Window object at 0x00000250F2643E30>,1,Tree,4.062384185589219,1.6194502274803144,2.015535706850469
datasets/synthetic_data/s2.csv,383,<timecave.validation_methods.prequential.Growing_Window object at 0x00000250F2643E30>,1,ARMA,1.8437447487544314,1.1028870433069204,1.357845627733297
datasets/synthetic_data/s2.csv,383,<timecave.validation_methods.prequential.Growing_Window object at 0x00000250F2643E30>,2,Tree,2.73553044818513,1.35301115850896,1.653943907206387
datasets/synthetic_data/s2.csv,383,<timecave.validation_methods.prequential.Growing_Window object at 0x00000250F2643E30>,2,ARMA,1.5573994459475067,0.9870549747126058,1.2479581106541624
datasets/synthetic_data/s2.csv,383,<timecave.validation_methods.prequential.Growing_Window object at 0x00000250F2643E30>,3,Tree,2.850943930690474,1.3755778111107173,1.6884738466113338
datasets/synthetic_data/s2.csv,383,<timecave.validation_methods.prequential.Growing_Window object at 0x00000250F2643E30>,3,ARMA,0.9094929253906552,0.7731064161778058,0.9536733850698861
datasets/synthetic_data/s2.csv,383,<timecave.validation_methods.prequential.Growing_Window object at 0x00000250E98F1520>,0,Tree,2.4648212520595165,1.2700042769889097,1.5699749208377554
datasets/synthetic_data/s2.csv,383,<timecave.validation_methods.prequential.Growing_Window object at 0x00000250E98F1520>,0,ARMA,1.8804101544980565,1.1625739087878335,1.3712804798793194
datasets/synthetic_data/s2.csv,383,<timecave.validation_methods.prequential.Growing_Window object at 0x00000250E98F1520>,1,Tree,2.5702614367229417,1.3040319392068314,1.6032034919881324
datasets/synthetic_data/s2.csv,383,<timecave.validation_methods.prequential.Growing_Window object at 0x00000250E98F1520>,1,ARMA,1.645861350304627,1.0100523396181853,1.2829112792023567
datasets/synthetic_data/s2.csv,383,<timecave.validation_methods.prequential.Growing_Window object at 0x00000250E98F1520>,2,Tree,2.7032876443619807,1.2818004037645065,1.6441677664891685
datasets/synthetic_data/s2.csv,383,<timecave.validation_methods.prequential.Growing_Window object at 0x00000250E98F1520>,2,ARMA,0.9567987439181238,0.7768729087122506,0.9781608987881921
datasets/synthetic_data/s2.csv,383,<timecave.validation_methods.prequential.Rolling_Window object at 0x00000250E98F2300>,0,Tree,4.543470140571365,1.816143330325163,2.13154172855503
datasets/synthetic_data/s2.csv,383,<timecave.validation_methods.prequential.Rolling_Window object at 0x00000250E98F2300>,0,ARMA,2.2870856717132835,1.2968163834230522,1.512311367316031
datasets/synthetic_data/s2.csv,383,<timecave.validation_methods.prequential.Rolling_Window object at 0x00000250E98F2300>,1,Tree,3.2212393277543927,1.3097107612548367,1.7947811364493422
datasets/synthetic_data/s2.csv,383,<timecave.validation_methods.prequential.Rolling_Window object at 0x00000250E98F2300>,1,ARMA,2.1598452164516084,1.1307853953158618,1.4696411862939907
datasets/synthetic_data/s2.csv,383,<timecave.validation_methods.prequential.Rolling_Window object at 0x00000250E98F2300>,2,Tree,1.9250278437787254,1.0665696489896157,1.3874537267162192
datasets/synthetic_data/s2.csv,383,<timecave.validation_methods.prequential.Rolling_Window object at 0x00000250E98F2300>,2,ARMA,1.6117853698743227,0.9859698926520127,1.2695610933997319
datasets/synthetic_data/s2.csv,383,<timecave.validation_methods.prequential.Rolling_Window object at 0x00000250E98F2300>,3,Tree,2.655510744461635,1.4030945745946874,1.6295737922725793
datasets/synthetic_data/s2.csv,383,<timecave.validation_methods.prequential.Rolling_Window object at 0x00000250E98F2300>,3,ARMA,0.928885772083114,0.7665363373869793,0.9637872026973143
datasets/synthetic_data/s2.csv,383,<timecave.validation_methods.prequential.Rolling_Window object at 0x00000250F1EB4140>,0,Tree,2.4489256017768875,1.251679928098302,1.5649043426921938
datasets/synthetic_data/s2.csv,383,<timecave.validation_methods.prequential.Rolling_Window object at 0x00000250F1EB4140>,0,ARMA,1.8804101544980565,1.1625739087878335,1.3712804798793194
datasets/synthetic_data/s2.csv,383,<timecave.validation_methods.prequential.Rolling_Window object at 0x00000250F1EB4140>,1,Tree,2.4025559207331164,1.2193699347053693,1.5500180388411988
datasets/synthetic_data/s2.csv,383,<timecave.validation_methods.prequential.Rolling_Window object at 0x00000250F1EB4140>,1,ARMA,2.0762493043913333,1.1223156713583813,1.4409196037223357
datasets/synthetic_data/s2.csv,383,<timecave.validation_methods.prequential.Rolling_Window object at 0x00000250F1EB4140>,2,Tree,1.7555495531503864,1.0497658203924618,1.3249715291848299
datasets/synthetic_data/s2.csv,383,<timecave.validation_methods.prequential.Rolling_Window object at 0x00000250F1EB4140>,2,ARMA,0.9281361489439977,0.7370646433457029,0.9633982296765952
datasets/synthetic_data/s2.csv,383,<timecave.validation_methods.CV.Block_CV object at 0x00000250F2528DA0>,0,Tree,2.063984359752478,1.154384161669744,1.4366573564188776
datasets/synthetic_data/s2.csv,383,<timecave.validation_methods.CV.Block_CV object at 0x00000250F2528DA0>,0,ARMA,0.7141334232204564,0.6868223295806735,0.8450641533164547
datasets/synthetic_data/s2.csv,383,<timecave.validation_methods.CV.Block_CV object at 0x00000250F2528DA0>,1,Tree,2.236682593036537,1.2644029715154308,1.4955542761921203
datasets/synthetic_data/s2.csv,383,<timecave.validation_methods.CV.Block_CV object at 0x00000250F2528DA0>,1,ARMA,2.2174580130049857,1.2533640269763173,1.4891131632636203
datasets/synthetic_data/s2.csv,383,<timecave.validation_methods.CV.Block_CV object at 0x00000250F2528DA0>,2,Tree,2.2440642113473777,1.186539118583083,1.498020097110642
datasets/synthetic_data/s2.csv,383,<timecave.validation_methods.CV.Block_CV object at 0x00000250F2528DA0>,2,ARMA,1.7565992436790017,1.0979684474134894,1.325367588135081
datasets/synthetic_data/s2.csv,383,<timecave.validation_methods.CV.Block_CV object at 0x00000250F2528DA0>,3,Tree,2.5347536711586343,1.3942066003945552,1.592090974523326
datasets/synthetic_data/s2.csv,383,<timecave.validation_methods.CV.Block_CV object at 0x00000250F2528DA0>,3,ARMA,1.6060729794830246,1.00846868301453,1.267309346404036
datasets/synthetic_data/s2.csv,383,<timecave.validation_methods.CV.Block_CV object at 0x00000250F2528DA0>,4,Tree,2.5910806272917135,1.3424614575543534,1.6096833934944206
datasets/synthetic_data/s2.csv,383,<timecave.validation_methods.CV.Block_CV object at 0x00000250F2528DA0>,4,ARMA,0.9094929253906552,0.7731064161778058,0.9536733850698861
datasets/synthetic_data/s2.csv,383,<timecave.validation_methods.CV.AdaptedhvBlockCV object at 0x00000250F2630D10>,0,Tree,1.8947251370526583,1.113133230787439,1.376490151455018
datasets/synthetic_data/s2.csv,383,<timecave.validation_methods.CV.AdaptedhvBlockCV object at 0x00000250F2630D10>,0,ARMA,0.7144371728959189,0.6870386251835963,0.8452438541012404
datasets/synthetic_data/s2.csv,383,<timecave.validation_methods.CV.AdaptedhvBlockCV object at 0x00000250F2630D10>,1,Tree,1.6902962617179496,1.03355595785659,1.300113941821235
datasets/synthetic_data/s2.csv,383,<timecave.validation_methods.CV.AdaptedhvBlockCV object at 0x00000250F2630D10>,1,ARMA,2.211319972220932,1.2509904433796337,1.4870507631620824
datasets/synthetic_data/s2.csv,383,<timecave.validation_methods.CV.AdaptedhvBlockCV object at 0x00000250F2630D10>,2,Tree,3.2569610492800396,1.4366709145179242,1.8047052527435166
datasets/synthetic_data/s2.csv,383,<timecave.validation_methods.CV.AdaptedhvBlockCV object at 0x00000250F2630D10>,2,ARMA,1.7628822681760228,1.1050411875071013,1.327735767453759
datasets/synthetic_data/s2.csv,383,<timecave.validation_methods.CV.AdaptedhvBlockCV object at 0x00000250F2630D10>,3,Tree,2.610185059625928,1.395494251168725,1.6156067156415042
datasets/synthetic_data/s2.csv,383,<timecave.validation_methods.CV.AdaptedhvBlockCV object at 0x00000250F2630D10>,3,ARMA,1.5982946814862349,1.005997871054087,1.2642367980272662
datasets/synthetic_data/s2.csv,383,<timecave.validation_methods.CV.AdaptedhvBlockCV object at 0x00000250F2630D10>,4,Tree,2.0928200686877254,1.1277494404802821,1.4466582418414258
datasets/synthetic_data/s2.csv,383,<timecave.validation_methods.CV.AdaptedhvBlockCV object at 0x00000250F2630D10>,4,ARMA,1.0124461623899168,0.8143079378651208,1.006203837395742
datasets/synthetic_data/s2.csv,383,<timecave.validation_methods.markov.MarkovCV object at 0x00000250F29B2AB0>,0,Tree,2.4625641242685767,1.3203698192952047,1.5692559142053844
datasets/synthetic_data/s2.csv,383,<timecave.validation_methods.markov.MarkovCV object at 0x00000250F29B2AB0>,0,ARMA,2.1778394985668865,1.099459587740047,1.4757504865548534
datasets/synthetic_data/s2.csv,383,<timecave.validation_methods.markov.MarkovCV object at 0x00000250F29B2AB0>,1,Tree,2.9359787673903304,1.5622283182498955,1.713469803466151
datasets/synthetic_data/s2.csv,383,<timecave.validation_methods.markov.MarkovCV object at 0x00000250F29B2AB0>,1,ARMA,1.075202048457411,0.8763280528495193,1.0369194995067896
datasets/synthetic_data/s2.csv,383,<timecave.validation_methods.markov.MarkovCV object at 0x00000250F29B2AB0>,2,Tree,5.804053769930193,2.0289040799190645,2.4091603869253273
datasets/synthetic_data/s2.csv,383,<timecave.validation_methods.markov.MarkovCV object at 0x00000250F29B2AB0>,2,ARMA,2.3428137861806686,1.2585870504483276,1.5306252925457193
datasets/synthetic_data/s2.csv,383,<timecave.validation_methods.markov.MarkovCV object at 0x00000250F29B2AB0>,3,Tree,5.054240494717056,1.8731774470289018,2.248163805134549
datasets/synthetic_data/s2.csv,383,<timecave.validation_methods.markov.MarkovCV object at 0x00000250F29B2AB0>,3,ARMA,2.5905256350729196,1.3377381981379874,1.609510992529383
datasets/synthetic_data/s2.csv,383,<timecave.validation_methods.markov.MarkovCV object at 0x00000250F29B2AB0>,4,Tree,0.9330924696739488,0.8753127155655427,0.9659671162487617
datasets/synthetic_data/s2.csv,383,<timecave.validation_methods.markov.MarkovCV object at 0x00000250F29B2AB0>,4,ARMA,1.2565228042984549,0.864935694609525,1.1209472798925268
datasets/synthetic_data/s2.csv,383,<timecave.validation_methods.markov.MarkovCV object at 0x00000250F29B2AB0>,5,Tree,0.9874283890310065,0.8750469691433388,0.9936943136754917
datasets/synthetic_data/s2.csv,383,<timecave.validation_methods.markov.MarkovCV object at 0x00000250F29B2AB0>,5,ARMA,1.0592158819130852,0.7779111775334024,1.0291821422435803
datasets/synthetic_data/s2.csv,383,<timecave.validation_methods.markov.MarkovCV object at 0x00000250F29B2AB0>,6,Tree,2.9002689464934424,1.543004832764774,1.703017600171367
datasets/synthetic_data/s2.csv,383,<timecave.validation_methods.markov.MarkovCV object at 0x00000250F29B2AB0>,6,ARMA,1.5346169693756784,1.0811184963225688,1.2387965811123627
datasets/synthetic_data/s2.csv,383,<timecave.validation_methods.markov.MarkovCV object at 0x00000250F29B2AB0>,7,Tree,1.9206843198374903,1.2757497742406443,1.3858875567077908
datasets/synthetic_data/s2.csv,383,<timecave.validation_methods.markov.MarkovCV object at 0x00000250F29B2AB0>,7,ARMA,1.2139660664444354,0.9156381851803808,1.1018012826478445
datasets/synthetic_data/s2.csv,383,<timecave.validation_methods.markov.MarkovCV object at 0x00000250F29B2AB0>,8,Tree,3.065273764510857,1.549089713243866,1.750792324780657
datasets/synthetic_data/s2.csv,383,<timecave.validation_methods.markov.MarkovCV object at 0x00000250F29B2AB0>,8,ARMA,1.5142005659596114,1.0671694269879963,1.2305285717770276
datasets/synthetic_data/s2.csv,383,<timecave.validation_methods.markov.MarkovCV object at 0x00000250F29B2AB0>,9,Tree,4.045306306630699,1.6245882570056465,2.011294684184965
datasets/synthetic_data/s2.csv,383,<timecave.validation_methods.markov.MarkovCV object at 0x00000250F29B2AB0>,9,ARMA,0.836267170428896,0.8044140102668349,0.9144764460766039
datasets/synthetic_data/s2.csv,384,<timecave.validation_methods.OOS.Holdout object at 0x00000250F24B5340>,0,Tree,2.266292337967731,1.1892472122093947,1.505420983634721
datasets/synthetic_data/s2.csv,384,<timecave.validation_methods.OOS.Holdout object at 0x00000250F24B5340>,0,ARMA,1.60466733696163,0.9788865044156444,1.2667546474995188
datasets/synthetic_data/s2.csv,384,<timecave.validation_methods.OOS.Repeated_Holdout object at 0x00000250F26692E0>,0,Tree,2.3822154029090052,1.2307804749228002,1.5434427112494344
datasets/synthetic_data/s2.csv,384,<timecave.validation_methods.OOS.Repeated_Holdout object at 0x00000250F26692E0>,0,ARMA,1.9543725650356707,1.0649043183565854,1.3979887571206253
datasets/synthetic_data/s2.csv,384,<timecave.validation_methods.OOS.Repeated_Holdout object at 0x00000250F26692E0>,1,Tree,1.7818688443532227,1.1062894207710057,1.3348666017071604
datasets/synthetic_data/s2.csv,384,<timecave.validation_methods.OOS.Repeated_Holdout object at 0x00000250F26692E0>,1,ARMA,1.7850538761090815,0.994027075803341,1.3360590840636808
datasets/synthetic_data/s2.csv,384,<timecave.validation_methods.OOS.Repeated_Holdout object at 0x00000250F26692E0>,2,Tree,2.8941480915370845,1.3101750977320925,1.7012195894525446
datasets/synthetic_data/s2.csv,384,<timecave.validation_methods.OOS.Repeated_Holdout object at 0x00000250F26692E0>,2,ARMA,1.5452894955210736,0.9342918907576111,1.2430967361879257
datasets/synthetic_data/s2.csv,384,<timecave.validation_methods.OOS.Repeated_Holdout object at 0x00000250F26692E0>,3,Tree,2.3434737368054726,1.2133297608561373,1.5308408593990013
datasets/synthetic_data/s2.csv,384,<timecave.validation_methods.OOS.Repeated_Holdout object at 0x00000250F26692E0>,3,ARMA,1.60466733696163,0.9788865044156444,1.2667546474995188
datasets/synthetic_data/s2.csv,384,<timecave.validation_methods.prequential.Growing_Window object at 0x00000250F6A44B30>,0,Tree,5.021471772640519,1.7990984534997314,2.240864068309481
datasets/synthetic_data/s2.csv,384,<timecave.validation_methods.prequential.Growing_Window object at 0x00000250F6A44B30>,0,ARMA,2.091449268004477,1.1887800405734075,1.4461843824369274
datasets/synthetic_data/s2.csv,384,<timecave.validation_methods.prequential.Growing_Window object at 0x00000250F6A44B30>,1,Tree,2.0228028705920176,1.180560592151023,1.4222527449760882
datasets/synthetic_data/s2.csv,384,<timecave.validation_methods.prequential.Growing_Window object at 0x00000250F6A44B30>,1,ARMA,1.499224728327601,0.991037639626787,1.2244283271501035
datasets/synthetic_data/s2.csv,384,<timecave.validation_methods.prequential.Growing_Window object at 0x00000250F6A44B30>,2,Tree,2.071919714334977,1.300420204182068,1.439416449237321
datasets/synthetic_data/s2.csv,384,<timecave.validation_methods.prequential.Growing_Window object at 0x00000250F6A44B30>,2,ARMA,2.212224032763325,1.1519724450565894,1.4873547097996915
datasets/synthetic_data/s2.csv,384,<timecave.validation_methods.prequential.Growing_Window object at 0x00000250F6A44B30>,3,Tree,1.6758207662323352,1.0032154594946583,1.2945349613789252
datasets/synthetic_data/s2.csv,384,<timecave.validation_methods.prequential.Growing_Window object at 0x00000250F6A44B30>,3,ARMA,1.8378254295997012,1.0209606857027043,1.3556642023745045
datasets/synthetic_data/s2.csv,384,<timecave.validation_methods.prequential.Growing_Window object at 0x00000250F0477AD0>,0,Tree,2.4407025845095514,1.1090740480871597,1.5622748108158024
datasets/synthetic_data/s2.csv,384,<timecave.validation_methods.prequential.Growing_Window object at 0x00000250F0477AD0>,0,ARMA,1.6490092439293373,1.0170949924660624,1.284137548679789
datasets/synthetic_data/s2.csv,384,<timecave.validation_methods.prequential.Growing_Window object at 0x00000250F0477AD0>,1,Tree,2.5184793978849944,1.3065760805383657,1.586971769718981
datasets/synthetic_data/s2.csv,384,<timecave.validation_methods.prequential.Growing_Window object at 0x00000250F0477AD0>,1,ARMA,2.154850677206684,1.131178893087633,1.4679409651640234
datasets/synthetic_data/s2.csv,384,<timecave.validation_methods.prequential.Growing_Window object at 0x00000250F0477AD0>,2,Tree,1.9158510631492602,1.0932097194628208,1.3841427177676657
datasets/synthetic_data/s2.csv,384,<timecave.validation_methods.prequential.Growing_Window object at 0x00000250F0477AD0>,2,ARMA,1.821676659639774,1.0686647036164467,1.3496950246777135
datasets/synthetic_data/s2.csv,384,<timecave.validation_methods.prequential.Rolling_Window object at 0x00000250F2A0EFC0>,0,Tree,5.0399949838237434,1.794021171015703,2.2449933148728403
datasets/synthetic_data/s2.csv,384,<timecave.validation_methods.prequential.Rolling_Window object at 0x00000250F2A0EFC0>,0,ARMA,2.091449268004477,1.1887800405734075,1.4461843824369274
datasets/synthetic_data/s2.csv,384,<timecave.validation_methods.prequential.Rolling_Window object at 0x00000250F2A0EFC0>,1,Tree,2.084960705912584,1.0758770816629966,1.443939301325573
datasets/synthetic_data/s2.csv,384,<timecave.validation_methods.prequential.Rolling_Window object at 0x00000250F2A0EFC0>,1,ARMA,1.5516614683945673,1.0254042181225547,1.245657042847094
datasets/synthetic_data/s2.csv,384,<timecave.validation_methods.prequential.Rolling_Window object at 0x00000250F2A0EFC0>,2,Tree,3.51280642461159,1.5074998528564687,1.8742482291872629
datasets/synthetic_data/s2.csv,384,<timecave.validation_methods.prequential.Rolling_Window object at 0x00000250F2A0EFC0>,2,ARMA,2.061873396140665,1.1125799300100372,1.4359224896005582
datasets/synthetic_data/s2.csv,384,<timecave.validation_methods.prequential.Rolling_Window object at 0x00000250F2A0EFC0>,3,Tree,1.7741339533895686,1.0226358898156578,1.3319661982909208
datasets/synthetic_data/s2.csv,384,<timecave.validation_methods.prequential.Rolling_Window object at 0x00000250F2A0EFC0>,3,ARMA,2.279332432106094,1.0889851572480178,1.5097458170520275
datasets/synthetic_data/s2.csv,384,<timecave.validation_methods.prequential.Rolling_Window object at 0x00000250F2A0D580>,0,Tree,2.129243212935107,1.1187091636879198,1.4591926579225607
datasets/synthetic_data/s2.csv,384,<timecave.validation_methods.prequential.Rolling_Window object at 0x00000250F2A0D580>,0,ARMA,1.6490092439293373,1.0170949924660624,1.284137548679789
datasets/synthetic_data/s2.csv,384,<timecave.validation_methods.prequential.Rolling_Window object at 0x00000250F2A0D580>,1,Tree,3.447460413182321,1.6589179625542432,1.8567338024558935
datasets/synthetic_data/s2.csv,384,<timecave.validation_methods.prequential.Rolling_Window object at 0x00000250F2A0D580>,1,ARMA,2.4866033071624734,1.2346572163444207,1.576896733195447
datasets/synthetic_data/s2.csv,384,<timecave.validation_methods.prequential.Rolling_Window object at 0x00000250F2A0D580>,2,Tree,3.1242810679182127,1.4755843559359147,1.7675635965696432
datasets/synthetic_data/s2.csv,384,<timecave.validation_methods.prequential.Rolling_Window object at 0x00000250F2A0D580>,2,ARMA,1.732833356738651,1.0333404389856793,1.316371283771661
datasets/synthetic_data/s2.csv,384,<timecave.validation_methods.CV.Block_CV object at 0x00000250F6A35B50>,0,Tree,4.72640402427295,1.689498439488546,2.174029444205609
datasets/synthetic_data/s2.csv,384,<timecave.validation_methods.CV.Block_CV object at 0x00000250F6A35B50>,0,ARMA,1.3130805505269056,0.9428704365878822,1.1458972687492128
datasets/synthetic_data/s2.csv,384,<timecave.validation_methods.CV.Block_CV object at 0x00000250F6A35B50>,1,Tree,2.2565715645559883,1.2094921983887412,1.5021889243886697
datasets/synthetic_data/s2.csv,384,<timecave.validation_methods.CV.Block_CV object at 0x00000250F6A35B50>,1,ARMA,2.081822154229956,1.1809029535312252,1.4428520902122837
datasets/synthetic_data/s2.csv,384,<timecave.validation_methods.CV.Block_CV object at 0x00000250F6A35B50>,2,Tree,2.4543488274177085,1.1874656248057034,1.5666361502970971
datasets/synthetic_data/s2.csv,384,<timecave.validation_methods.CV.Block_CV object at 0x00000250F6A35B50>,2,ARMA,1.5191916576523494,0.9836429424428432,1.2325549308863883
datasets/synthetic_data/s2.csv,384,<timecave.validation_methods.CV.Block_CV object at 0x00000250F6A35B50>,3,Tree,2.295939667048397,1.218686880177462,1.5152358453549062
datasets/synthetic_data/s2.csv,384,<timecave.validation_methods.CV.Block_CV object at 0x00000250F6A35B50>,3,ARMA,1.9416080272843073,1.0707852425656226,1.393415956304616
datasets/synthetic_data/s2.csv,384,<timecave.validation_methods.CV.Block_CV object at 0x00000250F6A35B50>,4,Tree,1.645348220564677,1.0146358341396562,1.2827112771643807
datasets/synthetic_data/s2.csv,384,<timecave.validation_methods.CV.Block_CV object at 0x00000250F6A35B50>,4,ARMA,1.8378254295997012,1.0209606857027043,1.3556642023745045
datasets/synthetic_data/s2.csv,384,<timecave.validation_methods.CV.AdaptedhvBlockCV object at 0x00000250F29F4350>,0,Tree,3.9687217282374,1.542010605763018,1.9921650855883908
datasets/synthetic_data/s2.csv,384,<timecave.validation_methods.CV.AdaptedhvBlockCV object at 0x00000250F29F4350>,0,ARMA,1.3116827085362082,0.9412565143881823,1.1452871729554157
datasets/synthetic_data/s2.csv,384,<timecave.validation_methods.CV.AdaptedhvBlockCV object at 0x00000250F29F4350>,1,Tree,2.5608660249575728,1.3242980234354742,1.6002706099149522
datasets/synthetic_data/s2.csv,384,<timecave.validation_methods.CV.AdaptedhvBlockCV object at 0x00000250F29F4350>,1,ARMA,2.097709227943308,1.1889028008916176,1.4483470675025747
datasets/synthetic_data/s2.csv,384,<timecave.validation_methods.CV.AdaptedhvBlockCV object at 0x00000250F29F4350>,2,Tree,2.710126062914558,1.1954543233924757,1.6462460517536732
datasets/synthetic_data/s2.csv,384,<timecave.validation_methods.CV.AdaptedhvBlockCV object at 0x00000250F29F4350>,2,ARMA,1.5114346306346473,0.9816168894705646,1.2294041770852446
datasets/synthetic_data/s2.csv,384,<timecave.validation_methods.CV.AdaptedhvBlockCV object at 0x00000250F29F4350>,3,Tree,2.1430685456119876,1.2542526043749433,1.4639223154293357
datasets/synthetic_data/s2.csv,384,<timecave.validation_methods.CV.AdaptedhvBlockCV object at 0x00000250F29F4350>,3,ARMA,1.91717668052494,1.061332658253591,1.3846214935948886
datasets/synthetic_data/s2.csv,384,<timecave.validation_methods.CV.AdaptedhvBlockCV object at 0x00000250F29F4350>,4,Tree,1.6268216718632829,0.9720817447947225,1.2754691967520355
datasets/synthetic_data/s2.csv,384,<timecave.validation_methods.CV.AdaptedhvBlockCV object at 0x00000250F29F4350>,4,ARMA,1.9516254574654992,1.0607882790421033,1.3970058902758782
datasets/synthetic_data/s2.csv,384,<timecave.validation_methods.markov.MarkovCV object at 0x00000250F29F7F20>,0,Tree,5.229628968893194,2.047597708033497,2.2868382034794665
datasets/synthetic_data/s2.csv,384,<timecave.validation_methods.markov.MarkovCV object at 0x00000250F29F7F20>,0,ARMA,2.420901380245823,1.145143145161875,1.5559246062215941
datasets/synthetic_data/s2.csv,384,<timecave.validation_methods.markov.MarkovCV object at 0x00000250F29F7F20>,1,Tree,5.545877075120725,1.968218399535892,2.354968593234467
datasets/synthetic_data/s2.csv,384,<timecave.validation_methods.markov.MarkovCV object at 0x00000250F29F7F20>,1,ARMA,2.0635597947805517,1.1156463411817354,1.4365095874307807
datasets/synthetic_data/s2.csv,384,<timecave.validation_methods.markov.MarkovCV object at 0x00000250F29F7F20>,2,Tree,4.534418440290725,1.7745347761008745,2.1294173945684594
datasets/synthetic_data/s2.csv,384,<timecave.validation_methods.markov.MarkovCV object at 0x00000250F29F7F20>,2,ARMA,1.973278027813495,1.0095159936307452,1.404734148447134
datasets/synthetic_data/s2.csv,384,<timecave.validation_methods.markov.MarkovCV object at 0x00000250F29F7F20>,3,Tree,8.32496140518102,2.279904353123828,2.8853009210792937
datasets/synthetic_data/s2.csv,384,<timecave.validation_methods.markov.MarkovCV object at 0x00000250F29F7F20>,3,ARMA,2.329074887580702,1.23258376198474,1.5261306915139026
datasets/synthetic_data/s2.csv,384,<timecave.validation_methods.markov.MarkovCV object at 0x00000250F29F7F20>,4,Tree,2.324633309460125,1.1738236172635355,1.524674820891368
datasets/synthetic_data/s2.csv,384,<timecave.validation_methods.markov.MarkovCV object at 0x00000250F29F7F20>,4,ARMA,1.6968150794632562,1.0004982919184562,1.3026185471822733
datasets/synthetic_data/s2.csv,384,<timecave.validation_methods.markov.MarkovCV object at 0x00000250F29F7F20>,5,Tree,4.320887740121069,1.6454304891131712,2.0786745151949764
datasets/synthetic_data/s2.csv,384,<timecave.validation_methods.markov.MarkovCV object at 0x00000250F29F7F20>,5,ARMA,1.9242892171405463,1.2344347133740103,1.3871875205395074
datasets/synthetic_data/s2.csv,384,<timecave.validation_methods.markov.MarkovCV object at 0x00000250F29F7F20>,6,Tree,5.678144406224637,1.6589522946206439,2.3828857308365916
datasets/synthetic_data/s2.csv,384,<timecave.validation_methods.markov.MarkovCV object at 0x00000250F29F7F20>,6,ARMA,1.79234045390606,1.1657532388184937,1.3387831989930483
datasets/synthetic_data/s2.csv,384,<timecave.validation_methods.markov.MarkovCV object at 0x00000250F29F7F20>,7,Tree,1.7068512560627758,1.122426287689642,1.3064651759854817
datasets/synthetic_data/s2.csv,384,<timecave.validation_methods.markov.MarkovCV object at 0x00000250F29F7F20>,7,ARMA,2.789022664423053,1.266992363206357,1.670036725471345
datasets/synthetic_data/s2.csv,384,<timecave.validation_methods.markov.MarkovCV object at 0x00000250F29F7F20>,8,Tree,4.175449952780759,1.5653975521815056,2.0433917766255103
datasets/synthetic_data/s2.csv,384,<timecave.validation_methods.markov.MarkovCV object at 0x00000250F29F7F20>,8,ARMA,1.5678714033049501,1.1237374445424453,1.2521467179627754
datasets/synthetic_data/s2.csv,384,<timecave.validation_methods.markov.MarkovCV object at 0x00000250F29F7F20>,9,Tree,2.073465899613413,1.1087299489964373,1.439953436612939
datasets/synthetic_data/s2.csv,384,<timecave.validation_methods.markov.MarkovCV object at 0x00000250F29F7F20>,9,ARMA,1.9804825892079367,1.1703059302967598,1.40729619810754
datasets/synthetic_data/s2.csv,385,<timecave.validation_methods.OOS.Holdout object at 0x00000250F6AA0F50>,0,Tree,2.7566052601669533,1.3228234966608161,1.6603027615970989
datasets/synthetic_data/s2.csv,385,<timecave.validation_methods.OOS.Holdout object at 0x00000250F6AA0F50>,0,ARMA,1.8536490299251345,1.035790547594537,1.3614878001381925
datasets/synthetic_data/s2.csv,385,<timecave.validation_methods.OOS.Repeated_Holdout object at 0x00000250F7D93230>,0,Tree,1.910796037759864,1.0979339785807587,1.3823154624613962
datasets/synthetic_data/s2.csv,385,<timecave.validation_methods.OOS.Repeated_Holdout object at 0x00000250F7D93230>,0,ARMA,2.100722091168647,1.1084183607666978,1.449386798328399
datasets/synthetic_data/s2.csv,385,<timecave.validation_methods.OOS.Repeated_Holdout object at 0x00000250F7D93230>,1,Tree,2.161513842181427,1.166414892850108,1.4702087750321133
datasets/synthetic_data/s2.csv,385,<timecave.validation_methods.OOS.Repeated_Holdout object at 0x00000250F7D93230>,1,ARMA,2.130663280905175,1.1176759421674332,1.459679170538915
datasets/synthetic_data/s2.csv,385,<timecave.validation_methods.OOS.Repeated_Holdout object at 0x00000250F7D93230>,2,Tree,2.419685389078804,1.2634266123389857,1.555533795543769
datasets/synthetic_data/s2.csv,385,<timecave.validation_methods.OOS.Repeated_Holdout object at 0x00000250F7D93230>,2,ARMA,1.8928076034066177,1.030135060043427,1.3757934450369422
datasets/synthetic_data/s2.csv,385,<timecave.validation_methods.OOS.Repeated_Holdout object at 0x00000250F7D93230>,3,Tree,2.9864764069544307,1.3539617828031782,1.7281424729907053
datasets/synthetic_data/s2.csv,385,<timecave.validation_methods.OOS.Repeated_Holdout object at 0x00000250F7D93230>,3,ARMA,1.8536490299251345,1.035790547594537,1.3614878001381925
datasets/synthetic_data/s2.csv,385,<timecave.validation_methods.prequential.Growing_Window object at 0x00000250F7D91BE0>,0,Tree,3.2234408671349493,1.4315432220604267,1.79539434864181
datasets/synthetic_data/s2.csv,385,<timecave.validation_methods.prequential.Growing_Window object at 0x00000250F7D91BE0>,0,ARMA,1.212414651648528,0.9051668728086648,1.1010970219052125
datasets/synthetic_data/s2.csv,385,<timecave.validation_methods.prequential.Growing_Window object at 0x00000250F7D91BE0>,1,Tree,2.1129177747108496,1.1118871088030113,1.4535878971396432
datasets/synthetic_data/s2.csv,385,<timecave.validation_methods.prequential.Growing_Window object at 0x00000250F7D91BE0>,1,ARMA,1.0274353612179101,0.7898371456971359,1.0136248621743205
datasets/synthetic_data/s2.csv,385,<timecave.validation_methods.prequential.Growing_Window object at 0x00000250F7D91BE0>,2,Tree,2.85218668135004,1.3943460675280248,1.6888418165565537
datasets/synthetic_data/s2.csv,385,<timecave.validation_methods.prequential.Growing_Window object at 0x00000250F7D91BE0>,2,ARMA,1.4336750281092616,1.0311565597486065,1.1973616947728292
datasets/synthetic_data/s2.csv,385,<timecave.validation_methods.prequential.Growing_Window object at 0x00000250F7D91BE0>,3,Tree,2.424713519707463,1.311084617972256,1.5571491642445379
datasets/synthetic_data/s2.csv,385,<timecave.validation_methods.prequential.Growing_Window object at 0x00000250F7D91BE0>,3,ARMA,2.1899565738988516,1.1493350516054974,1.4798501863022662
datasets/synthetic_data/s2.csv,385,<timecave.validation_methods.prequential.Growing_Window object at 0x00000250F7D92ED0>,0,Tree,2.399285781639333,1.2054243395569189,1.5489628083460665
datasets/synthetic_data/s2.csv,385,<timecave.validation_methods.prequential.Growing_Window object at 0x00000250F7D92ED0>,0,ARMA,1.0287086313504394,0.7917058931032048,1.0142527453009134
datasets/synthetic_data/s2.csv,385,<timecave.validation_methods.prequential.Growing_Window object at 0x00000250F7D92ED0>,1,Tree,1.6088401109689414,1.0690044183810565,1.2684006113877986
datasets/synthetic_data/s2.csv,385,<timecave.validation_methods.prequential.Growing_Window object at 0x00000250F7D92ED0>,1,ARMA,1.5021457008743706,1.0579345594355236,1.2256205370645397
datasets/synthetic_data/s2.csv,385,<timecave.validation_methods.prequential.Growing_Window object at 0x00000250F7D92ED0>,2,Tree,1.7714340188801438,1.0726523236349617,1.3309522977477983
datasets/synthetic_data/s2.csv,385,<timecave.validation_methods.prequential.Growing_Window object at 0x00000250F7D92ED0>,2,ARMA,2.234415474557698,1.1377174681254882,1.4947961314365574
datasets/synthetic_data/s2.csv,385,<timecave.validation_methods.prequential.Rolling_Window object at 0x00000250F7D90890>,0,Tree,2.848419957668204,1.3518079452051917,1.6877262685839205
datasets/synthetic_data/s2.csv,385,<timecave.validation_methods.prequential.Rolling_Window object at 0x00000250F7D90890>,0,ARMA,1.212414651648528,0.9051668728086648,1.1010970219052125
datasets/synthetic_data/s2.csv,385,<timecave.validation_methods.prequential.Rolling_Window object at 0x00000250F7D90890>,1,Tree,1.1964258666958971,0.8375474253768639,1.0938125372731367
datasets/synthetic_data/s2.csv,385,<timecave.validation_methods.prequential.Rolling_Window object at 0x00000250F7D90890>,1,ARMA,1.0278098924626808,0.7895281471480681,1.013809593791004
datasets/synthetic_data/s2.csv,385,<timecave.validation_methods.prequential.Rolling_Window object at 0x00000250F7D90890>,2,Tree,2.773377020232905,1.4483463224236401,1.665345916088578
datasets/synthetic_data/s2.csv,385,<timecave.validation_methods.prequential.Rolling_Window object at 0x00000250F7D90890>,2,ARMA,1.5228334036026725,1.055643760520426,1.2340313624874664
datasets/synthetic_data/s2.csv,385,<timecave.validation_methods.prequential.Rolling_Window object at 0x00000250F7D90890>,3,Tree,2.7654350927842537,1.3095726571820294,1.6629597387742896
datasets/synthetic_data/s2.csv,385,<timecave.validation_methods.prequential.Rolling_Window object at 0x00000250F7D90890>,3,ARMA,2.165903121084557,1.1608037122099315,1.4717007579955095
datasets/synthetic_data/s2.csv,385,<timecave.validation_methods.prequential.Rolling_Window object at 0x00000250F7D93F80>,0,Tree,2.4151582883726928,1.2260892621514041,1.554077954406629
datasets/synthetic_data/s2.csv,385,<timecave.validation_methods.prequential.Rolling_Window object at 0x00000250F7D93F80>,0,ARMA,1.0287086313504394,0.7917058931032048,1.0142527453009134
datasets/synthetic_data/s2.csv,385,<timecave.validation_methods.prequential.Rolling_Window object at 0x00000250F7D93F80>,1,Tree,2.67160948338183,1.3000799322021672,1.6345058835568105
datasets/synthetic_data/s2.csv,385,<timecave.validation_methods.prequential.Rolling_Window object at 0x00000250F7D93F80>,1,ARMA,1.7369280425723275,1.1138110499487506,1.3179256589703106
datasets/synthetic_data/s2.csv,385,<timecave.validation_methods.prequential.Rolling_Window object at 0x00000250F7D93F80>,2,Tree,2.298849804522692,1.2734730313276799,1.516195833170205
datasets/synthetic_data/s2.csv,385,<timecave.validation_methods.prequential.Rolling_Window object at 0x00000250F7D93F80>,2,ARMA,2.0963473355374425,1.1368627179030533,1.4478768371437685
datasets/synthetic_data/s2.csv,385,<timecave.validation_methods.CV.Block_CV object at 0x00000250F7D92FF0>,0,Tree,2.21508690293989,1.254705753015648,1.4883168019410014
datasets/synthetic_data/s2.csv,385,<timecave.validation_methods.CV.Block_CV object at 0x00000250F7D92FF0>,0,ARMA,1.869614457040281,1.109218808373828,1.3673384573836431
datasets/synthetic_data/s2.csv,385,<timecave.validation_methods.CV.Block_CV object at 0x00000250F7D92FF0>,1,Tree,1.3227072900712356,0.9229717760486986,1.1500901225865892
datasets/synthetic_data/s2.csv,385,<timecave.validation_methods.CV.Block_CV object at 0x00000250F7D92FF0>,1,ARMA,1.2619986603615074,0.9359217642135127,1.1233871373491453
datasets/synthetic_data/s2.csv,385,<timecave.validation_methods.CV.Block_CV object at 0x00000250F7D92FF0>,2,Tree,1.311929009168465,0.9196121338578755,1.145394695800738
datasets/synthetic_data/s2.csv,385,<timecave.validation_methods.CV.Block_CV object at 0x00000250F7D92FF0>,2,ARMA,1.00282372636747,0.7812658455402681,1.0014108679096059
datasets/synthetic_data/s2.csv,385,<timecave.validation_methods.CV.Block_CV object at 0x00000250F7D92FF0>,3,Tree,3.698930898303441,1.3686690612027603,1.923260486336534
datasets/synthetic_data/s2.csv,385,<timecave.validation_methods.CV.Block_CV object at 0x00000250F7D92FF0>,3,ARMA,1.5335778004589344,1.0616398379722045,1.238377083306589
datasets/synthetic_data/s2.csv,385,<timecave.validation_methods.CV.Block_CV object at 0x00000250F7D92FF0>,4,Tree,2.301947117004239,1.2503799326915928,1.5172168984704326
datasets/synthetic_data/s2.csv,385,<timecave.validation_methods.CV.Block_CV object at 0x00000250F7D92FF0>,4,ARMA,2.1899565738988516,1.1493350516054974,1.4798501863022662
datasets/synthetic_data/s2.csv,385,<timecave.validation_methods.CV.AdaptedhvBlockCV object at 0x00000250F7D924E0>,0,Tree,2.105666086549295,1.2114457467976127,1.4510913432824604
datasets/synthetic_data/s2.csv,385,<timecave.validation_methods.CV.AdaptedhvBlockCV object at 0x00000250F7D924E0>,0,ARMA,1.8691432665301067,1.1096098430704944,1.3671661444499372
datasets/synthetic_data/s2.csv,385,<timecave.validation_methods.CV.AdaptedhvBlockCV object at 0x00000250F7D924E0>,1,Tree,2.0158935139130763,1.0814074204277428,1.4198216486281212
datasets/synthetic_data/s2.csv,385,<timecave.validation_methods.CV.AdaptedhvBlockCV object at 0x00000250F7D924E0>,1,ARMA,1.25532432312911,0.9327117861488209,1.1204125682663106
datasets/synthetic_data/s2.csv,385,<timecave.validation_methods.CV.AdaptedhvBlockCV object at 0x00000250F7D924E0>,2,Tree,1.9320079526858773,1.0862945934190469,1.3899668890609866
datasets/synthetic_data/s2.csv,385,<timecave.validation_methods.CV.AdaptedhvBlockCV object at 0x00000250F7D924E0>,2,ARMA,1.0102511615949152,0.7852265804239268,1.0051125119084505
datasets/synthetic_data/s2.csv,385,<timecave.validation_methods.CV.AdaptedhvBlockCV object at 0x00000250F7D924E0>,3,Tree,3.672109958958359,1.3147560498339117,1.9162750217435802
datasets/synthetic_data/s2.csv,385,<timecave.validation_methods.CV.AdaptedhvBlockCV object at 0x00000250F7D924E0>,3,ARMA,1.579155838486176,1.072170905783897,1.2566446747136504
datasets/synthetic_data/s2.csv,385,<timecave.validation_methods.CV.AdaptedhvBlockCV object at 0x00000250F7D924E0>,4,Tree,1.8498133115177413,1.034518321796164,1.36007842109113
datasets/synthetic_data/s2.csv,385,<timecave.validation_methods.CV.AdaptedhvBlockCV object at 0x00000250F7D924E0>,4,ARMA,2.169094808919423,1.1276374717752227,1.4727847123457736
datasets/synthetic_data/s2.csv,385,<timecave.validation_methods.markov.MarkovCV object at 0x00000250F2A0FAD0>,0,Tree,3.2057433781462636,1.5402737642267912,1.7904589853292545
datasets/synthetic_data/s2.csv,385,<timecave.validation_methods.markov.MarkovCV object at 0x00000250F2A0FAD0>,0,ARMA,1.9990170315429163,1.08934238527097,1.4138659878301467
datasets/synthetic_data/s2.csv,385,<timecave.validation_methods.markov.MarkovCV object at 0x00000250F2A0FAD0>,1,Tree,0.4212142137114264,0.4954970020569413,0.6490101799751884
datasets/synthetic_data/s2.csv,385,<timecave.validation_methods.markov.MarkovCV object at 0x00000250F2A0FAD0>,1,ARMA,0.8310335978965663,0.7361220186830277,0.9116104419633236
datasets/synthetic_data/s2.csv,385,<timecave.validation_methods.markov.MarkovCV object at 0x00000250F2A0FAD0>,2,Tree,5.318176390784344,1.7684396553849817,2.306117167618407
datasets/synthetic_data/s2.csv,385,<timecave.validation_methods.markov.MarkovCV object at 0x00000250F2A0FAD0>,2,ARMA,1.7884229996753318,1.2269519327304221,1.3373193334710045
datasets/synthetic_data/s2.csv,385,<timecave.validation_methods.markov.MarkovCV object at 0x00000250F2A0FAD0>,3,Tree,3.136438323573254,1.458669092700433,1.770999244373993
datasets/synthetic_data/s2.csv,385,<timecave.validation_methods.markov.MarkovCV object at 0x00000250F2A0FAD0>,3,ARMA,1.8955970350739573,1.1748479494486879,1.3768068256200494
datasets/synthetic_data/s2.csv,385,<timecave.validation_methods.markov.MarkovCV object at 0x00000250F2A0FAD0>,4,Tree,1.7627859224940226,1.069521091532266,1.3276994850093233
datasets/synthetic_data/s2.csv,385,<timecave.validation_methods.markov.MarkovCV object at 0x00000250F2A0FAD0>,4,ARMA,1.5294331983026979,0.920514546820437,1.2367025504553217
datasets/synthetic_data/s2.csv,385,<timecave.validation_methods.markov.MarkovCV object at 0x00000250F2A0FAD0>,5,Tree,1.7443584427399843,1.1339749110955608,1.3207416260343976
datasets/synthetic_data/s2.csv,385,<timecave.validation_methods.markov.MarkovCV object at 0x00000250F2A0FAD0>,5,ARMA,0.9268538607804071,0.7736982170241993,0.9627324970002867
datasets/synthetic_data/s2.csv,385,<timecave.validation_methods.markov.MarkovCV object at 0x00000250F2A0FAD0>,6,Tree,4.435106216144153,1.6601759698769334,2.1059691868933297
datasets/synthetic_data/s2.csv,385,<timecave.validation_methods.markov.MarkovCV object at 0x00000250F2A0FAD0>,6,ARMA,1.735928072539148,0.9609658072124543,1.3175462316515303
datasets/synthetic_data/s2.csv,385,<timecave.validation_methods.markov.MarkovCV object at 0x00000250F2A0FAD0>,7,Tree,3.347654782770793,1.4819919575237201,1.8296597450812522
datasets/synthetic_data/s2.csv,385,<timecave.validation_methods.markov.MarkovCV object at 0x00000250F2A0FAD0>,7,ARMA,3.235837603928326,1.4886856209164465,1.798843407283782
datasets/synthetic_data/s2.csv,385,<timecave.validation_methods.markov.MarkovCV object at 0x00000250F2A0FAD0>,8,Tree,2.7636792225134497,1.4570222121466558,1.6624317196545095
datasets/synthetic_data/s2.csv,385,<timecave.validation_methods.markov.MarkovCV object at 0x00000250F2A0FAD0>,8,ARMA,2.663543412913923,1.421519971655717,1.6320365844287692
datasets/synthetic_data/s2.csv,385,<timecave.validation_methods.markov.MarkovCV object at 0x00000250F2A0FAD0>,9,Tree,2.504067441566917,1.4242004448236896,1.5824245452996857
datasets/synthetic_data/s2.csv,385,<timecave.validation_methods.markov.MarkovCV object at 0x00000250F2A0FAD0>,9,ARMA,1.8066424636656269,1.0747928316133208,1.3441140069449566
datasets/synthetic_data/s2.csv,386,<timecave.validation_methods.OOS.Holdout object at 0x00000250F6CEBAA0>,0,Tree,2.6628819524675293,1.3296668257312652,1.6318339230655579
datasets/synthetic_data/s2.csv,386,<timecave.validation_methods.OOS.Holdout object at 0x00000250F6CEBAA0>,0,ARMA,1.6405066863224824,1.0248988441643336,1.280822659981655
datasets/synthetic_data/s2.csv,386,<timecave.validation_methods.OOS.Repeated_Holdout object at 0x00000250F6CEBD70>,0,Tree,2.138492231208825,1.2139369590296871,1.462358448263908
datasets/synthetic_data/s2.csv,386,<timecave.validation_methods.OOS.Repeated_Holdout object at 0x00000250F6CEBD70>,0,ARMA,1.857661605630288,1.089014526536156,1.362960603110115
datasets/synthetic_data/s2.csv,386,<timecave.validation_methods.OOS.Repeated_Holdout object at 0x00000250F6CEBD70>,1,Tree,3.2090511115240834,1.436098117910353,1.7913824581936943
datasets/synthetic_data/s2.csv,386,<timecave.validation_methods.OOS.Repeated_Holdout object at 0x00000250F6CEBD70>,1,ARMA,1.967153114878094,1.1381157161189506,1.4025523572680252
datasets/synthetic_data/s2.csv,386,<timecave.validation_methods.OOS.Repeated_Holdout object at 0x00000250F6CEBD70>,2,Tree,2.0804962461415153,1.1416134915687897,1.442392542320403
datasets/synthetic_data/s2.csv,386,<timecave.validation_methods.OOS.Repeated_Holdout object at 0x00000250F6CEBD70>,2,ARMA,1.813387647289681,1.0963529618433585,1.3466208253586758
datasets/synthetic_data/s2.csv,386,<timecave.validation_methods.OOS.Repeated_Holdout object at 0x00000250F6CEBD70>,3,Tree,2.325583324729983,1.2107816589852924,1.524986335915828
datasets/synthetic_data/s2.csv,386,<timecave.validation_methods.OOS.Repeated_Holdout object at 0x00000250F6CEBD70>,3,ARMA,1.6405066863224824,1.0248988441643336,1.280822659981655
datasets/synthetic_data/s2.csv,386,<timecave.validation_methods.prequential.Growing_Window object at 0x00000250F6C407A0>,0,Tree,2.352465759003092,1.232252095604174,1.5337750027311998
datasets/synthetic_data/s2.csv,386,<timecave.validation_methods.prequential.Growing_Window object at 0x00000250F6C407A0>,0,ARMA,1.2193051181198364,0.8292937189077271,1.1042214986676524
datasets/synthetic_data/s2.csv,386,<timecave.validation_methods.prequential.Growing_Window object at 0x00000250F6C407A0>,1,Tree,1.528489525611747,1.0049857233984152,1.2363209638325101
datasets/synthetic_data/s2.csv,386,<timecave.validation_methods.prequential.Growing_Window object at 0x00000250F6C407A0>,1,ARMA,1.7717815978015863,1.0863862122582817,1.3310828666170962
datasets/synthetic_data/s2.csv,386,<timecave.validation_methods.prequential.Growing_Window object at 0x00000250F6C407A0>,2,Tree,1.4396703886360864,0.97845742801727,1.1998626540717428
datasets/synthetic_data/s2.csv,386,<timecave.validation_methods.prequential.Growing_Window object at 0x00000250F6C407A0>,2,ARMA,1.1178112573816523,0.8283055028401886,1.057265935033212
datasets/synthetic_data/s2.csv,386,<timecave.validation_methods.prequential.Growing_Window object at 0x00000250F6C407A0>,3,Tree,3.0901623676900773,1.423983469112021,1.7578857663938454
datasets/synthetic_data/s2.csv,386,<timecave.validation_methods.prequential.Growing_Window object at 0x00000250F6C407A0>,3,ARMA,1.9608984048302418,1.1347081216006099,1.4003208221083632
datasets/synthetic_data/s2.csv,386,<timecave.validation_methods.prequential.Growing_Window object at 0x00000250F6CE9640>,0,Tree,2.25608045838696,1.1790419075352176,1.5020254519770828
datasets/synthetic_data/s2.csv,386,<timecave.validation_methods.prequential.Growing_Window object at 0x00000250F6CE9640>,0,ARMA,2.018177609281639,1.151725151105201,1.4206257808732174
datasets/synthetic_data/s2.csv,386,<timecave.validation_methods.prequential.Growing_Window object at 0x00000250F6CE9640>,1,Tree,1.1243361131835587,0.8892071847101255,1.060347166348625
datasets/synthetic_data/s2.csv,386,<timecave.validation_methods.prequential.Growing_Window object at 0x00000250F6CE9640>,1,ARMA,0.9265938919765726,0.7455654135661571,0.9625974714160497
datasets/synthetic_data/s2.csv,386,<timecave.validation_methods.prequential.Growing_Window object at 0x00000250F6CE9640>,2,Tree,2.559485074433289,1.3684147326123763,1.5998390776679037
datasets/synthetic_data/s2.csv,386,<timecave.validation_methods.prequential.Growing_Window object at 0x00000250F6CE9640>,2,ARMA,1.8939288834124959,1.1182660002220404,1.3762008877385945
datasets/synthetic_data/s2.csv,386,<timecave.validation_methods.prequential.Rolling_Window object at 0x00000250F6A46A50>,0,Tree,2.4329358390022806,1.235112984179305,1.559787113359474
datasets/synthetic_data/s2.csv,386,<timecave.validation_methods.prequential.Rolling_Window object at 0x00000250F6A46A50>,0,ARMA,1.2193051181198364,0.8292937189077271,1.1042214986676524
datasets/synthetic_data/s2.csv,386,<timecave.validation_methods.prequential.Rolling_Window object at 0x00000250F6A46A50>,1,Tree,2.4150384898813155,1.3048147418911304,1.5540394106589819
datasets/synthetic_data/s2.csv,386,<timecave.validation_methods.prequential.Rolling_Window object at 0x00000250F6A46A50>,1,ARMA,2.0212985026181265,1.1432520548272405,1.4217237785934813
datasets/synthetic_data/s2.csv,386,<timecave.validation_methods.prequential.Rolling_Window object at 0x00000250F6A46A50>,2,Tree,3.3225976556636176,1.5018729836650455,1.8227994008292898
datasets/synthetic_data/s2.csv,386,<timecave.validation_methods.prequential.Rolling_Window object at 0x00000250F6A46A50>,2,ARMA,1.1068580551111555,0.8279507423004012,1.0520732175619507
datasets/synthetic_data/s2.csv,386,<timecave.validation_methods.prequential.Rolling_Window object at 0x00000250F6A46A50>,3,Tree,2.040719154764249,1.1696218403490883,1.428537418048351
datasets/synthetic_data/s2.csv,386,<timecave.validation_methods.prequential.Rolling_Window object at 0x00000250F6A46A50>,3,ARMA,2.065938136409879,1.1646555939112977,1.4373371686594203
datasets/synthetic_data/s2.csv,386,<timecave.validation_methods.prequential.Rolling_Window object at 0x00000250F6A44920>,0,Tree,1.734249674849305,0.9943779435366826,1.3169091368994692
datasets/synthetic_data/s2.csv,386,<timecave.validation_methods.prequential.Rolling_Window object at 0x00000250F6A44920>,0,ARMA,2.018177609281639,1.151725151105201,1.4206257808732174
datasets/synthetic_data/s2.csv,386,<timecave.validation_methods.prequential.Rolling_Window object at 0x00000250F6A44920>,1,Tree,1.704037526035773,1.0030429540176147,1.3053878833648538
datasets/synthetic_data/s2.csv,386,<timecave.validation_methods.prequential.Rolling_Window object at 0x00000250F6A44920>,1,ARMA,1.0721311877364639,0.856839835811295,1.0354376793107656
datasets/synthetic_data/s2.csv,386,<timecave.validation_methods.prequential.Rolling_Window object at 0x00000250F6A44920>,2,Tree,2.9671086932374937,1.4093283842528754,1.722529736532143
datasets/synthetic_data/s2.csv,386,<timecave.validation_methods.prequential.Rolling_Window object at 0x00000250F6A44920>,2,ARMA,1.96110548285289,1.1538391076252266,1.400394759649182
datasets/synthetic_data/s2.csv,386,<timecave.validation_methods.CV.Block_CV object at 0x00000250F6A458B0>,0,Tree,1.397301860242335,0.8850617078765991,1.1820752345947931
datasets/synthetic_data/s2.csv,386,<timecave.validation_methods.CV.Block_CV object at 0x00000250F6A458B0>,0,ARMA,2.2313079881160127,1.1035304817197638,1.4937563349207972
datasets/synthetic_data/s2.csv,386,<timecave.validation_methods.CV.Block_CV object at 0x00000250F6A458B0>,1,Tree,1.0192557756139495,0.8469124056251444,1.0095819806305724
datasets/synthetic_data/s2.csv,386,<timecave.validation_methods.CV.Block_CV object at 0x00000250F6A458B0>,1,ARMA,1.2378800709345452,0.8150355076459516,1.1126005891309536
datasets/synthetic_data/s2.csv,386,<timecave.validation_methods.CV.Block_CV object at 0x00000250F6A458B0>,2,Tree,1.883360440978412,1.0600360217406863,1.3723557997029823
datasets/synthetic_data/s2.csv,386,<timecave.validation_methods.CV.Block_CV object at 0x00000250F6A458B0>,2,ARMA,1.9568906628777953,1.1292332522198882,1.3988890816922532
datasets/synthetic_data/s2.csv,386,<timecave.validation_methods.CV.Block_CV object at 0x00000250F6A458B0>,3,Tree,2.1082107821218385,1.2021674841550156,1.4519678998248682
datasets/synthetic_data/s2.csv,386,<timecave.validation_methods.CV.Block_CV object at 0x00000250F6A458B0>,3,ARMA,0.8966174992219023,0.7515402679020244,0.9468988854264758
datasets/synthetic_data/s2.csv,386,<timecave.validation_methods.CV.Block_CV object at 0x00000250F6A458B0>,4,Tree,3.017756174314713,1.3984872634848269,1.7371690114420972
datasets/synthetic_data/s2.csv,386,<timecave.validation_methods.CV.Block_CV object at 0x00000250F6A458B0>,4,ARMA,1.9608984048302418,1.1347081216006099,1.4003208221083632
datasets/synthetic_data/s2.csv,386,<timecave.validation_methods.CV.AdaptedhvBlockCV object at 0x00000250F6A46120>,0,Tree,1.6417499519499472,0.9587523910578233,1.2813079067694646
datasets/synthetic_data/s2.csv,386,<timecave.validation_methods.CV.AdaptedhvBlockCV object at 0x00000250F6A46120>,0,ARMA,2.231461374377222,1.1052766480169736,1.4938076765023074
datasets/synthetic_data/s2.csv,386,<timecave.validation_methods.CV.AdaptedhvBlockCV object at 0x00000250F6A46120>,1,Tree,1.2981881870698728,1.007366282763776,1.139380615540686
datasets/synthetic_data/s2.csv,386,<timecave.validation_methods.CV.AdaptedhvBlockCV object at 0x00000250F6A46120>,1,ARMA,1.2352055355045404,0.810824361700831,1.111398009492792
datasets/synthetic_data/s2.csv,386,<timecave.validation_methods.CV.AdaptedhvBlockCV object at 0x00000250F6A46120>,2,Tree,2.301473587099403,1.1776113102735744,1.5170608382986501
datasets/synthetic_data/s2.csv,386,<timecave.validation_methods.CV.AdaptedhvBlockCV object at 0x00000250F6A46120>,2,ARMA,1.9545752899850584,1.126957555588719,1.3980612611702887
datasets/synthetic_data/s2.csv,386,<timecave.validation_methods.CV.AdaptedhvBlockCV object at 0x00000250F6A46120>,3,Tree,1.631456076872887,1.0334853925165421,1.2772846499010653
datasets/synthetic_data/s2.csv,386,<timecave.validation_methods.CV.AdaptedhvBlockCV object at 0x00000250F6A46120>,3,ARMA,0.8937923480598322,0.7519513622823937,0.9454059170852657
datasets/synthetic_data/s2.csv,386,<timecave.validation_methods.CV.AdaptedhvBlockCV object at 0x00000250F6A46120>,4,Tree,3.1878682397025906,1.4356003584188566,1.7854602319017332
datasets/synthetic_data/s2.csv,386,<timecave.validation_methods.CV.AdaptedhvBlockCV object at 0x00000250F6A46120>,4,ARMA,2.1694251052424143,1.1658765193018459,1.4728968413444352
datasets/synthetic_data/s2.csv,386,<timecave.validation_methods.markov.MarkovCV object at 0x00000250F1E20C50>,0,Tree,3.298742439135519,1.5310423300073328,1.8162440472402157
datasets/synthetic_data/s2.csv,386,<timecave.validation_methods.markov.MarkovCV object at 0x00000250F1E20C50>,0,ARMA,1.2106034227527236,0.8619196524819195,1.1002742488819428
datasets/synthetic_data/s2.csv,386,<timecave.validation_methods.markov.MarkovCV object at 0x00000250F1E20C50>,1,Tree,1.2261652561836267,0.995280053354359,1.1073234650198769
datasets/synthetic_data/s2.csv,386,<timecave.validation_methods.markov.MarkovCV object at 0x00000250F1E20C50>,1,ARMA,1.5529456744936165,1.0313611256850168,1.2461724096181943
datasets/synthetic_data/s2.csv,386,<timecave.validation_methods.markov.MarkovCV object at 0x00000250F1E20C50>,2,Tree,2.700832978481378,1.309851954639318,1.6434211202492737
datasets/synthetic_data/s2.csv,386,<timecave.validation_methods.markov.MarkovCV object at 0x00000250F1E20C50>,2,ARMA,2.1807215705714604,1.2079142245562347,1.476726640435345
datasets/synthetic_data/s2.csv,386,<timecave.validation_methods.markov.MarkovCV object at 0x00000250F1E20C50>,3,Tree,5.590015064047753,1.8502875289502605,2.3643212692118967
datasets/synthetic_data/s2.csv,386,<timecave.validation_methods.markov.MarkovCV object at 0x00000250F1E20C50>,3,ARMA,3.672279890835879,1.449571301326159,1.916319360345733
datasets/synthetic_data/s2.csv,386,<timecave.validation_methods.markov.MarkovCV object at 0x00000250F1E20C50>,4,Tree,4.3530723757013705,1.8919364767056217,2.086401777151604
datasets/synthetic_data/s2.csv,386,<timecave.validation_methods.markov.MarkovCV object at 0x00000250F1E20C50>,4,ARMA,2.298964312091444,1.33562070142679,1.516233594170583
datasets/synthetic_data/s2.csv,386,<timecave.validation_methods.markov.MarkovCV object at 0x00000250F1E20C50>,5,Tree,8.117418401469013,2.4759899635907696,2.849108352005766
datasets/synthetic_data/s2.csv,386,<timecave.validation_methods.markov.MarkovCV object at 0x00000250F1E20C50>,5,ARMA,3.1801070877874045,1.4665667249148133,1.783285475684531
datasets/synthetic_data/s2.csv,386,<timecave.validation_methods.markov.MarkovCV object at 0x00000250F1E20C50>,6,Tree,2.627648681356987,1.4352551174140742,1.6210023693249147
datasets/synthetic_data/s2.csv,386,<timecave.validation_methods.markov.MarkovCV object at 0x00000250F1E20C50>,6,ARMA,1.4664970775005153,1.072190055204332,1.2109901227923023
datasets/synthetic_data/s2.csv,386,<timecave.validation_methods.markov.MarkovCV object at 0x00000250F1E20C50>,7,Tree,2.7713087699420713,1.261535090350176,1.6647248331006754
datasets/synthetic_data/s2.csv,386,<timecave.validation_methods.markov.MarkovCV object at 0x00000250F1E20C50>,7,ARMA,2.139205715313385,0.9850272674294906,1.462602377720406
datasets/synthetic_data/s2.csv,386,<timecave.validation_methods.markov.MarkovCV object at 0x00000250F1E20C50>,8,Tree,1.0056702450425679,0.754668749823146,1.0028311149154516
datasets/synthetic_data/s2.csv,386,<timecave.validation_methods.markov.MarkovCV object at 0x00000250F1E20C50>,8,ARMA,1.734559538925196,0.8902512619061111,1.3170267798815618
datasets/synthetic_data/s2.csv,386,<timecave.validation_methods.markov.MarkovCV object at 0x00000250F1E20C50>,9,Tree,0.7110967228665039,0.650934915104357,0.8432655114888216
datasets/synthetic_data/s2.csv,386,<timecave.validation_methods.markov.MarkovCV object at 0x00000250F1E20C50>,9,ARMA,1.0202698424664092,0.8227003561124423,1.010084076929445
datasets/synthetic_data/s2.csv,387,<timecave.validation_methods.OOS.Holdout object at 0x00000250F6A44BC0>,0,Tree,3.0241794428677715,1.418683508017634,1.7390168035035691
datasets/synthetic_data/s2.csv,387,<timecave.validation_methods.OOS.Holdout object at 0x00000250F6A44BC0>,0,ARMA,1.8355954459645532,1.0324333354144217,1.3548414837037406
datasets/synthetic_data/s2.csv,387,<timecave.validation_methods.OOS.Repeated_Holdout object at 0x00000250F6A34050>,0,Tree,2.566411683093603,1.2069096223159008,1.6020023979674947
datasets/synthetic_data/s2.csv,387,<timecave.validation_methods.OOS.Repeated_Holdout object at 0x00000250F6A34050>,0,ARMA,1.4035787976593823,0.9392091289955725,1.1847273094089552
datasets/synthetic_data/s2.csv,387,<timecave.validation_methods.OOS.Repeated_Holdout object at 0x00000250F6A34050>,1,Tree,2.9886699805136705,1.3473129747140296,1.7287770187371392
datasets/synthetic_data/s2.csv,387,<timecave.validation_methods.OOS.Repeated_Holdout object at 0x00000250F6A34050>,1,ARMA,1.3821899538812121,0.9608668653395539,1.1756657492166778
datasets/synthetic_data/s2.csv,387,<timecave.validation_methods.OOS.Repeated_Holdout object at 0x00000250F6A34050>,2,Tree,3.033074955062167,1.342465384558004,1.741572552339456
datasets/synthetic_data/s2.csv,387,<timecave.validation_methods.OOS.Repeated_Holdout object at 0x00000250F6A34050>,2,ARMA,1.8493087534964243,1.0390782653015103,1.3598929198640695
datasets/synthetic_data/s2.csv,387,<timecave.validation_methods.OOS.Repeated_Holdout object at 0x00000250F6A34050>,3,Tree,3.205172352468295,1.44856932011151,1.7902995147372116
datasets/synthetic_data/s2.csv,387,<timecave.validation_methods.OOS.Repeated_Holdout object at 0x00000250F6A34050>,3,ARMA,1.8355954459645532,1.0324333354144217,1.3548414837037406
datasets/synthetic_data/s2.csv,387,<timecave.validation_methods.prequential.Growing_Window object at 0x00000250F6A36DB0>,0,Tree,1.9401233326687715,1.0842590446805185,1.3928831008626572
datasets/synthetic_data/s2.csv,387,<timecave.validation_methods.prequential.Growing_Window object at 0x00000250F6A36DB0>,0,ARMA,2.320099422331601,1.2399360900106835,1.523187257802402
datasets/synthetic_data/s2.csv,387,<timecave.validation_methods.prequential.Growing_Window object at 0x00000250F6A36DB0>,1,Tree,1.670539104753175,1.035344704438398,1.292493367392334
datasets/synthetic_data/s2.csv,387,<timecave.validation_methods.prequential.Growing_Window object at 0x00000250F6A36DB0>,1,ARMA,1.4440251550224077,0.9880923029026443,1.2016759775506904
datasets/synthetic_data/s2.csv,387,<timecave.validation_methods.prequential.Growing_Window object at 0x00000250F6A36DB0>,2,Tree,3.2355355321964687,1.4277924439988523,1.7987594425593625
datasets/synthetic_data/s2.csv,387,<timecave.validation_methods.prequential.Growing_Window object at 0x00000250F6A36DB0>,2,ARMA,1.960346781405659,1.0602494238532016,1.4001238450243103
datasets/synthetic_data/s2.csv,387,<timecave.validation_methods.prequential.Growing_Window object at 0x00000250F6A36DB0>,3,Tree,2.975433872213756,1.3151192621833678,1.724944599752049
datasets/synthetic_data/s2.csv,387,<timecave.validation_methods.prequential.Growing_Window object at 0x00000250F6A36DB0>,3,ARMA,1.4443043753025862,0.9864464410611364,1.2017921514565595
datasets/synthetic_data/s2.csv,387,<timecave.validation_methods.prequential.Growing_Window object at 0x00000250F265A7B0>,0,Tree,1.9154430062187038,1.0764372861729217,1.3839953057068886
datasets/synthetic_data/s2.csv,387,<timecave.validation_methods.prequential.Growing_Window object at 0x00000250F265A7B0>,0,ARMA,1.4412115171192144,0.9837261010453666,1.2005046926685519
datasets/synthetic_data/s2.csv,387,<timecave.validation_methods.prequential.Growing_Window object at 0x00000250F265A7B0>,1,Tree,4.128329959579515,1.7007719358666367,2.0318292151604465
datasets/synthetic_data/s2.csv,387,<timecave.validation_methods.prequential.Growing_Window object at 0x00000250F265A7B0>,1,ARMA,1.8736825124071799,1.0153215361515795,1.3688252307753461
datasets/synthetic_data/s2.csv,387,<timecave.validation_methods.prequential.Growing_Window object at 0x00000250F265A7B0>,2,Tree,2.571921635779356,1.3257870452329157,1.6037211839279781
datasets/synthetic_data/s2.csv,387,<timecave.validation_methods.prequential.Growing_Window object at 0x00000250F265A7B0>,2,ARMA,1.4238208080228534,0.9608856531390544,1.1932396272429329
datasets/synthetic_data/s2.csv,387,<timecave.validation_methods.prequential.Rolling_Window object at 0x00000250F2658800>,0,Tree,1.8515657847873959,1.0839828391728237,1.360722523069048
datasets/synthetic_data/s2.csv,387,<timecave.validation_methods.prequential.Rolling_Window object at 0x00000250F2658800>,0,ARMA,2.320099422331601,1.2399360900106835,1.523187257802402
datasets/synthetic_data/s2.csv,387,<timecave.validation_methods.prequential.Rolling_Window object at 0x00000250F2658800>,1,Tree,1.965872734017623,1.0526188997549752,1.4020958362457336
datasets/synthetic_data/s2.csv,387,<timecave.validation_methods.prequential.Rolling_Window object at 0x00000250F2658800>,1,ARMA,1.4473895910379504,0.9875990487928943,1.2030750562778494
datasets/synthetic_data/s2.csv,387,<timecave.validation_methods.prequential.Rolling_Window object at 0x00000250F2658800>,2,Tree,1.7623740650723891,1.0755968488127496,1.3275443740502195
datasets/synthetic_data/s2.csv,387,<timecave.validation_methods.prequential.Rolling_Window object at 0x00000250F2658800>,2,ARMA,1.9389301135782298,1.0559622088321707,1.3924547079091045
datasets/synthetic_data/s2.csv,387,<timecave.validation_methods.prequential.Rolling_Window object at 0x00000250F2658800>,3,Tree,3.628956845928812,1.6717795774494437,1.9049821117083519
datasets/synthetic_data/s2.csv,387,<timecave.validation_methods.prequential.Rolling_Window object at 0x00000250F2658800>,3,ARMA,1.499290925907867,1.0083687504603056,1.2244553588873166
datasets/synthetic_data/s2.csv,387,<timecave.validation_methods.prequential.Rolling_Window object at 0x00000250F2658B60>,0,Tree,2.3129624036906558,1.215523108710038,1.520842662371968
datasets/synthetic_data/s2.csv,387,<timecave.validation_methods.prequential.Rolling_Window object at 0x00000250F2658B60>,0,ARMA,1.4412115171192144,0.9837261010453666,1.2005046926685519
datasets/synthetic_data/s2.csv,387,<timecave.validation_methods.prequential.Rolling_Window object at 0x00000250F2658B60>,1,Tree,2.8851664004723947,1.4109520086747818,1.698577758147208
datasets/synthetic_data/s2.csv,387,<timecave.validation_methods.prequential.Rolling_Window object at 0x00000250F2658B60>,1,ARMA,1.8885699102049789,1.0185175724199196,1.374252491431243
datasets/synthetic_data/s2.csv,387,<timecave.validation_methods.prequential.Rolling_Window object at 0x00000250F2658B60>,2,Tree,3.1362403138341715,1.4233632228744684,1.7709433400970713
datasets/synthetic_data/s2.csv,387,<timecave.validation_methods.prequential.Rolling_Window object at 0x00000250F2658B60>,2,ARMA,1.4152013704451454,0.9661928673216922,1.1896223646372597
datasets/synthetic_data/s2.csv,387,<timecave.validation_methods.CV.Block_CV object at 0x00000250F6AA0980>,0,Tree,2.3393712913339924,1.2718409727334092,1.5295003404164356
datasets/synthetic_data/s2.csv,387,<timecave.validation_methods.CV.Block_CV object at 0x00000250F6AA0980>,0,ARMA,1.1453555694875759,0.8292356187658627,1.0702128617651612
datasets/synthetic_data/s2.csv,387,<timecave.validation_methods.CV.Block_CV object at 0x00000250F6AA0980>,1,Tree,3.1476513700572735,1.4589076760244046,1.7741621600229427
datasets/synthetic_data/s2.csv,387,<timecave.validation_methods.CV.Block_CV object at 0x00000250F6AA0980>,1,ARMA,2.4427417305099293,1.2789032443701096,1.5629272953371598
datasets/synthetic_data/s2.csv,387,<timecave.validation_methods.CV.Block_CV object at 0x00000250F6AA0980>,2,Tree,2.278585995293097,1.2364035810605105,1.5094985906893377
datasets/synthetic_data/s2.csv,387,<timecave.validation_methods.CV.Block_CV object at 0x00000250F6AA0980>,2,ARMA,1.3889452616224944,0.9605297422237062,1.1785352186602207
datasets/synthetic_data/s2.csv,387,<timecave.validation_methods.CV.Block_CV object at 0x00000250F6AA0980>,3,Tree,2.533181115857507,1.304441316961657,1.5915970331266351
datasets/synthetic_data/s2.csv,387,<timecave.validation_methods.CV.Block_CV object at 0x00000250F6AA0980>,3,ARMA,2.2230988292059517,1.1378067150418212,1.4910059789303165
datasets/synthetic_data/s2.csv,387,<timecave.validation_methods.CV.Block_CV object at 0x00000250F6AA0980>,4,Tree,2.758304957896888,1.327815021263988,1.6608145465092987
datasets/synthetic_data/s2.csv,387,<timecave.validation_methods.CV.Block_CV object at 0x00000250F6AA0980>,4,ARMA,1.4443043753025862,0.9864464410611364,1.2017921514565595
datasets/synthetic_data/s2.csv,387,<timecave.validation_methods.CV.AdaptedhvBlockCV object at 0x00000250F2A0F1D0>,0,Tree,2.2735256684838663,1.2937994195182965,1.5078214975532966
datasets/synthetic_data/s2.csv,387,<timecave.validation_methods.CV.AdaptedhvBlockCV object at 0x00000250F2A0F1D0>,0,ARMA,1.147820841649326,0.8291420626756586,1.071364009872147
datasets/synthetic_data/s2.csv,387,<timecave.validation_methods.CV.AdaptedhvBlockCV object at 0x00000250F2A0F1D0>,1,Tree,2.8667864591257204,1.2762546089095863,1.6931587223664888
datasets/synthetic_data/s2.csv,387,<timecave.validation_methods.CV.AdaptedhvBlockCV object at 0x00000250F2A0F1D0>,1,ARMA,2.4478447946771533,1.2784699923040563,1.5645589776921653
datasets/synthetic_data/s2.csv,387,<timecave.validation_methods.CV.AdaptedhvBlockCV object at 0x00000250F2A0F1D0>,2,Tree,1.786701934663732,1.080815659756367,1.3366757028777518
datasets/synthetic_data/s2.csv,387,<timecave.validation_methods.CV.AdaptedhvBlockCV object at 0x00000250F2A0F1D0>,2,ARMA,1.3917468861033613,0.9634307507952352,1.1797232243638172
datasets/synthetic_data/s2.csv,387,<timecave.validation_methods.CV.AdaptedhvBlockCV object at 0x00000250F2A0F1D0>,3,Tree,2.4826775705229753,1.238703845058816,1.5756514749534478
datasets/synthetic_data/s2.csv,387,<timecave.validation_methods.CV.AdaptedhvBlockCV object at 0x00000250F2A0F1D0>,3,ARMA,2.20564332215345,1.1311670959530413,1.4851408425309196
datasets/synthetic_data/s2.csv,387,<timecave.validation_methods.CV.AdaptedhvBlockCV object at 0x00000250F2A0F1D0>,4,Tree,3.449995605405737,1.4304662216832438,1.8574163791152853
datasets/synthetic_data/s2.csv,387,<timecave.validation_methods.CV.AdaptedhvBlockCV object at 0x00000250F2A0F1D0>,4,ARMA,1.5269008793191436,1.002019703333835,1.2356783073758086
datasets/synthetic_data/s2.csv,387,<timecave.validation_methods.markov.MarkovCV object at 0x00000250F25E6E40>,0,Tree,1.927685358164883,1.0749381315350586,1.3884110911991747
datasets/synthetic_data/s2.csv,387,<timecave.validation_methods.markov.MarkovCV object at 0x00000250F25E6E40>,0,ARMA,1.7896072484755339,1.0484628719611917,1.3377620298377189
datasets/synthetic_data/s2.csv,387,<timecave.validation_methods.markov.MarkovCV object at 0x00000250F25E6E40>,1,Tree,3.4533464902045474,1.6403442002913937,1.8583181886330842
datasets/synthetic_data/s2.csv,387,<timecave.validation_methods.markov.MarkovCV object at 0x00000250F25E6E40>,1,ARMA,2.035695792588856,1.1112841065246999,1.4267781161024498
datasets/synthetic_data/s2.csv,387,<timecave.validation_methods.markov.MarkovCV object at 0x00000250F25E6E40>,2,Tree,1.7705384791267977,1.0186743459972105,1.330615827024013
datasets/synthetic_data/s2.csv,387,<timecave.validation_methods.markov.MarkovCV object at 0x00000250F25E6E40>,2,ARMA,1.9826994435022887,1.0651994236727973,1.408083606715982
datasets/synthetic_data/s2.csv,387,<timecave.validation_methods.markov.MarkovCV object at 0x00000250F25E6E40>,3,Tree,2.1004017077632016,0.926716846710329,1.4492762703374404
datasets/synthetic_data/s2.csv,387,<timecave.validation_methods.markov.MarkovCV object at 0x00000250F25E6E40>,3,ARMA,2.144243460778944,1.1370866512912334,1.4643235505785406
datasets/synthetic_data/s2.csv,387,<timecave.validation_methods.markov.MarkovCV object at 0x00000250F25E6E40>,4,Tree,8.413207024887198,2.1257249450730997,2.90055288262207
datasets/synthetic_data/s2.csv,387,<timecave.validation_methods.markov.MarkovCV object at 0x00000250F25E6E40>,4,ARMA,2.835433243525935,1.3326966824406452,1.6838744738031797
datasets/synthetic_data/s2.csv,387,<timecave.validation_methods.markov.MarkovCV object at 0x00000250F25E6E40>,5,Tree,2.461802964274883,0.7982460721669412,1.5690133728795568
datasets/synthetic_data/s2.csv,387,<timecave.validation_methods.markov.MarkovCV object at 0x00000250F25E6E40>,5,ARMA,1.3671350364166235,0.9599444537703397,1.1692454987797145
datasets/synthetic_data/s2.csv,387,<timecave.validation_methods.markov.MarkovCV object at 0x00000250F25E6E40>,6,Tree,2.033180176308854,1.1232692805064606,1.4258962712304335
datasets/synthetic_data/s2.csv,387,<timecave.validation_methods.markov.MarkovCV object at 0x00000250F25E6E40>,6,ARMA,1.3991997034563268,0.9167902224403892,1.1828777212613004
datasets/synthetic_data/s2.csv,387,<timecave.validation_methods.markov.MarkovCV object at 0x00000250F25E6E40>,7,Tree,3.5544684322787954,1.4390322639646622,1.8853297940357265
datasets/synthetic_data/s2.csv,387,<timecave.validation_methods.markov.MarkovCV object at 0x00000250F25E6E40>,7,ARMA,1.6183759766960368,1.0073531122210555,1.272154069559201
datasets/synthetic_data/s2.csv,387,<timecave.validation_methods.markov.MarkovCV object at 0x00000250F25E6E40>,8,Tree,4.095438218335518,1.6533594237059932,2.023718907935467
datasets/synthetic_data/s2.csv,387,<timecave.validation_methods.markov.MarkovCV object at 0x00000250F25E6E40>,8,ARMA,1.7293072134618832,1.0693984209520535,1.315031259499896
datasets/synthetic_data/s2.csv,387,<timecave.validation_methods.markov.MarkovCV object at 0x00000250F25E6E40>,9,Tree,4.880025846157683,1.7171571284483165,2.2090780534326266
datasets/synthetic_data/s2.csv,387,<timecave.validation_methods.markov.MarkovCV object at 0x00000250F25E6E40>,9,ARMA,1.4612938758181158,0.9891185586028988,1.2088398884129012
datasets/synthetic_data/s2.csv,388,<timecave.validation_methods.OOS.Holdout object at 0x00000250F2A0D700>,0,Tree,2.905386349982111,1.3865173183878967,1.7045193897348634
datasets/synthetic_data/s2.csv,388,<timecave.validation_methods.OOS.Holdout object at 0x00000250F2A0D700>,0,ARMA,1.5035196636009032,0.9463899881873968,1.2261809261283194
datasets/synthetic_data/s2.csv,388,<timecave.validation_methods.OOS.Repeated_Holdout object at 0x00000250F2A0C140>,0,Tree,1.5196121492066519,1.0502902385698405,1.2327254962913081
datasets/synthetic_data/s2.csv,388,<timecave.validation_methods.OOS.Repeated_Holdout object at 0x00000250F2A0C140>,0,ARMA,1.5153683393367625,0.9510969823657308,1.231002981043004
datasets/synthetic_data/s2.csv,388,<timecave.validation_methods.OOS.Repeated_Holdout object at 0x00000250F2A0C140>,1,Tree,2.980421021427706,1.5119770062452917,1.7263895914386491
datasets/synthetic_data/s2.csv,388,<timecave.validation_methods.OOS.Repeated_Holdout object at 0x00000250F2A0C140>,1,ARMA,1.5397704465475353,0.9379007348173324,1.2408748714304498
datasets/synthetic_data/s2.csv,388,<timecave.validation_methods.OOS.Repeated_Holdout object at 0x00000250F2A0C140>,2,Tree,3.008556375355162,1.322449880930913,1.734519061686888
datasets/synthetic_data/s2.csv,388,<timecave.validation_methods.OOS.Repeated_Holdout object at 0x00000250F2A0C140>,2,ARMA,1.5210163585716672,0.9595545090182255,1.2332949195434428
datasets/synthetic_data/s2.csv,388,<timecave.validation_methods.OOS.Repeated_Holdout object at 0x00000250F2A0C140>,3,Tree,2.861938238735565,1.3922700701686848,1.691726407766801
datasets/synthetic_data/s2.csv,388,<timecave.validation_methods.OOS.Repeated_Holdout object at 0x00000250F2A0C140>,3,ARMA,1.5035196636009032,0.9463899881873968,1.2261809261283194
datasets/synthetic_data/s2.csv,388,<timecave.validation_methods.prequential.Growing_Window object at 0x00000250F6C41A60>,0,Tree,3.39649335986361,1.506249287756918,1.8429577748455361
datasets/synthetic_data/s2.csv,388,<timecave.validation_methods.prequential.Growing_Window object at 0x00000250F6C41A60>,0,ARMA,1.8126113493047655,1.0972075883986956,1.3463325552421161
datasets/synthetic_data/s2.csv,388,<timecave.validation_methods.prequential.Growing_Window object at 0x00000250F6C41A60>,1,Tree,1.0345649720264114,0.7550080354645475,1.017135670412955
datasets/synthetic_data/s2.csv,388,<timecave.validation_methods.prequential.Growing_Window object at 0x00000250F6C41A60>,1,ARMA,1.044160402281534,0.7995713897547616,1.021841671826675
datasets/synthetic_data/s2.csv,388,<timecave.validation_methods.prequential.Growing_Window object at 0x00000250F6C41A60>,2,Tree,1.6826338329607191,1.129935463695237,1.297163764896599
datasets/synthetic_data/s2.csv,388,<timecave.validation_methods.prequential.Growing_Window object at 0x00000250F6C41A60>,2,ARMA,1.6068005193017882,1.057674751727535,1.2675963550364873
datasets/synthetic_data/s2.csv,388,<timecave.validation_methods.prequential.Growing_Window object at 0x00000250F6C41A60>,3,Tree,2.9755678895633086,1.5428613701668172,1.7249834461708056
datasets/synthetic_data/s2.csv,388,<timecave.validation_methods.prequential.Growing_Window object at 0x00000250F6C41A60>,3,ARMA,1.5880306116890535,0.9661483570956417,1.260170866068984
datasets/synthetic_data/s2.csv,388,<timecave.validation_methods.prequential.Growing_Window object at 0x00000250F6C41550>,0,Tree,0.8997351592262409,0.7358469274941228,0.9485437044365647
datasets/synthetic_data/s2.csv,388,<timecave.validation_methods.prequential.Growing_Window object at 0x00000250F6C41550>,0,ARMA,1.3264159189856124,0.8994572610423921,1.151701315005593
datasets/synthetic_data/s2.csv,388,<timecave.validation_methods.prequential.Growing_Window object at 0x00000250F6C41550>,1,Tree,3.1878529836170575,1.454364273262054,1.78545595958485
datasets/synthetic_data/s2.csv,388,<timecave.validation_methods.prequential.Growing_Window object at 0x00000250F6C41550>,1,ARMA,1.5838993341717977,1.0513488314915331,1.2585306250432675
datasets/synthetic_data/s2.csv,388,<timecave.validation_methods.prequential.Growing_Window object at 0x00000250F6C41550>,2,Tree,2.298726025747332,1.127671834270055,1.5161550137592568
datasets/synthetic_data/s2.csv,388,<timecave.validation_methods.prequential.Growing_Window object at 0x00000250F6C41550>,2,ARMA,1.6970471628089758,1.0066113798466847,1.3027076275239107
datasets/synthetic_data/s2.csv,388,<timecave.validation_methods.prequential.Rolling_Window object at 0x00000250F6C409B0>,0,Tree,2.8636654723047377,1.4280051664842914,1.6922368251236992
datasets/synthetic_data/s2.csv,388,<timecave.validation_methods.prequential.Rolling_Window object at 0x00000250F6C409B0>,0,ARMA,1.8126113493047655,1.0972075883986956,1.3463325552421161
datasets/synthetic_data/s2.csv,388,<timecave.validation_methods.prequential.Rolling_Window object at 0x00000250F6C409B0>,1,Tree,4.217492490975816,1.7021565540910797,2.0536534495809695
datasets/synthetic_data/s2.csv,388,<timecave.validation_methods.prequential.Rolling_Window object at 0x00000250F6C409B0>,1,ARMA,1.1920713261957454,0.840770167624587,1.0918201894981359
datasets/synthetic_data/s2.csv,388,<timecave.validation_methods.prequential.Rolling_Window object at 0x00000250F6C409B0>,2,Tree,1.1902231063994866,0.9525073971949775,1.0909734673214957
datasets/synthetic_data/s2.csv,388,<timecave.validation_methods.prequential.Rolling_Window object at 0x00000250F6C409B0>,2,ARMA,1.645428375832107,1.0454219900670894,1.2827425212536252
datasets/synthetic_data/s2.csv,388,<timecave.validation_methods.prequential.Rolling_Window object at 0x00000250F6C409B0>,3,Tree,2.6508062248912836,1.1188703234507662,1.628129670785249
datasets/synthetic_data/s2.csv,388,<timecave.validation_methods.prequential.Rolling_Window object at 0x00000250F6C409B0>,3,ARMA,1.4694192744048373,0.9639139815939116,1.2121960544420352
datasets/synthetic_data/s2.csv,388,<timecave.validation_methods.prequential.Rolling_Window object at 0x00000250F6C42F60>,0,Tree,0.8295850581708181,0.71267850190901,0.9108156005310943
datasets/synthetic_data/s2.csv,388,<timecave.validation_methods.prequential.Rolling_Window object at 0x00000250F6C42F60>,0,ARMA,1.3264159189856124,0.8994572610423921,1.151701315005593
datasets/synthetic_data/s2.csv,388,<timecave.validation_methods.prequential.Rolling_Window object at 0x00000250F6C42F60>,1,Tree,1.7963384964682774,1.0868171651608425,1.340275530056517
datasets/synthetic_data/s2.csv,388,<timecave.validation_methods.prequential.Rolling_Window object at 0x00000250F6C42F60>,1,ARMA,1.3726793607836798,0.99987147125824,1.171613998202343
datasets/synthetic_data/s2.csv,388,<timecave.validation_methods.prequential.Rolling_Window object at 0x00000250F6C42F60>,2,Tree,1.578066936863547,0.8966554111362357,1.2562113424354784
datasets/synthetic_data/s2.csv,388,<timecave.validation_methods.prequential.Rolling_Window object at 0x00000250F6C42F60>,2,ARMA,1.4866223074811944,0.9768214228943546,1.2192712198199358
datasets/synthetic_data/s2.csv,388,<timecave.validation_methods.CV.Block_CV object at 0x00000250F7D92000>,0,Tree,2.040128509108561,1.1326786284356474,1.4283306721864377
datasets/synthetic_data/s2.csv,388,<timecave.validation_methods.CV.Block_CV object at 0x00000250F7D92000>,0,ARMA,1.8433141486932128,1.026196843536883,1.3576870584539034
datasets/synthetic_data/s2.csv,388,<timecave.validation_methods.CV.Block_CV object at 0x00000250F7D92000>,1,Tree,2.337436288991719,1.2651841684083882,1.5288676492724016
datasets/synthetic_data/s2.csv,388,<timecave.validation_methods.CV.Block_CV object at 0x00000250F7D92000>,1,ARMA,1.7705584411236361,1.025024205073969,1.330623328039771
datasets/synthetic_data/s2.csv,388,<timecave.validation_methods.CV.Block_CV object at 0x00000250F7D92000>,2,Tree,1.3465861307201832,0.9979180170447938,1.1604249784971812
datasets/synthetic_data/s2.csv,388,<timecave.validation_methods.CV.Block_CV object at 0x00000250F7D92000>,2,ARMA,1.0650381249183734,0.799243951947479,1.0320068434455139
datasets/synthetic_data/s2.csv,388,<timecave.validation_methods.CV.Block_CV object at 0x00000250F7D92000>,3,Tree,2.9263629846518873,1.392751994797581,1.7106615634461093
datasets/synthetic_data/s2.csv,388,<timecave.validation_methods.CV.Block_CV object at 0x00000250F7D92000>,3,ARMA,1.4381968852958287,1.0143404474123434,1.1992484668724113
datasets/synthetic_data/s2.csv,388,<timecave.validation_methods.CV.Block_CV object at 0x00000250F7D92000>,4,Tree,2.9201767011818514,1.4957466714975536,1.7088524515539225
datasets/synthetic_data/s2.csv,388,<timecave.validation_methods.CV.Block_CV object at 0x00000250F7D92000>,4,ARMA,1.5880306116890535,0.9661483570956417,1.260170866068984
datasets/synthetic_data/s2.csv,388,<timecave.validation_methods.CV.AdaptedhvBlockCV object at 0x00000250F7D930E0>,0,Tree,2.1948996447087947,1.1043565062458671,1.4815193703454554
datasets/synthetic_data/s2.csv,388,<timecave.validation_methods.CV.AdaptedhvBlockCV object at 0x00000250F7D930E0>,0,ARMA,1.8429812785717177,1.0262094658482945,1.3575644657148764
datasets/synthetic_data/s2.csv,388,<timecave.validation_methods.CV.AdaptedhvBlockCV object at 0x00000250F7D930E0>,1,Tree,2.2415869875585916,1.235647896820801,1.4971930361708845
datasets/synthetic_data/s2.csv,388,<timecave.validation_methods.CV.AdaptedhvBlockCV object at 0x00000250F7D930E0>,1,ARMA,1.7686724635363165,1.021780224120458,1.329914457225094
datasets/synthetic_data/s2.csv,388,<timecave.validation_methods.CV.AdaptedhvBlockCV object at 0x00000250F7D930E0>,2,Tree,1.1724530000500932,0.9289480921528385,1.0827986886074867
datasets/synthetic_data/s2.csv,388,<timecave.validation_methods.CV.AdaptedhvBlockCV object at 0x00000250F7D930E0>,2,ARMA,1.094243412959762,0.8117829599829621,1.0460609030834496
datasets/synthetic_data/s2.csv,388,<timecave.validation_methods.CV.AdaptedhvBlockCV object at 0x00000250F7D930E0>,3,Tree,4.424807452910376,1.7688757351544997,2.1035226295218163
datasets/synthetic_data/s2.csv,388,<timecave.validation_methods.CV.AdaptedhvBlockCV object at 0x00000250F7D930E0>,3,ARMA,1.438557430695366,1.0159284807789752,1.1993987788452036
datasets/synthetic_data/s2.csv,388,<timecave.validation_methods.CV.AdaptedhvBlockCV object at 0x00000250F7D930E0>,4,Tree,2.870288515822214,1.482740908721831,1.694192585222298
datasets/synthetic_data/s2.csv,388,<timecave.validation_methods.CV.AdaptedhvBlockCV object at 0x00000250F7D930E0>,4,ARMA,1.6025509648914102,0.9718287515444425,1.265919019879001
datasets/synthetic_data/s2.csv,388,<timecave.validation_methods.markov.MarkovCV object at 0x00000250F2620D10>,0,Tree,1.910189004344095,1.1778249500960867,1.3820958737888247
datasets/synthetic_data/s2.csv,388,<timecave.validation_methods.markov.MarkovCV object at 0x00000250F2620D10>,0,ARMA,1.0888948440430712,0.7934265293511059,1.0435012429523365
datasets/synthetic_data/s2.csv,388,<timecave.validation_methods.markov.MarkovCV object at 0x00000250F2620D10>,1,Tree,2.38303996257996,1.1256750117566585,1.543709805170635
datasets/synthetic_data/s2.csv,388,<timecave.validation_methods.markov.MarkovCV object at 0x00000250F2620D10>,1,ARMA,0.9919695430402607,0.7644886772173698,0.9959766779600117
datasets/synthetic_data/s2.csv,388,<timecave.validation_methods.markov.MarkovCV object at 0x00000250F2620D10>,2,Tree,4.9652133727702195,1.8299223105522735,2.2282758744756492
datasets/synthetic_data/s2.csv,388,<timecave.validation_methods.markov.MarkovCV object at 0x00000250F2620D10>,2,ARMA,2.0084960074866602,1.1369751114495283,1.4172141713540196
datasets/synthetic_data/s2.csv,388,<timecave.validation_methods.markov.MarkovCV object at 0x00000250F2620D10>,3,Tree,2.5043866225757663,1.1273323200500454,1.5825253939750117
datasets/synthetic_data/s2.csv,388,<timecave.validation_methods.markov.MarkovCV object at 0x00000250F2620D10>,3,ARMA,1.999034841738998,1.2041508851925793,1.4138722862193027
datasets/synthetic_data/s2.csv,388,<timecave.validation_methods.markov.MarkovCV object at 0x00000250F2620D10>,4,Tree,3.1854900850505774,1.4544014907668599,1.784794129598867
datasets/synthetic_data/s2.csv,388,<timecave.validation_methods.markov.MarkovCV object at 0x00000250F2620D10>,4,ARMA,1.934130208073348,0.9596042547833432,1.3907300989312585
datasets/synthetic_data/s2.csv,388,<timecave.validation_methods.markov.MarkovCV object at 0x00000250F2620D10>,5,Tree,5.515848903870637,1.9818237904150555,2.3485844468254995
datasets/synthetic_data/s2.csv,388,<timecave.validation_methods.markov.MarkovCV object at 0x00000250F2620D10>,5,ARMA,2.461689499775077,1.033167232365948,1.5689772145493628
datasets/synthetic_data/s2.csv,388,<timecave.validation_methods.markov.MarkovCV object at 0x00000250F2620D10>,6,Tree,2.451972963596042,1.2256496371660452,1.5658776975217579
datasets/synthetic_data/s2.csv,388,<timecave.validation_methods.markov.MarkovCV object at 0x00000250F2620D10>,6,ARMA,1.2699567824755105,0.9814612648190468,1.126923592119497
datasets/synthetic_data/s2.csv,388,<timecave.validation_methods.markov.MarkovCV object at 0x00000250F2620D10>,7,Tree,2.5040630180752266,1.2508432340600169,1.582423147604719
datasets/synthetic_data/s2.csv,388,<timecave.validation_methods.markov.MarkovCV object at 0x00000250F2620D10>,7,ARMA,1.6922741991667403,1.0302463798852546,1.3008743979211599
datasets/synthetic_data/s2.csv,388,<timecave.validation_methods.markov.MarkovCV object at 0x00000250F2620D10>,8,Tree,3.465949365393797,1.6751244794702294,1.8617060362457327
datasets/synthetic_data/s2.csv,388,<timecave.validation_methods.markov.MarkovCV object at 0x00000250F2620D10>,8,ARMA,1.2475096547421303,0.946326050194329,1.1169197172322325
datasets/synthetic_data/s2.csv,388,<timecave.validation_methods.markov.MarkovCV object at 0x00000250F2620D10>,9,Tree,1.978932635620845,1.1218893442901456,1.4067454054024293
datasets/synthetic_data/s2.csv,388,<timecave.validation_methods.markov.MarkovCV object at 0x00000250F2620D10>,9,ARMA,2.0008033188109007,1.0483975424866474,1.4144975499487091
datasets/synthetic_data/s2.csv,389,<timecave.validation_methods.OOS.Holdout object at 0x00000250F29F63C0>,0,Tree,1.6367947387635817,0.9326942527854548,1.279372791161193
datasets/synthetic_data/s2.csv,389,<timecave.validation_methods.OOS.Holdout object at 0x00000250F29F63C0>,0,ARMA,1.8642862578363648,1.0781401004550117,1.3653886837953377
datasets/synthetic_data/s2.csv,389,<timecave.validation_methods.OOS.Repeated_Holdout object at 0x00000250F2A0D7F0>,0,Tree,1.851001118573788,1.0024926494351245,1.3605150196061004
datasets/synthetic_data/s2.csv,389,<timecave.validation_methods.OOS.Repeated_Holdout object at 0x00000250F2A0D7F0>,0,ARMA,1.6928754670239978,0.9927723806147307,1.3011054788232959
datasets/synthetic_data/s2.csv,389,<timecave.validation_methods.OOS.Repeated_Holdout object at 0x00000250F2A0D7F0>,1,Tree,1.8728881719933528,1.1032857422291509,1.3685350459499943
datasets/synthetic_data/s2.csv,389,<timecave.validation_methods.OOS.Repeated_Holdout object at 0x00000250F2A0D7F0>,1,ARMA,1.1777724309779123,0.8719430293005788,1.0852522430190652
datasets/synthetic_data/s2.csv,389,<timecave.validation_methods.OOS.Repeated_Holdout object at 0x00000250F2A0D7F0>,2,Tree,1.6973118721013918,0.9810843875825784,1.3028092232178095
datasets/synthetic_data/s2.csv,389,<timecave.validation_methods.OOS.Repeated_Holdout object at 0x00000250F2A0D7F0>,2,ARMA,1.602526398367577,0.972378889130617,1.2659093168025808
datasets/synthetic_data/s2.csv,389,<timecave.validation_methods.OOS.Repeated_Holdout object at 0x00000250F2A0D7F0>,3,Tree,1.6246591024531356,0.9583571994064493,1.2746211603661441
datasets/synthetic_data/s2.csv,389,<timecave.validation_methods.OOS.Repeated_Holdout object at 0x00000250F2A0D7F0>,3,ARMA,1.8642862578363648,1.0781401004550117,1.3653886837953377
datasets/synthetic_data/s2.csv,389,<timecave.validation_methods.prequential.Growing_Window object at 0x00000250F2A0FF80>,0,Tree,2.846360297748535,1.2791857043363757,1.687115970450323
datasets/synthetic_data/s2.csv,389,<timecave.validation_methods.prequential.Growing_Window object at 0x00000250F2A0FF80>,0,ARMA,2.2320200899280858,1.1147972926587872,1.493994675334583
datasets/synthetic_data/s2.csv,389,<timecave.validation_methods.prequential.Growing_Window object at 0x00000250F2A0FF80>,1,Tree,2.613931820185132,1.3924401121600274,1.6167658519974784
datasets/synthetic_data/s2.csv,389,<timecave.validation_methods.prequential.Growing_Window object at 0x00000250F2A0FF80>,1,ARMA,2.0342707925577086,1.1768520698148983,1.4262786517920363
datasets/synthetic_data/s2.csv,389,<timecave.validation_methods.prequential.Growing_Window object at 0x00000250F2A0FF80>,2,Tree,2.6614314766860563,1.2786678354180214,1.6313894313394506
datasets/synthetic_data/s2.csv,389,<timecave.validation_methods.prequential.Growing_Window object at 0x00000250F2A0FF80>,2,ARMA,2.549904422285242,1.2496485308435106,1.5968420154433693
datasets/synthetic_data/s2.csv,389,<timecave.validation_methods.prequential.Growing_Window object at 0x00000250F2A0FF80>,3,Tree,1.8793201335932763,1.12194910405988,1.3708829758930106
datasets/synthetic_data/s2.csv,389,<timecave.validation_methods.prequential.Growing_Window object at 0x00000250F2A0FF80>,3,ARMA,1.2312996163389345,0.8972810469814058,1.1096394082488845
datasets/synthetic_data/s2.csv,389,<timecave.validation_methods.prequential.Growing_Window object at 0x00000250F2A0E000>,0,Tree,2.2827287139401444,1.1174416932177347,1.510870184344156
datasets/synthetic_data/s2.csv,389,<timecave.validation_methods.prequential.Growing_Window object at 0x00000250F2A0E000>,0,ARMA,1.9997666067764324,1.1424418844016715,1.4141310430000582
datasets/synthetic_data/s2.csv,389,<timecave.validation_methods.prequential.Growing_Window object at 0x00000250F2A0E000>,1,Tree,1.8769868252969293,1.0283751509904786,1.3700316876981091
datasets/synthetic_data/s2.csv,389,<timecave.validation_methods.prequential.Growing_Window object at 0x00000250F2A0E000>,1,ARMA,2.319873694769699,1.1751110729344585,1.5231131588853466
datasets/synthetic_data/s2.csv,389,<timecave.validation_methods.prequential.Growing_Window object at 0x00000250F2A0E000>,2,Tree,2.027828174252716,1.1135298483497549,1.4240183194933682
datasets/synthetic_data/s2.csv,389,<timecave.validation_methods.prequential.Growing_Window object at 0x00000250F2A0E000>,2,ARMA,1.4440118836922515,0.9445094323509026,1.2016704555294067
datasets/synthetic_data/s2.csv,389,<timecave.validation_methods.prequential.Rolling_Window object at 0x00000250F2A0E9C0>,0,Tree,2.4035321064145165,1.0636582116310014,1.550332901803518
datasets/synthetic_data/s2.csv,389,<timecave.validation_methods.prequential.Rolling_Window object at 0x00000250F2A0E9C0>,0,ARMA,2.2320200899280858,1.1147972926587872,1.493994675334583
datasets/synthetic_data/s2.csv,389,<timecave.validation_methods.prequential.Rolling_Window object at 0x00000250F2A0E9C0>,1,Tree,3.3603155976063817,1.590258155397834,1.8331163622657405
datasets/synthetic_data/s2.csv,389,<timecave.validation_methods.prequential.Rolling_Window object at 0x00000250F2A0E9C0>,1,ARMA,2.0437536109879586,1.1839827037197712,1.4295991084873965
datasets/synthetic_data/s2.csv,389,<timecave.validation_methods.prequential.Rolling_Window object at 0x00000250F2A0E9C0>,2,Tree,3.9162284778115612,1.7330491314800516,1.9789463049339062
datasets/synthetic_data/s2.csv,389,<timecave.validation_methods.prequential.Rolling_Window object at 0x00000250F2A0E9C0>,2,ARMA,3.217890280900191,1.4922426658083123,1.793847897927857
datasets/synthetic_data/s2.csv,389,<timecave.validation_methods.prequential.Rolling_Window object at 0x00000250F2A0E9C0>,3,Tree,1.5076296334650663,0.9845327258420515,1.227855705474005
datasets/synthetic_data/s2.csv,389,<timecave.validation_methods.prequential.Rolling_Window object at 0x00000250F2A0E9C0>,3,ARMA,1.2486543615708676,0.8860666110719709,1.1174320389047683
datasets/synthetic_data/s2.csv,389,<timecave.validation_methods.prequential.Rolling_Window object at 0x00000250F2A0FF20>,0,Tree,1.9961412761055997,1.1469566854919444,1.4128486387810972
datasets/synthetic_data/s2.csv,389,<timecave.validation_methods.prequential.Rolling_Window object at 0x00000250F2A0FF20>,0,ARMA,1.9997666067764324,1.1424418844016715,1.4141310430000582
datasets/synthetic_data/s2.csv,389,<timecave.validation_methods.prequential.Rolling_Window object at 0x00000250F2A0FF20>,1,Tree,4.111262038276956,1.5692440913875483,2.027624728167655
datasets/synthetic_data/s2.csv,389,<timecave.validation_methods.prequential.Rolling_Window object at 0x00000250F2A0FF20>,1,ARMA,2.3037003514107526,1.1838563752335778,1.51779456825051
datasets/synthetic_data/s2.csv,389,<timecave.validation_methods.prequential.Rolling_Window object at 0x00000250F2A0FF20>,2,Tree,3.394842973278828,1.4436131267248087,1.8425099655846717
datasets/synthetic_data/s2.csv,389,<timecave.validation_methods.prequential.Rolling_Window object at 0x00000250F2A0FF20>,2,ARMA,3.0626178753111035,1.4089864776525007,1.7500336783362496
datasets/synthetic_data/s2.csv,389,<timecave.validation_methods.CV.Block_CV object at 0x00000250F2A0C260>,0,Tree,1.891868560891801,1.0902853339687615,1.3754521296256736
datasets/synthetic_data/s2.csv,389,<timecave.validation_methods.CV.Block_CV object at 0x00000250F2A0C260>,0,ARMA,1.13829123049011,0.8086715393998967,1.0669073204782644
datasets/synthetic_data/s2.csv,389,<timecave.validation_methods.CV.Block_CV object at 0x00000250F2A0C260>,1,Tree,3.188700741489648,1.3556002568489594,1.7856933503515233
datasets/synthetic_data/s2.csv,389,<timecave.validation_methods.CV.Block_CV object at 0x00000250F2A0C260>,1,ARMA,2.201947455471039,1.1110369989814624,1.4838960393070126
datasets/synthetic_data/s2.csv,389,<timecave.validation_methods.CV.Block_CV object at 0x00000250F2A0C260>,2,Tree,2.597122892502327,1.2479534355186332,1.6115591495512434
datasets/synthetic_data/s2.csv,389,<timecave.validation_methods.CV.Block_CV object at 0x00000250F2A0C260>,2,ARMA,2.010080682310708,1.1494857014252087,1.417773142047312
datasets/synthetic_data/s2.csv,389,<timecave.validation_methods.CV.Block_CV object at 0x00000250F2A0C260>,3,Tree,2.747682063479266,1.3668266453100375,1.6576133636886696
datasets/synthetic_data/s2.csv,389,<timecave.validation_methods.CV.Block_CV object at 0x00000250F2A0C260>,3,ARMA,2.3727118503185736,1.1896201811469336,1.5403609480633342
datasets/synthetic_data/s2.csv,389,<timecave.validation_methods.CV.Block_CV object at 0x00000250F2A0C260>,4,Tree,1.8796397522418185,1.124926243366581,1.3709995449458832
datasets/synthetic_data/s2.csv,389,<timecave.validation_methods.CV.Block_CV object at 0x00000250F2A0C260>,4,ARMA,1.2312996163389345,0.8972810469814058,1.1096394082488845
datasets/synthetic_data/s2.csv,389,<timecave.validation_methods.CV.AdaptedhvBlockCV object at 0x00000250F2A0CA10>,0,Tree,1.5389405722532035,1.0172588697409464,1.2405404355575047
datasets/synthetic_data/s2.csv,389,<timecave.validation_methods.CV.AdaptedhvBlockCV object at 0x00000250F2A0CA10>,0,ARMA,1.1390675530670789,0.8092330508811167,1.0672710775932601
datasets/synthetic_data/s2.csv,389,<timecave.validation_methods.CV.AdaptedhvBlockCV object at 0x00000250F2A0CA10>,1,Tree,3.604859416578939,1.4611648935487973,1.8986467329598045
datasets/synthetic_data/s2.csv,389,<timecave.validation_methods.CV.AdaptedhvBlockCV object at 0x00000250F2A0CA10>,1,ARMA,2.2029541010533986,1.1113739550561128,1.4842351906127946
datasets/synthetic_data/s2.csv,389,<timecave.validation_methods.CV.AdaptedhvBlockCV object at 0x00000250F2A0CA10>,2,Tree,1.940660870996534,0.9917259571351883,1.3930760463795702
datasets/synthetic_data/s2.csv,389,<timecave.validation_methods.CV.AdaptedhvBlockCV object at 0x00000250F2A0CA10>,2,ARMA,2.012854999224868,1.1510659073574154,1.4187512111800533
datasets/synthetic_data/s2.csv,389,<timecave.validation_methods.CV.AdaptedhvBlockCV object at 0x00000250F2A0CA10>,3,Tree,1.3294612214008137,0.893842047870207,1.1530226456582775
datasets/synthetic_data/s2.csv,389,<timecave.validation_methods.CV.AdaptedhvBlockCV object at 0x00000250F2A0CA10>,3,ARMA,2.370584023393715,1.1908773437941402,1.5396701021302306
datasets/synthetic_data/s2.csv,389,<timecave.validation_methods.CV.AdaptedhvBlockCV object at 0x00000250F2A0CA10>,4,Tree,1.6101220814908255,1.0472835355159358,1.2689058599797014
datasets/synthetic_data/s2.csv,389,<timecave.validation_methods.CV.AdaptedhvBlockCV object at 0x00000250F2A0CA10>,4,ARMA,1.2180947570819791,0.8694344733609136,1.103673301789066
datasets/synthetic_data/s2.csv,389,<timecave.validation_methods.markov.MarkovCV object at 0x00000250F2A0E8D0>,0,Tree,2.869066879372119,1.288697901070926,1.6938320103753262
datasets/synthetic_data/s2.csv,389,<timecave.validation_methods.markov.MarkovCV object at 0x00000250F2A0E8D0>,0,ARMA,1.667275055187377,1.0148177686319895,1.29123005509761
datasets/synthetic_data/s2.csv,389,<timecave.validation_methods.markov.MarkovCV object at 0x00000250F2A0E8D0>,1,Tree,6.540536525131396,1.86554798393736,2.557447267321732
datasets/synthetic_data/s2.csv,389,<timecave.validation_methods.markov.MarkovCV object at 0x00000250F2A0E8D0>,1,ARMA,1.14178930389317,0.8131754723737447,1.068545414988605
datasets/synthetic_data/s2.csv,389,<timecave.validation_methods.markov.MarkovCV object at 0x00000250F2A0E8D0>,2,Tree,5.5689308538412226,1.9292533991659842,2.3598582274876647
datasets/synthetic_data/s2.csv,389,<timecave.validation_methods.markov.MarkovCV object at 0x00000250F2A0E8D0>,2,ARMA,3.7140965463079683,1.5882128897557681,1.92719914547199
datasets/synthetic_data/s2.csv,389,<timecave.validation_methods.markov.MarkovCV object at 0x00000250F2A0E8D0>,3,Tree,3.6098472525575205,1.5297394167377782,1.8999598028793978
datasets/synthetic_data/s2.csv,389,<timecave.validation_methods.markov.MarkovCV object at 0x00000250F2A0E8D0>,3,ARMA,1.810359229589745,1.1312488920279082,1.345495904709392
datasets/synthetic_data/s2.csv,389,<timecave.validation_methods.markov.MarkovCV object at 0x00000250F2A0E8D0>,4,Tree,10.8343077615678,2.971193669382518,3.2915509659684443
datasets/synthetic_data/s2.csv,389,<timecave.validation_methods.markov.MarkovCV object at 0x00000250F2A0E8D0>,4,ARMA,3.4540935618211126,1.4186228368636455,1.8585191852173903
datasets/synthetic_data/s2.csv,389,<timecave.validation_methods.markov.MarkovCV object at 0x00000250F2A0E8D0>,5,Tree,3.4419090647331667,1.5026005087703587,1.8552382770774127
datasets/synthetic_data/s2.csv,389,<timecave.validation_methods.markov.MarkovCV object at 0x00000250F2A0E8D0>,5,ARMA,2.4351891763956885,0.964836499868476,1.5605092682825337
datasets/synthetic_data/s2.csv,389,<timecave.validation_methods.markov.MarkovCV object at 0x00000250F2A0E8D0>,6,Tree,2.9397196664852356,1.4679854486914963,1.7145610710864854
datasets/synthetic_data/s2.csv,389,<timecave.validation_methods.markov.MarkovCV object at 0x00000250F2A0E8D0>,6,ARMA,1.6055603717599536,0.9681733740764331,1.267107087723825
datasets/synthetic_data/s2.csv,389,<timecave.validation_methods.markov.MarkovCV object at 0x00000250F2A0E8D0>,7,Tree,3.0703844934916638,1.4657181526022596,1.7522512643715409
datasets/synthetic_data/s2.csv,389,<timecave.validation_methods.markov.MarkovCV object at 0x00000250F2A0E8D0>,7,ARMA,1.6787689440124418,1.0808774739601321,1.2956731624960216
datasets/synthetic_data/s2.csv,389,<timecave.validation_methods.markov.MarkovCV object at 0x00000250F2A0E8D0>,8,Tree,5.901635161812266,2.028262955129601,2.4293281297124656
datasets/synthetic_data/s2.csv,389,<timecave.validation_methods.markov.MarkovCV object at 0x00000250F2A0E8D0>,8,ARMA,2.2960719736269897,1.2246757055579223,1.5152795034669313
datasets/synthetic_data/s2.csv,389,<timecave.validation_methods.markov.MarkovCV object at 0x00000250F2A0E8D0>,9,Tree,6.3526513440293115,2.1354510765484753,2.520446655660324
datasets/synthetic_data/s2.csv,389,<timecave.validation_methods.markov.MarkovCV object at 0x00000250F2A0E8D0>,9,ARMA,2.6331532937190563,1.3673003097815852,1.6226993848889746
datasets/synthetic_data/s2.csv,390,<timecave.validation_methods.OOS.Holdout object at 0x00000250F6C43830>,0,Tree,3.5232056646683665,1.5316406044738426,1.877020422016864
datasets/synthetic_data/s2.csv,390,<timecave.validation_methods.OOS.Holdout object at 0x00000250F6C43830>,0,ARMA,1.9007241105019255,1.1214390908679128,1.378667512673714
datasets/synthetic_data/s2.csv,390,<timecave.validation_methods.OOS.Repeated_Holdout object at 0x00000250F6C41790>,0,Tree,2.4179359881507003,1.1734789724547467,1.5549713785631876
datasets/synthetic_data/s2.csv,390,<timecave.validation_methods.OOS.Repeated_Holdout object at 0x00000250F6C41790>,0,ARMA,1.9432847440571075,1.1092466254448172,1.394017483411563
datasets/synthetic_data/s2.csv,390,<timecave.validation_methods.OOS.Repeated_Holdout object at 0x00000250F6C41790>,1,Tree,3.45969827224561,1.45349232217402,1.8600264170827279
datasets/synthetic_data/s2.csv,390,<timecave.validation_methods.OOS.Repeated_Holdout object at 0x00000250F6C41790>,1,ARMA,1.6207267228743114,1.0445100134236567,1.2730776578332963
datasets/synthetic_data/s2.csv,390,<timecave.validation_methods.OOS.Repeated_Holdout object at 0x00000250F6C41790>,2,Tree,3.442754425856258,1.5188611192573724,1.8554660939656802
datasets/synthetic_data/s2.csv,390,<timecave.validation_methods.OOS.Repeated_Holdout object at 0x00000250F6C41790>,2,ARMA,1.9560454315366764,1.1276661477521481,1.3985869410003358
datasets/synthetic_data/s2.csv,390,<timecave.validation_methods.OOS.Repeated_Holdout object at 0x00000250F6C41790>,3,Tree,3.234222374594352,1.4969633332972472,1.798394387945634
datasets/synthetic_data/s2.csv,390,<timecave.validation_methods.OOS.Repeated_Holdout object at 0x00000250F6C41790>,3,ARMA,1.9007241105019255,1.1214390908679128,1.378667512673714
datasets/synthetic_data/s2.csv,390,<timecave.validation_methods.prequential.Growing_Window object at 0x00000250F6C407D0>,0,Tree,3.056903472364317,1.4460964212414968,1.7484002609140497
datasets/synthetic_data/s2.csv,390,<timecave.validation_methods.prequential.Growing_Window object at 0x00000250F6C407D0>,0,ARMA,1.3081252886692034,0.9685197567828068,1.143733049565852
datasets/synthetic_data/s2.csv,390,<timecave.validation_methods.prequential.Growing_Window object at 0x00000250F6C407D0>,1,Tree,1.9902828083116706,1.0919925541406295,1.4107738331538726
datasets/synthetic_data/s2.csv,390,<timecave.validation_methods.prequential.Growing_Window object at 0x00000250F6C407D0>,1,ARMA,0.9565148050954461,0.8105258712690353,0.978015748899498
datasets/synthetic_data/s2.csv,390,<timecave.validation_methods.prequential.Growing_Window object at 0x00000250F6C407D0>,2,Tree,3.241572482675135,1.4395628463744492,1.80043674775737
datasets/synthetic_data/s2.csv,390,<timecave.validation_methods.prequential.Growing_Window object at 0x00000250F6C407D0>,2,ARMA,2.7599462585432617,1.3192028898263728,1.661308598227091
datasets/synthetic_data/s2.csv,390,<timecave.validation_methods.prequential.Growing_Window object at 0x00000250F6C407D0>,3,Tree,2.8411779866072773,1.2790434730173144,1.685579421625477
datasets/synthetic_data/s2.csv,390,<timecave.validation_methods.prequential.Growing_Window object at 0x00000250F6C407D0>,3,ARMA,1.6399840797466334,1.0559255674062613,1.2806186316568384
datasets/synthetic_data/s2.csv,390,<timecave.validation_methods.prequential.Growing_Window object at 0x00000250F2604F20>,0,Tree,2.4200253620178365,1.3227980501127077,1.5556430702503181
datasets/synthetic_data/s2.csv,390,<timecave.validation_methods.prequential.Growing_Window object at 0x00000250F2604F20>,0,ARMA,0.974421567112898,0.8394986739388368,0.9871279385737687
datasets/synthetic_data/s2.csv,390,<timecave.validation_methods.prequential.Growing_Window object at 0x00000250F2604F20>,1,Tree,3.3161285248051717,1.4484851291284917,1.8210240319131352
datasets/synthetic_data/s2.csv,390,<timecave.validation_methods.prequential.Growing_Window object at 0x00000250F2604F20>,1,ARMA,2.839071289094541,1.3554197930263852,1.6849543878380033
datasets/synthetic_data/s2.csv,390,<timecave.validation_methods.prequential.Growing_Window object at 0x00000250F2604F20>,2,Tree,2.7851179084173117,1.405804536668179,1.6688672530843522
datasets/synthetic_data/s2.csv,390,<timecave.validation_methods.prequential.Growing_Window object at 0x00000250F2604F20>,2,ARMA,1.5775707412227367,1.0193400654182803,1.2560138300284502
datasets/synthetic_data/s2.csv,390,<timecave.validation_methods.prequential.Rolling_Window object at 0x00000250F2A0F350>,0,Tree,3.817759363845104,1.5900722141656223,1.9539087398968007
datasets/synthetic_data/s2.csv,390,<timecave.validation_methods.prequential.Rolling_Window object at 0x00000250F2A0F350>,0,ARMA,1.3081252886692034,0.9685197567828068,1.143733049565852
datasets/synthetic_data/s2.csv,390,<timecave.validation_methods.prequential.Rolling_Window object at 0x00000250F2A0F350>,1,Tree,1.3527124807289237,0.9270245648906096,1.1630616839742094
datasets/synthetic_data/s2.csv,390,<timecave.validation_methods.prequential.Rolling_Window object at 0x00000250F2A0F350>,1,ARMA,0.9888988439371684,0.810069782502286,0.9944339314088032
datasets/synthetic_data/s2.csv,390,<timecave.validation_methods.prequential.Rolling_Window object at 0x00000250F2A0F350>,2,Tree,3.8328673613899604,1.5916723693435206,1.957771018630616
datasets/synthetic_data/s2.csv,390,<timecave.validation_methods.prequential.Rolling_Window object at 0x00000250F2A0F350>,2,ARMA,2.7825294674470715,1.3397276282418877,1.668091564467332
datasets/synthetic_data/s2.csv,390,<timecave.validation_methods.prequential.Rolling_Window object at 0x00000250F2A0F350>,3,Tree,2.762775209870948,1.3787519518194946,1.6621598027479032
datasets/synthetic_data/s2.csv,390,<timecave.validation_methods.prequential.Rolling_Window object at 0x00000250F2A0F350>,3,ARMA,1.6681961447941858,1.0696097375409876,1.291586677228511
datasets/synthetic_data/s2.csv,390,<timecave.validation_methods.prequential.Rolling_Window object at 0x00000250F6A46420>,0,Tree,2.46039224185043,1.3242939420954765,1.5685637512866444
datasets/synthetic_data/s2.csv,390,<timecave.validation_methods.prequential.Rolling_Window object at 0x00000250F6A46420>,0,ARMA,0.974421567112898,0.8394986739388368,0.9871279385737687
datasets/synthetic_data/s2.csv,390,<timecave.validation_methods.prequential.Rolling_Window object at 0x00000250F6A46420>,1,Tree,3.4206458066319936,1.4724182007578548,1.8494987987646798
datasets/synthetic_data/s2.csv,390,<timecave.validation_methods.prequential.Rolling_Window object at 0x00000250F6A46420>,1,ARMA,2.8331075782076622,1.353423911743675,1.683183762459602
datasets/synthetic_data/s2.csv,390,<timecave.validation_methods.prequential.Rolling_Window object at 0x00000250F6A46420>,2,Tree,2.4378282721959725,1.2382451921261088,1.5613546273015533
datasets/synthetic_data/s2.csv,390,<timecave.validation_methods.prequential.Rolling_Window object at 0x00000250F6A46420>,2,ARMA,1.5570549740929334,0.9920999716446883,1.2478200888320934
datasets/synthetic_data/s2.csv,390,<timecave.validation_methods.CV.Block_CV object at 0x00000250F6A444D0>,0,Tree,4.730232905054413,1.7466239748995274,2.1749098613630893
datasets/synthetic_data/s2.csv,390,<timecave.validation_methods.CV.Block_CV object at 0x00000250F6A444D0>,0,ARMA,2.226366612322606,1.204238049930712,1.4921014081900084
datasets/synthetic_data/s2.csv,390,<timecave.validation_methods.CV.Block_CV object at 0x00000250F6A444D0>,1,Tree,3.2567888785194006,1.4534866661856933,1.804657551592379
datasets/synthetic_data/s2.csv,390,<timecave.validation_methods.CV.Block_CV object at 0x00000250F6A444D0>,1,ARMA,1.3713224775522472,1.0208357916928135,1.1710347892151827
datasets/synthetic_data/s2.csv,390,<timecave.validation_methods.CV.Block_CV object at 0x00000250F6A444D0>,2,Tree,2.612679373044224,1.1143022147249637,1.616378474567211
datasets/synthetic_data/s2.csv,390,<timecave.validation_methods.CV.Block_CV object at 0x00000250F6A444D0>,2,ARMA,0.9187558611872055,0.7888862487260508,0.9585175330619704
datasets/synthetic_data/s2.csv,390,<timecave.validation_methods.CV.Block_CV object at 0x00000250F6A444D0>,3,Tree,3.0375716665297063,1.3364949166639954,1.742863065914734
datasets/synthetic_data/s2.csv,390,<timecave.validation_methods.CV.Block_CV object at 0x00000250F6A444D0>,3,ARMA,2.76417710233792,1.3607136550493422,1.6625814573541713
datasets/synthetic_data/s2.csv,390,<timecave.validation_methods.CV.Block_CV object at 0x00000250F6A444D0>,4,Tree,3.447894433963101,1.459351094021834,1.856850676269662
datasets/synthetic_data/s2.csv,390,<timecave.validation_methods.CV.Block_CV object at 0x00000250F6A444D0>,4,ARMA,1.6399840797466334,1.0559255674062613,1.2806186316568384
datasets/synthetic_data/s2.csv,390,<timecave.validation_methods.CV.AdaptedhvBlockCV object at 0x00000250F6A46570>,0,Tree,3.7166139842236965,1.4647076138494213,1.9278521686643135
datasets/synthetic_data/s2.csv,390,<timecave.validation_methods.CV.AdaptedhvBlockCV object at 0x00000250F6A46570>,0,ARMA,2.2186866439388533,1.2023735998966132,1.489525643934623
datasets/synthetic_data/s2.csv,390,<timecave.validation_methods.CV.AdaptedhvBlockCV object at 0x00000250F6A46570>,1,Tree,2.5446061955581873,1.2251552991708232,1.5951821825604082
datasets/synthetic_data/s2.csv,390,<timecave.validation_methods.CV.AdaptedhvBlockCV object at 0x00000250F6A46570>,1,ARMA,1.354019320195585,1.0143964684746871,1.1636233583920466
datasets/synthetic_data/s2.csv,390,<timecave.validation_methods.CV.AdaptedhvBlockCV object at 0x00000250F6A46570>,2,Tree,2.866381294139229,1.1915944911274916,1.6930390704703862
datasets/synthetic_data/s2.csv,390,<timecave.validation_methods.CV.AdaptedhvBlockCV object at 0x00000250F6A46570>,2,ARMA,0.9118638178683046,0.7861566164677027,0.9549156077205486
datasets/synthetic_data/s2.csv,390,<timecave.validation_methods.CV.AdaptedhvBlockCV object at 0x00000250F6A46570>,3,Tree,3.0936002641456124,1.2950740481002103,1.758863344363516
datasets/synthetic_data/s2.csv,390,<timecave.validation_methods.CV.AdaptedhvBlockCV object at 0x00000250F6A46570>,3,ARMA,2.777435180435181,1.3563945996973312,1.6665638842946229
datasets/synthetic_data/s2.csv,390,<timecave.validation_methods.CV.AdaptedhvBlockCV object at 0x00000250F6A46570>,4,Tree,3.6487072367229683,1.507391443349053,1.9101589558785332
datasets/synthetic_data/s2.csv,390,<timecave.validation_methods.CV.AdaptedhvBlockCV object at 0x00000250F6A46570>,4,ARMA,1.6034086830697907,1.0334704103847843,1.2662577474865813
datasets/synthetic_data/s2.csv,390,<timecave.validation_methods.markov.MarkovCV object at 0x00000250F6A451F0>,0,Tree,2.2296245720706276,1.1437051781170775,1.4931927444474902
datasets/synthetic_data/s2.csv,390,<timecave.validation_methods.markov.MarkovCV object at 0x00000250F6A451F0>,0,ARMA,2.3916827308139466,1.0810944432989968,1.5465066216521501
datasets/synthetic_data/s2.csv,390,<timecave.validation_methods.markov.MarkovCV object at 0x00000250F6A451F0>,1,Tree,8.75866249204638,2.2694433424642826,2.9595037577347965
datasets/synthetic_data/s2.csv,390,<timecave.validation_methods.markov.MarkovCV object at 0x00000250F6A451F0>,1,ARMA,0.9131293055308635,0.8579145342643806,0.9555779955246267
datasets/synthetic_data/s2.csv,390,<timecave.validation_methods.markov.MarkovCV object at 0x00000250F6A451F0>,2,Tree,2.7404372292287515,1.2056390494544271,1.6554266003748856
datasets/synthetic_data/s2.csv,390,<timecave.validation_methods.markov.MarkovCV object at 0x00000250F6A451F0>,2,ARMA,1.8316590124358394,1.1339122847803855,1.353387975576789
datasets/synthetic_data/s2.csv,390,<timecave.validation_methods.markov.MarkovCV object at 0x00000250F6A451F0>,3,Tree,2.0986050221481007,1.265875492196115,1.4486562815754815
datasets/synthetic_data/s2.csv,390,<timecave.validation_methods.markov.MarkovCV object at 0x00000250F6A451F0>,3,ARMA,2.3710628470492026,1.0764947638812257,1.5398255898150293
datasets/synthetic_data/s2.csv,390,<timecave.validation_methods.markov.MarkovCV object at 0x00000250F6A451F0>,4,Tree,3.1811542579257095,1.4241781358684582,1.7835790585016718
datasets/synthetic_data/s2.csv,390,<timecave.validation_methods.markov.MarkovCV object at 0x00000250F6A451F0>,4,ARMA,2.444077583857562,1.2845867381023441,1.5633545931290067
datasets/synthetic_data/s2.csv,390,<timecave.validation_methods.markov.MarkovCV object at 0x00000250F6A451F0>,5,Tree,4.40160943191616,1.8438925866347142,2.0980012945458735
datasets/synthetic_data/s2.csv,390,<timecave.validation_methods.markov.MarkovCV object at 0x00000250F6A451F0>,5,ARMA,1.162627186072506,0.901618469383045,1.078251912158057
datasets/synthetic_data/s2.csv,390,<timecave.validation_methods.markov.MarkovCV object at 0x00000250F6A451F0>,6,Tree,5.566293379205811,1.7829610738977566,2.3592993407377985
datasets/synthetic_data/s2.csv,390,<timecave.validation_methods.markov.MarkovCV object at 0x00000250F6A451F0>,6,ARMA,2.6123107351668127,1.117464526136243,1.616264438502194
datasets/synthetic_data/s2.csv,390,<timecave.validation_methods.markov.MarkovCV object at 0x00000250F6A451F0>,7,Tree,6.172016015268634,2.068475331854493,2.4843542451246026
datasets/synthetic_data/s2.csv,390,<timecave.validation_methods.markov.MarkovCV object at 0x00000250F6A451F0>,7,ARMA,2.5180781714169576,1.381480951672604,1.5868453520797032
datasets/synthetic_data/s2.csv,390,<timecave.validation_methods.markov.MarkovCV object at 0x00000250F6A451F0>,8,Tree,4.518728056647481,1.6569445288079725,2.125730005585724
datasets/synthetic_data/s2.csv,390,<timecave.validation_methods.markov.MarkovCV object at 0x00000250F6A451F0>,8,ARMA,2.0101330879515853,1.0618581851941176,1.4177916236004449
datasets/synthetic_data/s2.csv,390,<timecave.validation_methods.markov.MarkovCV object at 0x00000250F6A451F0>,9,Tree,5.153786984361329,1.8798338779951387,2.27019536259797
datasets/synthetic_data/s2.csv,390,<timecave.validation_methods.markov.MarkovCV object at 0x00000250F6A451F0>,9,ARMA,1.9818689266868152,1.2662746596878498,1.4077886654916694
datasets/synthetic_data/s2.csv,391,<timecave.validation_methods.OOS.Holdout object at 0x00000250F6CE9490>,0,Tree,1.5526871837314518,1.0995132795817408,1.246068691417713
datasets/synthetic_data/s2.csv,391,<timecave.validation_methods.OOS.Holdout object at 0x00000250F6CE9490>,0,ARMA,1.5820296739008641,1.059633699035105,1.25778761080751
datasets/synthetic_data/s2.csv,391,<timecave.validation_methods.OOS.Repeated_Holdout object at 0x00000250F6CEB200>,0,Tree,1.973440495084701,1.1875792839123578,1.4047919757333116
datasets/synthetic_data/s2.csv,391,<timecave.validation_methods.OOS.Repeated_Holdout object at 0x00000250F6CEB200>,0,ARMA,1.3607118705358152,0.9748048258718691,1.1664955510141541
datasets/synthetic_data/s2.csv,391,<timecave.validation_methods.OOS.Repeated_Holdout object at 0x00000250F6CEB200>,1,Tree,1.5542039426704437,1.030823669231178,1.2466771605634088
datasets/synthetic_data/s2.csv,391,<timecave.validation_methods.OOS.Repeated_Holdout object at 0x00000250F6CEB200>,1,ARMA,1.3887241715965604,0.9728971443416647,1.1784414162768382
datasets/synthetic_data/s2.csv,391,<timecave.validation_methods.OOS.Repeated_Holdout object at 0x00000250F6CEB200>,2,Tree,1.8265699591147015,1.1154459235841427,1.3515065516358777
datasets/synthetic_data/s2.csv,391,<timecave.validation_methods.OOS.Repeated_Holdout object at 0x00000250F6CEB200>,2,ARMA,1.5553319284944718,1.017658760249088,1.2471294754332733
datasets/synthetic_data/s2.csv,391,<timecave.validation_methods.OOS.Repeated_Holdout object at 0x00000250F6CEB200>,3,Tree,1.505314722288103,1.0869693013400985,1.2269126791618477
datasets/synthetic_data/s2.csv,391,<timecave.validation_methods.OOS.Repeated_Holdout object at 0x00000250F6CEB200>,3,ARMA,1.5820296739008641,1.059633699035105,1.25778761080751
datasets/synthetic_data/s2.csv,391,<timecave.validation_methods.prequential.Growing_Window object at 0x00000250F6CE8C80>,0,Tree,1.814194054352403,1.095270063795222,1.3469202108337388
datasets/synthetic_data/s2.csv,391,<timecave.validation_methods.prequential.Growing_Window object at 0x00000250F6CE8C80>,0,ARMA,1.0237982647638155,0.8493845458581469,1.0118291677767624
datasets/synthetic_data/s2.csv,391,<timecave.validation_methods.prequential.Growing_Window object at 0x00000250F6CE8C80>,1,Tree,1.7796541520138391,1.0812408019507236,1.3340367881036261
datasets/synthetic_data/s2.csv,391,<timecave.validation_methods.prequential.Growing_Window object at 0x00000250F6CE8C80>,1,ARMA,1.36799764957591,0.8649547904575825,1.1696143165915465
datasets/synthetic_data/s2.csv,391,<timecave.validation_methods.prequential.Growing_Window object at 0x00000250F6CE8C80>,2,Tree,2.307943804551774,1.2696160416030395,1.519191826120643
datasets/synthetic_data/s2.csv,391,<timecave.validation_methods.prequential.Growing_Window object at 0x00000250F6CE8C80>,2,ARMA,1.4532822967980739,1.0060588618253075,1.205521587031138
datasets/synthetic_data/s2.csv,391,<timecave.validation_methods.prequential.Growing_Window object at 0x00000250F6CE8C80>,3,Tree,1.7042226303126982,1.053611308082473,1.3054587815449012
datasets/synthetic_data/s2.csv,391,<timecave.validation_methods.prequential.Growing_Window object at 0x00000250F6CE8C80>,3,ARMA,1.4389319501967432,0.9961671965669827,1.1995548966999148
datasets/synthetic_data/s2.csv,391,<timecave.validation_methods.prequential.Growing_Window object at 0x00000250F6CE8710>,0,Tree,2.0352182430223844,1.0526024473346203,1.4266107538576822
datasets/synthetic_data/s2.csv,391,<timecave.validation_methods.prequential.Growing_Window object at 0x00000250F6CE8710>,0,ARMA,1.5668314493485749,0.9105494414133737,1.2517313806678232
datasets/synthetic_data/s2.csv,391,<timecave.validation_methods.prequential.Growing_Window object at 0x00000250F6CE8710>,1,Tree,1.8439811739838552,1.1081074798472275,1.357932683892635
datasets/synthetic_data/s2.csv,391,<timecave.validation_methods.prequential.Growing_Window object at 0x00000250F6CE8710>,1,ARMA,1.5687605434101364,1.0313929141164082,1.2525017139350094
datasets/synthetic_data/s2.csv,391,<timecave.validation_methods.prequential.Growing_Window object at 0x00000250F6CE8710>,2,Tree,2.964350306650226,1.4322394816282216,1.7217288714110088
datasets/synthetic_data/s2.csv,391,<timecave.validation_methods.prequential.Growing_Window object at 0x00000250F6CE8710>,2,ARMA,1.413460495334989,0.988568637919265,1.1888904471544
datasets/synthetic_data/s2.csv,391,<timecave.validation_methods.prequential.Rolling_Window object at 0x00000250F2A0D0D0>,0,Tree,2.0969194496804437,1.1219036728088185,1.4480743936968308
datasets/synthetic_data/s2.csv,391,<timecave.validation_methods.prequential.Rolling_Window object at 0x00000250F2A0D0D0>,0,ARMA,1.0237982647638155,0.8493845458581469,1.0118291677767624
datasets/synthetic_data/s2.csv,391,<timecave.validation_methods.prequential.Rolling_Window object at 0x00000250F2A0D0D0>,1,Tree,1.551318307747802,1.0504519241454968,1.2455192924028926
datasets/synthetic_data/s2.csv,391,<timecave.validation_methods.prequential.Rolling_Window object at 0x00000250F2A0D0D0>,1,ARMA,1.405478057877663,0.8805879793396623,1.1855285985068698
datasets/synthetic_data/s2.csv,391,<timecave.validation_methods.prequential.Rolling_Window object at 0x00000250F2A0D0D0>,2,Tree,3.033276748578745,1.4755649926205203,1.7416304856595572
datasets/synthetic_data/s2.csv,391,<timecave.validation_methods.prequential.Rolling_Window object at 0x00000250F2A0D0D0>,2,ARMA,1.4823502175368644,1.0110860174629483,1.217518056349418
datasets/synthetic_data/s2.csv,391,<timecave.validation_methods.prequential.Rolling_Window object at 0x00000250F2A0D0D0>,3,Tree,1.3335981463631452,0.9272696594865558,1.154815200091835
datasets/synthetic_data/s2.csv,391,<timecave.validation_methods.prequential.Rolling_Window object at 0x00000250F2A0D0D0>,3,ARMA,1.4402203853978393,1.000295757284195,1.2000918237359337
datasets/synthetic_data/s2.csv,391,<timecave.validation_methods.prequential.Rolling_Window object at 0x00000250F2A0C350>,0,Tree,2.667072994019291,1.1674066062369344,1.6331175689518778
datasets/synthetic_data/s2.csv,391,<timecave.validation_methods.prequential.Rolling_Window object at 0x00000250F2A0C350>,0,ARMA,1.5668314493485749,0.9105494414133737,1.2517313806678232
datasets/synthetic_data/s2.csv,391,<timecave.validation_methods.prequential.Rolling_Window object at 0x00000250F2A0C350>,1,Tree,2.0721303465541374,1.1637298730653614,1.4394896132150927
datasets/synthetic_data/s2.csv,391,<timecave.validation_methods.prequential.Rolling_Window object at 0x00000250F2A0C350>,1,ARMA,1.551711542403741,1.0238907251556726,1.245677142121401
datasets/synthetic_data/s2.csv,391,<timecave.validation_methods.prequential.Rolling_Window object at 0x00000250F2A0C350>,2,Tree,2.461929803347122,1.2121609887052163,1.5690537923688666
datasets/synthetic_data/s2.csv,391,<timecave.validation_methods.prequential.Rolling_Window object at 0x00000250F2A0C350>,2,ARMA,1.4164456236243252,0.9823824539393473,1.19014521115044
datasets/synthetic_data/s2.csv,391,<timecave.validation_methods.CV.Block_CV object at 0x00000250F2A0EDE0>,0,Tree,3.6860416835502887,1.5762301817291091,1.9199066861569831
datasets/synthetic_data/s2.csv,391,<timecave.validation_methods.CV.Block_CV object at 0x00000250F2A0EDE0>,0,ARMA,1.4826827073577609,0.9530182804679582,1.2176545927962334
datasets/synthetic_data/s2.csv,391,<timecave.validation_methods.CV.Block_CV object at 0x00000250F2A0EDE0>,1,Tree,2.061123557878038,1.1764362951936391,1.4356613660184765
datasets/synthetic_data/s2.csv,391,<timecave.validation_methods.CV.Block_CV object at 0x00000250F2A0EDE0>,1,ARMA,0.9711316402724235,0.830732356064675,0.9854601160231821
datasets/synthetic_data/s2.csv,391,<timecave.validation_methods.CV.Block_CV object at 0x00000250F2A0EDE0>,2,Tree,2.2349892830310556,1.1354221785146268,1.4949880544777123
datasets/synthetic_data/s2.csv,391,<timecave.validation_methods.CV.Block_CV object at 0x00000250F2A0EDE0>,2,ARMA,1.622049258842571,0.9349510138036579,1.2735969766148831
datasets/synthetic_data/s2.csv,391,<timecave.validation_methods.CV.Block_CV object at 0x00000250F2A0EDE0>,3,Tree,2.266301030932856,1.2343786698601382,1.5054238708526102
datasets/synthetic_data/s2.csv,391,<timecave.validation_methods.CV.Block_CV object at 0x00000250F2A0EDE0>,3,ARMA,1.5937679619957252,1.045244657151256,1.2624452312855894
datasets/synthetic_data/s2.csv,391,<timecave.validation_methods.CV.Block_CV object at 0x00000250F2A0EDE0>,4,Tree,1.6858671025598087,1.0639131323620497,1.2984094510437794
datasets/synthetic_data/s2.csv,391,<timecave.validation_methods.CV.Block_CV object at 0x00000250F2A0EDE0>,4,ARMA,1.4389319501967432,0.9961671965669827,1.1995548966999148
datasets/synthetic_data/s2.csv,391,<timecave.validation_methods.CV.AdaptedhvBlockCV object at 0x00000250F2A0FD40>,0,Tree,3.764864368750573,1.5754503460660492,1.9403258408706958
datasets/synthetic_data/s2.csv,391,<timecave.validation_methods.CV.AdaptedhvBlockCV object at 0x00000250F2A0FD40>,0,ARMA,1.4826794142289432,0.9530715866027626,1.2176532405528855
datasets/synthetic_data/s2.csv,391,<timecave.validation_methods.CV.AdaptedhvBlockCV object at 0x00000250F2A0FD40>,1,Tree,1.981197623930565,1.1696906389287511,1.4075502207490023
datasets/synthetic_data/s2.csv,391,<timecave.validation_methods.CV.AdaptedhvBlockCV object at 0x00000250F2A0FD40>,1,ARMA,0.9769671009113851,0.8378314439021228,0.9884164612709488
datasets/synthetic_data/s2.csv,391,<timecave.validation_methods.CV.AdaptedhvBlockCV object at 0x00000250F2A0FD40>,2,Tree,2.8534250875067753,1.3872075449194943,1.6892084203871278
datasets/synthetic_data/s2.csv,391,<timecave.validation_methods.CV.AdaptedhvBlockCV object at 0x00000250F2A0FD40>,2,ARMA,1.6009619763689147,0.9308709091720107,1.2652912614765481
datasets/synthetic_data/s2.csv,391,<timecave.validation_methods.CV.AdaptedhvBlockCV object at 0x00000250F2A0FD40>,3,Tree,2.188401329074145,1.2435107778313954,1.4793246192347862
datasets/synthetic_data/s2.csv,391,<timecave.validation_methods.CV.AdaptedhvBlockCV object at 0x00000250F2A0FD40>,3,ARMA,1.5926114052792015,1.043226856273846,1.261987086019188
datasets/synthetic_data/s2.csv,391,<timecave.validation_methods.CV.AdaptedhvBlockCV object at 0x00000250F2A0FD40>,4,Tree,1.678787725079498,1.0560463646459715,1.295680410085565
datasets/synthetic_data/s2.csv,391,<timecave.validation_methods.CV.AdaptedhvBlockCV object at 0x00000250F2A0FD40>,4,ARMA,1.4757206152352162,1.0164370813992982,1.2147924165202943
datasets/synthetic_data/s2.csv,391,<timecave.validation_methods.markov.MarkovCV object at 0x00000250F2A0D4C0>,0,Tree,3.4626752376723786,1.208542132931983,1.8608264931670493
datasets/synthetic_data/s2.csv,391,<timecave.validation_methods.markov.MarkovCV object at 0x00000250F2A0D4C0>,0,ARMA,1.3665801629648322,0.9321819867152941,1.1690081962778671
datasets/synthetic_data/s2.csv,391,<timecave.validation_methods.markov.MarkovCV object at 0x00000250F2A0D4C0>,1,Tree,3.7144486807423887,1.6529270744567266,1.9272905024262401
datasets/synthetic_data/s2.csv,391,<timecave.validation_methods.markov.MarkovCV object at 0x00000250F2A0D4C0>,1,ARMA,0.9062930432444581,0.7733311887967956,0.9519942453841085
datasets/synthetic_data/s2.csv,391,<timecave.validation_methods.markov.MarkovCV object at 0x00000250F2A0D4C0>,2,Tree,2.8258552816871827,1.2652515299287312,1.6810280430995739
datasets/synthetic_data/s2.csv,391,<timecave.validation_methods.markov.MarkovCV object at 0x00000250F2A0D4C0>,2,ARMA,1.3413298218320657,0.9631956254033739,1.1581579433877167
datasets/synthetic_data/s2.csv,391,<timecave.validation_methods.markov.MarkovCV object at 0x00000250F2A0D4C0>,3,Tree,2.0532094202394133,1.0669997575924657,1.4329024461698059
datasets/synthetic_data/s2.csv,391,<timecave.validation_methods.markov.MarkovCV object at 0x00000250F2A0D4C0>,3,ARMA,1.5864814427848504,1.0079571709325756,1.25955604987823
datasets/synthetic_data/s2.csv,391,<timecave.validation_methods.markov.MarkovCV object at 0x00000250F2A0D4C0>,4,Tree,3.3280409775829853,1.6983176908007835,1.8242919112858516
datasets/synthetic_data/s2.csv,391,<timecave.validation_methods.markov.MarkovCV object at 0x00000250F2A0D4C0>,4,ARMA,1.7514996882728502,1.038432785699424,1.3234423630339367
datasets/synthetic_data/s2.csv,391,<timecave.validation_methods.markov.MarkovCV object at 0x00000250F2A0D4C0>,5,Tree,7.095548512431097,2.3144918185995897,2.663747081168011
datasets/synthetic_data/s2.csv,391,<timecave.validation_methods.markov.MarkovCV object at 0x00000250F2A0D4C0>,5,ARMA,1.8295540908383707,1.1630609756839447,1.3526101030372244
datasets/synthetic_data/s2.csv,391,<timecave.validation_methods.markov.MarkovCV object at 0x00000250F2A0D4C0>,6,Tree,3.500564137906862,1.6997326890873516,1.8709794595096072
datasets/synthetic_data/s2.csv,391,<timecave.validation_methods.markov.MarkovCV object at 0x00000250F2A0D4C0>,6,ARMA,2.087582367820587,1.2382844596548879,1.4448468319585253
datasets/synthetic_data/s2.csv,391,<timecave.validation_methods.markov.MarkovCV object at 0x00000250F2A0D4C0>,7,Tree,3.450354844100687,1.6320246130487683,1.8575130804655688
datasets/synthetic_data/s2.csv,391,<timecave.validation_methods.markov.MarkovCV object at 0x00000250F2A0D4C0>,7,ARMA,2.5778195983391585,1.4468192414090033,1.605558967568354
datasets/synthetic_data/s2.csv,391,<timecave.validation_methods.markov.MarkovCV object at 0x00000250F2A0D4C0>,8,Tree,2.5513705989261632,1.3557555915317434,1.5973010357869812
datasets/synthetic_data/s2.csv,391,<timecave.validation_methods.markov.MarkovCV object at 0x00000250F2A0D4C0>,8,ARMA,1.3894265575958165,1.0008838782804512,1.178739393418162
datasets/synthetic_data/s2.csv,391,<timecave.validation_methods.markov.MarkovCV object at 0x00000250F2A0D4C0>,9,Tree,3.012988309598706,1.3241146306452867,1.7357961601520802
datasets/synthetic_data/s2.csv,391,<timecave.validation_methods.markov.MarkovCV object at 0x00000250F2A0D4C0>,9,ARMA,1.4873847830699383,0.9558477725076526,1.2195838565141548
datasets/synthetic_data/s2.csv,392,<timecave.validation_methods.OOS.Holdout object at 0x00000250F6BB2BA0>,0,Tree,1.5743997338819362,1.0458236163743961,1.25475086526447
datasets/synthetic_data/s2.csv,392,<timecave.validation_methods.OOS.Holdout object at 0x00000250F6BB2BA0>,0,ARMA,1.3585694093987584,0.8892812047628708,1.1655768569248268
datasets/synthetic_data/s2.csv,392,<timecave.validation_methods.OOS.Repeated_Holdout object at 0x00000250F6BB23F0>,0,Tree,1.2332493724892457,0.8829396194264711,1.1105176146686038
datasets/synthetic_data/s2.csv,392,<timecave.validation_methods.OOS.Repeated_Holdout object at 0x00000250F6BB23F0>,0,ARMA,1.1877252747059002,0.8532951897875528,1.0898280941074607
datasets/synthetic_data/s2.csv,392,<timecave.validation_methods.OOS.Repeated_Holdout object at 0x00000250F6BB23F0>,1,Tree,0.9432867649335329,0.7993798738468378,0.9712295119762028
datasets/synthetic_data/s2.csv,392,<timecave.validation_methods.OOS.Repeated_Holdout object at 0x00000250F6BB23F0>,1,ARMA,1.2730450925114094,0.8934111212812036,1.1282929994072504
datasets/synthetic_data/s2.csv,392,<timecave.validation_methods.OOS.Repeated_Holdout object at 0x00000250F6BB23F0>,2,Tree,1.8572279484758563,1.088231216954021,1.3628015073648312
datasets/synthetic_data/s2.csv,392,<timecave.validation_methods.OOS.Repeated_Holdout object at 0x00000250F6BB23F0>,2,ARMA,1.0313745463827626,0.764141458775492,1.015566121127897
datasets/synthetic_data/s2.csv,392,<timecave.validation_methods.OOS.Repeated_Holdout object at 0x00000250F6BB23F0>,3,Tree,1.594253811470866,1.058163404154583,1.2626376406043287
datasets/synthetic_data/s2.csv,392,<timecave.validation_methods.OOS.Repeated_Holdout object at 0x00000250F6BB23F0>,3,ARMA,1.3585694093987584,0.8892812047628708,1.1655768569248268
datasets/synthetic_data/s2.csv,392,<timecave.validation_methods.prequential.Growing_Window object at 0x00000250F29F7AD0>,0,Tree,1.7323269317593952,1.0862976278176724,1.3161789132786603
datasets/synthetic_data/s2.csv,392,<timecave.validation_methods.prequential.Growing_Window object at 0x00000250F29F7AD0>,0,ARMA,1.9829815670031938,1.168510629617522,1.408183783106166
datasets/synthetic_data/s2.csv,392,<timecave.validation_methods.prequential.Growing_Window object at 0x00000250F29F7AD0>,1,Tree,4.719995199078091,1.848713869295674,2.172554993338049
datasets/synthetic_data/s2.csv,392,<timecave.validation_methods.prequential.Growing_Window object at 0x00000250F29F7AD0>,1,ARMA,2.4717198437327803,1.3037123441781657,1.5721704245191679
datasets/synthetic_data/s2.csv,392,<timecave.validation_methods.prequential.Growing_Window object at 0x00000250F29F7AD0>,2,Tree,2.3011800710356116,1.2795348960098392,1.516964096818251
datasets/synthetic_data/s2.csv,392,<timecave.validation_methods.prequential.Growing_Window object at 0x00000250F29F7AD0>,2,ARMA,1.7505369309322014,0.9751508126925467,1.3230785807850574
datasets/synthetic_data/s2.csv,392,<timecave.validation_methods.prequential.Growing_Window object at 0x00000250F29F7AD0>,3,Tree,1.3230477477947855,0.9181086279918231,1.1502381265610984
datasets/synthetic_data/s2.csv,392,<timecave.validation_methods.prequential.Growing_Window object at 0x00000250F29F7AD0>,3,ARMA,1.3287237907335143,0.922691388460203,1.1527028197820608
datasets/synthetic_data/s2.csv,392,<timecave.validation_methods.prequential.Growing_Window object at 0x00000250F6BB04A0>,0,Tree,3.905363859813321,1.6132041992911146,1.976199347184722
datasets/synthetic_data/s2.csv,392,<timecave.validation_methods.prequential.Growing_Window object at 0x00000250F6BB04A0>,0,ARMA,2.0753392463002003,1.206685835423356,1.4406037783860628
datasets/synthetic_data/s2.csv,392,<timecave.validation_methods.prequential.Growing_Window object at 0x00000250F6BB04A0>,1,Tree,2.7203266348531265,1.338292703516245,1.6493412730096602
datasets/synthetic_data/s2.csv,392,<timecave.validation_methods.prequential.Growing_Window object at 0x00000250F6BB04A0>,1,ARMA,2.518016154531687,1.2161725421127687,1.586825811023909
datasets/synthetic_data/s2.csv,392,<timecave.validation_methods.prequential.Growing_Window object at 0x00000250F6BB04A0>,2,Tree,1.3064442749688057,0.9329095539166177,1.1429979330553515
datasets/synthetic_data/s2.csv,392,<timecave.validation_methods.prequential.Growing_Window object at 0x00000250F6BB04A0>,2,ARMA,1.2231589382988597,0.8765547489982417,1.1059651614308923
datasets/synthetic_data/s2.csv,392,<timecave.validation_methods.prequential.Rolling_Window object at 0x00000250F6BB3DA0>,0,Tree,1.6931191059412134,1.0619542387202123,1.3011991031126686
datasets/synthetic_data/s2.csv,392,<timecave.validation_methods.prequential.Rolling_Window object at 0x00000250F6BB3DA0>,0,ARMA,1.9829815670031938,1.168510629617522,1.408183783106166
datasets/synthetic_data/s2.csv,392,<timecave.validation_methods.prequential.Rolling_Window object at 0x00000250F6BB3DA0>,1,Tree,4.620304869440414,1.682199798780058,2.1494894439006704
datasets/synthetic_data/s2.csv,392,<timecave.validation_methods.prequential.Rolling_Window object at 0x00000250F6BB3DA0>,1,ARMA,3.1854287935442436,1.4883374401379257,1.7847769590467721
datasets/synthetic_data/s2.csv,392,<timecave.validation_methods.prequential.Rolling_Window object at 0x00000250F6BB3DA0>,2,Tree,1.4219640841738483,0.8813576517711196,1.1924613554215702
datasets/synthetic_data/s2.csv,392,<timecave.validation_methods.prequential.Rolling_Window object at 0x00000250F6BB3DA0>,2,ARMA,1.7761526705866635,0.990605050427486,1.3327237788028934
datasets/synthetic_data/s2.csv,392,<timecave.validation_methods.prequential.Rolling_Window object at 0x00000250F6BB3DA0>,3,Tree,1.81784142336228,1.0967716391920201,1.348273497240927
datasets/synthetic_data/s2.csv,392,<timecave.validation_methods.prequential.Rolling_Window object at 0x00000250F6BB3DA0>,3,ARMA,1.9452148820161175,1.156751158511253,1.3947096049056655
datasets/synthetic_data/s2.csv,392,<timecave.validation_methods.prequential.Rolling_Window object at 0x00000250F6BB1160>,0,Tree,3.961228372398849,1.63090215400476,1.9902834904603035
datasets/synthetic_data/s2.csv,392,<timecave.validation_methods.prequential.Rolling_Window object at 0x00000250F6BB1160>,0,ARMA,2.0753392463002003,1.206685835423356,1.4406037783860628
datasets/synthetic_data/s2.csv,392,<timecave.validation_methods.prequential.Rolling_Window object at 0x00000250F6BB1160>,1,Tree,3.620204084945677,1.4799017971137194,1.9026833906211713
datasets/synthetic_data/s2.csv,392,<timecave.validation_methods.prequential.Rolling_Window object at 0x00000250F6BB1160>,1,ARMA,3.1629858673734894,1.410210099055894,1.7784785259804206
datasets/synthetic_data/s2.csv,392,<timecave.validation_methods.prequential.Rolling_Window object at 0x00000250F6BB1160>,2,Tree,2.208137607204173,1.1872957145739549,1.4859803522268298
datasets/synthetic_data/s2.csv,392,<timecave.validation_methods.prequential.Rolling_Window object at 0x00000250F6BB1160>,2,ARMA,1.5294492015114476,0.9916836679673248,1.2367090205506903
datasets/synthetic_data/s2.csv,392,<timecave.validation_methods.CV.Block_CV object at 0x00000250F6BB3860>,0,Tree,2.3164321538151507,1.2067436768557624,1.5219829676494907
datasets/synthetic_data/s2.csv,392,<timecave.validation_methods.CV.Block_CV object at 0x00000250F6BB3860>,0,ARMA,1.3883756016594515,0.9218724346961404,1.1782935125254028
datasets/synthetic_data/s2.csv,392,<timecave.validation_methods.CV.Block_CV object at 0x00000250F6BB3860>,1,Tree,1.256264612996038,0.9332018076498161,1.1208321074077232
datasets/synthetic_data/s2.csv,392,<timecave.validation_methods.CV.Block_CV object at 0x00000250F6BB3860>,1,ARMA,1.7825825517240972,1.0892918234540576,1.3351339077875661
datasets/synthetic_data/s2.csv,392,<timecave.validation_methods.CV.Block_CV object at 0x00000250F6BB3860>,2,Tree,2.1344528742167377,1.12007158609156,1.4609766850353012
datasets/synthetic_data/s2.csv,392,<timecave.validation_methods.CV.Block_CV object at 0x00000250F6BB3860>,2,ARMA,2.0624269788062417,1.2235553298686577,1.4361152386929963
datasets/synthetic_data/s2.csv,392,<timecave.validation_methods.CV.Block_CV object at 0x00000250F6BB3860>,3,Tree,3.0496091514846815,1.4134696579561075,1.746313016467747
datasets/synthetic_data/s2.csv,392,<timecave.validation_methods.CV.Block_CV object at 0x00000250F6BB3860>,3,ARMA,1.944454288686321,1.0526368404046147,1.3944369073881833
datasets/synthetic_data/s2.csv,392,<timecave.validation_methods.CV.Block_CV object at 0x00000250F6BB3860>,4,Tree,1.8059001136405,1.0745802369612665,1.343837830112138
datasets/synthetic_data/s2.csv,392,<timecave.validation_methods.CV.Block_CV object at 0x00000250F6BB3860>,4,ARMA,1.3287237907335143,0.922691388460203,1.1527028197820608
datasets/synthetic_data/s2.csv,392,<timecave.validation_methods.CV.AdaptedhvBlockCV object at 0x00000250F29B1640>,0,Tree,1.9343618087316092,1.0668686364114646,1.3908133622925865
datasets/synthetic_data/s2.csv,392,<timecave.validation_methods.CV.AdaptedhvBlockCV object at 0x00000250F29B1640>,0,ARMA,1.3761031208103776,0.9177832171302103,1.1730742179463232
datasets/synthetic_data/s2.csv,392,<timecave.validation_methods.CV.AdaptedhvBlockCV object at 0x00000250F29B1640>,1,Tree,1.201059590508696,0.8610027231553671,1.0959286429821498
datasets/synthetic_data/s2.csv,392,<timecave.validation_methods.CV.AdaptedhvBlockCV object at 0x00000250F29B1640>,1,ARMA,1.7806322860224513,1.0902969776110303,1.3344033445785615
datasets/synthetic_data/s2.csv,392,<timecave.validation_methods.CV.AdaptedhvBlockCV object at 0x00000250F29B1640>,2,Tree,2.2476963297765,1.2002568668092222,1.4992319132730934
datasets/synthetic_data/s2.csv,392,<timecave.validation_methods.CV.AdaptedhvBlockCV object at 0x00000250F29B1640>,2,ARMA,2.042026995934437,1.2115270483754967,1.428995100038638
datasets/synthetic_data/s2.csv,392,<timecave.validation_methods.CV.AdaptedhvBlockCV object at 0x00000250F29B1640>,3,Tree,3.079576606225555,1.4869999701613028,1.7548722478361651
datasets/synthetic_data/s2.csv,392,<timecave.validation_methods.CV.AdaptedhvBlockCV object at 0x00000250F29B1640>,3,ARMA,1.9690202460476187,1.0575128482397909,1.4032178184614172
datasets/synthetic_data/s2.csv,392,<timecave.validation_methods.CV.AdaptedhvBlockCV object at 0x00000250F29B1640>,4,Tree,1.078865986453466,0.8784632388080392,1.038684738721748
datasets/synthetic_data/s2.csv,392,<timecave.validation_methods.CV.AdaptedhvBlockCV object at 0x00000250F29B1640>,4,ARMA,1.341213666427079,0.9257649550556252,1.1581077956853063
datasets/synthetic_data/s2.csv,392,<timecave.validation_methods.markov.MarkovCV object at 0x00000250F6BB0AD0>,0,Tree,3.155114287001249,1.5249433970019552,1.7762641377343769
datasets/synthetic_data/s2.csv,392,<timecave.validation_methods.markov.MarkovCV object at 0x00000250F6BB0AD0>,0,ARMA,1.6067435086999553,0.9729694256507934,1.267573867157238
datasets/synthetic_data/s2.csv,392,<timecave.validation_methods.markov.MarkovCV object at 0x00000250F6BB0AD0>,1,Tree,3.0866881006254965,1.5628032550038742,1.7568972937043008
datasets/synthetic_data/s2.csv,392,<timecave.validation_methods.markov.MarkovCV object at 0x00000250F6BB0AD0>,1,ARMA,1.9026761152463665,1.2082792007537149,1.379375262662908
datasets/synthetic_data/s2.csv,392,<timecave.validation_methods.markov.MarkovCV object at 0x00000250F6BB0AD0>,2,Tree,2.2002208968847605,1.2250227282022859,1.483314159874691
datasets/synthetic_data/s2.csv,392,<timecave.validation_methods.markov.MarkovCV object at 0x00000250F6BB0AD0>,2,ARMA,1.624831530670609,1.1607759735831062,1.2746887975779064
datasets/synthetic_data/s2.csv,392,<timecave.validation_methods.markov.MarkovCV object at 0x00000250F6BB0AD0>,3,Tree,3.0100894659491577,1.377769733596726,1.7349609407560613
datasets/synthetic_data/s2.csv,392,<timecave.validation_methods.markov.MarkovCV object at 0x00000250F6BB0AD0>,3,ARMA,3.661184860732627,1.5096191105846843,1.9134222902257167
datasets/synthetic_data/s2.csv,392,<timecave.validation_methods.markov.MarkovCV object at 0x00000250F6BB0AD0>,4,Tree,2.133812477788063,1.105414814436849,1.4607575013629275
datasets/synthetic_data/s2.csv,392,<timecave.validation_methods.markov.MarkovCV object at 0x00000250F6BB0AD0>,4,ARMA,2.199411470756826,1.2524999089256457,1.4830412909817534
datasets/synthetic_data/s2.csv,392,<timecave.validation_methods.markov.MarkovCV object at 0x00000250F6BB0AD0>,5,Tree,3.3100317035170264,1.584332725654434,1.8193492527596307
datasets/synthetic_data/s2.csv,392,<timecave.validation_methods.markov.MarkovCV object at 0x00000250F6BB0AD0>,5,ARMA,0.746785780824045,0.6995413737720184,0.8641676809647796
datasets/synthetic_data/s2.csv,392,<timecave.validation_methods.markov.MarkovCV object at 0x00000250F6BB0AD0>,6,Tree,2.3064250758287703,1.2172941702451494,1.5186918962807336
datasets/synthetic_data/s2.csv,392,<timecave.validation_methods.markov.MarkovCV object at 0x00000250F6BB0AD0>,6,ARMA,1.157398816177245,0.8640973903214859,1.0758247144294675
datasets/synthetic_data/s2.csv,392,<timecave.validation_methods.markov.MarkovCV object at 0x00000250F6BB0AD0>,7,Tree,3.166556153933548,1.2504130545253633,1.7794819903369485
datasets/synthetic_data/s2.csv,392,<timecave.validation_methods.markov.MarkovCV object at 0x00000250F6BB0AD0>,7,ARMA,1.5143793390136757,0.9382315299278512,1.2306012103901391
datasets/synthetic_data/s2.csv,392,<timecave.validation_methods.markov.MarkovCV object at 0x00000250F6BB0AD0>,8,Tree,1.4251294396160086,1.046180018937453,1.1937878536892594
datasets/synthetic_data/s2.csv,392,<timecave.validation_methods.markov.MarkovCV object at 0x00000250F6BB0AD0>,8,ARMA,3.598924204833221,1.4669134292203188,1.8970830779998067
datasets/synthetic_data/s2.csv,392,<timecave.validation_methods.markov.MarkovCV object at 0x00000250F6BB0AD0>,9,Tree,6.103033513094831,2.098794793165171,2.4704318474904
datasets/synthetic_data/s2.csv,392,<timecave.validation_methods.markov.MarkovCV object at 0x00000250F6BB0AD0>,9,ARMA,1.4354582716658735,0.8561489280934479,1.1981061186997892
datasets/synthetic_data/s2.csv,393,<timecave.validation_methods.OOS.Holdout object at 0x00000250F252A600>,0,Tree,2.0564060426425645,1.214374568639005,1.4340174485139867
datasets/synthetic_data/s2.csv,393,<timecave.validation_methods.OOS.Holdout object at 0x00000250F252A600>,0,ARMA,1.3998941330652819,0.8983166879493781,1.1831712188289918
datasets/synthetic_data/s2.csv,393,<timecave.validation_methods.OOS.Repeated_Holdout object at 0x00000250F29F6840>,0,Tree,2.4571660601324234,1.2832260043634087,1.5675350267641306
datasets/synthetic_data/s2.csv,393,<timecave.validation_methods.OOS.Repeated_Holdout object at 0x00000250F29F6840>,0,ARMA,1.6474195651655001,0.9929781547076476,1.2835184319539397
datasets/synthetic_data/s2.csv,393,<timecave.validation_methods.OOS.Repeated_Holdout object at 0x00000250F29F6840>,1,Tree,2.11563437077445,1.1710407536993535,1.4545220420380194
datasets/synthetic_data/s2.csv,393,<timecave.validation_methods.OOS.Repeated_Holdout object at 0x00000250F29F6840>,1,ARMA,1.4530106649747465,0.9211339362136288,1.2054089202319462
datasets/synthetic_data/s2.csv,393,<timecave.validation_methods.OOS.Repeated_Holdout object at 0x00000250F29F6840>,2,Tree,2.196502847452934,1.2529986597773564,1.4820603386680766
datasets/synthetic_data/s2.csv,393,<timecave.validation_methods.OOS.Repeated_Holdout object at 0x00000250F29F6840>,2,ARMA,1.4327944937254178,0.903502840856077,1.196993940555013
datasets/synthetic_data/s2.csv,393,<timecave.validation_methods.OOS.Repeated_Holdout object at 0x00000250F29F6840>,3,Tree,2.0184388391878407,1.1654442521931938,1.4207177197416243
datasets/synthetic_data/s2.csv,393,<timecave.validation_methods.OOS.Repeated_Holdout object at 0x00000250F29F6840>,3,ARMA,1.3998941330652819,0.8983166879493781,1.1831712188289918
datasets/synthetic_data/s2.csv,393,<timecave.validation_methods.prequential.Growing_Window object at 0x00000250F29F4170>,0,Tree,1.8780648424673956,1.114780676759607,1.3704250590482485
datasets/synthetic_data/s2.csv,393,<timecave.validation_methods.prequential.Growing_Window object at 0x00000250F29F4170>,0,ARMA,1.3105030072601482,0.8755959281282086,1.144772032878227
datasets/synthetic_data/s2.csv,393,<timecave.validation_methods.prequential.Growing_Window object at 0x00000250F29F4170>,1,Tree,3.348367062203178,1.358053908142953,1.8298543827865588
datasets/synthetic_data/s2.csv,393,<timecave.validation_methods.prequential.Growing_Window object at 0x00000250F29F4170>,1,ARMA,2.0464613734105694,1.1101585941668457,1.4305458305872516
datasets/synthetic_data/s2.csv,393,<timecave.validation_methods.prequential.Growing_Window object at 0x00000250F29F4170>,2,Tree,2.1411200048730126,1.1949375413545937,1.4632566435430978
datasets/synthetic_data/s2.csv,393,<timecave.validation_methods.prequential.Growing_Window object at 0x00000250F29F4170>,2,ARMA,1.6027757157621354,1.0674561443920894,1.2660077866119683
datasets/synthetic_data/s2.csv,393,<timecave.validation_methods.prequential.Growing_Window object at 0x00000250F29F4170>,3,Tree,1.5904452988481763,0.986127481341168,1.2611285814095945
datasets/synthetic_data/s2.csv,393,<timecave.validation_methods.prequential.Growing_Window object at 0x00000250F29F4170>,3,ARMA,1.3909147838510818,0.879372582964586,1.1793705032139314
datasets/synthetic_data/s2.csv,393,<timecave.validation_methods.prequential.Growing_Window object at 0x00000250F29F6B40>,0,Tree,2.3170028193661056,1.0973396267508213,1.5221704304597778
datasets/synthetic_data/s2.csv,393,<timecave.validation_methods.prequential.Growing_Window object at 0x00000250F29F6B40>,0,ARMA,2.081846454603162,1.1402158596029395,1.4428605111386068
datasets/synthetic_data/s2.csv,393,<timecave.validation_methods.prequential.Growing_Window object at 0x00000250F29F6B40>,1,Tree,1.7465063964221978,1.0904885696925026,1.3215545378160516
datasets/synthetic_data/s2.csv,393,<timecave.validation_methods.prequential.Growing_Window object at 0x00000250F29F6B40>,1,ARMA,1.5535143193440213,1.0429441905901777,1.2464005453079765
datasets/synthetic_data/s2.csv,393,<timecave.validation_methods.prequential.Growing_Window object at 0x00000250F29F6B40>,2,Tree,1.7356212953783772,0.9916198542287673,1.3174298066228718
datasets/synthetic_data/s2.csv,393,<timecave.validation_methods.prequential.Growing_Window object at 0x00000250F29F6B40>,2,ARMA,1.4456481863469242,0.9050288608324955,1.2023511077663314
datasets/synthetic_data/s2.csv,393,<timecave.validation_methods.prequential.Rolling_Window object at 0x00000250F2A0DDC0>,0,Tree,2.6104320186551027,1.2650370789575314,1.6156831430249876
datasets/synthetic_data/s2.csv,393,<timecave.validation_methods.prequential.Rolling_Window object at 0x00000250F2A0DDC0>,0,ARMA,1.3105030072601482,0.8755959281282086,1.144772032878227
datasets/synthetic_data/s2.csv,393,<timecave.validation_methods.prequential.Rolling_Window object at 0x00000250F2A0DDC0>,1,Tree,4.720873972692392,1.7591247994588795,2.1727572281993197
datasets/synthetic_data/s2.csv,393,<timecave.validation_methods.prequential.Rolling_Window object at 0x00000250F2A0DDC0>,1,ARMA,2.0612407245720954,1.1105211987341759,1.4357021712639761
datasets/synthetic_data/s2.csv,393,<timecave.validation_methods.prequential.Rolling_Window object at 0x00000250F2A0DDC0>,2,Tree,2.231782235132971,1.2190068493263853,1.4939150695849381
datasets/synthetic_data/s2.csv,393,<timecave.validation_methods.prequential.Rolling_Window object at 0x00000250F2A0DDC0>,2,ARMA,1.6316982416840482,1.086593141716249,1.2773794431115792
datasets/synthetic_data/s2.csv,393,<timecave.validation_methods.prequential.Rolling_Window object at 0x00000250F2A0DDC0>,3,Tree,2.2061748842848505,1.1554874956786347,1.485319791925244
datasets/synthetic_data/s2.csv,393,<timecave.validation_methods.prequential.Rolling_Window object at 0x00000250F2A0DDC0>,3,ARMA,1.3893397343874538,0.8717152792725732,1.178702564003088
datasets/synthetic_data/s2.csv,393,<timecave.validation_methods.prequential.Rolling_Window object at 0x00000250F2A0C9E0>,0,Tree,2.3409752747445705,1.146046910497895,1.5300245993919739
datasets/synthetic_data/s2.csv,393,<timecave.validation_methods.prequential.Rolling_Window object at 0x00000250F2A0C9E0>,0,ARMA,2.081846454603162,1.1402158596029395,1.4428605111386068
datasets/synthetic_data/s2.csv,393,<timecave.validation_methods.prequential.Rolling_Window object at 0x00000250F2A0C9E0>,1,Tree,2.8073496722016125,1.368923872014078,1.6755147484285575
datasets/synthetic_data/s2.csv,393,<timecave.validation_methods.prequential.Rolling_Window object at 0x00000250F2A0C9E0>,1,ARMA,1.5909616839115632,1.0520840889349032,1.2613332961242096
datasets/synthetic_data/s2.csv,393,<timecave.validation_methods.prequential.Rolling_Window object at 0x00000250F2A0C9E0>,2,Tree,3.400442658466526,1.6180593722844132,1.8440289201817108
datasets/synthetic_data/s2.csv,393,<timecave.validation_methods.prequential.Rolling_Window object at 0x00000250F2A0C9E0>,2,ARMA,1.468196407092289,0.916348389148141,1.211691547833973
datasets/synthetic_data/s2.csv,393,<timecave.validation_methods.CV.Block_CV object at 0x00000250F6C41400>,0,Tree,2.1069709138497803,1.1379865159418698,1.451540875707529
datasets/synthetic_data/s2.csv,393,<timecave.validation_methods.CV.Block_CV object at 0x00000250F6C41400>,0,ARMA,0.720473368830434,0.6700761218353131,0.848807026850293
datasets/synthetic_data/s2.csv,393,<timecave.validation_methods.CV.Block_CV object at 0x00000250F6C41400>,1,Tree,2.410463332458576,1.2805109216201214,1.5525666917909118
datasets/synthetic_data/s2.csv,393,<timecave.validation_methods.CV.Block_CV object at 0x00000250F6C41400>,1,ARMA,1.2668459744641012,0.8689801867883176,1.1255425245027846
datasets/synthetic_data/s2.csv,393,<timecave.validation_methods.CV.Block_CV object at 0x00000250F6C41400>,2,Tree,2.943300433554658,1.3894515095357969,1.7156049759646474
datasets/synthetic_data/s2.csv,393,<timecave.validation_methods.CV.Block_CV object at 0x00000250F6C41400>,2,ARMA,2.0629551422722328,1.1415495846085841,1.4362991130931722
datasets/synthetic_data/s2.csv,393,<timecave.validation_methods.CV.Block_CV object at 0x00000250F6C41400>,3,Tree,2.6094676481077412,1.29847478739429,1.6153846749637504
datasets/synthetic_data/s2.csv,393,<timecave.validation_methods.CV.Block_CV object at 0x00000250F6C41400>,3,ARMA,1.6695298473939566,1.087790967963619,1.2921028780224726
datasets/synthetic_data/s2.csv,393,<timecave.validation_methods.CV.Block_CV object at 0x00000250F6C41400>,4,Tree,1.6357265020183906,0.9928719564601782,1.2789552384733371
datasets/synthetic_data/s2.csv,393,<timecave.validation_methods.CV.Block_CV object at 0x00000250F6C41400>,4,ARMA,1.3909147838510818,0.879372582964586,1.1793705032139314
datasets/synthetic_data/s2.csv,393,<timecave.validation_methods.CV.AdaptedhvBlockCV object at 0x00000250F2622030>,0,Tree,1.4150965109425024,0.898333658792505,1.1895782912202553
datasets/synthetic_data/s2.csv,393,<timecave.validation_methods.CV.AdaptedhvBlockCV object at 0x00000250F2622030>,0,ARMA,0.7193506936880735,0.6703510990601069,0.848145443711203
datasets/synthetic_data/s2.csv,393,<timecave.validation_methods.CV.AdaptedhvBlockCV object at 0x00000250F2622030>,1,Tree,2.710256572920294,1.4161987435315115,1.6462856899457925
datasets/synthetic_data/s2.csv,393,<timecave.validation_methods.CV.AdaptedhvBlockCV object at 0x00000250F2622030>,1,ARMA,1.2659855505608608,0.8684215553697063,1.125160233282736
datasets/synthetic_data/s2.csv,393,<timecave.validation_methods.CV.AdaptedhvBlockCV object at 0x00000250F2622030>,2,Tree,2.492346254396008,1.1976411997878,1.578716647912477
datasets/synthetic_data/s2.csv,393,<timecave.validation_methods.CV.AdaptedhvBlockCV object at 0x00000250F2622030>,2,ARMA,2.0422872211234897,1.1359050323126794,1.4290861489509614
datasets/synthetic_data/s2.csv,393,<timecave.validation_methods.CV.AdaptedhvBlockCV object at 0x00000250F2622030>,3,Tree,2.40695427075684,1.2573350289594258,1.5514361961604608
datasets/synthetic_data/s2.csv,393,<timecave.validation_methods.CV.AdaptedhvBlockCV object at 0x00000250F2622030>,3,ARMA,1.6646413479981979,1.082807741547847,1.290209807743763
datasets/synthetic_data/s2.csv,393,<timecave.validation_methods.CV.AdaptedhvBlockCV object at 0x00000250F2622030>,4,Tree,2.144650728015214,1.1980470148626903,1.4644626072437676
datasets/synthetic_data/s2.csv,393,<timecave.validation_methods.CV.AdaptedhvBlockCV object at 0x00000250F2622030>,4,ARMA,1.4502540166946738,0.9016315552883943,1.2042649279517668
datasets/synthetic_data/s2.csv,393,<timecave.validation_methods.markov.MarkovCV object at 0x00000250F26239B0>,0,Tree,1.5335416556270514,1.1032530192111214,1.2383624895914165
datasets/synthetic_data/s2.csv,393,<timecave.validation_methods.markov.MarkovCV object at 0x00000250F26239B0>,0,ARMA,1.6790567305391528,0.9323808276702277,1.2957842144968246
datasets/synthetic_data/s2.csv,393,<timecave.validation_methods.markov.MarkovCV object at 0x00000250F26239B0>,1,Tree,4.022773411500416,1.7061136794223088,2.0056852722948375
datasets/synthetic_data/s2.csv,393,<timecave.validation_methods.markov.MarkovCV object at 0x00000250F26239B0>,1,ARMA,1.707613132469118,1.1363994106311686,1.3067567227564272
datasets/synthetic_data/s2.csv,393,<timecave.validation_methods.markov.MarkovCV object at 0x00000250F26239B0>,2,Tree,3.118463523253533,1.3661904099732676,1.7659171903726214
datasets/synthetic_data/s2.csv,393,<timecave.validation_methods.markov.MarkovCV object at 0x00000250F26239B0>,2,ARMA,1.219158107927951,0.8560078085094648,1.1041549293137947
datasets/synthetic_data/s2.csv,393,<timecave.validation_methods.markov.MarkovCV object at 0x00000250F26239B0>,3,Tree,3.1022513105452454,1.4485210924360632,1.7613208993665082
datasets/synthetic_data/s2.csv,393,<timecave.validation_methods.markov.MarkovCV object at 0x00000250F26239B0>,3,ARMA,1.0090344752056575,0.7129902716922476,1.004507080714545
datasets/synthetic_data/s2.csv,393,<timecave.validation_methods.markov.MarkovCV object at 0x00000250F26239B0>,4,Tree,3.886641980715863,1.7113641782320854,1.9714568168529238
datasets/synthetic_data/s2.csv,393,<timecave.validation_methods.markov.MarkovCV object at 0x00000250F26239B0>,4,ARMA,0.9451479943531154,0.8619812474494513,0.9721872218627003
datasets/synthetic_data/s2.csv,393,<timecave.validation_methods.markov.MarkovCV object at 0x00000250F26239B0>,5,Tree,2.4873146931176193,1.1827043151433683,1.5771222822335684
datasets/synthetic_data/s2.csv,393,<timecave.validation_methods.markov.MarkovCV object at 0x00000250F26239B0>,5,ARMA,1.3187879886595362,0.9225637344823638,1.1483849479419068
datasets/synthetic_data/s2.csv,393,<timecave.validation_methods.markov.MarkovCV object at 0x00000250F26239B0>,6,Tree,0.9947516795549952,0.8298042419679348,0.9973723876040459
datasets/synthetic_data/s2.csv,393,<timecave.validation_methods.markov.MarkovCV object at 0x00000250F26239B0>,6,ARMA,1.8843406682260275,1.1534160915921796,1.372712886304353
datasets/synthetic_data/s2.csv,393,<timecave.validation_methods.markov.MarkovCV object at 0x00000250F26239B0>,7,Tree,2.5317839179542436,1.227717292845301,1.5911580430473409
datasets/synthetic_data/s2.csv,393,<timecave.validation_methods.markov.MarkovCV object at 0x00000250F26239B0>,7,ARMA,2.0355362369220265,1.0957644349831157,1.4267222003326459
datasets/synthetic_data/s2.csv,393,<timecave.validation_methods.markov.MarkovCV object at 0x00000250F26239B0>,8,Tree,6.587789794212899,2.256675960862206,2.5666690075295837
datasets/synthetic_data/s2.csv,393,<timecave.validation_methods.markov.MarkovCV object at 0x00000250F26239B0>,8,ARMA,4.4389003830437295,1.8003541997700072,2.1068698068565435
datasets/synthetic_data/s2.csv,393,<timecave.validation_methods.markov.MarkovCV object at 0x00000250F26239B0>,9,Tree,3.1726811284549417,1.436271181817067,1.7812021582220647
datasets/synthetic_data/s2.csv,393,<timecave.validation_methods.markov.MarkovCV object at 0x00000250F26239B0>,9,ARMA,3.728017238442113,1.5472478594751236,1.9308074058388405
datasets/synthetic_data/s2.csv,394,<timecave.validation_methods.OOS.Holdout object at 0x00000250F6BB3470>,0,Tree,1.6004485842714535,0.9869391027049385,1.2650883701431508
datasets/synthetic_data/s2.csv,394,<timecave.validation_methods.OOS.Holdout object at 0x00000250F6BB3470>,0,ARMA,1.3775680873055982,0.9326980488848523,1.1736984652395173
datasets/synthetic_data/s2.csv,394,<timecave.validation_methods.OOS.Repeated_Holdout object at 0x00000250F6BB0230>,0,Tree,3.125286516641235,1.3938605245240137,1.767847990252905
datasets/synthetic_data/s2.csv,394,<timecave.validation_methods.OOS.Repeated_Holdout object at 0x00000250F6BB0230>,0,ARMA,1.6256575524980146,1.0491810700143527,1.2750127656215895
datasets/synthetic_data/s2.csv,394,<timecave.validation_methods.OOS.Repeated_Holdout object at 0x00000250F6BB0230>,1,Tree,3.262407237678899,1.4423980541136572,1.8062135083314206
datasets/synthetic_data/s2.csv,394,<timecave.validation_methods.OOS.Repeated_Holdout object at 0x00000250F6BB0230>,1,ARMA,1.7042797772948812,1.082131026246626,1.3054806690621203
datasets/synthetic_data/s2.csv,394,<timecave.validation_methods.OOS.Repeated_Holdout object at 0x00000250F6BB0230>,2,Tree,2.941330528096789,1.3448019050635451,1.7150307659330164
datasets/synthetic_data/s2.csv,394,<timecave.validation_methods.OOS.Repeated_Holdout object at 0x00000250F6BB0230>,2,ARMA,1.4470284811941043,0.9573361929807206,1.2029249690625365
datasets/synthetic_data/s2.csv,394,<timecave.validation_methods.OOS.Repeated_Holdout object at 0x00000250F6BB0230>,3,Tree,1.7597329004027313,1.0381002457641766,1.3265492453741516
datasets/synthetic_data/s2.csv,394,<timecave.validation_methods.OOS.Repeated_Holdout object at 0x00000250F6BB0230>,3,ARMA,1.3775680873055982,0.9326980488848523,1.1736984652395173
datasets/synthetic_data/s2.csv,394,<timecave.validation_methods.prequential.Growing_Window object at 0x00000250F6BB1A60>,0,Tree,2.1307840165855625,1.2033029655148448,1.4597205268768274
datasets/synthetic_data/s2.csv,394,<timecave.validation_methods.prequential.Growing_Window object at 0x00000250F6BB1A60>,0,ARMA,1.2821369726302436,0.8776991690149761,1.1323148734474187
datasets/synthetic_data/s2.csv,394,<timecave.validation_methods.prequential.Growing_Window object at 0x00000250F6BB1A60>,1,Tree,3.2184775485808848,1.49886981471836,1.794011579834669
datasets/synthetic_data/s2.csv,394,<timecave.validation_methods.prequential.Growing_Window object at 0x00000250F6BB1A60>,1,ARMA,2.5381573776274586,1.2690967956198245,1.5931595581194806
datasets/synthetic_data/s2.csv,394,<timecave.validation_methods.prequential.Growing_Window object at 0x00000250F6BB1A60>,2,Tree,2.9381276390030986,1.4469896379590137,1.7140967414364623
datasets/synthetic_data/s2.csv,394,<timecave.validation_methods.prequential.Growing_Window object at 0x00000250F6BB1A60>,2,ARMA,1.140536673159079,0.8098822602314875,1.0679591158649655
datasets/synthetic_data/s2.csv,394,<timecave.validation_methods.prequential.Growing_Window object at 0x00000250F6BB1A60>,3,Tree,3.500126627563166,1.4584213996978814,1.8708625357206676
datasets/synthetic_data/s2.csv,394,<timecave.validation_methods.prequential.Growing_Window object at 0x00000250F6BB1A60>,3,ARMA,1.701364038090911,1.0673680363960578,1.3043634608846228
datasets/synthetic_data/s2.csv,394,<timecave.validation_methods.prequential.Growing_Window object at 0x00000250F6A36AE0>,0,Tree,3.9906365168731774,1.6238760778740557,1.9976577576935388
datasets/synthetic_data/s2.csv,394,<timecave.validation_methods.prequential.Growing_Window object at 0x00000250F6A36AE0>,0,ARMA,2.4559121394245085,1.2734103667320311,1.5671350099543142
datasets/synthetic_data/s2.csv,394,<timecave.validation_methods.prequential.Growing_Window object at 0x00000250F6A36AE0>,1,Tree,2.12089965861818,1.1265706130893143,1.456330889124508
datasets/synthetic_data/s2.csv,394,<timecave.validation_methods.prequential.Growing_Window object at 0x00000250F6A36AE0>,1,ARMA,1.4723014936762482,0.897389435826873,1.2133843140885943
datasets/synthetic_data/s2.csv,394,<timecave.validation_methods.prequential.Growing_Window object at 0x00000250F6A36AE0>,2,Tree,3.410116387771407,1.3814996772146317,1.8466500447489793
datasets/synthetic_data/s2.csv,394,<timecave.validation_methods.prequential.Growing_Window object at 0x00000250F6A36AE0>,2,ARMA,1.7126120651117538,1.0694379145409552,1.3086680500080048
datasets/synthetic_data/s2.csv,394,<timecave.validation_methods.prequential.Rolling_Window object at 0x00000250F22A0260>,0,Tree,1.6619111078527748,1.068118396722591,1.2891513130167362
datasets/synthetic_data/s2.csv,394,<timecave.validation_methods.prequential.Rolling_Window object at 0x00000250F22A0260>,0,ARMA,1.2821369726302436,0.8776991690149761,1.1323148734474187
datasets/synthetic_data/s2.csv,394,<timecave.validation_methods.prequential.Rolling_Window object at 0x00000250F22A0260>,1,Tree,2.57957900168176,1.3530082305660267,1.6061067840220835
datasets/synthetic_data/s2.csv,394,<timecave.validation_methods.prequential.Rolling_Window object at 0x00000250F22A0260>,1,ARMA,2.533696010787543,1.2325899956514472,1.5917587790829184
datasets/synthetic_data/s2.csv,394,<timecave.validation_methods.prequential.Rolling_Window object at 0x00000250F22A0260>,2,Tree,1.511607132875587,1.0307417355018023,1.2294743319303527
datasets/synthetic_data/s2.csv,394,<timecave.validation_methods.prequential.Rolling_Window object at 0x00000250F22A0260>,2,ARMA,1.3495476730201,0.8365821326358425,1.1617003370147139
datasets/synthetic_data/s2.csv,394,<timecave.validation_methods.prequential.Rolling_Window object at 0x00000250F22A0260>,3,Tree,2.3048878602420384,1.2968356573986073,1.5181857133572423
datasets/synthetic_data/s2.csv,394,<timecave.validation_methods.prequential.Rolling_Window object at 0x00000250F22A0260>,3,ARMA,1.7149425780339629,1.0835104939708076,1.3095581613788534
datasets/synthetic_data/s2.csv,394,<timecave.validation_methods.prequential.Rolling_Window object at 0x00000250F6A478F0>,0,Tree,3.659638912129236,1.52932601884252,1.913018272816346
datasets/synthetic_data/s2.csv,394,<timecave.validation_methods.prequential.Rolling_Window object at 0x00000250F6A478F0>,0,ARMA,2.4559121394245085,1.2734103667320311,1.5671350099543142
datasets/synthetic_data/s2.csv,394,<timecave.validation_methods.prequential.Rolling_Window object at 0x00000250F6A478F0>,1,Tree,1.0382604366511539,0.8303191411271704,1.0189506546693778
datasets/synthetic_data/s2.csv,394,<timecave.validation_methods.prequential.Rolling_Window object at 0x00000250F6A478F0>,1,ARMA,1.6323738443432294,0.9432138582603466,1.2776438644408032
datasets/synthetic_data/s2.csv,394,<timecave.validation_methods.prequential.Rolling_Window object at 0x00000250F6A478F0>,2,Tree,4.9658990750057,1.7273337918847407,2.2284297330195764
datasets/synthetic_data/s2.csv,394,<timecave.validation_methods.prequential.Rolling_Window object at 0x00000250F6A478F0>,2,ARMA,1.8047701820823268,1.0977087026320744,1.3434173521591593
datasets/synthetic_data/s2.csv,394,<timecave.validation_methods.CV.Block_CV object at 0x00000250F6A45880>,0,Tree,2.0124702199785474,1.1986148283733715,1.4186155997938792
datasets/synthetic_data/s2.csv,394,<timecave.validation_methods.CV.Block_CV object at 0x00000250F6A45880>,0,ARMA,1.6875263379926633,1.0727209690247708,1.2990482431352053
datasets/synthetic_data/s2.csv,394,<timecave.validation_methods.CV.Block_CV object at 0x00000250F6A45880>,1,Tree,2.2851649598019477,1.13945419020278,1.5116762086511608
datasets/synthetic_data/s2.csv,394,<timecave.validation_methods.CV.Block_CV object at 0x00000250F6A45880>,1,ARMA,1.3020673953259947,0.896005417201119,1.1410816777628123
datasets/synthetic_data/s2.csv,394,<timecave.validation_methods.CV.Block_CV object at 0x00000250F6A45880>,2,Tree,1.9038046375558504,1.0955514156705428,1.3797842721077271
datasets/synthetic_data/s2.csv,394,<timecave.validation_methods.CV.Block_CV object at 0x00000250F6A45880>,2,ARMA,2.6422324004135325,1.3518118259950032,1.6254945094996576
datasets/synthetic_data/s2.csv,394,<timecave.validation_methods.CV.Block_CV object at 0x00000250F6A45880>,3,Tree,2.1254869972037165,1.2720260111164792,1.4579050028049552
datasets/synthetic_data/s2.csv,394,<timecave.validation_methods.CV.Block_CV object at 0x00000250F6A45880>,3,ARMA,1.213589347577934,0.8418447270697007,1.1016303134799506
datasets/synthetic_data/s2.csv,394,<timecave.validation_methods.CV.Block_CV object at 0x00000250F6A45880>,4,Tree,3.488862639240305,1.5172465042572003,1.8678497367937028
datasets/synthetic_data/s2.csv,394,<timecave.validation_methods.CV.Block_CV object at 0x00000250F6A45880>,4,ARMA,1.701364038090911,1.0673680363960578,1.3043634608846228
datasets/synthetic_data/s2.csv,394,<timecave.validation_methods.CV.AdaptedhvBlockCV object at 0x00000250F2623A10>,0,Tree,1.9727444763488597,1.1671049237040831,1.4045442237070571
datasets/synthetic_data/s2.csv,394,<timecave.validation_methods.CV.AdaptedhvBlockCV object at 0x00000250F2623A10>,0,ARMA,1.6880308234881918,1.0733431152391828,1.2992424036676882
datasets/synthetic_data/s2.csv,394,<timecave.validation_methods.CV.AdaptedhvBlockCV object at 0x00000250F2623A10>,1,Tree,1.6126578727041574,1.076819610395616,1.2699046707151516
datasets/synthetic_data/s2.csv,394,<timecave.validation_methods.CV.AdaptedhvBlockCV object at 0x00000250F2623A10>,1,ARMA,1.2704950845951601,0.8863742936915631,1.1271624038243824
datasets/synthetic_data/s2.csv,394,<timecave.validation_methods.CV.AdaptedhvBlockCV object at 0x00000250F2623A10>,2,Tree,2.1313499606221415,1.175167325860517,1.4599143675648039
datasets/synthetic_data/s2.csv,394,<timecave.validation_methods.CV.AdaptedhvBlockCV object at 0x00000250F2623A10>,2,ARMA,2.7217500138486628,1.3756493161158145,1.649772715815322
datasets/synthetic_data/s2.csv,394,<timecave.validation_methods.CV.AdaptedhvBlockCV object at 0x00000250F2623A10>,3,Tree,2.8043752807738733,1.4254482039738603,1.674626907933189
datasets/synthetic_data/s2.csv,394,<timecave.validation_methods.CV.AdaptedhvBlockCV object at 0x00000250F2623A10>,3,ARMA,1.2037428515937836,0.8383819769586689,1.0971521551698213
datasets/synthetic_data/s2.csv,394,<timecave.validation_methods.CV.AdaptedhvBlockCV object at 0x00000250F2623A10>,4,Tree,3.0894785796621047,1.4037744997789035,1.7576912640341888
datasets/synthetic_data/s2.csv,394,<timecave.validation_methods.CV.AdaptedhvBlockCV object at 0x00000250F2623A10>,4,ARMA,1.6977460445104895,1.062804030240911,1.3029758418752397
datasets/synthetic_data/s2.csv,394,<timecave.validation_methods.markov.MarkovCV object at 0x00000250F2621520>,0,Tree,2.0708427638646754,1.003377334674819,1.4390423078786374
datasets/synthetic_data/s2.csv,394,<timecave.validation_methods.markov.MarkovCV object at 0x00000250F2621520>,0,ARMA,2.032812939702327,1.1496628832845945,1.4257674914593637
datasets/synthetic_data/s2.csv,394,<timecave.validation_methods.markov.MarkovCV object at 0x00000250F2621520>,1,Tree,1.9322240098182515,1.1364465909522823,1.3900446071325379
datasets/synthetic_data/s2.csv,394,<timecave.validation_methods.markov.MarkovCV object at 0x00000250F2621520>,1,ARMA,1.5343670323109329,1.0895434657481238,1.2386956980271357
datasets/synthetic_data/s2.csv,394,<timecave.validation_methods.markov.MarkovCV object at 0x00000250F2621520>,2,Tree,3.592310331087726,1.5725335400254323,1.8953391071488306
datasets/synthetic_data/s2.csv,394,<timecave.validation_methods.markov.MarkovCV object at 0x00000250F2621520>,2,ARMA,2.44427081692261,1.2327032905700732,1.563416392687057
datasets/synthetic_data/s2.csv,394,<timecave.validation_methods.markov.MarkovCV object at 0x00000250F2621520>,3,Tree,5.733080326308778,2.186169882860065,2.394385166657357
datasets/synthetic_data/s2.csv,394,<timecave.validation_methods.markov.MarkovCV object at 0x00000250F2621520>,3,ARMA,1.1049328954807498,0.8321839236670973,1.0511578832319861
datasets/synthetic_data/s2.csv,394,<timecave.validation_methods.markov.MarkovCV object at 0x00000250F2621520>,4,Tree,4.936309710195139,1.8741380222482817,2.2217807520534376
datasets/synthetic_data/s2.csv,394,<timecave.validation_methods.markov.MarkovCV object at 0x00000250F2621520>,4,ARMA,1.394604299710394,0.94336894309459,1.1809336559309307
datasets/synthetic_data/s2.csv,394,<timecave.validation_methods.markov.MarkovCV object at 0x00000250F2621520>,5,Tree,3.21371813393029,1.498925814301112,1.7926846164148031
datasets/synthetic_data/s2.csv,394,<timecave.validation_methods.markov.MarkovCV object at 0x00000250F2621520>,5,ARMA,2.885861089729456,1.3397170393179605,1.698782237289246
datasets/synthetic_data/s2.csv,394,<timecave.validation_methods.markov.MarkovCV object at 0x00000250F2621520>,6,Tree,8.915212310507375,2.1191618977255464,2.9858352785288367
datasets/synthetic_data/s2.csv,394,<timecave.validation_methods.markov.MarkovCV object at 0x00000250F2621520>,6,ARMA,2.02623806878841,1.1539502872855905,1.4234598936353668
datasets/synthetic_data/s2.csv,394,<timecave.validation_methods.markov.MarkovCV object at 0x00000250F2621520>,7,Tree,4.651068936393331,1.6907983252327343,2.156633704733683
datasets/synthetic_data/s2.csv,394,<timecave.validation_methods.markov.MarkovCV object at 0x00000250F2621520>,7,ARMA,2.6933121197348893,1.1742185856167942,1.6411313535896173
datasets/synthetic_data/s2.csv,394,<timecave.validation_methods.markov.MarkovCV object at 0x00000250F2621520>,8,Tree,1.370855861435234,0.9129396831352822,1.1708355398753636
datasets/synthetic_data/s2.csv,394,<timecave.validation_methods.markov.MarkovCV object at 0x00000250F2621520>,8,ARMA,1.3926170177625288,0.9381513743644374,1.1800919530962528
datasets/synthetic_data/s2.csv,394,<timecave.validation_methods.markov.MarkovCV object at 0x00000250F2621520>,9,Tree,2.1465576853531085,1.1465050733971671,1.4651135400893367
datasets/synthetic_data/s2.csv,394,<timecave.validation_methods.markov.MarkovCV object at 0x00000250F2621520>,9,ARMA,0.9756746708470307,0.8675686403809273,0.9877624566903881
datasets/synthetic_data/s2.csv,395,<timecave.validation_methods.OOS.Holdout object at 0x00000250F2604950>,0,Tree,1.8987851088409475,1.1562419861505375,1.3779641173996322
datasets/synthetic_data/s2.csv,395,<timecave.validation_methods.OOS.Holdout object at 0x00000250F2604950>,0,ARMA,1.4481576160574372,0.9261206397623898,1.2033942064250756
datasets/synthetic_data/s2.csv,395,<timecave.validation_methods.OOS.Repeated_Holdout object at 0x00000250F6BB3680>,0,Tree,1.9889857240765305,1.1260316713363931,1.4103140515773536
datasets/synthetic_data/s2.csv,395,<timecave.validation_methods.OOS.Repeated_Holdout object at 0x00000250F6BB3680>,0,ARMA,1.2407917490245746,0.8533324148474306,1.1139083216425734
datasets/synthetic_data/s2.csv,395,<timecave.validation_methods.OOS.Repeated_Holdout object at 0x00000250F6BB3680>,1,Tree,1.648797554121027,1.0551134263227866,1.284055121138118
datasets/synthetic_data/s2.csv,395,<timecave.validation_methods.OOS.Repeated_Holdout object at 0x00000250F6BB3680>,1,ARMA,1.3275961992241625,0.8726163174705786,1.1522136083314425
datasets/synthetic_data/s2.csv,395,<timecave.validation_methods.OOS.Repeated_Holdout object at 0x00000250F6BB3680>,2,Tree,1.7922614090598181,1.0800451612505397,1.3387536775149558
datasets/synthetic_data/s2.csv,395,<timecave.validation_methods.OOS.Repeated_Holdout object at 0x00000250F6BB3680>,2,ARMA,1.5392585023326664,0.9594794779092883,1.240668570703984
datasets/synthetic_data/s2.csv,395,<timecave.validation_methods.OOS.Repeated_Holdout object at 0x00000250F6BB3680>,3,Tree,2.5261015825302855,1.2667681325450908,1.5893714425930414
datasets/synthetic_data/s2.csv,395,<timecave.validation_methods.OOS.Repeated_Holdout object at 0x00000250F6BB3680>,3,ARMA,1.4481576160574372,0.9261206397623898,1.2033942064250756
datasets/synthetic_data/s2.csv,395,<timecave.validation_methods.prequential.Growing_Window object at 0x00000250F6BB2630>,0,Tree,1.502258982492712,0.8908663588130575,1.2256667501783314
datasets/synthetic_data/s2.csv,395,<timecave.validation_methods.prequential.Growing_Window object at 0x00000250F6BB2630>,0,ARMA,2.197759224912523,1.2081504171441009,1.482484139851932
datasets/synthetic_data/s2.csv,395,<timecave.validation_methods.prequential.Growing_Window object at 0x00000250F6BB2630>,1,Tree,2.523306659913002,1.3370986597885708,1.5884919451835449
datasets/synthetic_data/s2.csv,395,<timecave.validation_methods.prequential.Growing_Window object at 0x00000250F6BB2630>,1,ARMA,1.1105140758586773,0.8737976425093997,1.05380931665016
datasets/synthetic_data/s2.csv,395,<timecave.validation_methods.prequential.Growing_Window object at 0x00000250F6BB2630>,2,Tree,2.1071686177890268,1.2233158522580407,1.4516089755126986
datasets/synthetic_data/s2.csv,395,<timecave.validation_methods.prequential.Growing_Window object at 0x00000250F6BB2630>,2,ARMA,1.3985436673732514,1.002789353278495,1.1826003836348318
datasets/synthetic_data/s2.csv,395,<timecave.validation_methods.prequential.Growing_Window object at 0x00000250F6BB2630>,3,Tree,1.6748275942267232,1.10263123914463,1.294151302679375
datasets/synthetic_data/s2.csv,395,<timecave.validation_methods.prequential.Growing_Window object at 0x00000250F6BB2630>,3,ARMA,1.4135505333769038,0.9053498945300951,1.188928312967987
datasets/synthetic_data/s2.csv,395,<timecave.validation_methods.prequential.Growing_Window object at 0x00000250F6BB1D30>,0,Tree,1.3352946101307737,0.9366775456951416,1.1555494840684122
datasets/synthetic_data/s2.csv,395,<timecave.validation_methods.prequential.Growing_Window object at 0x00000250F6BB1D30>,0,ARMA,1.1939254655791136,0.8849069377333361,1.092668964315869
datasets/synthetic_data/s2.csv,395,<timecave.validation_methods.prequential.Growing_Window object at 0x00000250F6BB1D30>,1,Tree,2.248590687858411,1.2069491238534165,1.499530155701582
datasets/synthetic_data/s2.csv,395,<timecave.validation_methods.prequential.Growing_Window object at 0x00000250F6BB1D30>,1,ARMA,1.3930209551887174,0.9922258629041882,1.1802630872770348
datasets/synthetic_data/s2.csv,395,<timecave.validation_methods.prequential.Growing_Window object at 0x00000250F6BB1D30>,2,Tree,2.49659933695912,1.3011126332006564,1.5800630800569704
datasets/synthetic_data/s2.csv,395,<timecave.validation_methods.prequential.Growing_Window object at 0x00000250F6BB1D30>,2,ARMA,1.531073743940187,0.9428044165768814,1.2373656468240044
datasets/synthetic_data/s2.csv,395,<timecave.validation_methods.prequential.Rolling_Window object at 0x00000250F6BB2DE0>,0,Tree,1.4963820150899283,0.9122222888078758,1.2232669435123016
datasets/synthetic_data/s2.csv,395,<timecave.validation_methods.prequential.Rolling_Window object at 0x00000250F6BB2DE0>,0,ARMA,2.197759224912523,1.2081504171441009,1.482484139851932
datasets/synthetic_data/s2.csv,395,<timecave.validation_methods.prequential.Rolling_Window object at 0x00000250F6BB2DE0>,1,Tree,1.9146042617667134,1.173569874394964,1.3836922568861594
datasets/synthetic_data/s2.csv,395,<timecave.validation_methods.prequential.Rolling_Window object at 0x00000250F6BB2DE0>,1,ARMA,1.210522549137348,0.9100368274842054,1.1002374966966668
datasets/synthetic_data/s2.csv,395,<timecave.validation_methods.prequential.Rolling_Window object at 0x00000250F6BB2DE0>,2,Tree,1.830274815234863,1.0974676287851042,1.3528764966673281
datasets/synthetic_data/s2.csv,395,<timecave.validation_methods.prequential.Rolling_Window object at 0x00000250F6BB2DE0>,2,ARMA,1.401630486457142,1.0099299146319387,1.1839047624100267
datasets/synthetic_data/s2.csv,395,<timecave.validation_methods.prequential.Rolling_Window object at 0x00000250F6BB2DE0>,3,Tree,2.04489203381738,1.2482121884299804,1.4299972146187487
datasets/synthetic_data/s2.csv,395,<timecave.validation_methods.prequential.Rolling_Window object at 0x00000250F6BB2DE0>,3,ARMA,1.4922861994739633,0.9151044461513442,1.221591666422935
datasets/synthetic_data/s2.csv,395,<timecave.validation_methods.prequential.Rolling_Window object at 0x00000250F6BB04D0>,0,Tree,1.363697770965388,0.9288576141741395,1.1677747089937287
datasets/synthetic_data/s2.csv,395,<timecave.validation_methods.prequential.Rolling_Window object at 0x00000250F6BB04D0>,0,ARMA,1.1939254655791136,0.8849069377333361,1.092668964315869
datasets/synthetic_data/s2.csv,395,<timecave.validation_methods.prequential.Rolling_Window object at 0x00000250F6BB04D0>,1,Tree,2.1056249509773886,1.212307593666726,1.4510771692013449
datasets/synthetic_data/s2.csv,395,<timecave.validation_methods.prequential.Rolling_Window object at 0x00000250F6BB04D0>,1,ARMA,1.4322176760403829,1.0122490827385446,1.196752972020702
datasets/synthetic_data/s2.csv,395,<timecave.validation_methods.prequential.Rolling_Window object at 0x00000250F6BB04D0>,2,Tree,1.5254935581915794,1.0087361575864935,1.2351087232270603
datasets/synthetic_data/s2.csv,395,<timecave.validation_methods.prequential.Rolling_Window object at 0x00000250F6BB04D0>,2,ARMA,1.534202322578389,0.9391187788791684,1.2386292110952288
datasets/synthetic_data/s2.csv,395,<timecave.validation_methods.CV.Block_CV object at 0x00000250F6BB0350>,0,Tree,1.3525006616484825,0.9243066342398625,1.1629706194261669
datasets/synthetic_data/s2.csv,395,<timecave.validation_methods.CV.Block_CV object at 0x00000250F6BB0350>,0,ARMA,1.0698994558875385,0.8209733660262087,1.0343594423059803
datasets/synthetic_data/s2.csv,395,<timecave.validation_methods.CV.Block_CV object at 0x00000250F6BB0350>,1,Tree,1.442445391015829,1.001357517888443,1.2010184807136937
datasets/synthetic_data/s2.csv,395,<timecave.validation_methods.CV.Block_CV object at 0x00000250F6BB0350>,1,ARMA,1.9039802633644487,1.10716175384432,1.3798479131282726
datasets/synthetic_data/s2.csv,395,<timecave.validation_methods.CV.Block_CV object at 0x00000250F6BB0350>,2,Tree,1.4310316032596135,1.0522995294706317,1.1962573315385003
datasets/synthetic_data/s2.csv,395,<timecave.validation_methods.CV.Block_CV object at 0x00000250F6BB0350>,2,ARMA,1.089006550650082,0.8589343519069375,1.0435547664833322
datasets/synthetic_data/s2.csv,395,<timecave.validation_methods.CV.Block_CV object at 0x00000250F6BB0350>,3,Tree,2.2158868162028766,1.2561414203428303,1.4885855085291126
datasets/synthetic_data/s2.csv,395,<timecave.validation_methods.CV.Block_CV object at 0x00000250F6BB0350>,3,ARMA,1.3954081853838312,1.0022208534504788,1.1812739671150936
datasets/synthetic_data/s2.csv,395,<timecave.validation_methods.CV.Block_CV object at 0x00000250F6BB0350>,4,Tree,1.9405058260446777,1.1210946647076359,1.3930203968516317
datasets/synthetic_data/s2.csv,395,<timecave.validation_methods.CV.Block_CV object at 0x00000250F6BB0350>,4,ARMA,1.4135505333769038,0.9053498945300951,1.188928312967987
datasets/synthetic_data/s2.csv,395,<timecave.validation_methods.CV.AdaptedhvBlockCV object at 0x00000250F6CEA930>,0,Tree,1.178751751466171,0.8886128623658635,1.0857033441351145
datasets/synthetic_data/s2.csv,395,<timecave.validation_methods.CV.AdaptedhvBlockCV object at 0x00000250F6CEA930>,0,ARMA,1.0700117875800885,0.8211777099443083,1.0344137410050624
datasets/synthetic_data/s2.csv,395,<timecave.validation_methods.CV.AdaptedhvBlockCV object at 0x00000250F6CEA930>,1,Tree,2.170641414669759,1.118689567883983,1.4733096805050045
datasets/synthetic_data/s2.csv,395,<timecave.validation_methods.CV.AdaptedhvBlockCV object at 0x00000250F6CEA930>,1,ARMA,1.90616778589844,1.1082370250618756,1.3806403535673004
datasets/synthetic_data/s2.csv,395,<timecave.validation_methods.CV.AdaptedhvBlockCV object at 0x00000250F6CEA930>,2,Tree,2.2444597328978713,1.3272764636986327,1.498152106061955
datasets/synthetic_data/s2.csv,395,<timecave.validation_methods.CV.AdaptedhvBlockCV object at 0x00000250F6CEA930>,2,ARMA,1.0866026250307477,0.8586253329354017,1.0424023335693122
datasets/synthetic_data/s2.csv,395,<timecave.validation_methods.CV.AdaptedhvBlockCV object at 0x00000250F6CEA930>,3,Tree,2.007928154151477,1.14538315810219,1.417013815794143
datasets/synthetic_data/s2.csv,395,<timecave.validation_methods.CV.AdaptedhvBlockCV object at 0x00000250F6CEA930>,3,ARMA,1.3949572033168443,0.998600985527999,1.181083063682163
datasets/synthetic_data/s2.csv,395,<timecave.validation_methods.CV.AdaptedhvBlockCV object at 0x00000250F6CEA930>,4,Tree,1.4602748401981305,0.9742486349145005,1.20841832169085
datasets/synthetic_data/s2.csv,395,<timecave.validation_methods.CV.AdaptedhvBlockCV object at 0x00000250F6CEA930>,4,ARMA,1.4198803797960715,0.8995133890771847,1.1915873362016196
datasets/synthetic_data/s2.csv,395,<timecave.validation_methods.markov.MarkovCV object at 0x00000250F2668D10>,0,Tree,3.100565859659871,1.4436139441671312,1.7608423721786886
datasets/synthetic_data/s2.csv,395,<timecave.validation_methods.markov.MarkovCV object at 0x00000250F2668D10>,0,ARMA,1.0160315234491615,0.8293859989853121,1.0079838904710539
datasets/synthetic_data/s2.csv,395,<timecave.validation_methods.markov.MarkovCV object at 0x00000250F2668D10>,1,Tree,2.7588557193329475,1.3773501822949774,1.6609803488701929
datasets/synthetic_data/s2.csv,395,<timecave.validation_methods.markov.MarkovCV object at 0x00000250F2668D10>,1,ARMA,2.1908367023336557,1.1691151269662259,1.4801475272193836
datasets/synthetic_data/s2.csv,395,<timecave.validation_methods.markov.MarkovCV object at 0x00000250F2668D10>,2,Tree,2.1883723534650854,1.1814278006554488,1.4793148256760917
datasets/synthetic_data/s2.csv,395,<timecave.validation_methods.markov.MarkovCV object at 0x00000250F2668D10>,2,ARMA,1.9652552942395156,1.1294055763549398,1.4018756343697238
datasets/synthetic_data/s2.csv,395,<timecave.validation_methods.markov.MarkovCV object at 0x00000250F2668D10>,3,Tree,2.854331796749032,1.452401042998316,1.6894767819502676
datasets/synthetic_data/s2.csv,395,<timecave.validation_methods.markov.MarkovCV object at 0x00000250F2668D10>,3,ARMA,2.0369235180688943,1.1940473586182736,1.427208295263482
datasets/synthetic_data/s2.csv,395,<timecave.validation_methods.markov.MarkovCV object at 0x00000250F2668D10>,4,Tree,2.0131935591693,1.11769818810409,1.4188705223413798
datasets/synthetic_data/s2.csv,395,<timecave.validation_methods.markov.MarkovCV object at 0x00000250F2668D10>,4,ARMA,2.760484988108415,1.4975056748830249,1.661470730439876
datasets/synthetic_data/s2.csv,395,<timecave.validation_methods.markov.MarkovCV object at 0x00000250F2668D10>,5,Tree,2.3567283230711387,1.3501599906730473,1.5351639401285906
datasets/synthetic_data/s2.csv,395,<timecave.validation_methods.markov.MarkovCV object at 0x00000250F2668D10>,5,ARMA,1.1717059321913195,0.9280763018178128,1.0824536628379615
datasets/synthetic_data/s2.csv,395,<timecave.validation_methods.markov.MarkovCV object at 0x00000250F2668D10>,6,Tree,2.454400563204046,1.2292688139355172,1.5666526619528804
datasets/synthetic_data/s2.csv,395,<timecave.validation_methods.markov.MarkovCV object at 0x00000250F2668D10>,6,ARMA,0.93342778525905,0.7389298688970405,0.966140665358337
datasets/synthetic_data/s2.csv,395,<timecave.validation_methods.markov.MarkovCV object at 0x00000250F2668D10>,7,Tree,1.4514638955631354,0.9995038683280342,1.204767154085442
datasets/synthetic_data/s2.csv,395,<timecave.validation_methods.markov.MarkovCV object at 0x00000250F2668D10>,7,ARMA,1.2143940601067786,0.9263508004090293,1.101995490057368
datasets/synthetic_data/s2.csv,395,<timecave.validation_methods.markov.MarkovCV object at 0x00000250F2668D10>,8,Tree,3.923128007370487,1.454275003188128,1.980688770950774
datasets/synthetic_data/s2.csv,395,<timecave.validation_methods.markov.MarkovCV object at 0x00000250F2668D10>,8,ARMA,1.6985085266399138,0.9864412800177658,1.3032684016118528
datasets/synthetic_data/s2.csv,395,<timecave.validation_methods.markov.MarkovCV object at 0x00000250F2668D10>,9,Tree,4.555176624803544,1.7875483410503514,2.134285975403377
datasets/synthetic_data/s2.csv,395,<timecave.validation_methods.markov.MarkovCV object at 0x00000250F2668D10>,9,ARMA,1.6485006457477624,0.988390250161207,1.2839395023706384
datasets/synthetic_data/s2.csv,396,<timecave.validation_methods.OOS.Holdout object at 0x00000250F6C41610>,0,Tree,3.271801423510099,1.5202774450448509,1.808812158160736
datasets/synthetic_data/s2.csv,396,<timecave.validation_methods.OOS.Holdout object at 0x00000250F6C41610>,0,ARMA,2.1656714127350396,1.2013255946875405,1.471622034605027
datasets/synthetic_data/s2.csv,396,<timecave.validation_methods.OOS.Repeated_Holdout object at 0x00000250F6C41DC0>,0,Tree,2.4346574811217385,1.3299063658184767,1.5603388994451617
datasets/synthetic_data/s2.csv,396,<timecave.validation_methods.OOS.Repeated_Holdout object at 0x00000250F6C41DC0>,0,ARMA,2.079479637645433,1.208158593571826,1.4420400957135113
datasets/synthetic_data/s2.csv,396,<timecave.validation_methods.OOS.Repeated_Holdout object at 0x00000250F6C41DC0>,1,Tree,2.9592658663775686,1.4340226738036306,1.7202516869276916
datasets/synthetic_data/s2.csv,396,<timecave.validation_methods.OOS.Repeated_Holdout object at 0x00000250F6C41DC0>,1,ARMA,2.0445147500202787,1.189103646948194,1.4298652908649396
datasets/synthetic_data/s2.csv,396,<timecave.validation_methods.OOS.Repeated_Holdout object at 0x00000250F6C41DC0>,2,Tree,3.2876656590264948,1.531696501792179,1.8131921186202236
datasets/synthetic_data/s2.csv,396,<timecave.validation_methods.OOS.Repeated_Holdout object at 0x00000250F6C41DC0>,2,ARMA,2.39719504976033,1.2862807332644846,1.5482877800203456
datasets/synthetic_data/s2.csv,396,<timecave.validation_methods.OOS.Repeated_Holdout object at 0x00000250F6C41DC0>,3,Tree,3.5170819142400918,1.622001350899556,1.8753884702215944
datasets/synthetic_data/s2.csv,396,<timecave.validation_methods.OOS.Repeated_Holdout object at 0x00000250F6C41DC0>,3,ARMA,2.1656714127350396,1.2013255946875405,1.471622034605027
datasets/synthetic_data/s2.csv,396,<timecave.validation_methods.prequential.Growing_Window object at 0x00000250F6A45D30>,0,Tree,1.7946483752196971,1.1459972401241685,1.3396448690678053
datasets/synthetic_data/s2.csv,396,<timecave.validation_methods.prequential.Growing_Window object at 0x00000250F6A45D30>,0,ARMA,1.4235143669901338,1.0054521385076107,1.1931112131692225
datasets/synthetic_data/s2.csv,396,<timecave.validation_methods.prequential.Growing_Window object at 0x00000250F6A45D30>,1,Tree,2.4054553410071913,1.2560858258966188,1.5509530428118032
datasets/synthetic_data/s2.csv,396,<timecave.validation_methods.prequential.Growing_Window object at 0x00000250F6A45D30>,1,ARMA,1.3967314974271,0.9836965473223126,1.1818339550999115
datasets/synthetic_data/s2.csv,396,<timecave.validation_methods.prequential.Growing_Window object at 0x00000250F6A45D30>,2,Tree,1.644683929775738,1.0606604904234194,1.28245231091676
datasets/synthetic_data/s2.csv,396,<timecave.validation_methods.prequential.Growing_Window object at 0x00000250F6A45D30>,2,ARMA,1.7055880023815595,0.9843638374225705,1.30598162405968
datasets/synthetic_data/s2.csv,396,<timecave.validation_methods.prequential.Growing_Window object at 0x00000250F6A45D30>,3,Tree,3.2478285986319073,1.437010818036046,1.8021732987234904
datasets/synthetic_data/s2.csv,396,<timecave.validation_methods.prequential.Growing_Window object at 0x00000250F6A45D30>,3,ARMA,2.1089973290345734,1.2102719126815105,1.452238730042197
datasets/synthetic_data/s2.csv,396,<timecave.validation_methods.prequential.Growing_Window object at 0x00000250F6BB2210>,0,Tree,2.6143512270085316,1.4418445681759555,1.616895552287943
datasets/synthetic_data/s2.csv,396,<timecave.validation_methods.prequential.Growing_Window object at 0x00000250F6BB2210>,0,ARMA,1.496779901273057,1.0336635537546706,1.223429565309363
datasets/synthetic_data/s2.csv,396,<timecave.validation_methods.prequential.Growing_Window object at 0x00000250F6BB2210>,1,Tree,1.7924186112552303,1.103104880025649,1.338812388370839
datasets/synthetic_data/s2.csv,396,<timecave.validation_methods.prequential.Growing_Window object at 0x00000250F6BB2210>,1,ARMA,1.6753984817967864,0.9645453448331928,1.2943718483483742
datasets/synthetic_data/s2.csv,396,<timecave.validation_methods.prequential.Growing_Window object at 0x00000250F6BB2210>,2,Tree,3.0524437994858977,1.5016658616758787,1.7471244373214798
datasets/synthetic_data/s2.csv,396,<timecave.validation_methods.prequential.Growing_Window object at 0x00000250F6BB2210>,2,ARMA,1.9567334143259818,1.1656535515395232,1.3988328757667878
datasets/synthetic_data/s2.csv,396,<timecave.validation_methods.prequential.Rolling_Window object at 0x00000250F6BB36E0>,0,Tree,1.852196254316627,1.171701945155805,1.360954170542354
datasets/synthetic_data/s2.csv,396,<timecave.validation_methods.prequential.Rolling_Window object at 0x00000250F6BB36E0>,0,ARMA,1.4235143669901338,1.0054521385076107,1.1931112131692225
datasets/synthetic_data/s2.csv,396,<timecave.validation_methods.prequential.Rolling_Window object at 0x00000250F6BB36E0>,1,Tree,1.5881725125833384,0.9869735135188017,1.2602271670549474
datasets/synthetic_data/s2.csv,396,<timecave.validation_methods.prequential.Rolling_Window object at 0x00000250F6BB36E0>,1,ARMA,1.3370732304371842,0.9540245780032626,1.1563188273297222
datasets/synthetic_data/s2.csv,396,<timecave.validation_methods.prequential.Rolling_Window object at 0x00000250F6BB36E0>,2,Tree,2.4129752456280067,1.2545366102594555,1.5533754361480057
datasets/synthetic_data/s2.csv,396,<timecave.validation_methods.prequential.Rolling_Window object at 0x00000250F6BB36E0>,2,ARMA,1.668384726774738,0.9497649537960369,1.2916596791627188
datasets/synthetic_data/s2.csv,396,<timecave.validation_methods.prequential.Rolling_Window object at 0x00000250F6BB36E0>,3,Tree,3.0000252579444537,1.3730157964599745,1.732058098894045
datasets/synthetic_data/s2.csv,396,<timecave.validation_methods.prequential.Rolling_Window object at 0x00000250F6BB36E0>,3,ARMA,3.2722442505215277,1.4131761523100304,1.808934562255232
datasets/synthetic_data/s2.csv,396,<timecave.validation_methods.prequential.Rolling_Window object at 0x00000250F6BB0EC0>,0,Tree,2.478754301311031,1.4289539414637447,1.5744060153947046
datasets/synthetic_data/s2.csv,396,<timecave.validation_methods.prequential.Rolling_Window object at 0x00000250F6BB0EC0>,0,ARMA,1.496779901273057,1.0336635537546706,1.223429565309363
datasets/synthetic_data/s2.csv,396,<timecave.validation_methods.prequential.Rolling_Window object at 0x00000250F6BB0EC0>,1,Tree,3.689033726166797,1.5431003902573537,1.9206857437297746
datasets/synthetic_data/s2.csv,396,<timecave.validation_methods.prequential.Rolling_Window object at 0x00000250F6BB0EC0>,1,ARMA,1.6522760178088207,0.9795478863862235,1.2854088912905577
datasets/synthetic_data/s2.csv,396,<timecave.validation_methods.prequential.Rolling_Window object at 0x00000250F6BB0EC0>,2,Tree,2.4663855972168096,1.2060268872456257,1.570473048866745
datasets/synthetic_data/s2.csv,396,<timecave.validation_methods.prequential.Rolling_Window object at 0x00000250F6BB0EC0>,2,ARMA,1.8809687914028328,1.1362610108681594,1.3714841564534506
datasets/synthetic_data/s2.csv,396,<timecave.validation_methods.CV.Block_CV object at 0x00000250F6BB34A0>,0,Tree,1.7514506408807293,1.0356173973978,1.3234238326706713
datasets/synthetic_data/s2.csv,396,<timecave.validation_methods.CV.Block_CV object at 0x00000250F6BB34A0>,0,ARMA,1.8427520353341247,1.0504284694792734,1.3574800312837476
datasets/synthetic_data/s2.csv,396,<timecave.validation_methods.CV.Block_CV object at 0x00000250F6BB34A0>,1,Tree,2.123353665640972,1.1247950278818213,1.4571731762700588
datasets/synthetic_data/s2.csv,396,<timecave.validation_methods.CV.Block_CV object at 0x00000250F6BB34A0>,1,ARMA,1.597341246820044,1.0807173945470054,1.2638596626287446
datasets/synthetic_data/s2.csv,396,<timecave.validation_methods.CV.Block_CV object at 0x00000250F6BB34A0>,2,Tree,1.5399173591575637,0.985070577153309,1.2409340672080704
datasets/synthetic_data/s2.csv,396,<timecave.validation_methods.CV.Block_CV object at 0x00000250F6BB34A0>,2,ARMA,1.4567881077595364,1.0251669696575596,1.2069747751131903
datasets/synthetic_data/s2.csv,396,<timecave.validation_methods.CV.Block_CV object at 0x00000250F6BB34A0>,3,Tree,2.2748988983270166,1.2550112459763494,1.5082767976492302
datasets/synthetic_data/s2.csv,396,<timecave.validation_methods.CV.Block_CV object at 0x00000250F6BB34A0>,3,ARMA,1.9305785369351733,1.0566282286473243,1.3894526033424721
datasets/synthetic_data/s2.csv,396,<timecave.validation_methods.CV.Block_CV object at 0x00000250F6BB34A0>,4,Tree,3.2233346309124133,1.4965376520186982,1.7953647626352738
datasets/synthetic_data/s2.csv,396,<timecave.validation_methods.CV.Block_CV object at 0x00000250F6BB34A0>,4,ARMA,2.1089973290345734,1.2102719126815105,1.452238730042197
datasets/synthetic_data/s2.csv,396,<timecave.validation_methods.CV.AdaptedhvBlockCV object at 0x00000250F6BB1C10>,0,Tree,1.8024560916247128,1.0671307642849837,1.3425558057766958
datasets/synthetic_data/s2.csv,396,<timecave.validation_methods.CV.AdaptedhvBlockCV object at 0x00000250F6BB1C10>,0,ARMA,1.8406564129532894,1.050357695205741,1.3567079320742874
datasets/synthetic_data/s2.csv,396,<timecave.validation_methods.CV.AdaptedhvBlockCV object at 0x00000250F6BB1C10>,1,Tree,2.142336175925507,1.1169756537621478,1.4636721545228313
datasets/synthetic_data/s2.csv,396,<timecave.validation_methods.CV.AdaptedhvBlockCV object at 0x00000250F6BB1C10>,1,ARMA,1.601664628075691,1.0817710462947825,1.2655688950332538
datasets/synthetic_data/s2.csv,396,<timecave.validation_methods.CV.AdaptedhvBlockCV object at 0x00000250F6BB1C10>,2,Tree,1.5196859831644334,0.9716850435787838,1.2327554433724612
datasets/synthetic_data/s2.csv,396,<timecave.validation_methods.CV.AdaptedhvBlockCV object at 0x00000250F6BB1C10>,2,ARMA,1.4352657013240773,1.00739002177313,1.1980257515279367
datasets/synthetic_data/s2.csv,396,<timecave.validation_methods.CV.AdaptedhvBlockCV object at 0x00000250F6BB1C10>,3,Tree,1.990991893131947,1.2270676517993526,1.4110251213681304
datasets/synthetic_data/s2.csv,396,<timecave.validation_methods.CV.AdaptedhvBlockCV object at 0x00000250F6BB1C10>,3,ARMA,1.9123704611441794,1.0467225424208038,1.3828848329286787
datasets/synthetic_data/s2.csv,396,<timecave.validation_methods.CV.AdaptedhvBlockCV object at 0x00000250F6BB1C10>,4,Tree,3.1215926464611594,1.4332276985048968,1.7668029450001377
datasets/synthetic_data/s2.csv,396,<timecave.validation_methods.CV.AdaptedhvBlockCV object at 0x00000250F6BB1C10>,4,ARMA,2.1179703102780865,1.1925652323494518,1.455324812637401
datasets/synthetic_data/s2.csv,396,<timecave.validation_methods.markov.MarkovCV object at 0x00000250F6BB22A0>,0,Tree,4.650939802157099,1.8097711595603005,2.156603765682769
datasets/synthetic_data/s2.csv,396,<timecave.validation_methods.markov.MarkovCV object at 0x00000250F6BB22A0>,0,ARMA,1.7671527738460102,1.1057600113453225,1.329342985781326
datasets/synthetic_data/s2.csv,396,<timecave.validation_methods.markov.MarkovCV object at 0x00000250F6BB22A0>,1,Tree,1.6417144409194033,0.979367741272236,1.281294049357681
datasets/synthetic_data/s2.csv,396,<timecave.validation_methods.markov.MarkovCV object at 0x00000250F6BB22A0>,1,ARMA,2.007965284310309,1.2147148694287753,1.4170269172850278
datasets/synthetic_data/s2.csv,396,<timecave.validation_methods.markov.MarkovCV object at 0x00000250F6BB22A0>,2,Tree,2.515252706091964,1.3732178093177654,1.5859548247323956
datasets/synthetic_data/s2.csv,396,<timecave.validation_methods.markov.MarkovCV object at 0x00000250F6BB22A0>,2,ARMA,1.7293542236381547,1.1367516582197073,1.3150491335452659
datasets/synthetic_data/s2.csv,396,<timecave.validation_methods.markov.MarkovCV object at 0x00000250F6BB22A0>,3,Tree,2.319712737678686,1.3851644369026288,1.5230603197768255
datasets/synthetic_data/s2.csv,396,<timecave.validation_methods.markov.MarkovCV object at 0x00000250F6BB22A0>,3,ARMA,2.485692185241648,1.3625507793248737,1.5766078095841236
datasets/synthetic_data/s2.csv,396,<timecave.validation_methods.markov.MarkovCV object at 0x00000250F6BB22A0>,4,Tree,9.474396375114969,2.662091144788959,3.0780507427778003
datasets/synthetic_data/s2.csv,396,<timecave.validation_methods.markov.MarkovCV object at 0x00000250F6BB22A0>,4,ARMA,3.061397271992798,1.5517248338756127,1.7496849064882505
datasets/synthetic_data/s2.csv,396,<timecave.validation_methods.markov.MarkovCV object at 0x00000250F6BB22A0>,5,Tree,4.7826812132012,1.7750595987059627,2.186934204131711
datasets/synthetic_data/s2.csv,396,<timecave.validation_methods.markov.MarkovCV object at 0x00000250F6BB22A0>,5,ARMA,3.80886622908196,1.633298845265343,1.9516316837666783
datasets/synthetic_data/s2.csv,396,<timecave.validation_methods.markov.MarkovCV object at 0x00000250F6BB22A0>,6,Tree,1.9323807668750008,1.1628973368501407,1.3901009916099625
datasets/synthetic_data/s2.csv,396,<timecave.validation_methods.markov.MarkovCV object at 0x00000250F6BB22A0>,6,ARMA,1.1590508295273714,0.8449105136066657,1.076592229921511
datasets/synthetic_data/s2.csv,396,<timecave.validation_methods.markov.MarkovCV object at 0x00000250F6BB22A0>,7,Tree,1.3693578004973797,1.0192073996898101,1.1701956248838823
datasets/synthetic_data/s2.csv,396,<timecave.validation_methods.markov.MarkovCV object at 0x00000250F6BB22A0>,7,ARMA,0.8359137407662292,0.6431344630072743,0.9142831841208877
datasets/synthetic_data/s2.csv,396,<timecave.validation_methods.markov.MarkovCV object at 0x00000250F6BB22A0>,8,Tree,3.356720110672146,1.622325461229902,1.832135396380995
datasets/synthetic_data/s2.csv,396,<timecave.validation_methods.markov.MarkovCV object at 0x00000250F6BB22A0>,8,ARMA,2.0812116926518094,1.1740567057496487,1.4426405278695762
datasets/synthetic_data/s2.csv,396,<timecave.validation_methods.markov.MarkovCV object at 0x00000250F6BB22A0>,9,Tree,3.261775424671366,1.4203112355927325,1.8060385999948523
datasets/synthetic_data/s2.csv,396,<timecave.validation_methods.markov.MarkovCV object at 0x00000250F6BB22A0>,9,ARMA,1.1637731777485674,0.842042963382516,1.0787831931155432
datasets/synthetic_data/s2.csv,397,<timecave.validation_methods.OOS.Holdout object at 0x00000250F6CE9CA0>,0,Tree,2.402036723751055,1.277339531394568,1.5498505488436796
datasets/synthetic_data/s2.csv,397,<timecave.validation_methods.OOS.Holdout object at 0x00000250F6CE9CA0>,0,ARMA,1.7276565788387444,1.102619335573175,1.3144035068572908
datasets/synthetic_data/s2.csv,397,<timecave.validation_methods.OOS.Repeated_Holdout object at 0x00000250F6CEB0B0>,0,Tree,2.396226644375818,1.2405630074800011,1.5479750141316293
datasets/synthetic_data/s2.csv,397,<timecave.validation_methods.OOS.Repeated_Holdout object at 0x00000250F6CEB0B0>,0,ARMA,1.724134633451869,1.087852649849084,1.313063072914576
datasets/synthetic_data/s2.csv,397,<timecave.validation_methods.OOS.Repeated_Holdout object at 0x00000250F6CEB0B0>,1,Tree,3.37550852831793,1.4281855053483992,1.8372557057519048
datasets/synthetic_data/s2.csv,397,<timecave.validation_methods.OOS.Repeated_Holdout object at 0x00000250F6CEB0B0>,1,ARMA,1.8018380105290568,1.0995586879852133,1.3423255978074236
datasets/synthetic_data/s2.csv,397,<timecave.validation_methods.OOS.Repeated_Holdout object at 0x00000250F6CEB0B0>,2,Tree,1.8416995850364908,1.0458387808977436,1.3570923273810411
datasets/synthetic_data/s2.csv,397,<timecave.validation_methods.OOS.Repeated_Holdout object at 0x00000250F6CEB0B0>,2,ARMA,1.5662579969938935,1.0328504847580537,1.2515022960402005
datasets/synthetic_data/s2.csv,397,<timecave.validation_methods.OOS.Repeated_Holdout object at 0x00000250F6CEB0B0>,3,Tree,2.3022551544705743,1.2298163891893261,1.5173184090594085
datasets/synthetic_data/s2.csv,397,<timecave.validation_methods.OOS.Repeated_Holdout object at 0x00000250F6CEB0B0>,3,ARMA,1.7276565788387444,1.102619335573175,1.3144035068572908
datasets/synthetic_data/s2.csv,397,<timecave.validation_methods.prequential.Growing_Window object at 0x00000250F6CEB290>,0,Tree,3.1183716803297123,1.4859472377253058,1.7658911858689685
datasets/synthetic_data/s2.csv,397,<timecave.validation_methods.prequential.Growing_Window object at 0x00000250F6CEB290>,0,ARMA,1.9917817086095155,1.0827226740077656,1.4113049665502901
datasets/synthetic_data/s2.csv,397,<timecave.validation_methods.prequential.Growing_Window object at 0x00000250F6CEB290>,1,Tree,1.8048261682060844,1.152391726613381,1.3434381892019016
datasets/synthetic_data/s2.csv,397,<timecave.validation_methods.prequential.Growing_Window object at 0x00000250F6CEB290>,1,ARMA,0.9238203134378675,0.7470714374013265,0.9611557175805945
datasets/synthetic_data/s2.csv,397,<timecave.validation_methods.prequential.Growing_Window object at 0x00000250F6CEB290>,2,Tree,1.6528792731188249,1.0498923314022233,1.2856435249005942
datasets/synthetic_data/s2.csv,397,<timecave.validation_methods.prequential.Growing_Window object at 0x00000250F6CEB290>,2,ARMA,1.484516121794392,1.0478137982367541,1.2184072068870866
datasets/synthetic_data/s2.csv,397,<timecave.validation_methods.prequential.Growing_Window object at 0x00000250F6CEB290>,3,Tree,3.958097546147948,1.5750891370166291,1.98949680727262
datasets/synthetic_data/s2.csv,397,<timecave.validation_methods.prequential.Growing_Window object at 0x00000250F6CEB290>,3,ARMA,1.857703898435709,1.1326227821367074,1.3629761180724
datasets/synthetic_data/s2.csv,397,<timecave.validation_methods.prequential.Growing_Window object at 0x00000250F6CEB950>,0,Tree,1.9894688814486157,1.2123332893874472,1.4104853354248728
datasets/synthetic_data/s2.csv,397,<timecave.validation_methods.prequential.Growing_Window object at 0x00000250F6CEB950>,0,ARMA,1.5763772340733342,0.9473375842834894,1.255538623091036
datasets/synthetic_data/s2.csv,397,<timecave.validation_methods.prequential.Growing_Window object at 0x00000250F6CEB950>,1,Tree,1.4249207567371247,0.9360081755359113,1.1937004468195214
datasets/synthetic_data/s2.csv,397,<timecave.validation_methods.prequential.Growing_Window object at 0x00000250F6CEB950>,1,ARMA,1.4261828558186775,1.018799719532962,1.1942289796427976
datasets/synthetic_data/s2.csv,397,<timecave.validation_methods.prequential.Growing_Window object at 0x00000250F6CEB950>,2,Tree,3.1611680754302762,1.4366593083610644,1.777967399990865
datasets/synthetic_data/s2.csv,397,<timecave.validation_methods.prequential.Growing_Window object at 0x00000250F6CEB950>,2,ARMA,1.8453624427477313,1.1341351368955777,1.358441181188104
datasets/synthetic_data/s2.csv,397,<timecave.validation_methods.prequential.Rolling_Window object at 0x00000250F29F7A70>,0,Tree,2.5696503314009167,1.2653532461545334,1.6030128918386517
datasets/synthetic_data/s2.csv,397,<timecave.validation_methods.prequential.Rolling_Window object at 0x00000250F29F7A70>,0,ARMA,1.9917817086095155,1.0827226740077656,1.4113049665502901
datasets/synthetic_data/s2.csv,397,<timecave.validation_methods.prequential.Rolling_Window object at 0x00000250F29F7A70>,1,Tree,0.9190007055623342,0.7677857774062117,0.9586452448963246
datasets/synthetic_data/s2.csv,397,<timecave.validation_methods.prequential.Rolling_Window object at 0x00000250F29F7A70>,1,ARMA,0.8316427645392054,0.7489066834786171,0.9119444964136827
datasets/synthetic_data/s2.csv,397,<timecave.validation_methods.prequential.Rolling_Window object at 0x00000250F29F7A70>,2,Tree,1.0277659871902867,0.8276801531927872,1.0137879399510958
datasets/synthetic_data/s2.csv,397,<timecave.validation_methods.prequential.Rolling_Window object at 0x00000250F29F7A70>,2,ARMA,1.639672949363612,1.0891495587242446,1.2804971492992914
datasets/synthetic_data/s2.csv,397,<timecave.validation_methods.prequential.Rolling_Window object at 0x00000250F29F7A70>,3,Tree,4.184138071243881,1.7372751416183463,2.0455165780906985
datasets/synthetic_data/s2.csv,397,<timecave.validation_methods.prequential.Rolling_Window object at 0x00000250F29F7A70>,3,ARMA,1.9962250959157837,1.169127126282055,1.4128783018773357
datasets/synthetic_data/s2.csv,397,<timecave.validation_methods.prequential.Rolling_Window object at 0x00000250F25E7F50>,0,Tree,2.0574045405665116,1.2506426011840208,1.4343655533254107
datasets/synthetic_data/s2.csv,397,<timecave.validation_methods.prequential.Rolling_Window object at 0x00000250F25E7F50>,0,ARMA,1.5763772340733342,0.9473375842834894,1.255538623091036
datasets/synthetic_data/s2.csv,397,<timecave.validation_methods.prequential.Rolling_Window object at 0x00000250F25E7F50>,1,Tree,1.4326346180316203,0.8565436210699289,1.1969271565269208
datasets/synthetic_data/s2.csv,397,<timecave.validation_methods.prequential.Rolling_Window object at 0x00000250F25E7F50>,1,ARMA,1.8282233618964643,1.1514225846177764,1.3521181020519117
datasets/synthetic_data/s2.csv,397,<timecave.validation_methods.prequential.Rolling_Window object at 0x00000250F25E7F50>,2,Tree,2.3888927319499715,1.3121720963441244,1.5456043258059198
datasets/synthetic_data/s2.csv,397,<timecave.validation_methods.prequential.Rolling_Window object at 0x00000250F25E7F50>,2,ARMA,1.8900576934360436,1.1349431292185643,1.3747936912264485
datasets/synthetic_data/s2.csv,397,<timecave.validation_methods.CV.Block_CV object at 0x00000250F2621E80>,0,Tree,1.9548570385030235,1.1626301940355397,1.3981620215493709
datasets/synthetic_data/s2.csv,397,<timecave.validation_methods.CV.Block_CV object at 0x00000250F2621E80>,0,ARMA,0.8811789071160819,0.7344535907907366,0.9387113012615125
datasets/synthetic_data/s2.csv,397,<timecave.validation_methods.CV.Block_CV object at 0x00000250F2621E80>,1,Tree,1.587777229551648,0.9348156365360621,1.2600703272244957
datasets/synthetic_data/s2.csv,397,<timecave.validation_methods.CV.Block_CV object at 0x00000250F2621E80>,1,ARMA,1.4982842278343964,0.9484202748624028,1.2240442099182514
datasets/synthetic_data/s2.csv,397,<timecave.validation_methods.CV.Block_CV object at 0x00000250F2621E80>,2,Tree,1.8576556478487747,1.1378981212052592,1.3629584175053817
datasets/synthetic_data/s2.csv,397,<timecave.validation_methods.CV.Block_CV object at 0x00000250F2621E80>,2,ARMA,1.0106164556490178,0.7787785968186745,1.0052942134763423
datasets/synthetic_data/s2.csv,397,<timecave.validation_methods.CV.Block_CV object at 0x00000250F2621E80>,3,Tree,2.3234916199524074,1.239471294828788,1.5243003706462868
datasets/synthetic_data/s2.csv,397,<timecave.validation_methods.CV.Block_CV object at 0x00000250F2621E80>,3,ARMA,1.4817709710646914,1.0283877704739983,1.2172801530726982
datasets/synthetic_data/s2.csv,397,<timecave.validation_methods.CV.Block_CV object at 0x00000250F2621E80>,4,Tree,3.5740069792258082,1.4966648056796303,1.8905044245454197
datasets/synthetic_data/s2.csv,397,<timecave.validation_methods.CV.Block_CV object at 0x00000250F2621E80>,4,ARMA,1.857703898435709,1.1326227821367074,1.3629761180724
datasets/synthetic_data/s2.csv,397,<timecave.validation_methods.CV.AdaptedhvBlockCV object at 0x00000250F2622540>,0,Tree,2.059521329372988,1.1826679202921275,1.4351032469383478
datasets/synthetic_data/s2.csv,397,<timecave.validation_methods.CV.AdaptedhvBlockCV object at 0x00000250F2622540>,0,ARMA,0.8771872209076437,0.7327861797246573,0.9365827357514357
datasets/synthetic_data/s2.csv,397,<timecave.validation_methods.CV.AdaptedhvBlockCV object at 0x00000250F2622540>,1,Tree,1.2589046015446708,0.9423863957347675,1.1220091806864465
datasets/synthetic_data/s2.csv,397,<timecave.validation_methods.CV.AdaptedhvBlockCV object at 0x00000250F2622540>,1,ARMA,1.48899325964313,0.9457675907690916,1.2202431149746882
datasets/synthetic_data/s2.csv,397,<timecave.validation_methods.CV.AdaptedhvBlockCV object at 0x00000250F2622540>,2,Tree,1.8320266830701655,1.1646529525558709,1.3535238021808724
datasets/synthetic_data/s2.csv,397,<timecave.validation_methods.CV.AdaptedhvBlockCV object at 0x00000250F2622540>,2,ARMA,1.011529933168683,0.7770709375384494,1.0057484442785298
datasets/synthetic_data/s2.csv,397,<timecave.validation_methods.CV.AdaptedhvBlockCV object at 0x00000250F2622540>,3,Tree,2.1493017066274205,1.183651812833192,1.466049694460396
datasets/synthetic_data/s2.csv,397,<timecave.validation_methods.CV.AdaptedhvBlockCV object at 0x00000250F2622540>,3,ARMA,1.4858141894001033,1.0316249618034876,1.2189397808752094
datasets/synthetic_data/s2.csv,397,<timecave.validation_methods.CV.AdaptedhvBlockCV object at 0x00000250F2622540>,4,Tree,3.844232003494568,1.5241208383584322,1.9606713144978094
datasets/synthetic_data/s2.csv,397,<timecave.validation_methods.CV.AdaptedhvBlockCV object at 0x00000250F2622540>,4,ARMA,1.858409680988918,1.1323313229516851,1.363235005781805
datasets/synthetic_data/s2.csv,397,<timecave.validation_methods.markov.MarkovCV object at 0x00000250F2620530>,0,Tree,6.116817119135384,2.1745274583209193,2.4732199900403895
datasets/synthetic_data/s2.csv,397,<timecave.validation_methods.markov.MarkovCV object at 0x00000250F2620530>,0,ARMA,1.8543444481171385,1.1108871370268376,1.3617431652544243
datasets/synthetic_data/s2.csv,397,<timecave.validation_methods.markov.MarkovCV object at 0x00000250F2620530>,1,Tree,5.84403839961172,2.1999964640257224,2.4174446011463675
datasets/synthetic_data/s2.csv,397,<timecave.validation_methods.markov.MarkovCV object at 0x00000250F2620530>,1,ARMA,1.0350694557981908,0.9264287990782349,1.0173836325586287
datasets/synthetic_data/s2.csv,397,<timecave.validation_methods.markov.MarkovCV object at 0x00000250F2620530>,2,Tree,3.5720687729622256,1.621296357421359,1.8899917388608412
datasets/synthetic_data/s2.csv,397,<timecave.validation_methods.markov.MarkovCV object at 0x00000250F2620530>,2,ARMA,1.5117437438257049,1.093083057898167,1.2295298873251128
datasets/synthetic_data/s2.csv,397,<timecave.validation_methods.markov.MarkovCV object at 0x00000250F2620530>,3,Tree,1.7908678584473285,1.0891498390900853,1.3382331106527474
datasets/synthetic_data/s2.csv,397,<timecave.validation_methods.markov.MarkovCV object at 0x00000250F2620530>,3,ARMA,3.2419135928076246,1.4959607897812361,1.8005314750949577
datasets/synthetic_data/s2.csv,397,<timecave.validation_methods.markov.MarkovCV object at 0x00000250F2620530>,4,Tree,1.862133375466466,1.1417586762453633,1.3646000789485782
datasets/synthetic_data/s2.csv,397,<timecave.validation_methods.markov.MarkovCV object at 0x00000250F2620530>,4,ARMA,2.1222435168821914,1.2568008077572765,1.4567922009958014
datasets/synthetic_data/s2.csv,397,<timecave.validation_methods.markov.MarkovCV object at 0x00000250F2620530>,5,Tree,3.6008247792068535,1.547114805464978,1.8975839320585672
datasets/synthetic_data/s2.csv,397,<timecave.validation_methods.markov.MarkovCV object at 0x00000250F2620530>,5,ARMA,1.8666797461810682,1.0634905122498557,1.3662648887317086
datasets/synthetic_data/s2.csv,397,<timecave.validation_methods.markov.MarkovCV object at 0x00000250F2620530>,6,Tree,4.349430341949571,2.0266717535834142,2.0855287919253405
datasets/synthetic_data/s2.csv,397,<timecave.validation_methods.markov.MarkovCV object at 0x00000250F2620530>,6,ARMA,1.3798327324758182,0.9727174937272617,1.17466281650345
datasets/synthetic_data/s2.csv,397,<timecave.validation_methods.markov.MarkovCV object at 0x00000250F2620530>,7,Tree,3.183805925123924,1.5418134190511845,1.7843222593253507
datasets/synthetic_data/s2.csv,397,<timecave.validation_methods.markov.MarkovCV object at 0x00000250F2620530>,7,ARMA,1.434208771233782,0.9532376730424382,1.1975845570287644
datasets/synthetic_data/s2.csv,397,<timecave.validation_methods.markov.MarkovCV object at 0x00000250F2620530>,8,Tree,1.514583098563712,0.9793355110018053,1.2306839962247467
datasets/synthetic_data/s2.csv,397,<timecave.validation_methods.markov.MarkovCV object at 0x00000250F2620530>,8,ARMA,1.0766075355260785,0.7539066889690363,1.0375970005383008
datasets/synthetic_data/s2.csv,397,<timecave.validation_methods.markov.MarkovCV object at 0x00000250F2620530>,9,Tree,1.1272593276819298,0.9287505082336271,1.0617246948629997
datasets/synthetic_data/s2.csv,397,<timecave.validation_methods.markov.MarkovCV object at 0x00000250F2620530>,9,ARMA,0.4961569355419338,0.5254819490973753,0.7043840824024445
datasets/synthetic_data/s2.csv,398,<timecave.validation_methods.OOS.Holdout object at 0x00000250F2620080>,0,Tree,2.7105403822280616,1.3664916535642087,1.646371884547371
datasets/synthetic_data/s2.csv,398,<timecave.validation_methods.OOS.Holdout object at 0x00000250F2620080>,0,ARMA,1.443964388490081,0.9616442922575678,1.2016506932091708
datasets/synthetic_data/s2.csv,398,<timecave.validation_methods.OOS.Repeated_Holdout object at 0x00000250F2605130>,0,Tree,2.5406668833598336,1.2711437361109175,1.5939469512376607
datasets/synthetic_data/s2.csv,398,<timecave.validation_methods.OOS.Repeated_Holdout object at 0x00000250F2605130>,0,ARMA,1.6088956244709642,1.0064507417616,1.2684224944674247
datasets/synthetic_data/s2.csv,398,<timecave.validation_methods.OOS.Repeated_Holdout object at 0x00000250F2605130>,1,Tree,1.955052712660242,1.1257888474472661,1.3982319952927131
datasets/synthetic_data/s2.csv,398,<timecave.validation_methods.OOS.Repeated_Holdout object at 0x00000250F2605130>,1,ARMA,1.6321906320276334,1.0038137275465169,1.2775721631389882
datasets/synthetic_data/s2.csv,398,<timecave.validation_methods.OOS.Repeated_Holdout object at 0x00000250F2605130>,2,Tree,2.839724137016604,1.265538261219509,1.685148105365402
datasets/synthetic_data/s2.csv,398,<timecave.validation_methods.OOS.Repeated_Holdout object at 0x00000250F2605130>,2,ARMA,1.3741911703111032,0.893045162976622,1.1722590030838336
datasets/synthetic_data/s2.csv,398,<timecave.validation_methods.OOS.Repeated_Holdout object at 0x00000250F2605130>,3,Tree,2.657796438064344,1.3222011593348897,1.630274957810597
datasets/synthetic_data/s2.csv,398,<timecave.validation_methods.OOS.Repeated_Holdout object at 0x00000250F2605130>,3,ARMA,1.443964388490081,0.9616442922575678,1.2016506932091708
datasets/synthetic_data/s2.csv,398,<timecave.validation_methods.prequential.Growing_Window object at 0x00000250F26061B0>,0,Tree,2.1524174739825974,1.2708057218620568,1.467111950051051
datasets/synthetic_data/s2.csv,398,<timecave.validation_methods.prequential.Growing_Window object at 0x00000250F26061B0>,0,ARMA,1.4531759438248262,0.9243412196294682,1.2054774754531195
datasets/synthetic_data/s2.csv,398,<timecave.validation_methods.prequential.Growing_Window object at 0x00000250F26061B0>,1,Tree,1.9945508552802858,1.1565480211688375,1.4122856847253977
datasets/synthetic_data/s2.csv,398,<timecave.validation_methods.prequential.Growing_Window object at 0x00000250F26061B0>,1,ARMA,1.4905860630984866,0.9622118581248811,1.2208955987710362
datasets/synthetic_data/s2.csv,398,<timecave.validation_methods.prequential.Growing_Window object at 0x00000250F26061B0>,2,Tree,3.282511384714552,1.5590455710931581,1.8117702350779892
datasets/synthetic_data/s2.csv,398,<timecave.validation_methods.prequential.Growing_Window object at 0x00000250F26061B0>,2,ARMA,1.7983159492002971,1.0193908126273927,1.3410130309584234
datasets/synthetic_data/s2.csv,398,<timecave.validation_methods.prequential.Growing_Window object at 0x00000250F26061B0>,3,Tree,1.6502139721079923,1.031163694977587,1.2846065436965484
datasets/synthetic_data/s2.csv,398,<timecave.validation_methods.prequential.Growing_Window object at 0x00000250F26061B0>,3,ARMA,1.6746126333615503,1.0229928847331387,1.2940682491126774
datasets/synthetic_data/s2.csv,398,<timecave.validation_methods.prequential.Growing_Window object at 0x00000250F29F43E0>,0,Tree,2.7018362258204416,1.4495081929737987,1.6437263232729595
datasets/synthetic_data/s2.csv,398,<timecave.validation_methods.prequential.Growing_Window object at 0x00000250F29F43E0>,0,ARMA,1.7293996651403367,1.0384603695624295,1.3150664109239263
datasets/synthetic_data/s2.csv,398,<timecave.validation_methods.prequential.Growing_Window object at 0x00000250F29F43E0>,1,Tree,2.6255093718433393,1.4394680251643057,1.6203423625405031
datasets/synthetic_data/s2.csv,398,<timecave.validation_methods.prequential.Growing_Window object at 0x00000250F29F43E0>,1,ARMA,1.663181918878847,1.0255262803737044,1.289644105510837
datasets/synthetic_data/s2.csv,398,<timecave.validation_methods.prequential.Growing_Window object at 0x00000250F29F43E0>,2,Tree,2.2953070487037346,1.2864503420834976,1.5150270785381146
datasets/synthetic_data/s2.csv,398,<timecave.validation_methods.prequential.Growing_Window object at 0x00000250F29F43E0>,2,ARMA,1.5689452791389453,1.0020586784209116,1.2525754584610642
datasets/synthetic_data/s2.csv,398,<timecave.validation_methods.prequential.Rolling_Window object at 0x00000250F29F5BE0>,0,Tree,2.0232350167068653,1.1644107183618801,1.4224046599708766
datasets/synthetic_data/s2.csv,398,<timecave.validation_methods.prequential.Rolling_Window object at 0x00000250F29F5BE0>,0,ARMA,1.4531759438248262,0.9243412196294682,1.2054774754531195
datasets/synthetic_data/s2.csv,398,<timecave.validation_methods.prequential.Rolling_Window object at 0x00000250F29F5BE0>,1,Tree,1.5887515586057839,0.974442344708519,1.2604568848658744
datasets/synthetic_data/s2.csv,398,<timecave.validation_methods.prequential.Rolling_Window object at 0x00000250F29F5BE0>,1,ARMA,1.6074672070070393,1.0223225796587234,1.2678593009506376
datasets/synthetic_data/s2.csv,398,<timecave.validation_methods.prequential.Rolling_Window object at 0x00000250F29F5BE0>,2,Tree,1.912758167293119,1.043780611827447,1.3830250060259646
datasets/synthetic_data/s2.csv,398,<timecave.validation_methods.prequential.Rolling_Window object at 0x00000250F29F5BE0>,2,ARMA,1.9897983244921704,1.0861437202150726,1.410602114166915
datasets/synthetic_data/s2.csv,398,<timecave.validation_methods.prequential.Rolling_Window object at 0x00000250F29F5BE0>,3,Tree,2.6480186336600338,1.3996422536733115,1.6272733739787035
datasets/synthetic_data/s2.csv,398,<timecave.validation_methods.prequential.Rolling_Window object at 0x00000250F29F5BE0>,3,ARMA,1.6147016782009898,0.9931141029792104,1.2707091241511528
datasets/synthetic_data/s2.csv,398,<timecave.validation_methods.prequential.Rolling_Window object at 0x00000250E98F3590>,0,Tree,2.092880167054192,1.267080099018658,1.446679013138088
datasets/synthetic_data/s2.csv,398,<timecave.validation_methods.prequential.Rolling_Window object at 0x00000250E98F3590>,0,ARMA,1.7293996651403367,1.0384603695624295,1.3150664109239263
datasets/synthetic_data/s2.csv,398,<timecave.validation_methods.prequential.Rolling_Window object at 0x00000250E98F3590>,1,Tree,2.1607939582604225,1.1685686550577403,1.4699639309385868
datasets/synthetic_data/s2.csv,398,<timecave.validation_methods.prequential.Rolling_Window object at 0x00000250E98F3590>,1,ARMA,1.6569451596873037,1.0413343428022062,1.287223818800485
datasets/synthetic_data/s2.csv,398,<timecave.validation_methods.prequential.Rolling_Window object at 0x00000250E98F3590>,2,Tree,2.1402738371015166,1.193260851487088,1.4629674764332652
datasets/synthetic_data/s2.csv,398,<timecave.validation_methods.prequential.Rolling_Window object at 0x00000250E98F3590>,2,ARMA,2.0200206953725166,1.1047128454685362,1.4212743209431868
datasets/synthetic_data/s2.csv,398,<timecave.validation_methods.CV.Block_CV object at 0x00000250F6C14890>,0,Tree,2.3563872504423338,1.2870798094407843,1.535052849397158
datasets/synthetic_data/s2.csv,398,<timecave.validation_methods.CV.Block_CV object at 0x00000250F6C14890>,0,ARMA,2.316100764997347,1.2300893510629054,1.5218740963027615
datasets/synthetic_data/s2.csv,398,<timecave.validation_methods.CV.Block_CV object at 0x00000250F6C14890>,1,Tree,1.8506823713064433,1.1353599057841304,1.3603978724279318
datasets/synthetic_data/s2.csv,398,<timecave.validation_methods.CV.Block_CV object at 0x00000250F6C14890>,1,ARMA,1.6677887441209518,1.000786100028862,1.2914289543451285
datasets/synthetic_data/s2.csv,398,<timecave.validation_methods.CV.Block_CV object at 0x00000250F6C14890>,2,Tree,1.1878443384817747,0.9685925890057888,1.0898827177645192
datasets/synthetic_data/s2.csv,398,<timecave.validation_methods.CV.Block_CV object at 0x00000250F6C14890>,2,ARMA,1.579705421416902,0.995608773078788,1.2568633264666855
datasets/synthetic_data/s2.csv,398,<timecave.validation_methods.CV.Block_CV object at 0x00000250F6C14890>,3,Tree,2.3280276396612942,1.192798608837411,1.5257875473542488
datasets/synthetic_data/s2.csv,398,<timecave.validation_methods.CV.Block_CV object at 0x00000250F6C14890>,3,ARMA,1.6960997449424564,1.0417538953384233,1.3023439426443602
datasets/synthetic_data/s2.csv,398,<timecave.validation_methods.CV.Block_CV object at 0x00000250F6C14890>,4,Tree,1.9773865339471595,1.149807656733093,1.4061957665798739
datasets/synthetic_data/s2.csv,398,<timecave.validation_methods.CV.Block_CV object at 0x00000250F6C14890>,4,ARMA,1.6746126333615503,1.0229928847331387,1.2940682491126774
datasets/synthetic_data/s2.csv,398,<timecave.validation_methods.CV.AdaptedhvBlockCV object at 0x00000250F6C17BF0>,0,Tree,2.651771256172102,1.3908064015717958,1.628426005740544
datasets/synthetic_data/s2.csv,398,<timecave.validation_methods.CV.AdaptedhvBlockCV object at 0x00000250F6C17BF0>,0,ARMA,2.309969966555995,1.2300164227871704,1.5198585350472573
datasets/synthetic_data/s2.csv,398,<timecave.validation_methods.CV.AdaptedhvBlockCV object at 0x00000250F6C17BF0>,1,Tree,2.623416601297756,1.300033571919299,1.6196964534435938
datasets/synthetic_data/s2.csv,398,<timecave.validation_methods.CV.AdaptedhvBlockCV object at 0x00000250F6C17BF0>,1,ARMA,1.6631337346112598,0.994731892962071,1.2896254241489116
datasets/synthetic_data/s2.csv,398,<timecave.validation_methods.CV.AdaptedhvBlockCV object at 0x00000250F6C17BF0>,2,Tree,1.729494755983882,1.014291727925398,1.3151025648153387
datasets/synthetic_data/s2.csv,398,<timecave.validation_methods.CV.AdaptedhvBlockCV object at 0x00000250F6C17BF0>,2,ARMA,1.5401341654736966,0.9835633786717389,1.2410214202316157
datasets/synthetic_data/s2.csv,398,<timecave.validation_methods.CV.AdaptedhvBlockCV object at 0x00000250F6C17BF0>,3,Tree,2.497965204356546,1.271377297451187,1.5804952402195163
datasets/synthetic_data/s2.csv,398,<timecave.validation_methods.CV.AdaptedhvBlockCV object at 0x00000250F6C17BF0>,3,ARMA,1.7455297863387167,1.0480779639614726,1.3211849932309694
datasets/synthetic_data/s2.csv,398,<timecave.validation_methods.CV.AdaptedhvBlockCV object at 0x00000250F6C17BF0>,4,Tree,1.946864024671847,1.177607848489233,1.3953006932815044
datasets/synthetic_data/s2.csv,398,<timecave.validation_methods.CV.AdaptedhvBlockCV object at 0x00000250F6C17BF0>,4,ARMA,1.6081918879331991,1.0109164234168022,1.2681450579224756
datasets/synthetic_data/s2.csv,398,<timecave.validation_methods.markov.MarkovCV object at 0x00000250E96F87D0>,0,Tree,6.749845667214403,2.1666965873990742,2.598046509825104
datasets/synthetic_data/s2.csv,398,<timecave.validation_methods.markov.MarkovCV object at 0x00000250E96F87D0>,0,ARMA,4.053616111472556,1.6034796458405005,2.0133594094131717
datasets/synthetic_data/s2.csv,398,<timecave.validation_methods.markov.MarkovCV object at 0x00000250E96F87D0>,1,Tree,1.9937768389301707,1.2771767033745136,1.4120116284684665
datasets/synthetic_data/s2.csv,398,<timecave.validation_methods.markov.MarkovCV object at 0x00000250E96F87D0>,1,ARMA,1.5714470263892133,0.9790028933793764,1.2535737020172422
datasets/synthetic_data/s2.csv,398,<timecave.validation_methods.markov.MarkovCV object at 0x00000250E96F87D0>,2,Tree,4.7880706562017465,1.7743694802887295,2.188166048589948
datasets/synthetic_data/s2.csv,398,<timecave.validation_methods.markov.MarkovCV object at 0x00000250E96F87D0>,2,ARMA,2.7769448807940833,1.401763615383197,1.6664167788383804
datasets/synthetic_data/s2.csv,398,<timecave.validation_methods.markov.MarkovCV object at 0x00000250E96F87D0>,3,Tree,4.2412345621657686,1.846023011309337,2.059425784573401
datasets/synthetic_data/s2.csv,398,<timecave.validation_methods.markov.MarkovCV object at 0x00000250E96F87D0>,3,ARMA,1.6474130965941327,0.9696472529323933,1.2835159120923014
datasets/synthetic_data/s2.csv,398,<timecave.validation_methods.markov.MarkovCV object at 0x00000250E96F87D0>,4,Tree,2.6929815167153013,1.3900689297741209,1.6410306263794412
datasets/synthetic_data/s2.csv,398,<timecave.validation_methods.markov.MarkovCV object at 0x00000250E96F87D0>,4,ARMA,2.3707189575322722,1.1723927957209526,1.5397139206788617
datasets/synthetic_data/s2.csv,398,<timecave.validation_methods.markov.MarkovCV object at 0x00000250E96F87D0>,5,Tree,3.8582479944959984,1.6762390096069284,1.964242346172182
datasets/synthetic_data/s2.csv,398,<timecave.validation_methods.markov.MarkovCV object at 0x00000250E96F87D0>,5,ARMA,1.5220498384571566,1.0631703642518955,1.233713839776938
datasets/synthetic_data/s2.csv,398,<timecave.validation_methods.markov.MarkovCV object at 0x00000250E96F87D0>,6,Tree,4.5645629196816255,1.8455775325797021,2.136483774729316
datasets/synthetic_data/s2.csv,398,<timecave.validation_methods.markov.MarkovCV object at 0x00000250E96F87D0>,6,ARMA,2.548424559600483,1.3015661403743057,1.5963785765289145
datasets/synthetic_data/s2.csv,398,<timecave.validation_methods.markov.MarkovCV object at 0x00000250E96F87D0>,7,Tree,2.6607222924982024,1.2875886465712183,1.6311720609727849
datasets/synthetic_data/s2.csv,398,<timecave.validation_methods.markov.MarkovCV object at 0x00000250E96F87D0>,7,ARMA,2.050032426840408,1.1175243621703053,1.431793430226724
datasets/synthetic_data/s2.csv,398,<timecave.validation_methods.markov.MarkovCV object at 0x00000250E96F87D0>,8,Tree,6.731380595050431,2.3368211780170642,2.5944904307109
datasets/synthetic_data/s2.csv,398,<timecave.validation_methods.markov.MarkovCV object at 0x00000250E96F87D0>,8,ARMA,2.4829398331029555,1.2274672329860081,1.5757346962934324
datasets/synthetic_data/s2.csv,398,<timecave.validation_methods.markov.MarkovCV object at 0x00000250E96F87D0>,9,Tree,4.126098215069419,1.7924968901376452,2.0312799450271295
datasets/synthetic_data/s2.csv,398,<timecave.validation_methods.markov.MarkovCV object at 0x00000250E96F87D0>,9,ARMA,2.534340594888915,1.335603648609337,1.591961241641553
datasets/synthetic_data/s2.csv,399,<timecave.validation_methods.OOS.Holdout object at 0x00000250F2A0F080>,0,Tree,3.465393589119969,1.6000888556671031,1.8615567649470077
datasets/synthetic_data/s2.csv,399,<timecave.validation_methods.OOS.Holdout object at 0x00000250F2A0F080>,0,ARMA,1.6759171034254219,1.0394045744008964,1.2945721700335682
datasets/synthetic_data/s2.csv,399,<timecave.validation_methods.OOS.Repeated_Holdout object at 0x00000250F6A44DA0>,0,Tree,2.2730596265617296,1.2420985740532686,1.5076669481559015
datasets/synthetic_data/s2.csv,399,<timecave.validation_methods.OOS.Repeated_Holdout object at 0x00000250F6A44DA0>,0,ARMA,1.7402603483484524,1.0245246649032032,1.3191892769229336
datasets/synthetic_data/s2.csv,399,<timecave.validation_methods.OOS.Repeated_Holdout object at 0x00000250F6A44DA0>,1,Tree,1.5743338079970963,1.0373352756757785,1.254724594481632
datasets/synthetic_data/s2.csv,399,<timecave.validation_methods.OOS.Repeated_Holdout object at 0x00000250F6A44DA0>,1,ARMA,1.6677644175563417,1.009217035889645,1.2914195358427647
datasets/synthetic_data/s2.csv,399,<timecave.validation_methods.OOS.Repeated_Holdout object at 0x00000250F6A44DA0>,2,Tree,2.5196008426524434,1.3132471319367074,1.5873250589127745
datasets/synthetic_data/s2.csv,399,<timecave.validation_methods.OOS.Repeated_Holdout object at 0x00000250F6A44DA0>,2,ARMA,1.6235614424796356,1.0071461551166374,1.274190504783188
datasets/synthetic_data/s2.csv,399,<timecave.validation_methods.OOS.Repeated_Holdout object at 0x00000250F6A44DA0>,3,Tree,2.552718697265138,1.3640625448401111,1.59772297262859
datasets/synthetic_data/s2.csv,399,<timecave.validation_methods.OOS.Repeated_Holdout object at 0x00000250F6A44DA0>,3,ARMA,1.6759171034254219,1.0394045744008964,1.2945721700335682
datasets/synthetic_data/s2.csv,399,<timecave.validation_methods.prequential.Growing_Window object at 0x00000250F6A47320>,0,Tree,3.971350956676999,1.6131882006107074,1.9928248685413876
datasets/synthetic_data/s2.csv,399,<timecave.validation_methods.prequential.Growing_Window object at 0x00000250F6A47320>,0,ARMA,1.8224960482670798,1.0655243487826218,1.3499985363944214
datasets/synthetic_data/s2.csv,399,<timecave.validation_methods.prequential.Growing_Window object at 0x00000250F6A47320>,1,Tree,2.9714640468376703,1.4066067495820336,1.7237935046976103
datasets/synthetic_data/s2.csv,399,<timecave.validation_methods.prequential.Growing_Window object at 0x00000250F6A47320>,1,ARMA,1.9467896565492804,1.1375446603469095,1.3952740435302595
datasets/synthetic_data/s2.csv,399,<timecave.validation_methods.prequential.Growing_Window object at 0x00000250F6A47320>,2,Tree,2.840337124105309,1.479891125695262,1.6853299748432973
datasets/synthetic_data/s2.csv,399,<timecave.validation_methods.prequential.Growing_Window object at 0x00000250F6A47320>,2,ARMA,1.482703095241234,0.9198821399260493,1.217662964551864
datasets/synthetic_data/s2.csv,399,<timecave.validation_methods.prequential.Growing_Window object at 0x00000250F6A47320>,3,Tree,1.5172830036625793,1.012625607101633,1.231780420230237
datasets/synthetic_data/s2.csv,399,<timecave.validation_methods.prequential.Growing_Window object at 0x00000250F6A47320>,3,ARMA,1.6712882359365642,0.9878479254778363,1.292783135694678
datasets/synthetic_data/s2.csv,399,<timecave.validation_methods.prequential.Growing_Window object at 0x00000250F6BB1AF0>,0,Tree,3.250311677419664,1.4195769828316913,1.8028620794225119
datasets/synthetic_data/s2.csv,399,<timecave.validation_methods.prequential.Growing_Window object at 0x00000250F6BB1AF0>,0,ARMA,2.033893144482493,1.2000342314744,1.4261462563434695
datasets/synthetic_data/s2.csv,399,<timecave.validation_methods.prequential.Growing_Window object at 0x00000250F6BB1AF0>,1,Tree,2.561442324904871,1.2369018971099892,1.6004506630648978
datasets/synthetic_data/s2.csv,399,<timecave.validation_methods.prequential.Growing_Window object at 0x00000250F6BB1AF0>,1,ARMA,1.4806020476073343,0.9223453179436566,1.2167999209431821
datasets/synthetic_data/s2.csv,399,<timecave.validation_methods.prequential.Growing_Window object at 0x00000250F6BB1AF0>,2,Tree,1.769283104981726,1.1094300876493999,1.3301440166319307
datasets/synthetic_data/s2.csv,399,<timecave.validation_methods.prequential.Growing_Window object at 0x00000250F6BB1AF0>,2,ARMA,1.5348648792116995,0.9831851203609745,1.2388966378240356
datasets/synthetic_data/s2.csv,399,<timecave.validation_methods.prequential.Rolling_Window object at 0x00000250F6BB03B0>,0,Tree,3.81373343140769,1.563905031521922,1.9528782428527618
datasets/synthetic_data/s2.csv,399,<timecave.validation_methods.prequential.Rolling_Window object at 0x00000250F6BB03B0>,0,ARMA,1.8224960482670798,1.0655243487826218,1.3499985363944214
datasets/synthetic_data/s2.csv,399,<timecave.validation_methods.prequential.Rolling_Window object at 0x00000250F6BB03B0>,1,Tree,2.073369842036751,1.1405718297733325,1.4399200818228597
datasets/synthetic_data/s2.csv,399,<timecave.validation_methods.prequential.Rolling_Window object at 0x00000250F6BB03B0>,1,ARMA,2.232609204645322,1.1938355721014826,1.4941918232426927
datasets/synthetic_data/s2.csv,399,<timecave.validation_methods.prequential.Rolling_Window object at 0x00000250F6BB03B0>,2,Tree,2.5475063252179915,1.2709569412597115,1.5960909514241322
datasets/synthetic_data/s2.csv,399,<timecave.validation_methods.prequential.Rolling_Window object at 0x00000250F6BB03B0>,2,ARMA,1.484010482329618,0.9214300519750467,1.2181996890204898
datasets/synthetic_data/s2.csv,399,<timecave.validation_methods.prequential.Rolling_Window object at 0x00000250F6BB03B0>,3,Tree,3.171720828184683,1.3480329253068721,1.780932572610396
datasets/synthetic_data/s2.csv,399,<timecave.validation_methods.prequential.Rolling_Window object at 0x00000250F6BB03B0>,3,ARMA,1.9862612277202425,1.061675907867746,1.4093478022547317
datasets/synthetic_data/s2.csv,399,<timecave.validation_methods.prequential.Rolling_Window object at 0x00000250F6BB3E90>,0,Tree,3.1555825534305284,1.3639435926587078,1.7763959450050906
datasets/synthetic_data/s2.csv,399,<timecave.validation_methods.prequential.Rolling_Window object at 0x00000250F6BB3E90>,0,ARMA,2.033893144482493,1.2000342314744,1.4261462563434695
datasets/synthetic_data/s2.csv,399,<timecave.validation_methods.prequential.Rolling_Window object at 0x00000250F6BB3E90>,1,Tree,2.5938513119841713,1.2926658307727517,1.6105437938734144
datasets/synthetic_data/s2.csv,399,<timecave.validation_methods.prequential.Rolling_Window object at 0x00000250F6BB3E90>,1,ARMA,1.5636978088805742,1.0015044064667986,1.2504790317636574
datasets/synthetic_data/s2.csv,399,<timecave.validation_methods.prequential.Rolling_Window object at 0x00000250F6BB3E90>,2,Tree,1.6533527130773125,1.0136544125775713,1.28582763739053
datasets/synthetic_data/s2.csv,399,<timecave.validation_methods.prequential.Rolling_Window object at 0x00000250F6BB3E90>,2,ARMA,1.5161707724824067,0.975154286040044,1.2313288644722038
datasets/synthetic_data/s2.csv,399,<timecave.validation_methods.CV.Block_CV object at 0x00000250F6BB2570>,0,Tree,2.4024370302072664,1.2693457967956552,1.5499796870305322
datasets/synthetic_data/s2.csv,399,<timecave.validation_methods.CV.Block_CV object at 0x00000250F6BB2570>,0,ARMA,1.9054256741374247,1.213245986355588,1.3803715710407196
datasets/synthetic_data/s2.csv,399,<timecave.validation_methods.CV.Block_CV object at 0x00000250F6BB2570>,1,Tree,3.159465423385188,1.4029273057679301,1.7774885156830658
datasets/synthetic_data/s2.csv,399,<timecave.validation_methods.CV.Block_CV object at 0x00000250F6BB2570>,1,ARMA,1.8345591273697406,1.093767740905582,1.3544589795817887
datasets/synthetic_data/s2.csv,399,<timecave.validation_methods.CV.Block_CV object at 0x00000250F6BB2570>,2,Tree,2.437391688069877,1.30415388879335,1.5612148116354383
datasets/synthetic_data/s2.csv,399,<timecave.validation_methods.CV.Block_CV object at 0x00000250F6BB2570>,2,ARMA,2.007942691045161,1.154111355139955,1.417018945196274
datasets/synthetic_data/s2.csv,399,<timecave.validation_methods.CV.Block_CV object at 0x00000250F6BB2570>,3,Tree,3.1446401460260573,1.5641239514362313,1.7733133242678965
datasets/synthetic_data/s2.csv,399,<timecave.validation_methods.CV.Block_CV object at 0x00000250F6BB2570>,3,ARMA,1.5005592952044262,0.9575533866246215,1.2249731814225266
datasets/synthetic_data/s2.csv,399,<timecave.validation_methods.CV.Block_CV object at 0x00000250F6BB2570>,4,Tree,2.1475351420902236,1.2080603791276854,1.4654470792526844
datasets/synthetic_data/s2.csv,399,<timecave.validation_methods.CV.Block_CV object at 0x00000250F6BB2570>,4,ARMA,1.6712882359365642,0.9878479254778363,1.292783135694678
datasets/synthetic_data/s2.csv,399,<timecave.validation_methods.CV.AdaptedhvBlockCV object at 0x00000250F2620440>,0,Tree,2.0530425656604194,1.1261598365451069,1.4328442223983804
datasets/synthetic_data/s2.csv,399,<timecave.validation_methods.CV.AdaptedhvBlockCV object at 0x00000250F2620440>,0,ARMA,1.9068655877185805,1.2136412125219775,1.3808930399269093
datasets/synthetic_data/s2.csv,399,<timecave.validation_methods.CV.AdaptedhvBlockCV object at 0x00000250F2620440>,1,Tree,3.886103826441303,1.5258418918900256,1.9713203256805585
datasets/synthetic_data/s2.csv,399,<timecave.validation_methods.CV.AdaptedhvBlockCV object at 0x00000250F2620440>,1,ARMA,1.8420472884400612,1.0983532479053781,1.357220427358821
datasets/synthetic_data/s2.csv,399,<timecave.validation_methods.CV.AdaptedhvBlockCV object at 0x00000250F2620440>,2,Tree,3.162654859663691,1.4541112185225031,1.7783854643084809
datasets/synthetic_data/s2.csv,399,<timecave.validation_methods.CV.AdaptedhvBlockCV object at 0x00000250F2620440>,2,ARMA,2.004861006568949,1.153366073157203,1.415931144713241
datasets/synthetic_data/s2.csv,399,<timecave.validation_methods.CV.AdaptedhvBlockCV object at 0x00000250F2620440>,3,Tree,1.9981760562247006,1.2438488267054777,1.4135685537761162
datasets/synthetic_data/s2.csv,399,<timecave.validation_methods.CV.AdaptedhvBlockCV object at 0x00000250F2620440>,3,ARMA,1.4998498382412333,0.9540881875641571,1.2246835665759679
datasets/synthetic_data/s2.csv,399,<timecave.validation_methods.CV.AdaptedhvBlockCV object at 0x00000250F2620440>,4,Tree,1.5169130825972823,1.0060372625027512,1.2316302540118451
datasets/synthetic_data/s2.csv,399,<timecave.validation_methods.CV.AdaptedhvBlockCV object at 0x00000250F2620440>,4,ARMA,1.6236358949030951,1.0035695565756484,1.2742197200259833
datasets/synthetic_data/s2.csv,399,<timecave.validation_methods.markov.MarkovCV object at 0x00000250F2620F20>,0,Tree,4.916068760545288,1.6857800635616453,2.217220954380796
datasets/synthetic_data/s2.csv,399,<timecave.validation_methods.markov.MarkovCV object at 0x00000250F2620F20>,0,ARMA,2.2528113961918055,1.2613788400825625,1.5009368395078473
datasets/synthetic_data/s2.csv,399,<timecave.validation_methods.markov.MarkovCV object at 0x00000250F2620F20>,1,Tree,3.7996591384295684,1.6254269120218652,1.949271437853017
datasets/synthetic_data/s2.csv,399,<timecave.validation_methods.markov.MarkovCV object at 0x00000250F2620F20>,1,ARMA,2.72953140075834,1.314391837897989,1.6521293535187673
datasets/synthetic_data/s2.csv,399,<timecave.validation_methods.markov.MarkovCV object at 0x00000250F2620F20>,2,Tree,7.003896918803426,2.184833878970211,2.646487657028354
datasets/synthetic_data/s2.csv,399,<timecave.validation_methods.markov.MarkovCV object at 0x00000250F2620F20>,2,ARMA,1.804475582715775,0.9449927757423278,1.3433077021724305
datasets/synthetic_data/s2.csv,399,<timecave.validation_methods.markov.MarkovCV object at 0x00000250F2620F20>,3,Tree,7.540086159848812,2.4514867893694023,2.745921732287505
datasets/synthetic_data/s2.csv,399,<timecave.validation_methods.markov.MarkovCV object at 0x00000250F2620F20>,3,ARMA,4.8874496311038875,1.6475513754329578,2.2107577052006144
datasets/synthetic_data/s2.csv,399,<timecave.validation_methods.markov.MarkovCV object at 0x00000250F2620F20>,4,Tree,1.2045000498259548,0.9513553306921344,1.0974971753157066
datasets/synthetic_data/s2.csv,399,<timecave.validation_methods.markov.MarkovCV object at 0x00000250F2620F20>,4,ARMA,1.154707160855863,0.9143153521881615,1.0745730132735807
datasets/synthetic_data/s2.csv,399,<timecave.validation_methods.markov.MarkovCV object at 0x00000250F2620F20>,5,Tree,1.1405652625952776,0.9592913866838273,1.0679725008609902
datasets/synthetic_data/s2.csv,399,<timecave.validation_methods.markov.MarkovCV object at 0x00000250F2620F20>,5,ARMA,1.2749824912308048,0.8710435785660671,1.1291512260236911
datasets/synthetic_data/s2.csv,399,<timecave.validation_methods.markov.MarkovCV object at 0x00000250F2620F20>,6,Tree,6.091339279718974,1.7991584187234595,2.46806387269839
datasets/synthetic_data/s2.csv,399,<timecave.validation_methods.markov.MarkovCV object at 0x00000250F2620F20>,6,ARMA,3.0875226930645754,1.3645261798336632,1.7571347964981445
datasets/synthetic_data/s2.csv,399,<timecave.validation_methods.markov.MarkovCV object at 0x00000250F2620F20>,7,Tree,5.892748742541986,2.0418668868070493,2.4274984536641804
datasets/synthetic_data/s2.csv,399,<timecave.validation_methods.markov.MarkovCV object at 0x00000250F2620F20>,7,ARMA,2.5635723976537985,1.3019937981858134,1.601115985072224
datasets/synthetic_data/s2.csv,399,<timecave.validation_methods.markov.MarkovCV object at 0x00000250F2620F20>,8,Tree,2.84394745158639,1.4336229871422175,1.6864007387291995
datasets/synthetic_data/s2.csv,399,<timecave.validation_methods.markov.MarkovCV object at 0x00000250F2620F20>,8,ARMA,1.4577030703932876,1.0103306095252411,1.2073537469993156
datasets/synthetic_data/s2.csv,399,<timecave.validation_methods.markov.MarkovCV object at 0x00000250F2620F20>,9,Tree,3.0322202332895007,1.2592864189490063,1.7413271471178242
datasets/synthetic_data/s2.csv,399,<timecave.validation_methods.markov.MarkovCV object at 0x00000250F2620F20>,9,ARMA,1.694093162019099,1.0190718990755432,1.3015733410066062
datasets/synthetic_data/s2.csv,400,<timecave.validation_methods.OOS.Holdout object at 0x00000250F265BC20>,0,Tree,1.9301336831836695,1.1266690394337524,1.3892925117424586
datasets/synthetic_data/s2.csv,400,<timecave.validation_methods.OOS.Holdout object at 0x00000250F265BC20>,0,ARMA,1.5939384458199821,0.9987852489873088,1.2625127507554061
datasets/synthetic_data/s2.csv,400,<timecave.validation_methods.OOS.Repeated_Holdout object at 0x00000250F6BB0F20>,0,Tree,2.6201264720487254,1.2747238435102934,1.6186804724987343
datasets/synthetic_data/s2.csv,400,<timecave.validation_methods.OOS.Repeated_Holdout object at 0x00000250F6BB0F20>,0,ARMA,1.5213426505698027,0.9536251594571081,1.2334271971096642
datasets/synthetic_data/s2.csv,400,<timecave.validation_methods.OOS.Repeated_Holdout object at 0x00000250F6BB0F20>,1,Tree,1.5516435758674796,0.8667233926771029,1.2456498608627866
datasets/synthetic_data/s2.csv,400,<timecave.validation_methods.OOS.Repeated_Holdout object at 0x00000250F6BB0F20>,1,ARMA,1.5638172244410629,0.9682738311457402,1.2505267787780727
datasets/synthetic_data/s2.csv,400,<timecave.validation_methods.OOS.Repeated_Holdout object at 0x00000250F6BB0F20>,2,Tree,1.8909303429466668,1.1099041282287612,1.3751110293160573
datasets/synthetic_data/s2.csv,400,<timecave.validation_methods.OOS.Repeated_Holdout object at 0x00000250F6BB0F20>,2,ARMA,1.5651194951601686,0.9777489530433175,1.2510473592794833
datasets/synthetic_data/s2.csv,400,<timecave.validation_methods.OOS.Repeated_Holdout object at 0x00000250F6BB0F20>,3,Tree,1.9065571415513447,1.1131189008324183,1.380781351826329
datasets/synthetic_data/s2.csv,400,<timecave.validation_methods.OOS.Repeated_Holdout object at 0x00000250F6BB0F20>,3,ARMA,1.5939384458199821,0.9987852489873088,1.2625127507554061
datasets/synthetic_data/s2.csv,400,<timecave.validation_methods.prequential.Growing_Window object at 0x00000250F6BB28D0>,0,Tree,2.441089272737831,1.173199088361482,1.562398563983541
datasets/synthetic_data/s2.csv,400,<timecave.validation_methods.prequential.Growing_Window object at 0x00000250F6BB28D0>,0,ARMA,1.6085874314926474,0.9926379624907145,1.2683010019284253
datasets/synthetic_data/s2.csv,400,<timecave.validation_methods.prequential.Growing_Window object at 0x00000250F6BB28D0>,1,Tree,2.298511814453681,1.2734848303424533,1.5160843691739854
datasets/synthetic_data/s2.csv,400,<timecave.validation_methods.prequential.Growing_Window object at 0x00000250F6BB28D0>,1,ARMA,1.4719708938447016,0.9174576888345236,1.2132480759699154
datasets/synthetic_data/s2.csv,400,<timecave.validation_methods.prequential.Growing_Window object at 0x00000250F6BB28D0>,2,Tree,2.143218233464676,1.2088014627147434,1.4639734401500173
datasets/synthetic_data/s2.csv,400,<timecave.validation_methods.prequential.Growing_Window object at 0x00000250F6BB28D0>,2,ARMA,1.941482488006563,1.1404068298839187,1.393370908267631
datasets/synthetic_data/s2.csv,400,<timecave.validation_methods.prequential.Growing_Window object at 0x00000250F6BB28D0>,3,Tree,2.336160021189549,1.0960864011582219,1.5284502023911504
datasets/synthetic_data/s2.csv,400,<timecave.validation_methods.prequential.Growing_Window object at 0x00000250F6BB28D0>,3,ARMA,1.623077149796941,0.996697452398273,1.2740004512546066
datasets/synthetic_data/s2.csv,400,<timecave.validation_methods.prequential.Growing_Window object at 0x00000250F6BB3260>,0,Tree,1.745006887962343,1.1179071814614618,1.3209870884919137
datasets/synthetic_data/s2.csv,400,<timecave.validation_methods.prequential.Growing_Window object at 0x00000250F6BB3260>,0,ARMA,1.394395282839336,0.9013728110909089,1.1808451561654203
datasets/synthetic_data/s2.csv,400,<timecave.validation_methods.prequential.Growing_Window object at 0x00000250F6BB3260>,1,Tree,3.7389432997509306,1.611136315844952,1.9336347379355106
datasets/synthetic_data/s2.csv,400,<timecave.validation_methods.prequential.Growing_Window object at 0x00000250F6BB3260>,1,ARMA,1.9314125962145803,1.1411231373514228,1.3897527104541225
datasets/synthetic_data/s2.csv,400,<timecave.validation_methods.prequential.Growing_Window object at 0x00000250F6BB3260>,2,Tree,1.7562253479383518,1.0164712890646959,1.3252265270278707
datasets/synthetic_data/s2.csv,400,<timecave.validation_methods.prequential.Growing_Window object at 0x00000250F6BB3260>,2,ARMA,1.6300964917554692,1.0093640309261844,1.2767523220090375
datasets/synthetic_data/s2.csv,400,<timecave.validation_methods.prequential.Rolling_Window object at 0x00000250F6CE8920>,0,Tree,2.4385896367770665,1.1817526699027463,1.5615984236598943
datasets/synthetic_data/s2.csv,400,<timecave.validation_methods.prequential.Rolling_Window object at 0x00000250F6CE8920>,0,ARMA,1.6085874314926474,0.9926379624907145,1.2683010019284253
datasets/synthetic_data/s2.csv,400,<timecave.validation_methods.prequential.Rolling_Window object at 0x00000250F6CE8920>,1,Tree,3.1818394936585896,1.5286986893980699,1.7837711438574708
datasets/synthetic_data/s2.csv,400,<timecave.validation_methods.prequential.Rolling_Window object at 0x00000250F6CE8920>,1,ARMA,1.4745437878613132,0.9083975431054994,1.214307946058706
datasets/synthetic_data/s2.csv,400,<timecave.validation_methods.prequential.Rolling_Window object at 0x00000250F6CE8920>,2,Tree,2.767852365611174,1.3366627440888712,1.6636863783812064
datasets/synthetic_data/s2.csv,400,<timecave.validation_methods.prequential.Rolling_Window object at 0x00000250F6CE8920>,2,ARMA,1.9591634254672612,1.1413179961904312,1.3997011914931206
datasets/synthetic_data/s2.csv,400,<timecave.validation_methods.prequential.Rolling_Window object at 0x00000250F6CE8920>,3,Tree,2.2448711903870073,1.2984173461150532,1.4982894214359945
datasets/synthetic_data/s2.csv,400,<timecave.validation_methods.prequential.Rolling_Window object at 0x00000250F6CE8920>,3,ARMA,1.6652470596965276,1.0361976845509686,1.2904445201931494
datasets/synthetic_data/s2.csv,400,<timecave.validation_methods.prequential.Rolling_Window object at 0x00000250F6CEB980>,0,Tree,1.8026922395931595,1.0978709741082593,1.3426437500666957
datasets/synthetic_data/s2.csv,400,<timecave.validation_methods.prequential.Rolling_Window object at 0x00000250F6CEB980>,0,ARMA,1.394395282839336,0.9013728110909089,1.1808451561654203
datasets/synthetic_data/s2.csv,400,<timecave.validation_methods.prequential.Rolling_Window object at 0x00000250F6CEB980>,1,Tree,3.6710003621524887,1.5720521494858555,1.9159854806737155
datasets/synthetic_data/s2.csv,400,<timecave.validation_methods.prequential.Rolling_Window object at 0x00000250F6CEB980>,1,ARMA,1.9784322191024049,1.1764656634116988,1.4065675309427574
datasets/synthetic_data/s2.csv,400,<timecave.validation_methods.prequential.Rolling_Window object at 0x00000250F6CEB980>,2,Tree,3.996375954647976,1.6495297394864699,1.999093783354842
datasets/synthetic_data/s2.csv,400,<timecave.validation_methods.prequential.Rolling_Window object at 0x00000250F6CEB980>,2,ARMA,1.7062027946154648,1.0161366183223801,1.3062169783827895
datasets/synthetic_data/s2.csv,400,<timecave.validation_methods.CV.Block_CV object at 0x00000250F29F64E0>,0,Tree,1.3687881470577363,0.9285625490310757,1.1699521986208394
datasets/synthetic_data/s2.csv,400,<timecave.validation_methods.CV.Block_CV object at 0x00000250F29F64E0>,0,ARMA,1.7273831751675959,1.0108587763955248,1.314299499797362
datasets/synthetic_data/s2.csv,400,<timecave.validation_methods.CV.Block_CV object at 0x00000250F29F64E0>,1,Tree,2.1259282397191144,1.1949303300912502,1.4580563225469427
datasets/synthetic_data/s2.csv,400,<timecave.validation_methods.CV.Block_CV object at 0x00000250F29F64E0>,1,ARMA,1.8012682519003562,1.039743388317352,1.3421133528507778
datasets/synthetic_data/s2.csv,400,<timecave.validation_methods.CV.Block_CV object at 0x00000250F29F64E0>,2,Tree,3.218192197501069,1.5512070299491183,1.7939320492987099
datasets/synthetic_data/s2.csv,400,<timecave.validation_methods.CV.Block_CV object at 0x00000250F29F64E0>,2,ARMA,1.5337958215650436,0.973695334663987,1.2384651071245583
datasets/synthetic_data/s2.csv,400,<timecave.validation_methods.CV.Block_CV object at 0x00000250F29F64E0>,3,Tree,1.8284815303392972,1.1372784682076444,1.3522135668374642
datasets/synthetic_data/s2.csv,400,<timecave.validation_methods.CV.Block_CV object at 0x00000250F29F64E0>,3,ARMA,1.8702936489352635,1.1064119747805425,1.3675867975873646
datasets/synthetic_data/s2.csv,400,<timecave.validation_methods.CV.Block_CV object at 0x00000250F29F64E0>,4,Tree,2.1088209768998136,1.085795332119252,1.4521780114365503
datasets/synthetic_data/s2.csv,400,<timecave.validation_methods.CV.Block_CV object at 0x00000250F29F64E0>,4,ARMA,1.623077149796941,0.996697452398273,1.2740004512546066
datasets/synthetic_data/s2.csv,400,<timecave.validation_methods.CV.AdaptedhvBlockCV object at 0x00000250F6CBCFB0>,0,Tree,1.356041533685094,0.9086057171975207,1.1644919637700786
datasets/synthetic_data/s2.csv,400,<timecave.validation_methods.CV.AdaptedhvBlockCV object at 0x00000250F6CBCFB0>,0,ARMA,1.7467078675638383,1.0167024280913457,1.321630760675552
datasets/synthetic_data/s2.csv,400,<timecave.validation_methods.CV.AdaptedhvBlockCV object at 0x00000250F6CBCFB0>,1,Tree,2.814462534152265,1.240001359949868,1.6776359957250158
datasets/synthetic_data/s2.csv,400,<timecave.validation_methods.CV.AdaptedhvBlockCV object at 0x00000250F6CBCFB0>,1,ARMA,1.7955872781442397,1.039364415887273,1.3399952530304873
datasets/synthetic_data/s2.csv,400,<timecave.validation_methods.CV.AdaptedhvBlockCV object at 0x00000250F6CBCFB0>,2,Tree,3.2773004141571627,1.5210596095699112,1.810331575749913
datasets/synthetic_data/s2.csv,400,<timecave.validation_methods.CV.AdaptedhvBlockCV object at 0x00000250F6CBCFB0>,2,ARMA,1.5385199731718469,0.9752553912359911,1.2403709014532092
datasets/synthetic_data/s2.csv,400,<timecave.validation_methods.CV.AdaptedhvBlockCV object at 0x00000250F6CBCFB0>,3,Tree,1.9436992116203602,1.0789247858778355,1.394166134870719
datasets/synthetic_data/s2.csv,400,<timecave.validation_methods.CV.AdaptedhvBlockCV object at 0x00000250F6CBCFB0>,3,ARMA,1.8673701905901567,1.0984201842356671,1.3665175412669084
datasets/synthetic_data/s2.csv,400,<timecave.validation_methods.CV.AdaptedhvBlockCV object at 0x00000250F6CBCFB0>,4,Tree,1.7409391070527103,0.9906936918060162,1.3194465154195187
datasets/synthetic_data/s2.csv,400,<timecave.validation_methods.CV.AdaptedhvBlockCV object at 0x00000250F6CBCFB0>,4,ARMA,1.5345734594957485,0.9543005903415902,1.2387790196381874
datasets/synthetic_data/s2.csv,400,<timecave.validation_methods.markov.MarkovCV object at 0x00000250F6CEB1D0>,0,Tree,1.3014259290118553,0.8503491499047364,1.1408005649594741
datasets/synthetic_data/s2.csv,400,<timecave.validation_methods.markov.MarkovCV object at 0x00000250F6CEB1D0>,0,ARMA,2.4619165459942063,1.1830358801145622,1.5690495677301615
datasets/synthetic_data/s2.csv,400,<timecave.validation_methods.markov.MarkovCV object at 0x00000250F6CEB1D0>,1,Tree,2.5852751945444163,1.193408466148785,1.6078790982360633
datasets/synthetic_data/s2.csv,400,<timecave.validation_methods.markov.MarkovCV object at 0x00000250F6CEB1D0>,1,ARMA,2.7197857069064426,1.3800622669145686,1.6491772818306838
datasets/synthetic_data/s2.csv,400,<timecave.validation_methods.markov.MarkovCV object at 0x00000250F6CEB1D0>,2,Tree,2.7695837422096545,1.3214623847847191,1.6642066404775744
datasets/synthetic_data/s2.csv,400,<timecave.validation_methods.markov.MarkovCV object at 0x00000250F6CEB1D0>,2,ARMA,1.5242427234539784,0.9848266963967244,1.2346022531382237
datasets/synthetic_data/s2.csv,400,<timecave.validation_methods.markov.MarkovCV object at 0x00000250F6CEB1D0>,3,Tree,2.1771733501113806,1.2423402803685686,1.4755247710937898
datasets/synthetic_data/s2.csv,400,<timecave.validation_methods.markov.MarkovCV object at 0x00000250F6CEB1D0>,3,ARMA,2.8212198434380285,1.3720861987033979,1.6796487262037942
datasets/synthetic_data/s2.csv,400,<timecave.validation_methods.markov.MarkovCV object at 0x00000250F6CEB1D0>,4,Tree,3.6292600722468915,1.6791743428042603,1.905061697753354
datasets/synthetic_data/s2.csv,400,<timecave.validation_methods.markov.MarkovCV object at 0x00000250F6CEB1D0>,4,ARMA,2.096937812921031,1.2307383094265067,1.4480807342551834
datasets/synthetic_data/s2.csv,400,<timecave.validation_methods.markov.MarkovCV object at 0x00000250F6CEB1D0>,5,Tree,4.059303661204577,1.8376036529277966,2.014771366980526
datasets/synthetic_data/s2.csv,400,<timecave.validation_methods.markov.MarkovCV object at 0x00000250F6CEB1D0>,5,ARMA,2.509424941899076,1.2466794932847614,1.584116454651954
datasets/synthetic_data/s2.csv,400,<timecave.validation_methods.markov.MarkovCV object at 0x00000250F6CEB1D0>,6,Tree,3.6877587397008074,1.6428163581751207,1.9203538058651608
datasets/synthetic_data/s2.csv,400,<timecave.validation_methods.markov.MarkovCV object at 0x00000250F6CEB1D0>,6,ARMA,1.9286126334567824,1.006325811620169,1.388744985033891
datasets/synthetic_data/s2.csv,400,<timecave.validation_methods.markov.MarkovCV object at 0x00000250F6CEB1D0>,7,Tree,6.099204442455256,2.134369815821378,2.4696567458768954
datasets/synthetic_data/s2.csv,400,<timecave.validation_methods.markov.MarkovCV object at 0x00000250F6CEB1D0>,7,ARMA,2.3422324681929636,1.1403396439687319,1.5304353851740895
datasets/synthetic_data/s2.csv,400,<timecave.validation_methods.markov.MarkovCV object at 0x00000250F6CEB1D0>,8,Tree,2.8801451440915686,1.2893608330913837,1.6970990377970192
datasets/synthetic_data/s2.csv,400,<timecave.validation_methods.markov.MarkovCV object at 0x00000250F6CEB1D0>,8,ARMA,4.384418813343435,1.5870414744416352,2.0939003828605207
datasets/synthetic_data/s2.csv,400,<timecave.validation_methods.markov.MarkovCV object at 0x00000250F6CEB1D0>,9,Tree,1.550534419131022,1.1009522222230999,1.2452045691897464
datasets/synthetic_data/s2.csv,400,<timecave.validation_methods.markov.MarkovCV object at 0x00000250F6CEB1D0>,9,ARMA,1.938901905331172,1.0441913185930232,1.3924445789083213
datasets/synthetic_data/s2.csv,401,<timecave.validation_methods.OOS.Holdout object at 0x00000250F6C15FA0>,0,Tree,2.672416012906809,1.3517566091735003,1.634752584615424
datasets/synthetic_data/s2.csv,401,<timecave.validation_methods.OOS.Holdout object at 0x00000250F6C15FA0>,0,ARMA,2.0975018502326597,1.1787171990497967,1.448275474567135
datasets/synthetic_data/s2.csv,401,<timecave.validation_methods.OOS.Repeated_Holdout object at 0x00000250F6BB0860>,0,Tree,1.8641657173059074,1.0358031849457696,1.3653445416106176
datasets/synthetic_data/s2.csv,401,<timecave.validation_methods.OOS.Repeated_Holdout object at 0x00000250F6BB0860>,0,ARMA,1.9345006415401451,1.1449286069657147,1.3908632720509033
datasets/synthetic_data/s2.csv,401,<timecave.validation_methods.OOS.Repeated_Holdout object at 0x00000250F6BB0860>,1,Tree,2.5455129295529075,1.2463609113411873,1.5954663674151541
datasets/synthetic_data/s2.csv,401,<timecave.validation_methods.OOS.Repeated_Holdout object at 0x00000250F6BB0860>,1,ARMA,2.0129185801228227,1.1622572080682316,1.4187736183488973
datasets/synthetic_data/s2.csv,401,<timecave.validation_methods.OOS.Repeated_Holdout object at 0x00000250F6BB0860>,2,Tree,4.195949619106267,1.6643558524770496,2.048401723077353
datasets/synthetic_data/s2.csv,401,<timecave.validation_methods.OOS.Repeated_Holdout object at 0x00000250F6BB0860>,2,ARMA,2.1815641454215324,1.1970598034027946,1.4770118975219977
datasets/synthetic_data/s2.csv,401,<timecave.validation_methods.OOS.Repeated_Holdout object at 0x00000250F6BB0860>,3,Tree,2.8307921662467646,1.3791128739394245,1.6824958146297913
datasets/synthetic_data/s2.csv,401,<timecave.validation_methods.OOS.Repeated_Holdout object at 0x00000250F6BB0860>,3,ARMA,2.0975018502326597,1.1787171990497967,1.448275474567135
datasets/synthetic_data/s2.csv,401,<timecave.validation_methods.prequential.Growing_Window object at 0x00000250F29F5DF0>,0,Tree,3.768556304621259,1.5769317976936152,1.941276977821882
datasets/synthetic_data/s2.csv,401,<timecave.validation_methods.prequential.Growing_Window object at 0x00000250F29F5DF0>,0,ARMA,1.406688140369683,0.9554154683708316,1.18603884437639
datasets/synthetic_data/s2.csv,401,<timecave.validation_methods.prequential.Growing_Window object at 0x00000250F29F5DF0>,1,Tree,4.35229128793806,1.6673427197144823,2.0862145833873513
datasets/synthetic_data/s2.csv,401,<timecave.validation_methods.prequential.Growing_Window object at 0x00000250F29F5DF0>,1,ARMA,3.560245517451155,1.5168823926857964,1.8868612872840322
datasets/synthetic_data/s2.csv,401,<timecave.validation_methods.prequential.Growing_Window object at 0x00000250F29F5DF0>,2,Tree,2.832683021624632,1.2748410322038024,1.6830576406126536
datasets/synthetic_data/s2.csv,401,<timecave.validation_methods.prequential.Growing_Window object at 0x00000250F29F5DF0>,2,ARMA,2.4012437418058328,1.1874502640068778,1.549594702432166
datasets/synthetic_data/s2.csv,401,<timecave.validation_methods.prequential.Growing_Window object at 0x00000250F29F5DF0>,3,Tree,2.525725376525235,1.1986293702675024,1.5892530876248865
datasets/synthetic_data/s2.csv,401,<timecave.validation_methods.prequential.Growing_Window object at 0x00000250F29F5DF0>,3,ARMA,2.0848853216999665,1.1703535561862286,1.443913197425651
datasets/synthetic_data/s2.csv,401,<timecave.validation_methods.prequential.Growing_Window object at 0x00000250F29F45F0>,0,Tree,4.684136162744348,1.786048767991231,2.1642865251034458
datasets/synthetic_data/s2.csv,401,<timecave.validation_methods.prequential.Growing_Window object at 0x00000250F29F45F0>,0,ARMA,3.369967364292331,1.4900009747468794,1.8357470861456735
datasets/synthetic_data/s2.csv,401,<timecave.validation_methods.prequential.Growing_Window object at 0x00000250F29F45F0>,1,Tree,4.833002842012996,1.8012232685518301,2.198409161646893
datasets/synthetic_data/s2.csv,401,<timecave.validation_methods.prequential.Growing_Window object at 0x00000250F29F45F0>,1,ARMA,2.3146597312789785,1.1508589956965427,1.5214005821212828
datasets/synthetic_data/s2.csv,401,<timecave.validation_methods.prequential.Growing_Window object at 0x00000250F29F45F0>,2,Tree,2.0992127181533227,1.1529723134557455,1.4488660111112148
datasets/synthetic_data/s2.csv,401,<timecave.validation_methods.prequential.Growing_Window object at 0x00000250F29F45F0>,2,ARMA,2.017338724274289,1.148162538722481,1.4203304982553493
datasets/synthetic_data/s2.csv,401,<timecave.validation_methods.prequential.Rolling_Window object at 0x00000250F7D93770>,0,Tree,3.6258902808311433,1.5566226498974898,1.9041770613131395
datasets/synthetic_data/s2.csv,401,<timecave.validation_methods.prequential.Rolling_Window object at 0x00000250F7D93770>,0,ARMA,1.406688140369683,0.9554154683708316,1.18603884437639
datasets/synthetic_data/s2.csv,401,<timecave.validation_methods.prequential.Rolling_Window object at 0x00000250F7D93770>,1,Tree,6.048326360088321,2.118405940150735,2.459334536025614
datasets/synthetic_data/s2.csv,401,<timecave.validation_methods.prequential.Rolling_Window object at 0x00000250F7D93770>,1,ARMA,3.6209628938677048,1.5509976860978112,1.902882785109925
datasets/synthetic_data/s2.csv,401,<timecave.validation_methods.prequential.Rolling_Window object at 0x00000250F7D93770>,2,Tree,3.5781103420562967,1.585030642387129,1.891589369301989
datasets/synthetic_data/s2.csv,401,<timecave.validation_methods.prequential.Rolling_Window object at 0x00000250F7D93770>,2,ARMA,3.6645006864868694,1.5487302319878014,1.9142885588350753
datasets/synthetic_data/s2.csv,401,<timecave.validation_methods.prequential.Rolling_Window object at 0x00000250F7D93770>,3,Tree,3.8296225496532945,1.700519620442292,1.9569421426432858
datasets/synthetic_data/s2.csv,401,<timecave.validation_methods.prequential.Rolling_Window object at 0x00000250F7D93770>,3,ARMA,2.26708582595361,1.2190691831394318,1.5056845041221651
datasets/synthetic_data/s2.csv,401,<timecave.validation_methods.prequential.Rolling_Window object at 0x00000250F7D91370>,0,Tree,5.294270434221212,1.890178293187509,2.300928167983784
datasets/synthetic_data/s2.csv,401,<timecave.validation_methods.prequential.Rolling_Window object at 0x00000250F7D91370>,0,ARMA,3.369967364292331,1.4900009747468794,1.8357470861456735
datasets/synthetic_data/s2.csv,401,<timecave.validation_methods.prequential.Rolling_Window object at 0x00000250F7D91370>,1,Tree,4.034914312282843,1.5064461557349542,2.0087096137278886
datasets/synthetic_data/s2.csv,401,<timecave.validation_methods.prequential.Rolling_Window object at 0x00000250F7D91370>,1,ARMA,2.343547995020759,1.147387038610042,1.530865113267906
datasets/synthetic_data/s2.csv,401,<timecave.validation_methods.prequential.Rolling_Window object at 0x00000250F7D91370>,2,Tree,3.0843925004460107,1.4572156161442764,1.7562438613262141
datasets/synthetic_data/s2.csv,401,<timecave.validation_methods.prequential.Rolling_Window object at 0x00000250F7D91370>,2,ARMA,2.786939006727353,1.4086507323190478,1.6694127730215056
datasets/synthetic_data/s2.csv,401,<timecave.validation_methods.CV.Block_CV object at 0x00000250F7D91A30>,0,Tree,1.9412941294596981,1.103657252863821,1.3933033156709627
datasets/synthetic_data/s2.csv,401,<timecave.validation_methods.CV.Block_CV object at 0x00000250F7D91A30>,0,ARMA,1.0763080619561456,0.868807652096228,1.0374526793816408
datasets/synthetic_data/s2.csv,401,<timecave.validation_methods.CV.Block_CV object at 0x00000250F7D91A30>,1,Tree,3.145632688279139,1.3960749901106377,1.7735931574854304
datasets/synthetic_data/s2.csv,401,<timecave.validation_methods.CV.Block_CV object at 0x00000250F7D91A30>,1,ARMA,1.4892617100809797,0.9773458582281286,1.2203531087685153
datasets/synthetic_data/s2.csv,401,<timecave.validation_methods.CV.Block_CV object at 0x00000250F7D91A30>,2,Tree,2.9955365422615903,1.347546680304811,1.7307618386888446
datasets/synthetic_data/s2.csv,401,<timecave.validation_methods.CV.Block_CV object at 0x00000250F7D91A30>,2,ARMA,3.645236694344953,1.5251776651620115,1.9092502964108589
datasets/synthetic_data/s2.csv,401,<timecave.validation_methods.CV.Block_CV object at 0x00000250F7D91A30>,3,Tree,2.962236345537945,1.3851268801361192,1.721114855417251
datasets/synthetic_data/s2.csv,401,<timecave.validation_methods.CV.Block_CV object at 0x00000250F7D91A30>,3,ARMA,2.5480174871721433,1.2240097101383585,1.5962510727238817
datasets/synthetic_data/s2.csv,401,<timecave.validation_methods.CV.Block_CV object at 0x00000250F7D91A30>,4,Tree,2.498197173503414,1.2215215370355874,1.58056862347176
datasets/synthetic_data/s2.csv,401,<timecave.validation_methods.CV.Block_CV object at 0x00000250F7D91A30>,4,ARMA,2.0848853216999665,1.1703535561862286,1.443913197425651
datasets/synthetic_data/s2.csv,401,<timecave.validation_methods.CV.AdaptedhvBlockCV object at 0x00000250F7D92300>,0,Tree,1.247363032649788,0.8671136275260451,1.1168540784944951
datasets/synthetic_data/s2.csv,401,<timecave.validation_methods.CV.AdaptedhvBlockCV object at 0x00000250F7D92300>,0,ARMA,1.0759915344145623,0.8679734880292449,1.0373001178128547
datasets/synthetic_data/s2.csv,401,<timecave.validation_methods.CV.AdaptedhvBlockCV object at 0x00000250F7D92300>,1,Tree,3.716197609151033,1.512888767829611,1.9277441762721093
datasets/synthetic_data/s2.csv,401,<timecave.validation_methods.CV.AdaptedhvBlockCV object at 0x00000250F7D92300>,1,ARMA,1.499296943237825,0.9803216419448528,1.2244578160303543
datasets/synthetic_data/s2.csv,401,<timecave.validation_methods.CV.AdaptedhvBlockCV object at 0x00000250F7D92300>,2,Tree,1.523414892337811,0.9148642782213015,1.234266945331443
datasets/synthetic_data/s2.csv,401,<timecave.validation_methods.CV.AdaptedhvBlockCV object at 0x00000250F7D92300>,2,ARMA,3.6361012636338277,1.5183290328687262,1.9068563825400768
datasets/synthetic_data/s2.csv,401,<timecave.validation_methods.CV.AdaptedhvBlockCV object at 0x00000250F7D92300>,3,Tree,3.964317845256249,1.6864076249378643,1.9910594780810162
datasets/synthetic_data/s2.csv,401,<timecave.validation_methods.CV.AdaptedhvBlockCV object at 0x00000250F7D92300>,3,ARMA,2.5594539335955955,1.226782506602487,1.5998293451476615
datasets/synthetic_data/s2.csv,401,<timecave.validation_methods.CV.AdaptedhvBlockCV object at 0x00000250F7D92300>,4,Tree,2.727651578742357,1.2087509899427702,1.6515603466850242
datasets/synthetic_data/s2.csv,401,<timecave.validation_methods.CV.AdaptedhvBlockCV object at 0x00000250F7D92300>,4,ARMA,2.096349976272685,1.170452457736462,1.4478777490771397
datasets/synthetic_data/s2.csv,401,<timecave.validation_methods.markov.MarkovCV object at 0x00000250F7D904A0>,0,Tree,6.338245055479246,2.0201468132328664,2.5175871495301303
datasets/synthetic_data/s2.csv,401,<timecave.validation_methods.markov.MarkovCV object at 0x00000250F7D904A0>,0,ARMA,3.9917573158619146,1.6296198522821395,1.9979382662789946
datasets/synthetic_data/s2.csv,401,<timecave.validation_methods.markov.MarkovCV object at 0x00000250F7D904A0>,1,Tree,3.6012023029052087,1.6608624520202173,1.8976834042867132
datasets/synthetic_data/s2.csv,401,<timecave.validation_methods.markov.MarkovCV object at 0x00000250F7D904A0>,1,ARMA,1.6829557603913083,1.0267204942164612,1.297287847931718
datasets/synthetic_data/s2.csv,401,<timecave.validation_methods.markov.MarkovCV object at 0x00000250F7D904A0>,2,Tree,2.326918009864745,1.1768639194334167,1.5254238787513277
datasets/synthetic_data/s2.csv,401,<timecave.validation_methods.markov.MarkovCV object at 0x00000250F7D904A0>,2,ARMA,2.8344005327946515,1.4652915308790502,1.6835677986926014
datasets/synthetic_data/s2.csv,401,<timecave.validation_methods.markov.MarkovCV object at 0x00000250F7D904A0>,3,Tree,2.028591992279013,1.1066793325558963,1.4242864853248496
datasets/synthetic_data/s2.csv,401,<timecave.validation_methods.markov.MarkovCV object at 0x00000250F7D904A0>,3,ARMA,2.6099495775133863,1.3367718534351247,1.6155338366971415
datasets/synthetic_data/s2.csv,401,<timecave.validation_methods.markov.MarkovCV object at 0x00000250F7D904A0>,4,Tree,2.8666587967112807,1.3516990865317113,1.693121022464514
datasets/synthetic_data/s2.csv,401,<timecave.validation_methods.markov.MarkovCV object at 0x00000250F7D904A0>,4,ARMA,2.913320541568152,1.3442181881051525,1.7068452014076003
datasets/synthetic_data/s2.csv,401,<timecave.validation_methods.markov.MarkovCV object at 0x00000250F7D904A0>,5,Tree,6.002361778870694,1.9000093121253838,2.4499717914438714
datasets/synthetic_data/s2.csv,401,<timecave.validation_methods.markov.MarkovCV object at 0x00000250F7D904A0>,5,ARMA,4.415896282574664,1.681675830640235,2.1014034078621515
datasets/synthetic_data/s2.csv,401,<timecave.validation_methods.markov.MarkovCV object at 0x00000250F7D904A0>,6,Tree,7.25926252532706,2.2180439854646323,2.6943018623248323
datasets/synthetic_data/s2.csv,401,<timecave.validation_methods.markov.MarkovCV object at 0x00000250F7D904A0>,6,ARMA,3.3365529219322236,1.5900487306530562,1.826623366195731
datasets/synthetic_data/s2.csv,401,<timecave.validation_methods.markov.MarkovCV object at 0x00000250F7D904A0>,7,Tree,4.721365321851473,1.8837575395277073,2.1728702956806862
datasets/synthetic_data/s2.csv,401,<timecave.validation_methods.markov.MarkovCV object at 0x00000250F7D904A0>,7,ARMA,2.5780342209558573,1.3245994313352911,1.605625803528287
datasets/synthetic_data/s2.csv,401,<timecave.validation_methods.markov.MarkovCV object at 0x00000250F7D904A0>,8,Tree,3.650401193579144,1.5976559658412304,1.9106023117276771
datasets/synthetic_data/s2.csv,401,<timecave.validation_methods.markov.MarkovCV object at 0x00000250F7D904A0>,8,ARMA,2.5560976077006403,1.2690527374674272,1.5987800373098984
datasets/synthetic_data/s2.csv,401,<timecave.validation_methods.markov.MarkovCV object at 0x00000250F7D904A0>,9,Tree,2.436896962874245,1.126839315872632,1.5610563612100126
datasets/synthetic_data/s2.csv,401,<timecave.validation_methods.markov.MarkovCV object at 0x00000250F7D904A0>,9,ARMA,1.3049340000740801,0.912376702267891,1.1423370781315294
datasets/synthetic_data/s2.csv,402,<timecave.validation_methods.OOS.Holdout object at 0x00000250F2621C40>,0,Tree,1.2123244230918353,0.917457190932812,1.1010560490237704
datasets/synthetic_data/s2.csv,402,<timecave.validation_methods.OOS.Holdout object at 0x00000250F2621C40>,0,ARMA,1.0333750262013799,0.837948785100553,1.0165505527032976
datasets/synthetic_data/s2.csv,402,<timecave.validation_methods.OOS.Repeated_Holdout object at 0x00000250F2622960>,0,Tree,1.0011105594951457,0.838110856074892,1.0005551256653207
datasets/synthetic_data/s2.csv,402,<timecave.validation_methods.OOS.Repeated_Holdout object at 0x00000250F2622960>,0,ARMA,0.831099309482362,0.7227769952902482,0.911646482734597
datasets/synthetic_data/s2.csv,402,<timecave.validation_methods.OOS.Repeated_Holdout object at 0x00000250F2622960>,1,Tree,1.7243643917256144,0.9696681995393089,1.3131505594278268
datasets/synthetic_data/s2.csv,402,<timecave.validation_methods.OOS.Repeated_Holdout object at 0x00000250F2622960>,1,ARMA,0.7733139601330266,0.6905121573805915,0.879382715393603
datasets/synthetic_data/s2.csv,402,<timecave.validation_methods.OOS.Repeated_Holdout object at 0x00000250F2622960>,2,Tree,1.3763457744434233,0.9769932631594472,1.1731776397645086
datasets/synthetic_data/s2.csv,402,<timecave.validation_methods.OOS.Repeated_Holdout object at 0x00000250F2622960>,2,ARMA,0.8640802432749438,0.7663532646173649,0.9295591660969966
datasets/synthetic_data/s2.csv,402,<timecave.validation_methods.OOS.Repeated_Holdout object at 0x00000250F2622960>,3,Tree,1.0411146738862307,0.8257290130798063,1.0203502701946183
datasets/synthetic_data/s2.csv,402,<timecave.validation_methods.OOS.Repeated_Holdout object at 0x00000250F2622960>,3,ARMA,1.0333750262013799,0.837948785100553,1.0165505527032976
datasets/synthetic_data/s2.csv,402,<timecave.validation_methods.prequential.Growing_Window object at 0x00000250F2622180>,0,Tree,2.261415303911753,1.3064932746498152,1.5038002872428748
datasets/synthetic_data/s2.csv,402,<timecave.validation_methods.prequential.Growing_Window object at 0x00000250F2622180>,0,ARMA,1.7278604134119755,1.039411089179318,1.3144810433825114
datasets/synthetic_data/s2.csv,402,<timecave.validation_methods.prequential.Growing_Window object at 0x00000250F2622180>,1,Tree,2.736080297496125,1.3622589829644416,1.654110122542065
datasets/synthetic_data/s2.csv,402,<timecave.validation_methods.prequential.Growing_Window object at 0x00000250F2622180>,1,ARMA,1.5423549134655499,1.020593508369732,1.241915823824445
datasets/synthetic_data/s2.csv,402,<timecave.validation_methods.prequential.Growing_Window object at 0x00000250F2622180>,2,Tree,2.644596122153403,1.3705197040868589,1.6262214247000324
datasets/synthetic_data/s2.csv,402,<timecave.validation_methods.prequential.Growing_Window object at 0x00000250F2622180>,2,ARMA,1.636266912851192,1.1091897179027694,1.279166491451051
datasets/synthetic_data/s2.csv,402,<timecave.validation_methods.prequential.Growing_Window object at 0x00000250F2622180>,3,Tree,1.7371138733147464,0.9604897587983282,1.317996158308038
datasets/synthetic_data/s2.csv,402,<timecave.validation_methods.prequential.Growing_Window object at 0x00000250F2622180>,3,ARMA,0.7899021160182748,0.7033210499688611,0.8887643759840258
datasets/synthetic_data/s2.csv,402,<timecave.validation_methods.prequential.Growing_Window object at 0x00000250F2620CB0>,0,Tree,1.953976602874675,1.1363056901848203,1.3978471314398706
datasets/synthetic_data/s2.csv,402,<timecave.validation_methods.prequential.Growing_Window object at 0x00000250F2620CB0>,0,ARMA,1.5011167196960398,0.9877061914491008,1.2252006854781137
datasets/synthetic_data/s2.csv,402,<timecave.validation_methods.prequential.Growing_Window object at 0x00000250F2620CB0>,1,Tree,2.6011811262720075,1.349413326026483,1.6128177597831714
datasets/synthetic_data/s2.csv,402,<timecave.validation_methods.prequential.Growing_Window object at 0x00000250F2620CB0>,1,ARMA,1.637843204031268,1.0944094841468366,1.2797824830928373
datasets/synthetic_data/s2.csv,402,<timecave.validation_methods.prequential.Growing_Window object at 0x00000250F2620CB0>,2,Tree,1.1999394817734097,0.8054928184857713,1.0954174919971882
datasets/synthetic_data/s2.csv,402,<timecave.validation_methods.prequential.Growing_Window object at 0x00000250F2620CB0>,2,ARMA,0.8343181854015168,0.7150690740873192,0.9134101955865813
datasets/synthetic_data/s2.csv,402,<timecave.validation_methods.prequential.Rolling_Window object at 0x00000250F2622CF0>,0,Tree,2.3806863203160407,1.3400042262547525,1.542947283712584
datasets/synthetic_data/s2.csv,402,<timecave.validation_methods.prequential.Rolling_Window object at 0x00000250F2622CF0>,0,ARMA,1.7278604134119755,1.039411089179318,1.3144810433825114
datasets/synthetic_data/s2.csv,402,<timecave.validation_methods.prequential.Rolling_Window object at 0x00000250F2622CF0>,1,Tree,2.8392690638623668,1.4397855829856723,1.6850130752793484
datasets/synthetic_data/s2.csv,402,<timecave.validation_methods.prequential.Rolling_Window object at 0x00000250F2622CF0>,1,ARMA,1.5275724562000683,1.0138656103590669,1.2359500217242072
datasets/synthetic_data/s2.csv,402,<timecave.validation_methods.prequential.Rolling_Window object at 0x00000250F2622CF0>,2,Tree,2.314564964139277,1.1947088494145552,1.5213694370991147
datasets/synthetic_data/s2.csv,402,<timecave.validation_methods.prequential.Rolling_Window object at 0x00000250F2622CF0>,2,ARMA,1.624036962288156,1.105197689838985,1.2743770879485223
datasets/synthetic_data/s2.csv,402,<timecave.validation_methods.prequential.Rolling_Window object at 0x00000250F2622CF0>,3,Tree,1.9152015364573796,1.1519862307315998,1.383908066476014
datasets/synthetic_data/s2.csv,402,<timecave.validation_methods.prequential.Rolling_Window object at 0x00000250F2622CF0>,3,ARMA,0.8060483856840881,0.7083357894799834,0.8978019746492475
datasets/synthetic_data/s2.csv,402,<timecave.validation_methods.prequential.Rolling_Window object at 0x00000250F2621280>,0,Tree,2.1550768255356254,1.1320104523091996,1.4680179922383871
datasets/synthetic_data/s2.csv,402,<timecave.validation_methods.prequential.Rolling_Window object at 0x00000250F2621280>,0,ARMA,1.5011167196960398,0.9877061914491008,1.2252006854781137
datasets/synthetic_data/s2.csv,402,<timecave.validation_methods.prequential.Rolling_Window object at 0x00000250F2621280>,1,Tree,4.11586988355191,1.6056723352980395,2.02876067675611
datasets/synthetic_data/s2.csv,402,<timecave.validation_methods.prequential.Rolling_Window object at 0x00000250F2621280>,1,ARMA,1.608395519269547,1.0820957548801289,1.2682253424646375
datasets/synthetic_data/s2.csv,402,<timecave.validation_methods.prequential.Rolling_Window object at 0x00000250F2621280>,2,Tree,2.2967739289083577,1.1788970779577712,1.5155111114433828
datasets/synthetic_data/s2.csv,402,<timecave.validation_methods.prequential.Rolling_Window object at 0x00000250F2621280>,2,ARMA,0.8287771947113993,0.7086689675235802,0.9103720089674326
datasets/synthetic_data/s2.csv,402,<timecave.validation_methods.CV.Block_CV object at 0x00000250F2604260>,0,Tree,1.9346237212601796,1.0805717163841597,1.3909075171484908
datasets/synthetic_data/s2.csv,402,<timecave.validation_methods.CV.Block_CV object at 0x00000250F2604260>,0,ARMA,1.061053753697134,0.8221464031031234,1.0300746350129848
datasets/synthetic_data/s2.csv,402,<timecave.validation_methods.CV.Block_CV object at 0x00000250F2604260>,1,Tree,2.685475611607942,1.2965774256366227,1.6387420820885579
datasets/synthetic_data/s2.csv,402,<timecave.validation_methods.CV.Block_CV object at 0x00000250F2604260>,1,ARMA,1.7450115036449676,1.0650490173731186,1.3209888355489487
datasets/synthetic_data/s2.csv,402,<timecave.validation_methods.CV.Block_CV object at 0x00000250F2604260>,2,Tree,1.9524584444653077,1.1604501499818154,1.3973039914296772
datasets/synthetic_data/s2.csv,402,<timecave.validation_methods.CV.Block_CV object at 0x00000250F2604260>,2,ARMA,1.4880304598250627,0.9791792561301107,1.2198485397069025
datasets/synthetic_data/s2.csv,402,<timecave.validation_methods.CV.Block_CV object at 0x00000250F2604260>,3,Tree,3.149744814605002,1.4838690274182664,1.7747520431330688
datasets/synthetic_data/s2.csv,402,<timecave.validation_methods.CV.Block_CV object at 0x00000250F2604260>,3,ARMA,1.6599682429670146,1.1234864897096468,1.2883975484946464
datasets/synthetic_data/s2.csv,402,<timecave.validation_methods.CV.Block_CV object at 0x00000250F2604260>,4,Tree,1.639223880778589,0.9254965885977968,1.2803217879808924
datasets/synthetic_data/s2.csv,402,<timecave.validation_methods.CV.Block_CV object at 0x00000250F2604260>,4,ARMA,0.7899021160182748,0.7033210499688611,0.8887643759840258
datasets/synthetic_data/s2.csv,402,<timecave.validation_methods.CV.AdaptedhvBlockCV object at 0x00000250F6CBC1A0>,0,Tree,2.2687097408328287,1.2360796872912572,1.5062236689259763
datasets/synthetic_data/s2.csv,402,<timecave.validation_methods.CV.AdaptedhvBlockCV object at 0x00000250F6CBC1A0>,0,ARMA,1.0615939498540505,0.8223419478763224,1.0303368137915148
datasets/synthetic_data/s2.csv,402,<timecave.validation_methods.CV.AdaptedhvBlockCV object at 0x00000250F6CBC1A0>,1,Tree,3.312810204621771,1.3457852885485697,1.820112690088658
datasets/synthetic_data/s2.csv,402,<timecave.validation_methods.CV.AdaptedhvBlockCV object at 0x00000250F6CBC1A0>,1,ARMA,1.7429137846491756,1.0632239049601724,1.320194601052881
datasets/synthetic_data/s2.csv,402,<timecave.validation_methods.CV.AdaptedhvBlockCV object at 0x00000250F6CBC1A0>,2,Tree,3.145315402896632,1.3722658171805984,1.7735037081710971
datasets/synthetic_data/s2.csv,402,<timecave.validation_methods.CV.AdaptedhvBlockCV object at 0x00000250F6CBC1A0>,2,ARMA,1.4837071766862446,0.9790749447744574,1.2180751933629732
datasets/synthetic_data/s2.csv,402,<timecave.validation_methods.CV.AdaptedhvBlockCV object at 0x00000250F6CBC1A0>,3,Tree,2.9493922239683354,1.4125955687454848,1.7173794641745124
datasets/synthetic_data/s2.csv,402,<timecave.validation_methods.CV.AdaptedhvBlockCV object at 0x00000250F6CBC1A0>,3,ARMA,1.666865966597165,1.1255948268600964,1.2910716349595652
datasets/synthetic_data/s2.csv,402,<timecave.validation_methods.CV.AdaptedhvBlockCV object at 0x00000250F6CBC1A0>,4,Tree,1.5287349483088817,0.8477158648984431,1.2364202151003847
datasets/synthetic_data/s2.csv,402,<timecave.validation_methods.CV.AdaptedhvBlockCV object at 0x00000250F6CBC1A0>,4,ARMA,0.7935619603538245,0.6998780022437432,0.8908209474152617
datasets/synthetic_data/s2.csv,402,<timecave.validation_methods.markov.MarkovCV object at 0x00000250F6CBF110>,0,Tree,3.5612864581481105,1.5702494749993403,1.8871371063460414
datasets/synthetic_data/s2.csv,402,<timecave.validation_methods.markov.MarkovCV object at 0x00000250F6CBF110>,0,ARMA,1.7021882449306196,1.1752273709036243,1.3046793647983475
datasets/synthetic_data/s2.csv,402,<timecave.validation_methods.markov.MarkovCV object at 0x00000250F6CBF110>,1,Tree,1.4851655870141511,0.9522315353931134,1.2186736999763927
datasets/synthetic_data/s2.csv,402,<timecave.validation_methods.markov.MarkovCV object at 0x00000250F6CBF110>,1,ARMA,1.8562949818688153,1.0799560804176958,1.3624591670464166
datasets/synthetic_data/s2.csv,402,<timecave.validation_methods.markov.MarkovCV object at 0x00000250F6CBF110>,2,Tree,2.021977934777244,1.1863495388446357,1.4219627051288104
datasets/synthetic_data/s2.csv,402,<timecave.validation_methods.markov.MarkovCV object at 0x00000250F6CBF110>,2,ARMA,1.2350121928756923,0.9243052445168397,1.111311024365228
datasets/synthetic_data/s2.csv,402,<timecave.validation_methods.markov.MarkovCV object at 0x00000250F6CBF110>,3,Tree,5.021039516761939,1.7315407546494002,2.2407676177511
datasets/synthetic_data/s2.csv,402,<timecave.validation_methods.markov.MarkovCV object at 0x00000250F6CBF110>,3,ARMA,2.078930009443627,1.1845002616943872,1.441849509984876
datasets/synthetic_data/s2.csv,402,<timecave.validation_methods.markov.MarkovCV object at 0x00000250F6CBF110>,4,Tree,1.9520333671885772,1.0545800067464741,1.3971518769226834
datasets/synthetic_data/s2.csv,402,<timecave.validation_methods.markov.MarkovCV object at 0x00000250F6CBF110>,4,ARMA,2.2474441859622547,1.2411271105713197,1.4991478199171204
datasets/synthetic_data/s2.csv,402,<timecave.validation_methods.markov.MarkovCV object at 0x00000250F6CBF110>,5,Tree,2.9274842083070762,1.5189604842981035,1.7109892484487084
datasets/synthetic_data/s2.csv,402,<timecave.validation_methods.markov.MarkovCV object at 0x00000250F6CBF110>,5,ARMA,2.107129717943635,1.160992547649928,1.4515955765789708
datasets/synthetic_data/s2.csv,402,<timecave.validation_methods.markov.MarkovCV object at 0x00000250F6CBF110>,6,Tree,2.3135996892472956,1.0723161555997534,1.5210521651959525
datasets/synthetic_data/s2.csv,402,<timecave.validation_methods.markov.MarkovCV object at 0x00000250F6CBF110>,6,ARMA,1.2237493012656582,0.8919555235560594,1.106232028674662
datasets/synthetic_data/s2.csv,402,<timecave.validation_methods.markov.MarkovCV object at 0x00000250F6CBF110>,7,Tree,1.975674547213926,1.0002304730206941,1.4055869048955765
datasets/synthetic_data/s2.csv,402,<timecave.validation_methods.markov.MarkovCV object at 0x00000250F6CBF110>,7,ARMA,1.2343608252892884,0.9330543109627182,1.111017923027927
datasets/synthetic_data/s2.csv,402,<timecave.validation_methods.markov.MarkovCV object at 0x00000250F6CBF110>,8,Tree,3.197552764724975,1.3518713785457224,1.7881702281172716
datasets/synthetic_data/s2.csv,402,<timecave.validation_methods.markov.MarkovCV object at 0x00000250F6CBF110>,8,ARMA,1.2194485397162413,0.8749868547999171,1.104286439161616
datasets/synthetic_data/s2.csv,402,<timecave.validation_methods.markov.MarkovCV object at 0x00000250F6CBF110>,9,Tree,2.5564484068591575,1.309326710908606,1.598889741933182
datasets/synthetic_data/s2.csv,402,<timecave.validation_methods.markov.MarkovCV object at 0x00000250F6CBF110>,9,ARMA,2.5369561572557178,1.3570901533421702,1.5927825203886805
datasets/synthetic_data/s2.csv,403,<timecave.validation_methods.OOS.Holdout object at 0x00000250F2622CC0>,0,Tree,2.918615108250976,1.3344450796563816,1.708395477707365
datasets/synthetic_data/s2.csv,403,<timecave.validation_methods.OOS.Holdout object at 0x00000250F2622CC0>,0,ARMA,1.999034755797484,1.0708420152394371,1.4138722558270544
datasets/synthetic_data/s2.csv,403,<timecave.validation_methods.OOS.Repeated_Holdout object at 0x00000250F6CE8320>,0,Tree,4.141071224863026,1.6285863640900018,2.0349622170603134
datasets/synthetic_data/s2.csv,403,<timecave.validation_methods.OOS.Repeated_Holdout object at 0x00000250F6CE8320>,0,ARMA,2.376474464613888,1.197112067779291,1.541581806007676
datasets/synthetic_data/s2.csv,403,<timecave.validation_methods.OOS.Repeated_Holdout object at 0x00000250F6CE8320>,1,Tree,4.142078531832658,1.6454931150067842,2.035209702176328
datasets/synthetic_data/s2.csv,403,<timecave.validation_methods.OOS.Repeated_Holdout object at 0x00000250F6CE8320>,1,ARMA,2.30553595619316,1.1603514770675898,1.5183991425818049
datasets/synthetic_data/s2.csv,403,<timecave.validation_methods.OOS.Repeated_Holdout object at 0x00000250F6CE8320>,2,Tree,3.1178154376739133,1.3945874360404134,1.765733682544996
datasets/synthetic_data/s2.csv,403,<timecave.validation_methods.OOS.Repeated_Holdout object at 0x00000250F6CE8320>,2,ARMA,2.0286410547818243,1.0881106132932807,1.4243037087580108
datasets/synthetic_data/s2.csv,403,<timecave.validation_methods.OOS.Repeated_Holdout object at 0x00000250F6CE8320>,3,Tree,2.835754473857443,1.316201588730097,1.6839698553885825
datasets/synthetic_data/s2.csv,403,<timecave.validation_methods.OOS.Repeated_Holdout object at 0x00000250F6CE8320>,3,ARMA,1.999034755797484,1.0708420152394371,1.4138722558270544
datasets/synthetic_data/s2.csv,403,<timecave.validation_methods.prequential.Growing_Window object at 0x00000250F7D90470>,0,Tree,1.9119271050244155,1.135503693045779,1.3827245224644045
datasets/synthetic_data/s2.csv,403,<timecave.validation_methods.prequential.Growing_Window object at 0x00000250F7D90470>,0,ARMA,1.6634677849527617,1.010263437867133,1.2897549321296513
datasets/synthetic_data/s2.csv,403,<timecave.validation_methods.prequential.Growing_Window object at 0x00000250F7D90470>,1,Tree,1.8562129391472397,1.1412794597020892,1.3624290583906524
datasets/synthetic_data/s2.csv,403,<timecave.validation_methods.prequential.Growing_Window object at 0x00000250F7D90470>,1,ARMA,1.4766116577341766,0.9375043284051374,1.2151591079912856
datasets/synthetic_data/s2.csv,403,<timecave.validation_methods.prequential.Growing_Window object at 0x00000250F7D90470>,2,Tree,1.93500233580357,0.9801120842942694,1.3910436139113576
datasets/synthetic_data/s2.csv,403,<timecave.validation_methods.prequential.Growing_Window object at 0x00000250F7D90470>,2,ARMA,1.5319995572065945,0.9828730035765307,1.2377396968694971
datasets/synthetic_data/s2.csv,403,<timecave.validation_methods.prequential.Growing_Window object at 0x00000250F7D90470>,3,Tree,3.4421452693652146,1.5158828031919651,1.855301934824953
datasets/synthetic_data/s2.csv,403,<timecave.validation_methods.prequential.Growing_Window object at 0x00000250F7D90470>,3,ARMA,2.3530047281534294,1.1712445271304723,1.533950692869047
datasets/synthetic_data/s2.csv,403,<timecave.validation_methods.prequential.Growing_Window object at 0x00000250F7D902F0>,0,Tree,2.4696755377792616,1.298192973877696,1.5715201359763933
datasets/synthetic_data/s2.csv,403,<timecave.validation_methods.prequential.Growing_Window object at 0x00000250F7D902F0>,0,ARMA,1.4999012018097906,0.9744794307923962,1.2247045365351557
datasets/synthetic_data/s2.csv,403,<timecave.validation_methods.prequential.Growing_Window object at 0x00000250F7D902F0>,1,Tree,2.262600833160344,1.1755220257962187,1.5041944133523246
datasets/synthetic_data/s2.csv,403,<timecave.validation_methods.prequential.Growing_Window object at 0x00000250F7D902F0>,1,ARMA,1.6697914234260933,1.0100041201285102,1.2922040951127238
datasets/synthetic_data/s2.csv,403,<timecave.validation_methods.prequential.Growing_Window object at 0x00000250F7D902F0>,2,Tree,3.9897328992356336,1.5983457296054473,1.997431575607944
datasets/synthetic_data/s2.csv,403,<timecave.validation_methods.prequential.Growing_Window object at 0x00000250F7D902F0>,2,ARMA,2.34961296997773,1.1687347438330509,1.5328447312033042
datasets/synthetic_data/s2.csv,403,<timecave.validation_methods.prequential.Rolling_Window object at 0x00000250F7D923F0>,0,Tree,1.7327693158084914,1.0133331351532517,1.3163469587492849
datasets/synthetic_data/s2.csv,403,<timecave.validation_methods.prequential.Rolling_Window object at 0x00000250F7D923F0>,0,ARMA,1.6634677849527617,1.010263437867133,1.2897549321296513
datasets/synthetic_data/s2.csv,403,<timecave.validation_methods.prequential.Rolling_Window object at 0x00000250F7D923F0>,1,Tree,1.942749251982252,1.1385164461752264,1.3938254022589243
datasets/synthetic_data/s2.csv,403,<timecave.validation_methods.prequential.Rolling_Window object at 0x00000250F7D923F0>,1,ARMA,1.4312807035332122,0.916649541402945,1.1963614435166374
datasets/synthetic_data/s2.csv,403,<timecave.validation_methods.prequential.Rolling_Window object at 0x00000250F7D923F0>,2,Tree,2.5776070102909974,1.33577698952286,1.6054927624536328
datasets/synthetic_data/s2.csv,403,<timecave.validation_methods.prequential.Rolling_Window object at 0x00000250F7D923F0>,2,ARMA,1.5926202751137257,0.9916103869559603,1.2619906002477697
datasets/synthetic_data/s2.csv,403,<timecave.validation_methods.prequential.Rolling_Window object at 0x00000250F7D923F0>,3,Tree,2.6678889661791327,1.2238646799014763,1.6333673702444078
datasets/synthetic_data/s2.csv,403,<timecave.validation_methods.prequential.Rolling_Window object at 0x00000250F7D923F0>,3,ARMA,2.4366163344529803,1.2231711369692315,1.5609664744807878
datasets/synthetic_data/s2.csv,403,<timecave.validation_methods.prequential.Rolling_Window object at 0x00000250F7D939E0>,0,Tree,2.5769912144370086,1.2985226429541132,1.605300973162668
datasets/synthetic_data/s2.csv,403,<timecave.validation_methods.prequential.Rolling_Window object at 0x00000250F7D939E0>,0,ARMA,1.4999012018097906,0.9744794307923962,1.2247045365351557
datasets/synthetic_data/s2.csv,403,<timecave.validation_methods.prequential.Rolling_Window object at 0x00000250F7D939E0>,1,Tree,1.9265844897081421,1.1370724660115088,1.3880145855530994
datasets/synthetic_data/s2.csv,403,<timecave.validation_methods.prequential.Rolling_Window object at 0x00000250F7D939E0>,1,ARMA,1.6361233259984886,1.009659449932429,1.2791103650578743
datasets/synthetic_data/s2.csv,403,<timecave.validation_methods.prequential.Rolling_Window object at 0x00000250F7D939E0>,2,Tree,2.5153481708435232,1.329504585528091,1.585984921379621
datasets/synthetic_data/s2.csv,403,<timecave.validation_methods.prequential.Rolling_Window object at 0x00000250F7D939E0>,2,ARMA,2.3116486386257074,1.1576786194285384,1.5204106809101636
datasets/synthetic_data/s2.csv,403,<timecave.validation_methods.CV.Block_CV object at 0x00000250F7D93CE0>,0,Tree,2.6176855290344574,1.2658794331432992,1.6179263051926862
datasets/synthetic_data/s2.csv,403,<timecave.validation_methods.CV.Block_CV object at 0x00000250F7D93CE0>,0,ARMA,2.2164282938123563,1.1588844546854258,1.4887673739749794
datasets/synthetic_data/s2.csv,403,<timecave.validation_methods.CV.Block_CV object at 0x00000250F7D93CE0>,1,Tree,1.8248466258111424,1.0394041627272796,1.3508688410838199
datasets/synthetic_data/s2.csv,403,<timecave.validation_methods.CV.Block_CV object at 0x00000250F7D93CE0>,1,ARMA,1.5918343984044774,1.0038602079988215,1.2616791978963897
datasets/synthetic_data/s2.csv,403,<timecave.validation_methods.CV.Block_CV object at 0x00000250F7D93CE0>,2,Tree,3.097745130533496,1.4858898545684918,1.7600412297822732
datasets/synthetic_data/s2.csv,403,<timecave.validation_methods.CV.Block_CV object at 0x00000250F7D93CE0>,2,ARMA,1.522715009332948,0.963087441594897,1.2339833910279943
datasets/synthetic_data/s2.csv,403,<timecave.validation_methods.CV.Block_CV object at 0x00000250F7D93CE0>,3,Tree,2.146945003799181,1.1877786465975557,1.465245714479036
datasets/synthetic_data/s2.csv,403,<timecave.validation_methods.CV.Block_CV object at 0x00000250F7D93CE0>,3,ARMA,1.5909002539004329,0.9918025088231109,1.2613089446683683
datasets/synthetic_data/s2.csv,403,<timecave.validation_methods.CV.Block_CV object at 0x00000250F7D93CE0>,4,Tree,3.723910288245714,1.5711001002683542,1.929743580957251
datasets/synthetic_data/s2.csv,403,<timecave.validation_methods.CV.Block_CV object at 0x00000250F7D93CE0>,4,ARMA,2.3530047281534294,1.1712445271304723,1.533950692869047
datasets/synthetic_data/s2.csv,403,<timecave.validation_methods.CV.AdaptedhvBlockCV object at 0x00000250F7D912B0>,0,Tree,2.7357337013507537,1.2912581784292039,1.654005351064728
datasets/synthetic_data/s2.csv,403,<timecave.validation_methods.CV.AdaptedhvBlockCV object at 0x00000250F7D912B0>,0,ARMA,2.2151618881598,1.158539489091669,1.4883419930109478
datasets/synthetic_data/s2.csv,403,<timecave.validation_methods.CV.AdaptedhvBlockCV object at 0x00000250F7D912B0>,1,Tree,2.479898533345355,1.1626515877104393,1.574769358777772
datasets/synthetic_data/s2.csv,403,<timecave.validation_methods.CV.AdaptedhvBlockCV object at 0x00000250F7D912B0>,1,ARMA,1.593822034555045,1.0033230998925426,1.2624666469079668
datasets/synthetic_data/s2.csv,403,<timecave.validation_methods.CV.AdaptedhvBlockCV object at 0x00000250F7D912B0>,2,Tree,2.3397868428322433,1.2270677545801698,1.5296361798912326
datasets/synthetic_data/s2.csv,403,<timecave.validation_methods.CV.AdaptedhvBlockCV object at 0x00000250F7D912B0>,2,ARMA,1.5071553641570672,0.9513686998874498,1.2276625611938596
datasets/synthetic_data/s2.csv,403,<timecave.validation_methods.CV.AdaptedhvBlockCV object at 0x00000250F7D912B0>,3,Tree,1.9962828640152122,1.1926204542571337,1.4128987451389474
datasets/synthetic_data/s2.csv,403,<timecave.validation_methods.CV.AdaptedhvBlockCV object at 0x00000250F7D912B0>,3,ARMA,1.583762086206921,0.9890574572177386,1.2584760967960102
datasets/synthetic_data/s2.csv,403,<timecave.validation_methods.CV.AdaptedhvBlockCV object at 0x00000250F7D912B0>,4,Tree,3.808430205343782,1.5771374624075247,1.9515199730834891
datasets/synthetic_data/s2.csv,403,<timecave.validation_methods.CV.AdaptedhvBlockCV object at 0x00000250F7D912B0>,4,ARMA,2.2942086386576404,1.1542221556553316,1.5146645300718045
datasets/synthetic_data/s2.csv,403,<timecave.validation_methods.markov.MarkovCV object at 0x00000250F7D915E0>,0,Tree,1.7655371398290232,1.019848972886373,1.3287351654219974
datasets/synthetic_data/s2.csv,403,<timecave.validation_methods.markov.MarkovCV object at 0x00000250F7D915E0>,0,ARMA,1.3533226569940857,0.9552074526513183,1.163323969061966
datasets/synthetic_data/s2.csv,403,<timecave.validation_methods.markov.MarkovCV object at 0x00000250F7D915E0>,1,Tree,2.9902671412142476,1.5837473692100978,1.7292388907303258
datasets/synthetic_data/s2.csv,403,<timecave.validation_methods.markov.MarkovCV object at 0x00000250F7D915E0>,1,ARMA,2.79893107022209,1.3137815349509148,1.6730006187153936
datasets/synthetic_data/s2.csv,403,<timecave.validation_methods.markov.MarkovCV object at 0x00000250F7D915E0>,2,Tree,2.339363950015915,1.2738853298088266,1.5294979405072486
datasets/synthetic_data/s2.csv,403,<timecave.validation_methods.markov.MarkovCV object at 0x00000250F7D915E0>,2,ARMA,2.6825625912239595,1.2229305392865935,1.6378530432318887
datasets/synthetic_data/s2.csv,403,<timecave.validation_methods.markov.MarkovCV object at 0x00000250F7D915E0>,3,Tree,2.823082399676885,1.4197508712157798,1.6802030828673316
datasets/synthetic_data/s2.csv,403,<timecave.validation_methods.markov.MarkovCV object at 0x00000250F7D915E0>,3,ARMA,1.9279284233767717,1.038086031214654,1.3884986220291224
datasets/synthetic_data/s2.csv,403,<timecave.validation_methods.markov.MarkovCV object at 0x00000250F7D915E0>,4,Tree,1.5594905202838276,1.0203955465084642,1.2487956279086774
datasets/synthetic_data/s2.csv,403,<timecave.validation_methods.markov.MarkovCV object at 0x00000250F7D915E0>,4,ARMA,2.1485265491431065,1.1670732860936688,1.465785301175826
datasets/synthetic_data/s2.csv,403,<timecave.validation_methods.markov.MarkovCV object at 0x00000250F7D915E0>,5,Tree,2.2704719260225006,1.2432329845368761,1.5068085233441244
datasets/synthetic_data/s2.csv,403,<timecave.validation_methods.markov.MarkovCV object at 0x00000250F7D915E0>,5,ARMA,2.2698659522565308,1.1110168628452801,1.5066074313690778
datasets/synthetic_data/s2.csv,403,<timecave.validation_methods.markov.MarkovCV object at 0x00000250F7D915E0>,6,Tree,3.8527038155870006,1.6044044445164054,1.9628305621186461
datasets/synthetic_data/s2.csv,403,<timecave.validation_methods.markov.MarkovCV object at 0x00000250F7D915E0>,6,ARMA,1.2477087898427652,0.8025259163302343,1.1170088584441777
datasets/synthetic_data/s2.csv,403,<timecave.validation_methods.markov.MarkovCV object at 0x00000250F7D915E0>,7,Tree,2.2744542291182244,1.3098775920680943,1.5081293807622158
datasets/synthetic_data/s2.csv,403,<timecave.validation_methods.markov.MarkovCV object at 0x00000250F7D915E0>,7,ARMA,2.2857588460967566,1.2114261293862216,1.5118726289263777
datasets/synthetic_data/s2.csv,403,<timecave.validation_methods.markov.MarkovCV object at 0x00000250F7D915E0>,8,Tree,3.773348113100413,1.5300338619325038,1.9425107755429345
datasets/synthetic_data/s2.csv,403,<timecave.validation_methods.markov.MarkovCV object at 0x00000250F7D915E0>,8,ARMA,1.7481032622104413,1.052249904278785,1.322158561674976
datasets/synthetic_data/s2.csv,403,<timecave.validation_methods.markov.MarkovCV object at 0x00000250F7D915E0>,9,Tree,1.8328365908734923,1.1448058457461918,1.3538229540355313
datasets/synthetic_data/s2.csv,403,<timecave.validation_methods.markov.MarkovCV object at 0x00000250F7D915E0>,9,ARMA,1.9534437113239156,1.1006627150209105,1.3976565069157427
datasets/synthetic_data/s2.csv,404,<timecave.validation_methods.OOS.Holdout object at 0x00000250F29B3410>,0,Tree,2.870763036911422,1.5065259213929703,1.6943326228670161
datasets/synthetic_data/s2.csv,404,<timecave.validation_methods.OOS.Holdout object at 0x00000250F29B3410>,0,ARMA,2.1627656169396894,1.265688340575017,1.4706344266811142
datasets/synthetic_data/s2.csv,404,<timecave.validation_methods.OOS.Repeated_Holdout object at 0x00000250F26414C0>,0,Tree,2.596759543802906,1.2785121226092726,1.6114464135685387
datasets/synthetic_data/s2.csv,404,<timecave.validation_methods.OOS.Repeated_Holdout object at 0x00000250F26414C0>,0,ARMA,2.2650640574823715,1.2902497507897361,1.505012975851827
datasets/synthetic_data/s2.csv,404,<timecave.validation_methods.OOS.Repeated_Holdout object at 0x00000250F26414C0>,1,Tree,2.1423806029991574,1.1774997796078412,1.4636873310236573
datasets/synthetic_data/s2.csv,404,<timecave.validation_methods.OOS.Repeated_Holdout object at 0x00000250F26414C0>,1,ARMA,1.914973219027792,1.1719534640290665,1.3838255739173893
datasets/synthetic_data/s2.csv,404,<timecave.validation_methods.OOS.Repeated_Holdout object at 0x00000250F26414C0>,2,Tree,2.8603159019681197,1.4938850557646564,1.6912468483246672
datasets/synthetic_data/s2.csv,404,<timecave.validation_methods.OOS.Repeated_Holdout object at 0x00000250F26414C0>,2,ARMA,2.255324582690963,1.2954576078655804,1.5017738120938728
datasets/synthetic_data/s2.csv,404,<timecave.validation_methods.OOS.Repeated_Holdout object at 0x00000250F26414C0>,3,Tree,2.8378135531260544,1.4729799868654967,1.6845811209692618
datasets/synthetic_data/s2.csv,404,<timecave.validation_methods.OOS.Repeated_Holdout object at 0x00000250F26414C0>,3,ARMA,2.1627656169396894,1.265688340575017,1.4706344266811142
datasets/synthetic_data/s2.csv,404,<timecave.validation_methods.prequential.Growing_Window object at 0x00000250F7D929C0>,0,Tree,1.483993625945944,0.9259996397860106,1.2181927704373985
datasets/synthetic_data/s2.csv,404,<timecave.validation_methods.prequential.Growing_Window object at 0x00000250F7D929C0>,0,ARMA,0.9467302041267891,0.7481748662923805,0.9730006187699929
datasets/synthetic_data/s2.csv,404,<timecave.validation_methods.prequential.Growing_Window object at 0x00000250F7D929C0>,1,Tree,2.3364829561258356,1.2828492347081975,1.5285558400417814
datasets/synthetic_data/s2.csv,404,<timecave.validation_methods.prequential.Growing_Window object at 0x00000250F7D929C0>,1,ARMA,1.4445434615516715,0.9590243242940409,1.2018916180553352
datasets/synthetic_data/s2.csv,404,<timecave.validation_methods.prequential.Growing_Window object at 0x00000250F7D929C0>,2,Tree,2.653841399747407,1.1963557966040312,1.6290615088901361
datasets/synthetic_data/s2.csv,404,<timecave.validation_methods.prequential.Growing_Window object at 0x00000250F7D929C0>,2,ARMA,1.7133120496408127,1.085179198613932,1.3089354642765292
datasets/synthetic_data/s2.csv,404,<timecave.validation_methods.prequential.Growing_Window object at 0x00000250F7D929C0>,3,Tree,2.8424444937952082,1.3754526152118391,1.6859550687355842
datasets/synthetic_data/s2.csv,404,<timecave.validation_methods.prequential.Growing_Window object at 0x00000250F7D929C0>,3,ARMA,1.8674354913903355,1.1302569083294922,1.3665414342018085
datasets/synthetic_data/s2.csv,404,<timecave.validation_methods.prequential.Growing_Window object at 0x00000250F7D90110>,0,Tree,2.2827901144364207,1.3157933903427348,1.5108905037878888
datasets/synthetic_data/s2.csv,404,<timecave.validation_methods.prequential.Growing_Window object at 0x00000250F7D90110>,0,ARMA,1.2373744512851146,0.9047573064299008,1.1123733416821506
datasets/synthetic_data/s2.csv,404,<timecave.validation_methods.prequential.Growing_Window object at 0x00000250F7D90110>,1,Tree,2.1560269197275126,1.28468721134519,1.4683415541785612
datasets/synthetic_data/s2.csv,404,<timecave.validation_methods.prequential.Growing_Window object at 0x00000250F7D90110>,1,ARMA,1.7051238835988927,1.046964377583214,1.3058039223401394
datasets/synthetic_data/s2.csv,404,<timecave.validation_methods.prequential.Growing_Window object at 0x00000250F7D90110>,2,Tree,2.336489305284758,1.2884440793779939,1.5285579168892351
datasets/synthetic_data/s2.csv,404,<timecave.validation_methods.prequential.Growing_Window object at 0x00000250F7D90110>,2,ARMA,1.9390953770689388,1.1788536908070637,1.3925140491459822
datasets/synthetic_data/s2.csv,404,<timecave.validation_methods.prequential.Rolling_Window object at 0x00000250F7D93500>,0,Tree,1.3666423659306821,0.8997493507412956,1.1690348009921185
datasets/synthetic_data/s2.csv,404,<timecave.validation_methods.prequential.Rolling_Window object at 0x00000250F7D93500>,0,ARMA,0.9467302041267891,0.7481748662923805,0.9730006187699929
datasets/synthetic_data/s2.csv,404,<timecave.validation_methods.prequential.Rolling_Window object at 0x00000250F7D93500>,1,Tree,2.2271915848607233,1.3133864253652103,1.4923778291239531
datasets/synthetic_data/s2.csv,404,<timecave.validation_methods.prequential.Rolling_Window object at 0x00000250F7D93500>,1,ARMA,1.495198140460797,0.9633931320364467,1.2227829490391158
datasets/synthetic_data/s2.csv,404,<timecave.validation_methods.prequential.Rolling_Window object at 0x00000250F7D93500>,2,Tree,2.5394928728014423,1.3516457176299512,1.5935786371564606
datasets/synthetic_data/s2.csv,404,<timecave.validation_methods.prequential.Rolling_Window object at 0x00000250F7D93500>,2,ARMA,1.9848902936176223,1.1808061210101628,1.408861346484324
datasets/synthetic_data/s2.csv,404,<timecave.validation_methods.prequential.Rolling_Window object at 0x00000250F7D93500>,3,Tree,5.179492219683944,1.7397105341726729,2.2758497796831723
datasets/synthetic_data/s2.csv,404,<timecave.validation_methods.prequential.Rolling_Window object at 0x00000250F7D93500>,3,ARMA,2.514939168435843,1.1956475213374818,1.5858559734212445
datasets/synthetic_data/s2.csv,404,<timecave.validation_methods.prequential.Rolling_Window object at 0x00000250F7D91F40>,0,Tree,2.2497562380167175,1.2724328634978999,1.4999187438047161
datasets/synthetic_data/s2.csv,404,<timecave.validation_methods.prequential.Rolling_Window object at 0x00000250F7D91F40>,0,ARMA,1.2373744512851146,0.9047573064299008,1.1123733416821506
datasets/synthetic_data/s2.csv,404,<timecave.validation_methods.prequential.Rolling_Window object at 0x00000250F7D91F40>,1,Tree,3.5018689427424796,1.5031372696683927,1.8713281226825187
datasets/synthetic_data/s2.csv,404,<timecave.validation_methods.prequential.Rolling_Window object at 0x00000250F7D91F40>,1,ARMA,1.705812864515087,1.054530119986158,1.3060677105399578
datasets/synthetic_data/s2.csv,404,<timecave.validation_methods.prequential.Rolling_Window object at 0x00000250F7D91F40>,2,Tree,2.087503028005594,1.2173635575625221,1.4448193755641547
datasets/synthetic_data/s2.csv,404,<timecave.validation_methods.prequential.Rolling_Window object at 0x00000250F7D91F40>,2,ARMA,2.135587399513473,1.2304678583284776,1.4613649097721872
datasets/synthetic_data/s2.csv,404,<timecave.validation_methods.CV.Block_CV object at 0x00000250F7D91D00>,0,Tree,0.6874635595413477,0.6446836822060475,0.829134222874287
datasets/synthetic_data/s2.csv,404,<timecave.validation_methods.CV.Block_CV object at 0x00000250F7D91D00>,0,ARMA,1.1154042944065785,0.8122140618526381,1.0561270256965203
datasets/synthetic_data/s2.csv,404,<timecave.validation_methods.CV.Block_CV object at 0x00000250F7D91D00>,1,Tree,2.167008775281393,1.2285643003864026,1.4720763483194046
datasets/synthetic_data/s2.csv,404,<timecave.validation_methods.CV.Block_CV object at 0x00000250F7D91D00>,1,ARMA,0.9883809505878629,0.7478765011718911,0.9941735012500901
datasets/synthetic_data/s2.csv,404,<timecave.validation_methods.CV.Block_CV object at 0x00000250F7D91D00>,2,Tree,2.4817395710064156,1.3174081702592193,1.5753537923293344
datasets/synthetic_data/s2.csv,404,<timecave.validation_methods.CV.Block_CV object at 0x00000250F7D91D00>,2,ARMA,1.1930220598886185,0.8932728621020929,1.0922554920386616
datasets/synthetic_data/s2.csv,404,<timecave.validation_methods.CV.Block_CV object at 0x00000250F7D91D00>,3,Tree,2.5511329867705133,1.298466789555968,1.597226654789643
datasets/synthetic_data/s2.csv,404,<timecave.validation_methods.CV.Block_CV object at 0x00000250F7D91D00>,3,ARMA,1.7413582118076245,1.0761799520495603,1.3196053242570767
datasets/synthetic_data/s2.csv,404,<timecave.validation_methods.CV.Block_CV object at 0x00000250F7D91D00>,4,Tree,2.6895678812964325,1.3373138234943218,1.6399902076830923
datasets/synthetic_data/s2.csv,404,<timecave.validation_methods.CV.Block_CV object at 0x00000250F7D91D00>,4,ARMA,1.8674354913903355,1.1302569083294922,1.3665414342018085
datasets/synthetic_data/s2.csv,404,<timecave.validation_methods.CV.AdaptedhvBlockCV object at 0x00000250F7D92A20>,0,Tree,0.8502087916088501,0.686678467131346,0.922067671924816
datasets/synthetic_data/s2.csv,404,<timecave.validation_methods.CV.AdaptedhvBlockCV object at 0x00000250F7D92A20>,0,ARMA,1.1143329565281037,0.8117942552866643,1.0556197026051113
datasets/synthetic_data/s2.csv,404,<timecave.validation_methods.CV.AdaptedhvBlockCV object at 0x00000250F7D92A20>,1,Tree,2.0482398128763317,1.1517481545119694,1.4311672903180577
datasets/synthetic_data/s2.csv,404,<timecave.validation_methods.CV.AdaptedhvBlockCV object at 0x00000250F7D92A20>,1,ARMA,0.98943003202204,0.7480327238376718,0.9947009761843204
datasets/synthetic_data/s2.csv,404,<timecave.validation_methods.CV.AdaptedhvBlockCV object at 0x00000250F7D92A20>,2,Tree,1.7610039196369873,1.028357342094421,1.327028228651142
datasets/synthetic_data/s2.csv,404,<timecave.validation_methods.CV.AdaptedhvBlockCV object at 0x00000250F7D92A20>,2,ARMA,1.2327683446347943,0.9014769420310238,1.110301015326382
datasets/synthetic_data/s2.csv,404,<timecave.validation_methods.CV.AdaptedhvBlockCV object at 0x00000250F7D92A20>,3,Tree,2.3461637281185266,1.2717597370424245,1.5317192066819971
datasets/synthetic_data/s2.csv,404,<timecave.validation_methods.CV.AdaptedhvBlockCV object at 0x00000250F7D92A20>,3,ARMA,1.7505250999807251,1.072014061091536,1.3230741097840004
datasets/synthetic_data/s2.csv,404,<timecave.validation_methods.CV.AdaptedhvBlockCV object at 0x00000250F7D92A20>,4,Tree,2.2687563196473666,1.2326579020593553,1.50623913096406
datasets/synthetic_data/s2.csv,404,<timecave.validation_methods.CV.AdaptedhvBlockCV object at 0x00000250F7D92A20>,4,ARMA,1.8970587865887256,1.1472951622366758,1.3773375717625385
datasets/synthetic_data/s2.csv,404,<timecave.validation_methods.markov.MarkovCV object at 0x00000250F7D91910>,0,Tree,2.016744023164716,1.0642725092410603,1.4201211297508096
datasets/synthetic_data/s2.csv,404,<timecave.validation_methods.markov.MarkovCV object at 0x00000250F7D91910>,0,ARMA,0.9596225104168548,0.6675613434947366,0.9796032413262293
datasets/synthetic_data/s2.csv,404,<timecave.validation_methods.markov.MarkovCV object at 0x00000250F7D91910>,1,Tree,1.6830348670708837,0.9748847919311514,1.297318336828276
datasets/synthetic_data/s2.csv,404,<timecave.validation_methods.markov.MarkovCV object at 0x00000250F7D91910>,1,ARMA,0.8814330497721554,0.7896594078236571,0.938846659349734
datasets/synthetic_data/s2.csv,404,<timecave.validation_methods.markov.MarkovCV object at 0x00000250F7D91910>,2,Tree,2.6785323424260814,1.3774797797540657,1.6366222357117362
datasets/synthetic_data/s2.csv,404,<timecave.validation_methods.markov.MarkovCV object at 0x00000250F7D91910>,2,ARMA,3.276321213167126,1.4767311047623106,1.810061107578174
datasets/synthetic_data/s2.csv,404,<timecave.validation_methods.markov.MarkovCV object at 0x00000250F7D91910>,3,Tree,4.354897253575646,1.878988257489309,2.0868390578996854
datasets/synthetic_data/s2.csv,404,<timecave.validation_methods.markov.MarkovCV object at 0x00000250F7D91910>,3,ARMA,3.056827798751869,1.4413337126071941,1.748378619965329
datasets/synthetic_data/s2.csv,404,<timecave.validation_methods.markov.MarkovCV object at 0x00000250F7D91910>,4,Tree,2.172076155715001,1.314470332175478,1.473796510959027
datasets/synthetic_data/s2.csv,404,<timecave.validation_methods.markov.MarkovCV object at 0x00000250F7D91910>,4,ARMA,1.269499604739212,0.9564324962917081,1.1267207305890896
datasets/synthetic_data/s2.csv,404,<timecave.validation_methods.markov.MarkovCV object at 0x00000250F7D91910>,5,Tree,2.2861520252435232,1.2621516481586135,1.5120026538480424
datasets/synthetic_data/s2.csv,404,<timecave.validation_methods.markov.MarkovCV object at 0x00000250F7D91910>,5,ARMA,1.1365360675209426,0.8254868885819336,1.0660844560919847
datasets/synthetic_data/s2.csv,404,<timecave.validation_methods.markov.MarkovCV object at 0x00000250F7D91910>,6,Tree,1.4087061466139503,0.9812883325679419,1.1868892731059415
datasets/synthetic_data/s2.csv,404,<timecave.validation_methods.markov.MarkovCV object at 0x00000250F7D91910>,6,ARMA,2.031393396184938,1.2166152261505563,1.425269587195678
datasets/synthetic_data/s2.csv,404,<timecave.validation_methods.markov.MarkovCV object at 0x00000250F7D91910>,7,Tree,2.0908497710710927,1.234216846191907,1.4459770990825176
datasets/synthetic_data/s2.csv,404,<timecave.validation_methods.markov.MarkovCV object at 0x00000250F7D91910>,7,ARMA,1.1904355607247032,0.8839662242600399,1.0910708321299325
datasets/synthetic_data/s2.csv,404,<timecave.validation_methods.markov.MarkovCV object at 0x00000250F7D91910>,8,Tree,5.035370926739858,1.9486266380183366,2.2439632186691156
datasets/synthetic_data/s2.csv,404,<timecave.validation_methods.markov.MarkovCV object at 0x00000250F7D91910>,8,ARMA,3.524571139141032,1.5962575937806196,1.8773841213616973
datasets/synthetic_data/s2.csv,404,<timecave.validation_methods.markov.MarkovCV object at 0x00000250F7D91910>,9,Tree,5.937078997811124,1.8931996268840097,2.436612196844447
datasets/synthetic_data/s2.csv,404,<timecave.validation_methods.markov.MarkovCV object at 0x00000250F7D91910>,9,ARMA,4.028105087908511,1.6152990567617957,2.0070139730227368
datasets/synthetic_data/s2.csv,405,<timecave.validation_methods.OOS.Holdout object at 0x00000250F2630B00>,0,Tree,2.9383497218962558,1.4272837972184333,1.714161521530645
datasets/synthetic_data/s2.csv,405,<timecave.validation_methods.OOS.Holdout object at 0x00000250F2630B00>,0,ARMA,1.7856592948604568,1.0920601674498045,1.3362856337102695
datasets/synthetic_data/s2.csv,405,<timecave.validation_methods.OOS.Repeated_Holdout object at 0x00000250F7D93E60>,0,Tree,2.3864895586404957,1.2852548394383823,1.5448267082881806
datasets/synthetic_data/s2.csv,405,<timecave.validation_methods.OOS.Repeated_Holdout object at 0x00000250F7D93E60>,0,ARMA,1.9871388163390178,1.1360718197056567,1.4096591135232013
datasets/synthetic_data/s2.csv,405,<timecave.validation_methods.OOS.Repeated_Holdout object at 0x00000250F7D93E60>,1,Tree,2.9422057733923426,1.3809496653665738,1.7152859159313185
datasets/synthetic_data/s2.csv,405,<timecave.validation_methods.OOS.Repeated_Holdout object at 0x00000250F7D93E60>,1,ARMA,1.8778642395911154,1.0752945157828935,1.3703518670732402
datasets/synthetic_data/s2.csv,405,<timecave.validation_methods.OOS.Repeated_Holdout object at 0x00000250F7D93E60>,2,Tree,2.5259325837760382,1.3393571958654726,1.5893182764242153
datasets/synthetic_data/s2.csv,405,<timecave.validation_methods.OOS.Repeated_Holdout object at 0x00000250F7D93E60>,2,ARMA,1.9071680209796114,1.132363238601077,1.3810025419888303
datasets/synthetic_data/s2.csv,405,<timecave.validation_methods.OOS.Repeated_Holdout object at 0x00000250F7D93E60>,3,Tree,3.386613225066791,1.4702882312454049,1.8402753123016107
datasets/synthetic_data/s2.csv,405,<timecave.validation_methods.OOS.Repeated_Holdout object at 0x00000250F7D93E60>,3,ARMA,1.7856592948604568,1.0920601674498045,1.3362856337102695
datasets/synthetic_data/s2.csv,405,<timecave.validation_methods.prequential.Growing_Window object at 0x00000250F26063F0>,0,Tree,3.0855802800490038,1.3962604279680302,1.756581987852831
datasets/synthetic_data/s2.csv,405,<timecave.validation_methods.prequential.Growing_Window object at 0x00000250F26063F0>,0,ARMA,1.976339546429323,1.1972718192229321,1.4058234407027517
datasets/synthetic_data/s2.csv,405,<timecave.validation_methods.prequential.Growing_Window object at 0x00000250F26063F0>,1,Tree,4.409196477166344,1.664762937110976,2.0998086763241894
datasets/synthetic_data/s2.csv,405,<timecave.validation_methods.prequential.Growing_Window object at 0x00000250F26063F0>,1,ARMA,1.1854204832492057,0.9320903876574814,1.088770170076865
datasets/synthetic_data/s2.csv,405,<timecave.validation_methods.prequential.Growing_Window object at 0x00000250F26063F0>,2,Tree,4.355893267736814,1.8130874772793293,2.0870776860809026
datasets/synthetic_data/s2.csv,405,<timecave.validation_methods.prequential.Growing_Window object at 0x00000250F26063F0>,2,ARMA,1.515829679984477,1.0223842933880414,1.2311903508330777
datasets/synthetic_data/s2.csv,405,<timecave.validation_methods.prequential.Growing_Window object at 0x00000250F26063F0>,3,Tree,3.2907650040980934,1.4670244248883677,1.8140465826703827
datasets/synthetic_data/s2.csv,405,<timecave.validation_methods.prequential.Growing_Window object at 0x00000250F26063F0>,3,ARMA,1.9487786800405016,1.106497205804816,1.3959866331883346
datasets/synthetic_data/s2.csv,405,<timecave.validation_methods.prequential.Growing_Window object at 0x00000250F7D901A0>,0,Tree,3.3940900683235165,1.3936484976361418,1.8423056392258903
datasets/synthetic_data/s2.csv,405,<timecave.validation_methods.prequential.Growing_Window object at 0x00000250F7D901A0>,0,ARMA,1.155583418041208,0.9077361751534117,1.074980659380069
datasets/synthetic_data/s2.csv,405,<timecave.validation_methods.prequential.Growing_Window object at 0x00000250F7D901A0>,1,Tree,3.0658321562118203,1.5564004638849893,1.7509517858044579
datasets/synthetic_data/s2.csv,405,<timecave.validation_methods.prequential.Growing_Window object at 0x00000250F7D901A0>,1,ARMA,1.5909958564380062,1.062811818902714,1.2613468422436416
datasets/synthetic_data/s2.csv,405,<timecave.validation_methods.prequential.Growing_Window object at 0x00000250F7D901A0>,2,Tree,2.8415071672403935,1.4799249839321675,1.6856770649327806
datasets/synthetic_data/s2.csv,405,<timecave.validation_methods.prequential.Growing_Window object at 0x00000250F7D901A0>,2,ARMA,1.9301149413249814,1.0899576181860637,1.3892857666171425
datasets/synthetic_data/s2.csv,405,<timecave.validation_methods.prequential.Rolling_Window object at 0x00000250F7D92270>,0,Tree,3.0479435500923016,1.3567724698885342,1.7458360604857208
datasets/synthetic_data/s2.csv,405,<timecave.validation_methods.prequential.Rolling_Window object at 0x00000250F7D92270>,0,ARMA,1.976339546429323,1.1972718192229321,1.4058234407027517
datasets/synthetic_data/s2.csv,405,<timecave.validation_methods.prequential.Rolling_Window object at 0x00000250F7D92270>,1,Tree,3.19628169357735,1.5280749105570353,1.7878147816754817
datasets/synthetic_data/s2.csv,405,<timecave.validation_methods.prequential.Rolling_Window object at 0x00000250F7D92270>,1,ARMA,1.1281879413152254,0.8919834576902176,1.062161918595854
datasets/synthetic_data/s2.csv,405,<timecave.validation_methods.prequential.Rolling_Window object at 0x00000250F7D92270>,2,Tree,3.0747135751380665,1.4613641717717434,1.7534861206003505
datasets/synthetic_data/s2.csv,405,<timecave.validation_methods.prequential.Rolling_Window object at 0x00000250F7D92270>,2,ARMA,1.5653896762702353,1.0423062009787318,1.2511553365870425
datasets/synthetic_data/s2.csv,405,<timecave.validation_methods.prequential.Rolling_Window object at 0x00000250F7D92270>,3,Tree,3.288141189320196,1.4625695387740876,1.8133232445761556
datasets/synthetic_data/s2.csv,405,<timecave.validation_methods.prequential.Rolling_Window object at 0x00000250F7D92270>,3,ARMA,2.0117001169088793,1.1554599228447497,1.4183441461467945
datasets/synthetic_data/s2.csv,405,<timecave.validation_methods.prequential.Rolling_Window object at 0x00000250F7D909E0>,0,Tree,3.4047210776190218,1.3997601615066895,1.8451886292785955
datasets/synthetic_data/s2.csv,405,<timecave.validation_methods.prequential.Rolling_Window object at 0x00000250F7D909E0>,0,ARMA,1.155583418041208,0.9077361751534117,1.074980659380069
datasets/synthetic_data/s2.csv,405,<timecave.validation_methods.prequential.Rolling_Window object at 0x00000250F7D909E0>,1,Tree,3.392317115078638,1.4889447689379298,1.841824398545811
datasets/synthetic_data/s2.csv,405,<timecave.validation_methods.prequential.Rolling_Window object at 0x00000250F7D909E0>,1,ARMA,1.5744673013855452,1.0666594938774847,1.2547777896446626
datasets/synthetic_data/s2.csv,405,<timecave.validation_methods.prequential.Rolling_Window object at 0x00000250F7D909E0>,2,Tree,3.3535243493944784,1.51458077595161,1.8312630475697582
datasets/synthetic_data/s2.csv,405,<timecave.validation_methods.prequential.Rolling_Window object at 0x00000250F7D909E0>,2,ARMA,1.9697588811206415,1.1009667924920965,1.4034809870891167
datasets/synthetic_data/s2.csv,405,<timecave.validation_methods.CV.Block_CV object at 0x00000250F7D934A0>,0,Tree,3.503325516504879,1.567389749973116,1.8717172640398654
datasets/synthetic_data/s2.csv,405,<timecave.validation_methods.CV.Block_CV object at 0x00000250F7D934A0>,0,ARMA,2.46671794000929,1.2148994973662646,1.5705788550751885
datasets/synthetic_data/s2.csv,405,<timecave.validation_methods.CV.Block_CV object at 0x00000250F7D934A0>,1,Tree,2.6119569359650248,1.3344027692057139,1.6161549851313841
datasets/synthetic_data/s2.csv,405,<timecave.validation_methods.CV.Block_CV object at 0x00000250F7D934A0>,1,ARMA,1.856514214487242,1.13402705855853,1.362539619419282
datasets/synthetic_data/s2.csv,405,<timecave.validation_methods.CV.Block_CV object at 0x00000250F7D934A0>,2,Tree,2.8488776611969655,1.3686908637009951,1.6878618608159157
datasets/synthetic_data/s2.csv,405,<timecave.validation_methods.CV.Block_CV object at 0x00000250F7D934A0>,2,ARMA,1.119889405448951,0.9061012082010635,1.058248272121883
datasets/synthetic_data/s2.csv,405,<timecave.validation_methods.CV.Block_CV object at 0x00000250F7D934A0>,3,Tree,2.7519551944359852,1.344170847520306,1.6589018037352257
datasets/synthetic_data/s2.csv,405,<timecave.validation_methods.CV.Block_CV object at 0x00000250F7D934A0>,3,ARMA,1.6456822344978943,1.0849018888129152,1.2828414689656296
datasets/synthetic_data/s2.csv,405,<timecave.validation_methods.CV.Block_CV object at 0x00000250F7D934A0>,4,Tree,3.4579441032585545,1.5439132164669278,1.8595548131901234
datasets/synthetic_data/s2.csv,405,<timecave.validation_methods.CV.Block_CV object at 0x00000250F7D934A0>,4,ARMA,1.9487786800405016,1.106497205804816,1.3959866331883346
datasets/synthetic_data/s2.csv,405,<timecave.validation_methods.CV.AdaptedhvBlockCV object at 0x00000250F7D93C80>,0,Tree,4.818884367795248,1.9267723971160342,2.195195747033792
datasets/synthetic_data/s2.csv,405,<timecave.validation_methods.CV.AdaptedhvBlockCV object at 0x00000250F7D93C80>,0,ARMA,2.466951368415697,1.215671636533155,1.570653166175046
datasets/synthetic_data/s2.csv,405,<timecave.validation_methods.CV.AdaptedhvBlockCV object at 0x00000250F7D93C80>,1,Tree,3.78189672091616,1.652280763521775,1.9447099323333956
datasets/synthetic_data/s2.csv,405,<timecave.validation_methods.CV.AdaptedhvBlockCV object at 0x00000250F7D93C80>,1,ARMA,1.861134573814264,1.1290592140686635,1.3642340612278612
datasets/synthetic_data/s2.csv,405,<timecave.validation_methods.CV.AdaptedhvBlockCV object at 0x00000250F7D93C80>,2,Tree,2.968809411937034,1.4272421705185412,1.7230233347047375
datasets/synthetic_data/s2.csv,405,<timecave.validation_methods.CV.AdaptedhvBlockCV object at 0x00000250F7D93C80>,2,ARMA,1.1364103812342516,0.9130443290010425,1.0660255068403623
datasets/synthetic_data/s2.csv,405,<timecave.validation_methods.CV.AdaptedhvBlockCV object at 0x00000250F7D93C80>,3,Tree,2.5113783485855863,1.302857802474911,1.5847328950285553
datasets/synthetic_data/s2.csv,405,<timecave.validation_methods.CV.AdaptedhvBlockCV object at 0x00000250F7D93C80>,3,ARMA,1.6418478775355174,1.081922479396009,1.2813461193352549
datasets/synthetic_data/s2.csv,405,<timecave.validation_methods.CV.AdaptedhvBlockCV object at 0x00000250F7D93C80>,4,Tree,2.8030020434466585,1.343893853868671,1.6742168448103305
datasets/synthetic_data/s2.csv,405,<timecave.validation_methods.CV.AdaptedhvBlockCV object at 0x00000250F7D93C80>,4,ARMA,1.9214490469954408,1.0839014027920877,1.3861634272319556
datasets/synthetic_data/s2.csv,405,<timecave.validation_methods.markov.MarkovCV object at 0x00000250F265B6B0>,0,Tree,2.56997286192932,1.0519016201380256,1.6031134900341024
datasets/synthetic_data/s2.csv,405,<timecave.validation_methods.markov.MarkovCV object at 0x00000250F265B6B0>,0,ARMA,2.7224861452845346,1.3849779236238458,1.6499958015960328
datasets/synthetic_data/s2.csv,405,<timecave.validation_methods.markov.MarkovCV object at 0x00000250F265B6B0>,1,Tree,5.46342604989709,2.0155515686816416,2.3373972811435135
datasets/synthetic_data/s2.csv,405,<timecave.validation_methods.markov.MarkovCV object at 0x00000250F265B6B0>,1,ARMA,3.0059138388229347,1.4340891470585768,1.7337571452838874
datasets/synthetic_data/s2.csv,405,<timecave.validation_methods.markov.MarkovCV object at 0x00000250F265B6B0>,2,Tree,2.2383203816415698,1.257137140486839,1.496101728373298
datasets/synthetic_data/s2.csv,405,<timecave.validation_methods.markov.MarkovCV object at 0x00000250F265B6B0>,2,ARMA,2.050504129605268,1.3198096751278048,1.4319581452002248
datasets/synthetic_data/s2.csv,405,<timecave.validation_methods.markov.MarkovCV object at 0x00000250F265B6B0>,3,Tree,4.074195247303555,1.7324313669056353,2.0184635858255047
datasets/synthetic_data/s2.csv,405,<timecave.validation_methods.markov.MarkovCV object at 0x00000250F265B6B0>,3,ARMA,2.595142040011869,1.4023763816891277,1.6109444559052521
datasets/synthetic_data/s2.csv,405,<timecave.validation_methods.markov.MarkovCV object at 0x00000250F265B6B0>,4,Tree,1.734459442402397,0.9313529099851947,1.3169887783889416
datasets/synthetic_data/s2.csv,405,<timecave.validation_methods.markov.MarkovCV object at 0x00000250F265B6B0>,4,ARMA,1.0940501849356528,0.7730224341622893,1.0459685391710656
datasets/synthetic_data/s2.csv,405,<timecave.validation_methods.markov.MarkovCV object at 0x00000250F265B6B0>,5,Tree,2.061648863155111,1.0754822199383292,1.4358443032429076
datasets/synthetic_data/s2.csv,405,<timecave.validation_methods.markov.MarkovCV object at 0x00000250F265B6B0>,5,ARMA,1.333822779307979,0.858426272482998,1.1549124552570984
datasets/synthetic_data/s2.csv,405,<timecave.validation_methods.markov.MarkovCV object at 0x00000250F265B6B0>,6,Tree,3.687515495025349,1.579400412428891,1.9202904715238653
datasets/synthetic_data/s2.csv,405,<timecave.validation_methods.markov.MarkovCV object at 0x00000250F265B6B0>,6,ARMA,2.9242043741996397,1.349309914475755,1.7100305184994915
datasets/synthetic_data/s2.csv,405,<timecave.validation_methods.markov.MarkovCV object at 0x00000250F265B6B0>,7,Tree,5.412689471555575,2.01560162037844,2.3265187451545657
datasets/synthetic_data/s2.csv,405,<timecave.validation_methods.markov.MarkovCV object at 0x00000250F265B6B0>,7,ARMA,3.5952461858376776,1.5683103312834015,1.896113442238538
datasets/synthetic_data/s2.csv,405,<timecave.validation_methods.markov.MarkovCV object at 0x00000250F265B6B0>,8,Tree,4.198453029226854,1.6634753296018852,2.0490126962092874
datasets/synthetic_data/s2.csv,405,<timecave.validation_methods.markov.MarkovCV object at 0x00000250F265B6B0>,8,ARMA,2.759363517152457,1.3315622506836424,1.6611332027120693
datasets/synthetic_data/s2.csv,405,<timecave.validation_methods.markov.MarkovCV object at 0x00000250F265B6B0>,9,Tree,3.0542304185416067,1.515744328983058,1.7476356652751186
datasets/synthetic_data/s2.csv,405,<timecave.validation_methods.markov.MarkovCV object at 0x00000250F265B6B0>,9,ARMA,2.2489400783485065,1.2900730291526301,1.499646651164369
datasets/synthetic_data/s2.csv,406,<timecave.validation_methods.OOS.Holdout object at 0x00000250F2623650>,0,Tree,2.5825677015441544,1.2309788782736528,1.6070369322278049
datasets/synthetic_data/s2.csv,406,<timecave.validation_methods.OOS.Holdout object at 0x00000250F2623650>,0,ARMA,1.7815898237042813,1.0494211723652886,1.3347620850564648
datasets/synthetic_data/s2.csv,406,<timecave.validation_methods.OOS.Repeated_Holdout object at 0x00000250F7D91EB0>,0,Tree,2.4753433602652843,1.1506713381712792,1.5733223955265128
datasets/synthetic_data/s2.csv,406,<timecave.validation_methods.OOS.Repeated_Holdout object at 0x00000250F7D91EB0>,0,ARMA,1.8839781897021608,1.0637533840534241,1.372580849969196
datasets/synthetic_data/s2.csv,406,<timecave.validation_methods.OOS.Repeated_Holdout object at 0x00000250F7D91EB0>,1,Tree,1.740993787273716,1.02021070427162,1.31946723615015
datasets/synthetic_data/s2.csv,406,<timecave.validation_methods.OOS.Repeated_Holdout object at 0x00000250F7D91EB0>,1,ARMA,1.6737721365410356,1.0297680258167814,1.2937434585500465
datasets/synthetic_data/s2.csv,406,<timecave.validation_methods.OOS.Repeated_Holdout object at 0x00000250F7D91EB0>,2,Tree,2.3865531929646306,1.180440540268134,1.544847304093395
datasets/synthetic_data/s2.csv,406,<timecave.validation_methods.OOS.Repeated_Holdout object at 0x00000250F7D91EB0>,2,ARMA,1.6547941247876645,0.9879207380105905,1.286388014864747
datasets/synthetic_data/s2.csv,406,<timecave.validation_methods.OOS.Repeated_Holdout object at 0x00000250F7D91EB0>,3,Tree,2.6035074844096484,1.2018170331442637,1.6135388078412147
datasets/synthetic_data/s2.csv,406,<timecave.validation_methods.OOS.Repeated_Holdout object at 0x00000250F7D91EB0>,3,ARMA,1.7815898237042813,1.0494211723652886,1.3347620850564648
datasets/synthetic_data/s2.csv,406,<timecave.validation_methods.prequential.Growing_Window object at 0x00000250F7D919A0>,0,Tree,1.9317885795809258,1.1137487673661584,1.3898879737521748
datasets/synthetic_data/s2.csv,406,<timecave.validation_methods.prequential.Growing_Window object at 0x00000250F7D919A0>,0,ARMA,0.8555723707660147,0.709384650553351,0.9249715513279393
datasets/synthetic_data/s2.csv,406,<timecave.validation_methods.prequential.Growing_Window object at 0x00000250F7D919A0>,1,Tree,3.661686529409142,1.4613712889419317,1.9135533777266684
datasets/synthetic_data/s2.csv,406,<timecave.validation_methods.prequential.Growing_Window object at 0x00000250F7D919A0>,1,ARMA,1.8410975490423604,1.007703012356211,1.3568704982577964
datasets/synthetic_data/s2.csv,406,<timecave.validation_methods.prequential.Growing_Window object at 0x00000250F7D919A0>,2,Tree,2.603316586613335,1.3092256267578124,1.6134796517506302
datasets/synthetic_data/s2.csv,406,<timecave.validation_methods.prequential.Growing_Window object at 0x00000250F7D919A0>,2,ARMA,2.374655007514639,1.2197751231687093,1.5409915663346891
datasets/synthetic_data/s2.csv,406,<timecave.validation_methods.prequential.Growing_Window object at 0x00000250F7D919A0>,3,Tree,1.8300148367334852,1.0511302751900558,1.3527804096502452
datasets/synthetic_data/s2.csv,406,<timecave.validation_methods.prequential.Growing_Window object at 0x00000250F7D919A0>,3,ARMA,1.50248853906219,0.9834477251254454,1.2257603921901663
datasets/synthetic_data/s2.csv,406,<timecave.validation_methods.prequential.Growing_Window object at 0x00000250F7D92090>,0,Tree,2.417845754612747,1.1667676457906977,1.554942363759103
datasets/synthetic_data/s2.csv,406,<timecave.validation_methods.prequential.Growing_Window object at 0x00000250F7D92090>,0,ARMA,1.9695783266284306,1.0993671591223884,1.4034166618037676
datasets/synthetic_data/s2.csv,406,<timecave.validation_methods.prequential.Growing_Window object at 0x00000250F7D92090>,1,Tree,3.865412719933178,1.495260365768435,1.9660652888277077
datasets/synthetic_data/s2.csv,406,<timecave.validation_methods.prequential.Growing_Window object at 0x00000250F7D92090>,1,ARMA,2.2675371525895027,1.1794765814644306,1.505834370901894
datasets/synthetic_data/s2.csv,406,<timecave.validation_methods.prequential.Growing_Window object at 0x00000250F7D92090>,2,Tree,2.9409097437023974,1.3263011264985576,1.7149080860799502
datasets/synthetic_data/s2.csv,406,<timecave.validation_methods.prequential.Growing_Window object at 0x00000250F7D92090>,2,ARMA,1.491394776605273,0.9670867260022733,1.2212267506918086
datasets/synthetic_data/s2.csv,406,<timecave.validation_methods.prequential.Rolling_Window object at 0x00000250F7D921E0>,0,Tree,1.549176724276482,0.9399994726082846,1.2446592803962384
datasets/synthetic_data/s2.csv,406,<timecave.validation_methods.prequential.Rolling_Window object at 0x00000250F7D921E0>,0,ARMA,0.8555723707660147,0.709384650553351,0.9249715513279393
datasets/synthetic_data/s2.csv,406,<timecave.validation_methods.prequential.Rolling_Window object at 0x00000250F7D921E0>,1,Tree,2.1213792481679636,1.1173947048529935,1.4564955366110683
datasets/synthetic_data/s2.csv,406,<timecave.validation_methods.prequential.Rolling_Window object at 0x00000250F7D921E0>,1,ARMA,1.8562804972049163,1.027089237374422,1.3624538514037516
datasets/synthetic_data/s2.csv,406,<timecave.validation_methods.prequential.Rolling_Window object at 0x00000250F7D921E0>,2,Tree,3.7208775342527214,1.575119716162857,1.9289576289417871
datasets/synthetic_data/s2.csv,406,<timecave.validation_methods.prequential.Rolling_Window object at 0x00000250F7D921E0>,2,ARMA,2.384781587176983,1.2347018789955357,1.5442738057666403
datasets/synthetic_data/s2.csv,406,<timecave.validation_methods.prequential.Rolling_Window object at 0x00000250F7D921E0>,3,Tree,3.421993654660279,1.5184364985898726,1.8498631448462015
datasets/synthetic_data/s2.csv,406,<timecave.validation_methods.prequential.Rolling_Window object at 0x00000250F7D921E0>,3,ARMA,1.4571163919453716,0.996210945346952,1.2071107620866328
datasets/synthetic_data/s2.csv,406,<timecave.validation_methods.prequential.Rolling_Window object at 0x00000250F7D933B0>,0,Tree,2.840505703803658,1.3075403781425212,1.6853799879563236
datasets/synthetic_data/s2.csv,406,<timecave.validation_methods.prequential.Rolling_Window object at 0x00000250F7D933B0>,0,ARMA,1.9695783266284306,1.0993671591223884,1.4034166618037676
datasets/synthetic_data/s2.csv,406,<timecave.validation_methods.prequential.Rolling_Window object at 0x00000250F7D933B0>,1,Tree,3.534846905741752,1.4089661839280314,1.8801188541530431
datasets/synthetic_data/s2.csv,406,<timecave.validation_methods.prequential.Rolling_Window object at 0x00000250F7D933B0>,1,ARMA,2.339425481390716,1.2023845809182707,1.529518055267971
datasets/synthetic_data/s2.csv,406,<timecave.validation_methods.prequential.Rolling_Window object at 0x00000250F7D933B0>,2,Tree,5.012554734852256,1.7518486608976387,2.238873541505249
datasets/synthetic_data/s2.csv,406,<timecave.validation_methods.prequential.Rolling_Window object at 0x00000250F7D933B0>,2,ARMA,1.4977052443913283,0.9712611087639069,1.2238076827636475
datasets/synthetic_data/s2.csv,406,<timecave.validation_methods.CV.Block_CV object at 0x00000250F7D93860>,0,Tree,1.947890656799824,1.044706709600975,1.3956685340007577
datasets/synthetic_data/s2.csv,406,<timecave.validation_methods.CV.Block_CV object at 0x00000250F7D93860>,0,ARMA,1.37425712450555,0.8834993413191503,1.1722871339844816
datasets/synthetic_data/s2.csv,406,<timecave.validation_methods.CV.Block_CV object at 0x00000250F7D93860>,1,Tree,1.6984917339426888,1.129145444037459,1.303261959063752
datasets/synthetic_data/s2.csv,406,<timecave.validation_methods.CV.Block_CV object at 0x00000250F7D93860>,1,ARMA,1.01182290178867,0.7709045985475589,1.005894080800096
datasets/synthetic_data/s2.csv,406,<timecave.validation_methods.CV.Block_CV object at 0x00000250F7D93860>,2,Tree,2.161032233357355,1.0589070481775789,1.4700449766443728
datasets/synthetic_data/s2.csv,406,<timecave.validation_methods.CV.Block_CV object at 0x00000250F7D93860>,2,ARMA,1.856090962129708,1.0153788774601697,1.3623842931161927
datasets/synthetic_data/s2.csv,406,<timecave.validation_methods.CV.Block_CV object at 0x00000250F7D93860>,3,Tree,3.1121436365784274,1.4758494003782159,1.7641268765535056
datasets/synthetic_data/s2.csv,406,<timecave.validation_methods.CV.Block_CV object at 0x00000250F7D93860>,3,ARMA,2.3339827285286914,1.2074512049654602,1.527737781338372
datasets/synthetic_data/s2.csv,406,<timecave.validation_methods.CV.Block_CV object at 0x00000250F7D93860>,4,Tree,2.1157176822715336,1.1730486078658358,1.4545506805441788
datasets/synthetic_data/s2.csv,406,<timecave.validation_methods.CV.Block_CV object at 0x00000250F7D93860>,4,ARMA,1.50248853906219,0.9834477251254454,1.2257603921901663
datasets/synthetic_data/s2.csv,406,<timecave.validation_methods.CV.AdaptedhvBlockCV object at 0x00000250F7D90B60>,0,Tree,1.8146225537245495,1.0252087794194662,1.347079267795533
datasets/synthetic_data/s2.csv,406,<timecave.validation_methods.CV.AdaptedhvBlockCV object at 0x00000250F7D90B60>,0,ARMA,1.3736456650627908,0.8832888036314537,1.1720263073253905
datasets/synthetic_data/s2.csv,406,<timecave.validation_methods.CV.AdaptedhvBlockCV object at 0x00000250F7D90B60>,1,Tree,1.6935282940099003,1.1149174742734556,1.3013563286086944
datasets/synthetic_data/s2.csv,406,<timecave.validation_methods.CV.AdaptedhvBlockCV object at 0x00000250F7D90B60>,1,ARMA,1.0255954058949386,0.7779210882003468,1.0127168438882306
datasets/synthetic_data/s2.csv,406,<timecave.validation_methods.CV.AdaptedhvBlockCV object at 0x00000250F7D90B60>,2,Tree,2.581427675958358,1.255265511005436,1.6066821950710595
datasets/synthetic_data/s2.csv,406,<timecave.validation_methods.CV.AdaptedhvBlockCV object at 0x00000250F7D90B60>,2,ARMA,1.857752268443206,1.0172366436445102,1.3629938622177307
datasets/synthetic_data/s2.csv,406,<timecave.validation_methods.CV.AdaptedhvBlockCV object at 0x00000250F7D90B60>,3,Tree,2.5255723615995724,1.3161239897420682,1.5892049463802875
datasets/synthetic_data/s2.csv,406,<timecave.validation_methods.CV.AdaptedhvBlockCV object at 0x00000250F7D90B60>,3,ARMA,2.339837552523325,1.2071481730757263,1.5296527555374537
datasets/synthetic_data/s2.csv,406,<timecave.validation_methods.CV.AdaptedhvBlockCV object at 0x00000250F7D90B60>,4,Tree,2.064729974150367,1.0967871451876212,1.4369168292390366
datasets/synthetic_data/s2.csv,406,<timecave.validation_methods.CV.AdaptedhvBlockCV object at 0x00000250F7D90B60>,4,ARMA,1.5565763888024673,0.9848147511184218,1.2476283055471558
datasets/synthetic_data/s2.csv,406,<timecave.validation_methods.markov.MarkovCV object at 0x00000250F7D93FE0>,0,Tree,11.32004034766447,3.1241509673920786,3.3645267642960532
datasets/synthetic_data/s2.csv,406,<timecave.validation_methods.markov.MarkovCV object at 0x00000250F7D93FE0>,0,ARMA,1.237627841553771,0.8990781744928651,1.1124872320857309
datasets/synthetic_data/s2.csv,406,<timecave.validation_methods.markov.MarkovCV object at 0x00000250F7D93FE0>,1,Tree,4.713941688051718,1.7119952741729825,2.1711613684965285
datasets/synthetic_data/s2.csv,406,<timecave.validation_methods.markov.MarkovCV object at 0x00000250F7D93FE0>,1,ARMA,2.2748847944598007,1.155047760925903,1.5082721221516364
datasets/synthetic_data/s2.csv,406,<timecave.validation_methods.markov.MarkovCV object at 0x00000250F7D93FE0>,2,Tree,7.784184465706353,2.5078032964634063,2.7900151371822974
datasets/synthetic_data/s2.csv,406,<timecave.validation_methods.markov.MarkovCV object at 0x00000250F7D93FE0>,2,ARMA,3.6020606558028776,1.5765538281680964,1.8979095488992297
datasets/synthetic_data/s2.csv,406,<timecave.validation_methods.markov.MarkovCV object at 0x00000250F7D93FE0>,3,Tree,4.714857811290551,1.9137183296980418,2.1713723336384643
datasets/synthetic_data/s2.csv,406,<timecave.validation_methods.markov.MarkovCV object at 0x00000250F7D93FE0>,3,ARMA,2.2750080346843076,1.1718874564369657,1.5083129763693965
datasets/synthetic_data/s2.csv,406,<timecave.validation_methods.markov.MarkovCV object at 0x00000250F7D93FE0>,4,Tree,1.7189534421450916,1.000386591022811,1.3110886477065888
datasets/synthetic_data/s2.csv,406,<timecave.validation_methods.markov.MarkovCV object at 0x00000250F7D93FE0>,4,ARMA,1.7886369179794452,1.0351832480559606,1.3373993113425195
datasets/synthetic_data/s2.csv,406,<timecave.validation_methods.markov.MarkovCV object at 0x00000250F7D93FE0>,5,Tree,3.2607457935722226,1.4318249393384566,1.8057535251446202
datasets/synthetic_data/s2.csv,406,<timecave.validation_methods.markov.MarkovCV object at 0x00000250F7D93FE0>,5,ARMA,2.5210410652311674,1.246763875354385,1.5877786575058777
datasets/synthetic_data/s2.csv,406,<timecave.validation_methods.markov.MarkovCV object at 0x00000250F7D93FE0>,6,Tree,3.9157061763860113,1.4840309054493062,1.9788143360067945
datasets/synthetic_data/s2.csv,406,<timecave.validation_methods.markov.MarkovCV object at 0x00000250F7D93FE0>,6,ARMA,1.206142623004792,0.9639031898061217,1.0982452472033704
datasets/synthetic_data/s2.csv,406,<timecave.validation_methods.markov.MarkovCV object at 0x00000250F7D93FE0>,7,Tree,2.2803343840256605,1.180078730669379,1.5100776086101206
datasets/synthetic_data/s2.csv,406,<timecave.validation_methods.markov.MarkovCV object at 0x00000250F7D93FE0>,7,ARMA,1.6068828523831888,1.1346807981554345,1.267628830684751
datasets/synthetic_data/s2.csv,406,<timecave.validation_methods.markov.MarkovCV object at 0x00000250F7D93FE0>,8,Tree,2.123828642730823,1.1962385096666486,1.4573361461004193
datasets/synthetic_data/s2.csv,406,<timecave.validation_methods.markov.MarkovCV object at 0x00000250F7D93FE0>,8,ARMA,1.9668175873275002,1.0836036856146585,1.4024327389673632
datasets/synthetic_data/s2.csv,406,<timecave.validation_methods.markov.MarkovCV object at 0x00000250F7D93FE0>,9,Tree,3.187657789592286,1.4061588707928643,1.7854012965135557
datasets/synthetic_data/s2.csv,406,<timecave.validation_methods.markov.MarkovCV object at 0x00000250F7D93FE0>,9,ARMA,2.4264293566122173,1.194880828245254,1.5577000213815937
datasets/synthetic_data/s2.csv,407,<timecave.validation_methods.OOS.Holdout object at 0x00000250F265BE00>,0,Tree,2.424345336343359,1.3026895428626057,1.5570309362191104
datasets/synthetic_data/s2.csv,407,<timecave.validation_methods.OOS.Holdout object at 0x00000250F265BE00>,0,ARMA,1.631883141914703,0.988693009749857,1.277451815887669
datasets/synthetic_data/s2.csv,407,<timecave.validation_methods.OOS.Repeated_Holdout object at 0x00000250F6CBF620>,0,Tree,2.1334362838351235,1.241683562818385,1.460628728950353
datasets/synthetic_data/s2.csv,407,<timecave.validation_methods.OOS.Repeated_Holdout object at 0x00000250F6CBF620>,0,ARMA,1.922606653544999,1.076424682367174,1.3865809221048007
datasets/synthetic_data/s2.csv,407,<timecave.validation_methods.OOS.Repeated_Holdout object at 0x00000250F6CBF620>,1,Tree,2.382298295717154,1.2880685434157333,1.543469564234149
datasets/synthetic_data/s2.csv,407,<timecave.validation_methods.OOS.Repeated_Holdout object at 0x00000250F6CBF620>,1,ARMA,2.0982195872935696,1.151401867200282,1.448523243615224
datasets/synthetic_data/s2.csv,407,<timecave.validation_methods.OOS.Repeated_Holdout object at 0x00000250F6CBF620>,2,Tree,2.0258197142806993,1.2430016729400326,1.4233129361741568
datasets/synthetic_data/s2.csv,407,<timecave.validation_methods.OOS.Repeated_Holdout object at 0x00000250F6CBF620>,2,ARMA,1.7016686653616504,0.9968641522619184,1.3044802280455041
datasets/synthetic_data/s2.csv,407,<timecave.validation_methods.OOS.Repeated_Holdout object at 0x00000250F6CBF620>,3,Tree,2.6116560194889984,1.369455354858324,1.6160618860331428
datasets/synthetic_data/s2.csv,407,<timecave.validation_methods.OOS.Repeated_Holdout object at 0x00000250F6CBF620>,3,ARMA,1.631883141914703,0.988693009749857,1.277451815887669
datasets/synthetic_data/s2.csv,407,<timecave.validation_methods.prequential.Growing_Window object at 0x00000250F6CBD190>,0,Tree,1.9838849631423865,1.1716472216851552,1.408504513000362
datasets/synthetic_data/s2.csv,407,<timecave.validation_methods.prequential.Growing_Window object at 0x00000250F6CBD190>,0,ARMA,2.2797909874825293,1.295257020049954,1.5098976745072923
datasets/synthetic_data/s2.csv,407,<timecave.validation_methods.prequential.Growing_Window object at 0x00000250F6CBD190>,1,Tree,2.2921859266221127,1.2973200021331064,1.5139966732533174
datasets/synthetic_data/s2.csv,407,<timecave.validation_methods.prequential.Growing_Window object at 0x00000250F6CBD190>,1,ARMA,1.6512800886298713,1.0715737892534953,1.285021435085762
datasets/synthetic_data/s2.csv,407,<timecave.validation_methods.prequential.Growing_Window object at 0x00000250F6CBD190>,2,Tree,2.0222797310223197,1.1876363545767998,1.4220688207756753
datasets/synthetic_data/s2.csv,407,<timecave.validation_methods.prequential.Growing_Window object at 0x00000250F6CBD190>,2,ARMA,0.944837126360488,0.7951152489967481,0.9720273279905705
datasets/synthetic_data/s2.csv,407,<timecave.validation_methods.prequential.Growing_Window object at 0x00000250F6CBD190>,3,Tree,1.9561569489346164,1.258817713053165,1.3986268083140037
datasets/synthetic_data/s2.csv,407,<timecave.validation_methods.prequential.Growing_Window object at 0x00000250F6CBD190>,3,ARMA,2.01015610340488,1.0975864781510039,1.4177997402330416
datasets/synthetic_data/s2.csv,407,<timecave.validation_methods.prequential.Growing_Window object at 0x00000250F6CBF890>,0,Tree,2.10157021044606,1.0581877445607324,1.4496793474579335
datasets/synthetic_data/s2.csv,407,<timecave.validation_methods.prequential.Growing_Window object at 0x00000250F6CBF890>,0,ARMA,2.0708067506388543,1.1564171764501672,1.439029794910048
datasets/synthetic_data/s2.csv,407,<timecave.validation_methods.prequential.Growing_Window object at 0x00000250F6CBF890>,1,Tree,1.7148215468375423,1.0992933339527609,1.309511949864354
datasets/synthetic_data/s2.csv,407,<timecave.validation_methods.prequential.Growing_Window object at 0x00000250F6CBF890>,1,ARMA,1.130998755734542,0.843485595472826,1.0634842526970214
datasets/synthetic_data/s2.csv,407,<timecave.validation_methods.prequential.Growing_Window object at 0x00000250F6CBF890>,2,Tree,3.1195120822294293,1.4804170969876747,1.7662140533438833
datasets/synthetic_data/s2.csv,407,<timecave.validation_methods.prequential.Growing_Window object at 0x00000250F6CBF890>,2,ARMA,2.474007527506987,1.2298835113521793,1.5728978121629476
datasets/synthetic_data/s2.csv,407,<timecave.validation_methods.prequential.Rolling_Window object at 0x00000250F6CBD790>,0,Tree,1.9817071993414745,1.1804753971614774,1.40773122411257
datasets/synthetic_data/s2.csv,407,<timecave.validation_methods.prequential.Rolling_Window object at 0x00000250F6CBD790>,0,ARMA,2.2797909874825293,1.295257020049954,1.5098976745072923
datasets/synthetic_data/s2.csv,407,<timecave.validation_methods.prequential.Rolling_Window object at 0x00000250F6CBD790>,1,Tree,2.621077566232504,1.3739467499129825,1.6189742327265446
datasets/synthetic_data/s2.csv,407,<timecave.validation_methods.prequential.Rolling_Window object at 0x00000250F6CBD790>,1,ARMA,1.5641212563254188,1.0558299934592572,1.2506483343951724
datasets/synthetic_data/s2.csv,407,<timecave.validation_methods.prequential.Rolling_Window object at 0x00000250F6CBD790>,2,Tree,2.573577430553996,1.3547611176449794,1.6042373361052271
datasets/synthetic_data/s2.csv,407,<timecave.validation_methods.prequential.Rolling_Window object at 0x00000250F6CBD790>,2,ARMA,0.9756131732441344,0.7973679200686291,0.9877313264466884
datasets/synthetic_data/s2.csv,407,<timecave.validation_methods.prequential.Rolling_Window object at 0x00000250F6CBD790>,3,Tree,1.5277557930569285,1.0589967946438341,1.236024187893153
datasets/synthetic_data/s2.csv,407,<timecave.validation_methods.prequential.Rolling_Window object at 0x00000250F6CBD790>,3,ARMA,2.0693686001235623,1.11789497037286,1.4385300136332095
datasets/synthetic_data/s2.csv,407,<timecave.validation_methods.prequential.Rolling_Window object at 0x00000250F6CBD640>,0,Tree,2.117108109587276,1.0597859240372702,1.455028559715333
datasets/synthetic_data/s2.csv,407,<timecave.validation_methods.prequential.Rolling_Window object at 0x00000250F6CBD640>,0,ARMA,2.0708067506388543,1.1564171764501672,1.439029794910048
datasets/synthetic_data/s2.csv,407,<timecave.validation_methods.prequential.Rolling_Window object at 0x00000250F6CBD640>,1,Tree,1.3364484438994277,0.9927270854450924,1.1560486338815628
datasets/synthetic_data/s2.csv,407,<timecave.validation_methods.prequential.Rolling_Window object at 0x00000250F6CBD640>,1,ARMA,1.171600159182999,0.8751088066515924,1.0824048037508882
datasets/synthetic_data/s2.csv,407,<timecave.validation_methods.prequential.Rolling_Window object at 0x00000250F6CBD640>,2,Tree,2.5264920978164818,1.2069278394521377,1.5894942899603264
datasets/synthetic_data/s2.csv,407,<timecave.validation_methods.prequential.Rolling_Window object at 0x00000250F6CBD640>,2,ARMA,2.4917135627352263,1.2222380648712157,1.578516253554339
datasets/synthetic_data/s2.csv,407,<timecave.validation_methods.CV.Block_CV object at 0x00000250F6CBC1D0>,0,Tree,1.9456000290268132,1.0580907674137452,1.3948476723380274
datasets/synthetic_data/s2.csv,407,<timecave.validation_methods.CV.Block_CV object at 0x00000250F6CBC1D0>,0,ARMA,1.8436889341304408,1.1083987055334856,1.3578250749380205
datasets/synthetic_data/s2.csv,407,<timecave.validation_methods.CV.Block_CV object at 0x00000250F6CBC1D0>,1,Tree,1.8809738878981035,1.0657672037734698,1.371486014474119
datasets/synthetic_data/s2.csv,407,<timecave.validation_methods.CV.Block_CV object at 0x00000250F6CBC1D0>,1,ARMA,1.887044922053016,1.1509466731900626,1.3736975365971273
datasets/synthetic_data/s2.csv,407,<timecave.validation_methods.CV.Block_CV object at 0x00000250F6CBC1D0>,2,Tree,2.879260615759253,1.395639225645146,1.6968384176931086
datasets/synthetic_data/s2.csv,407,<timecave.validation_methods.CV.Block_CV object at 0x00000250F6CBC1D0>,2,ARMA,1.746728349193337,1.0908150792776015,1.321638509272992
datasets/synthetic_data/s2.csv,407,<timecave.validation_methods.CV.Block_CV object at 0x00000250F6CBC1D0>,3,Tree,3.347872964259101,1.4213481295492552,1.8297193676241996
datasets/synthetic_data/s2.csv,407,<timecave.validation_methods.CV.Block_CV object at 0x00000250F6CBC1D0>,3,ARMA,0.9935527071447678,0.8287830748053506,0.9967711408065383
datasets/synthetic_data/s2.csv,407,<timecave.validation_methods.CV.Block_CV object at 0x00000250F6CBC1D0>,4,Tree,1.838336567730696,1.1909667802206272,1.3558527087153294
datasets/synthetic_data/s2.csv,407,<timecave.validation_methods.CV.Block_CV object at 0x00000250F6CBC1D0>,4,ARMA,2.01015610340488,1.0975864781510039,1.4177997402330416
datasets/synthetic_data/s2.csv,407,<timecave.validation_methods.CV.AdaptedhvBlockCV object at 0x00000250F6CBF470>,0,Tree,1.9945872108103289,1.0719778175412724,1.4122985558338326
datasets/synthetic_data/s2.csv,407,<timecave.validation_methods.CV.AdaptedhvBlockCV object at 0x00000250F6CBF470>,0,ARMA,1.8414060925528344,1.107061642534574,1.3569841902368776
datasets/synthetic_data/s2.csv,407,<timecave.validation_methods.CV.AdaptedhvBlockCV object at 0x00000250F6CBF470>,1,Tree,3.7920570067978696,1.5864371645740933,1.9473204684380714
datasets/synthetic_data/s2.csv,407,<timecave.validation_methods.CV.AdaptedhvBlockCV object at 0x00000250F6CBF470>,1,ARMA,1.8514181881615666,1.1369635787517853,1.3606682873358835
datasets/synthetic_data/s2.csv,407,<timecave.validation_methods.CV.AdaptedhvBlockCV object at 0x00000250F6CBF470>,2,Tree,2.608674637261183,1.3332473056292378,1.6151392005833995
datasets/synthetic_data/s2.csv,407,<timecave.validation_methods.CV.AdaptedhvBlockCV object at 0x00000250F6CBF470>,2,ARMA,1.7886520955564782,1.1024407852942206,1.3374049856182226
datasets/synthetic_data/s2.csv,407,<timecave.validation_methods.CV.AdaptedhvBlockCV object at 0x00000250F6CBF470>,3,Tree,1.964589609753179,1.2264739739540995,1.4016381878905764
datasets/synthetic_data/s2.csv,407,<timecave.validation_methods.CV.AdaptedhvBlockCV object at 0x00000250F6CBF470>,3,ARMA,0.9937972994491078,0.833997746469714,0.9968938255647428
datasets/synthetic_data/s2.csv,407,<timecave.validation_methods.CV.AdaptedhvBlockCV object at 0x00000250F6CBF470>,4,Tree,1.7298535642026847,1.1755914071660265,1.3152389760810332
datasets/synthetic_data/s2.csv,407,<timecave.validation_methods.CV.AdaptedhvBlockCV object at 0x00000250F6CBF470>,4,ARMA,2.0530058501929886,1.1202343055309512,1.432831410247901
datasets/synthetic_data/s2.csv,407,<timecave.validation_methods.markov.MarkovCV object at 0x00000250F6CBDA30>,0,Tree,5.571398305953164,2.0531071895079984,2.360380966274971
datasets/synthetic_data/s2.csv,407,<timecave.validation_methods.markov.MarkovCV object at 0x00000250F6CBDA30>,0,ARMA,1.64022753432213,0.9255309043073968,1.280713681633069
datasets/synthetic_data/s2.csv,407,<timecave.validation_methods.markov.MarkovCV object at 0x00000250F6CBDA30>,1,Tree,3.6025851319408937,1.586277650535941,1.8980477159283677
datasets/synthetic_data/s2.csv,407,<timecave.validation_methods.markov.MarkovCV object at 0x00000250F6CBDA30>,1,ARMA,2.7476173729417113,1.4546697315928676,1.657593850417439
datasets/synthetic_data/s2.csv,407,<timecave.validation_methods.markov.MarkovCV object at 0x00000250F6CBDA30>,2,Tree,1.5909964569479917,0.9475800928458696,1.2613470802867828
datasets/synthetic_data/s2.csv,407,<timecave.validation_methods.markov.MarkovCV object at 0x00000250F6CBDA30>,2,ARMA,1.3882859897231168,1.0008697803788955,1.178255485759823
datasets/synthetic_data/s2.csv,407,<timecave.validation_methods.markov.MarkovCV object at 0x00000250F6CBDA30>,3,Tree,0.747751737932615,0.6705560740140181,0.8647263948397869
datasets/synthetic_data/s2.csv,407,<timecave.validation_methods.markov.MarkovCV object at 0x00000250F6CBDA30>,3,ARMA,2.320358926503169,1.2006078744503534,1.5232724400130033
datasets/synthetic_data/s2.csv,407,<timecave.validation_methods.markov.MarkovCV object at 0x00000250F6CBDA30>,4,Tree,2.6083389275403643,1.2077538752762107,1.615035271299164
datasets/synthetic_data/s2.csv,407,<timecave.validation_methods.markov.MarkovCV object at 0x00000250F6CBDA30>,4,ARMA,1.467451789146309,1.0304115756601644,1.2113842450462649
datasets/synthetic_data/s2.csv,407,<timecave.validation_methods.markov.MarkovCV object at 0x00000250F6CBDA30>,5,Tree,1.8556857658085717,0.950270045796325,1.362235576472943
datasets/synthetic_data/s2.csv,407,<timecave.validation_methods.markov.MarkovCV object at 0x00000250F6CBDA30>,5,ARMA,1.5760159304853159,0.929027727930972,1.2553947309453373
datasets/synthetic_data/s2.csv,407,<timecave.validation_methods.markov.MarkovCV object at 0x00000250F6CBDA30>,6,Tree,4.748209976403345,1.5232445500979281,2.179038773497008
datasets/synthetic_data/s2.csv,407,<timecave.validation_methods.markov.MarkovCV object at 0x00000250F6CBDA30>,6,ARMA,2.4757757462606182,1.3012817780709374,1.5734598012852499
datasets/synthetic_data/s2.csv,407,<timecave.validation_methods.markov.MarkovCV object at 0x00000250F6CBDA30>,7,Tree,7.649711071402248,2.340757988043949,2.765811105517195
datasets/synthetic_data/s2.csv,407,<timecave.validation_methods.markov.MarkovCV object at 0x00000250F6CBDA30>,7,ARMA,3.960764818052835,1.6455210229102064,1.9901670327017367
datasets/synthetic_data/s2.csv,407,<timecave.validation_methods.markov.MarkovCV object at 0x00000250F6CBDA30>,8,Tree,1.969310436897998,1.060416694636758,1.4033212165780142
datasets/synthetic_data/s2.csv,407,<timecave.validation_methods.markov.MarkovCV object at 0x00000250F6CBDA30>,8,ARMA,3.4830917701675475,1.507312233965589,1.8663043080289847
datasets/synthetic_data/s2.csv,407,<timecave.validation_methods.markov.MarkovCV object at 0x00000250F6CBDA30>,9,Tree,3.6540445596026756,1.734636091858553,1.9115555340095864
datasets/synthetic_data/s2.csv,407,<timecave.validation_methods.markov.MarkovCV object at 0x00000250F6CBDA30>,9,ARMA,1.690592276350229,1.0904557033683933,1.3002277786411998
datasets/synthetic_data/s2.csv,408,<timecave.validation_methods.OOS.Holdout object at 0x00000250E98F22D0>,0,Tree,3.6452794093840457,1.4878542264250525,1.9092614827163004
datasets/synthetic_data/s2.csv,408,<timecave.validation_methods.OOS.Holdout object at 0x00000250E98F22D0>,0,ARMA,1.8275741233507492,1.1197562842284086,1.3518779986932066
datasets/synthetic_data/s2.csv,408,<timecave.validation_methods.OOS.Repeated_Holdout object at 0x00000250F6CE9CD0>,0,Tree,3.5078984890241505,1.4874031499936742,1.8729384637579929
datasets/synthetic_data/s2.csv,408,<timecave.validation_methods.OOS.Repeated_Holdout object at 0x00000250F6CE9CD0>,0,ARMA,2.105640023253427,1.2103851746316632,1.4510823626705092
datasets/synthetic_data/s2.csv,408,<timecave.validation_methods.OOS.Repeated_Holdout object at 0x00000250F6CE9CD0>,1,Tree,3.440166733188636,1.3869262008139682,1.8547686468097944
datasets/synthetic_data/s2.csv,408,<timecave.validation_methods.OOS.Repeated_Holdout object at 0x00000250F6CE9CD0>,1,ARMA,2.1049604839741693,1.2114992014379826,1.4508481946689562
datasets/synthetic_data/s2.csv,408,<timecave.validation_methods.OOS.Repeated_Holdout object at 0x00000250F6CE9CD0>,2,Tree,3.749821775235836,1.525220495765528,1.9364456551206997
datasets/synthetic_data/s2.csv,408,<timecave.validation_methods.OOS.Repeated_Holdout object at 0x00000250F6CE9CD0>,2,ARMA,1.9699952349456797,1.168847408582535,1.4035651872804766
datasets/synthetic_data/s2.csv,408,<timecave.validation_methods.OOS.Repeated_Holdout object at 0x00000250F6CE9CD0>,3,Tree,3.8713698623921045,1.5589939637480348,1.9675796965795578
datasets/synthetic_data/s2.csv,408,<timecave.validation_methods.OOS.Repeated_Holdout object at 0x00000250F6CE9CD0>,3,ARMA,1.8275741233507492,1.1197562842284086,1.3518779986932066
datasets/synthetic_data/s2.csv,408,<timecave.validation_methods.prequential.Growing_Window object at 0x00000250F7D923C0>,0,Tree,3.046284366511844,1.3276570503292278,1.7453608127008708
datasets/synthetic_data/s2.csv,408,<timecave.validation_methods.prequential.Growing_Window object at 0x00000250F7D923C0>,0,ARMA,2.274061229138366,1.1924847452515293,1.5079990812790192
datasets/synthetic_data/s2.csv,408,<timecave.validation_methods.prequential.Growing_Window object at 0x00000250F7D923C0>,1,Tree,2.4667940727267657,1.19816538598474,1.5706030920403684
datasets/synthetic_data/s2.csv,408,<timecave.validation_methods.prequential.Growing_Window object at 0x00000250F7D923C0>,1,ARMA,2.830923689487774,1.4357690592670909,1.6825348999315806
datasets/synthetic_data/s2.csv,408,<timecave.validation_methods.prequential.Growing_Window object at 0x00000250F7D923C0>,2,Tree,3.654409707607622,1.471810502925373,1.9116510423211717
datasets/synthetic_data/s2.csv,408,<timecave.validation_methods.prequential.Growing_Window object at 0x00000250F7D923C0>,2,ARMA,2.005504205168757,1.2215123134809802,1.4161582556934649
datasets/synthetic_data/s2.csv,408,<timecave.validation_methods.prequential.Growing_Window object at 0x00000250F7D923C0>,3,Tree,3.494131075273682,1.4160768937661925,1.869259499179737
datasets/synthetic_data/s2.csv,408,<timecave.validation_methods.prequential.Growing_Window object at 0x00000250F7D923C0>,3,ARMA,2.213766757057952,1.2547377936384887,1.4878732328588857
datasets/synthetic_data/s2.csv,408,<timecave.validation_methods.prequential.Growing_Window object at 0x00000250F6CBE2D0>,0,Tree,2.006017894503836,1.1286109481165125,1.4163396112881388
datasets/synthetic_data/s2.csv,408,<timecave.validation_methods.prequential.Growing_Window object at 0x00000250F6CBE2D0>,0,ARMA,2.4438931366270116,1.3156946912078915,1.5632956011666546
datasets/synthetic_data/s2.csv,408,<timecave.validation_methods.prequential.Growing_Window object at 0x00000250F6CBE2D0>,1,Tree,2.958772090181377,1.416993977030037,1.720108162349501
datasets/synthetic_data/s2.csv,408,<timecave.validation_methods.prequential.Growing_Window object at 0x00000250F6CBE2D0>,1,ARMA,1.5916226969965748,1.0451826475809258,1.2615952984204462
datasets/synthetic_data/s2.csv,408,<timecave.validation_methods.prequential.Growing_Window object at 0x00000250F6CBE2D0>,2,Tree,6.1813068490499905,1.9095135594033275,2.4862234109287105
datasets/synthetic_data/s2.csv,408,<timecave.validation_methods.prequential.Growing_Window object at 0x00000250F6CBE2D0>,2,ARMA,2.23092408246922,1.2626173518703263,1.4936278259557232
datasets/synthetic_data/s2.csv,408,<timecave.validation_methods.prequential.Rolling_Window object at 0x00000250F6CBCD40>,0,Tree,3.1214332442103347,1.3819754539892968,1.7667578340594206
datasets/synthetic_data/s2.csv,408,<timecave.validation_methods.prequential.Rolling_Window object at 0x00000250F6CBCD40>,0,ARMA,2.274061229138366,1.1924847452515293,1.5079990812790192
datasets/synthetic_data/s2.csv,408,<timecave.validation_methods.prequential.Rolling_Window object at 0x00000250F6CBCD40>,1,Tree,9.109957666407029,2.4344990775966884,3.0182706416766254
datasets/synthetic_data/s2.csv,408,<timecave.validation_methods.prequential.Rolling_Window object at 0x00000250F6CBCD40>,1,ARMA,3.2700728021807266,1.5530966161221489,1.8083342617394402
datasets/synthetic_data/s2.csv,408,<timecave.validation_methods.prequential.Rolling_Window object at 0x00000250F6CBCD40>,2,Tree,3.107428956551643,1.3487961982957495,1.762790105642655
datasets/synthetic_data/s2.csv,408,<timecave.validation_methods.prequential.Rolling_Window object at 0x00000250F6CBCD40>,2,ARMA,2.522642015467788,1.3517426085772541,1.5882827252941425
datasets/synthetic_data/s2.csv,408,<timecave.validation_methods.prequential.Rolling_Window object at 0x00000250F6CBCD40>,3,Tree,2.500522321872605,1.3201511017804013,1.5813039941366762
datasets/synthetic_data/s2.csv,408,<timecave.validation_methods.prequential.Rolling_Window object at 0x00000250F6CBCD40>,3,ARMA,2.217033881741709,1.2319380289235147,1.4889707457642372
datasets/synthetic_data/s2.csv,408,<timecave.validation_methods.prequential.Rolling_Window object at 0x00000250F6CBDE20>,0,Tree,2.0532742103378445,1.1652061399809257,1.4329250539849754
datasets/synthetic_data/s2.csv,408,<timecave.validation_methods.prequential.Rolling_Window object at 0x00000250F6CBDE20>,0,ARMA,2.4438931366270116,1.3156946912078915,1.5632956011666546
datasets/synthetic_data/s2.csv,408,<timecave.validation_methods.prequential.Rolling_Window object at 0x00000250F6CBDE20>,1,Tree,2.1481401847697605,1.160799005652234,1.465653500923653
datasets/synthetic_data/s2.csv,408,<timecave.validation_methods.prequential.Rolling_Window object at 0x00000250F6CBDE20>,1,ARMA,1.6769968347083704,1.0480027922160449,1.2949891253243675
datasets/synthetic_data/s2.csv,408,<timecave.validation_methods.prequential.Rolling_Window object at 0x00000250F6CBDE20>,2,Tree,3.2866167662114756,1.4682955831699973,1.8129028562533283
datasets/synthetic_data/s2.csv,408,<timecave.validation_methods.prequential.Rolling_Window object at 0x00000250F6CBDE20>,2,ARMA,2.7371498820037594,1.424299559921674,1.6544334021059173
datasets/synthetic_data/s2.csv,408,<timecave.validation_methods.CV.Block_CV object at 0x00000250F6CBD580>,0,Tree,2.5354938560882463,1.3535444472358393,1.5923234144131166
datasets/synthetic_data/s2.csv,408,<timecave.validation_methods.CV.Block_CV object at 0x00000250F6CBD580>,0,ARMA,1.3229401270055927,0.9138940638467306,1.1501913436492177
datasets/synthetic_data/s2.csv,408,<timecave.validation_methods.CV.Block_CV object at 0x00000250F6CBD580>,1,Tree,2.6261156158828034,1.2442812874106013,1.6205294245655657
datasets/synthetic_data/s2.csv,408,<timecave.validation_methods.CV.Block_CV object at 0x00000250F6CBD580>,1,ARMA,2.214920316539321,1.1747586739345146,1.4882608361907939
datasets/synthetic_data/s2.csv,408,<timecave.validation_methods.CV.Block_CV object at 0x00000250F6CBD580>,2,Tree,2.1612356018386967,1.2234737159507345,1.4701141458535445
datasets/synthetic_data/s2.csv,408,<timecave.validation_methods.CV.Block_CV object at 0x00000250F6CBD580>,2,ARMA,2.84906329135864,1.4597079748443111,1.6879168496577786
datasets/synthetic_data/s2.csv,408,<timecave.validation_methods.CV.Block_CV object at 0x00000250F6CBD580>,3,Tree,3.0010122534740202,1.2896225380904722,1.732342995331473
datasets/synthetic_data/s2.csv,408,<timecave.validation_methods.CV.Block_CV object at 0x00000250F6CBD580>,3,ARMA,1.711831527594954,1.076806001773612,1.30836979772347
datasets/synthetic_data/s2.csv,408,<timecave.validation_methods.CV.Block_CV object at 0x00000250F6CBD580>,4,Tree,3.4617534420835288,1.3651101790399656,1.8605787922266364
datasets/synthetic_data/s2.csv,408,<timecave.validation_methods.CV.Block_CV object at 0x00000250F6CBD580>,4,ARMA,2.213766757057952,1.2547377936384887,1.4878732328588857
datasets/synthetic_data/s2.csv,408,<timecave.validation_methods.CV.AdaptedhvBlockCV object at 0x00000250F6CBDC10>,0,Tree,2.313966452438523,1.3179312662128826,1.5211727227499587
datasets/synthetic_data/s2.csv,408,<timecave.validation_methods.CV.AdaptedhvBlockCV object at 0x00000250F6CBDC10>,0,ARMA,1.3227752844373366,0.9137461904285317,1.1501196826579991
datasets/synthetic_data/s2.csv,408,<timecave.validation_methods.CV.AdaptedhvBlockCV object at 0x00000250F6CBDC10>,1,Tree,2.947796467516449,1.2860794020317012,1.7169148107918601
datasets/synthetic_data/s2.csv,408,<timecave.validation_methods.CV.AdaptedhvBlockCV object at 0x00000250F6CBDC10>,1,ARMA,2.228825802802886,1.17836620069819,1.4929252502395711
datasets/synthetic_data/s2.csv,408,<timecave.validation_methods.CV.AdaptedhvBlockCV object at 0x00000250F6CBDC10>,2,Tree,1.5950846917635872,1.009586711311893,1.2629666233767174
datasets/synthetic_data/s2.csv,408,<timecave.validation_methods.CV.AdaptedhvBlockCV object at 0x00000250F6CBDC10>,2,ARMA,2.832884479136659,1.454698733286623,1.6831174882154423
datasets/synthetic_data/s2.csv,408,<timecave.validation_methods.CV.AdaptedhvBlockCV object at 0x00000250F6CBDC10>,3,Tree,3.6066405962125794,1.4939834742789064,1.8991157406047108
datasets/synthetic_data/s2.csv,408,<timecave.validation_methods.CV.AdaptedhvBlockCV object at 0x00000250F6CBDC10>,3,ARMA,1.7115738848215984,1.0770521561980313,1.3082713345562527
datasets/synthetic_data/s2.csv,408,<timecave.validation_methods.CV.AdaptedhvBlockCV object at 0x00000250F6CBDC10>,4,Tree,3.7335159694344773,1.5009821620799273,1.9322308271618267
datasets/synthetic_data/s2.csv,408,<timecave.validation_methods.CV.AdaptedhvBlockCV object at 0x00000250F6CBDC10>,4,ARMA,2.098518930754226,1.2015429086291416,1.448626567046948
datasets/synthetic_data/s2.csv,408,<timecave.validation_methods.markov.MarkovCV object at 0x00000250F7D916D0>,0,Tree,7.35500766178764,2.4917146700682906,2.7120117370298455
datasets/synthetic_data/s2.csv,408,<timecave.validation_methods.markov.MarkovCV object at 0x00000250F7D916D0>,0,ARMA,4.3744632677499995,1.682721723371883,2.0915217588516737
datasets/synthetic_data/s2.csv,408,<timecave.validation_methods.markov.MarkovCV object at 0x00000250F7D916D0>,1,Tree,8.337762479415469,2.5151926810058223,2.887518394645386
datasets/synthetic_data/s2.csv,408,<timecave.validation_methods.markov.MarkovCV object at 0x00000250F7D916D0>,1,ARMA,4.404282591021661,1.786946554422111,2.0986382706463877
datasets/synthetic_data/s2.csv,408,<timecave.validation_methods.markov.MarkovCV object at 0x00000250F7D916D0>,2,Tree,7.501333758487785,2.1820563338589043,2.738856286570689
datasets/synthetic_data/s2.csv,408,<timecave.validation_methods.markov.MarkovCV object at 0x00000250F7D916D0>,2,ARMA,3.0148641871576913,1.3710117621768483,1.736336426836024
datasets/synthetic_data/s2.csv,408,<timecave.validation_methods.markov.MarkovCV object at 0x00000250F7D916D0>,3,Tree,6.467162958702995,2.2471137523385187,2.5430617292356463
datasets/synthetic_data/s2.csv,408,<timecave.validation_methods.markov.MarkovCV object at 0x00000250F7D916D0>,3,ARMA,1.825814439776617,1.059964461235037,1.3512270126727843
datasets/synthetic_data/s2.csv,408,<timecave.validation_methods.markov.MarkovCV object at 0x00000250F7D916D0>,4,Tree,3.5467730472773282,1.714597362728452,1.8832878291109216
datasets/synthetic_data/s2.csv,408,<timecave.validation_methods.markov.MarkovCV object at 0x00000250F7D916D0>,4,ARMA,1.8336806791179288,1.170096953664075,1.3541346606294105
datasets/synthetic_data/s2.csv,408,<timecave.validation_methods.markov.MarkovCV object at 0x00000250F7D916D0>,5,Tree,4.647450774442999,1.80374114422044,2.1557946967285635
datasets/synthetic_data/s2.csv,408,<timecave.validation_methods.markov.MarkovCV object at 0x00000250F7D916D0>,5,ARMA,2.072640530016584,1.0559389860192445,1.439666812153626
datasets/synthetic_data/s2.csv,408,<timecave.validation_methods.markov.MarkovCV object at 0x00000250F7D916D0>,6,Tree,4.017178719456016,1.6811660134268605,2.004290078670255
datasets/synthetic_data/s2.csv,408,<timecave.validation_methods.markov.MarkovCV object at 0x00000250F7D916D0>,6,ARMA,1.98510290008087,1.1293911172563782,1.4089367977595268
datasets/synthetic_data/s2.csv,408,<timecave.validation_methods.markov.MarkovCV object at 0x00000250F7D916D0>,7,Tree,3.1388451257798713,1.343309689902353,1.7716786180850836
datasets/synthetic_data/s2.csv,408,<timecave.validation_methods.markov.MarkovCV object at 0x00000250F7D916D0>,7,ARMA,0.8058097018765998,0.6230523488268456,0.897669038051664
datasets/synthetic_data/s2.csv,408,<timecave.validation_methods.markov.MarkovCV object at 0x00000250F7D916D0>,8,Tree,4.010333685652906,1.6225796822199818,2.002581755048444
datasets/synthetic_data/s2.csv,408,<timecave.validation_methods.markov.MarkovCV object at 0x00000250F7D916D0>,8,ARMA,3.715984627429476,1.5955644280794545,1.9276889343017654
datasets/synthetic_data/s2.csv,408,<timecave.validation_methods.markov.MarkovCV object at 0x00000250F7D916D0>,9,Tree,7.887922124342634,2.4370261979673917,2.808544485021135
datasets/synthetic_data/s2.csv,408,<timecave.validation_methods.markov.MarkovCV object at 0x00000250F7D916D0>,9,ARMA,2.395052012821282,1.3206237205595772,1.5475955585427614
datasets/synthetic_data/s2.csv,409,<timecave.validation_methods.OOS.Holdout object at 0x00000250F29F5D60>,0,Tree,2.287302117183965,1.1757058923523729,1.5123829267695286
datasets/synthetic_data/s2.csv,409,<timecave.validation_methods.OOS.Holdout object at 0x00000250F29F5D60>,0,ARMA,1.8641352427248803,1.1218503179016113,1.3653333815317343
datasets/synthetic_data/s2.csv,409,<timecave.validation_methods.OOS.Repeated_Holdout object at 0x00000250F7D90590>,0,Tree,2.0258417554740675,1.1880675070361504,1.423320679072031
datasets/synthetic_data/s2.csv,409,<timecave.validation_methods.OOS.Repeated_Holdout object at 0x00000250F7D90590>,0,ARMA,1.464925754150395,1.067434844745201,1.2103411726246427
datasets/synthetic_data/s2.csv,409,<timecave.validation_methods.OOS.Repeated_Holdout object at 0x00000250F7D90590>,1,Tree,1.8781573627175343,1.0991183227407226,1.3704588146739523
datasets/synthetic_data/s2.csv,409,<timecave.validation_methods.OOS.Repeated_Holdout object at 0x00000250F7D90590>,1,ARMA,1.334534024388937,0.9880396429540311,1.1552203358619242
datasets/synthetic_data/s2.csv,409,<timecave.validation_methods.OOS.Repeated_Holdout object at 0x00000250F7D90590>,2,Tree,2.3114101835848757,1.2089085039810208,1.52033226091696
datasets/synthetic_data/s2.csv,409,<timecave.validation_methods.OOS.Repeated_Holdout object at 0x00000250F7D90590>,2,ARMA,1.6191916646242026,1.039254003348508,1.2724746223890686
datasets/synthetic_data/s2.csv,409,<timecave.validation_methods.OOS.Repeated_Holdout object at 0x00000250F7D90590>,3,Tree,2.4656389134122563,1.1799385297505942,1.5702353051094782
datasets/synthetic_data/s2.csv,409,<timecave.validation_methods.OOS.Repeated_Holdout object at 0x00000250F7D90590>,3,ARMA,1.8641352427248803,1.1218503179016113,1.3653333815317343
datasets/synthetic_data/s2.csv,409,<timecave.validation_methods.prequential.Growing_Window object at 0x00000250F7D932C0>,0,Tree,3.404753301777877,1.5749563472086248,1.8451973611995756
datasets/synthetic_data/s2.csv,409,<timecave.validation_methods.prequential.Growing_Window object at 0x00000250F7D932C0>,0,ARMA,2.024283991432574,1.2157676104153459,1.4227733450668008
datasets/synthetic_data/s2.csv,409,<timecave.validation_methods.prequential.Growing_Window object at 0x00000250F7D932C0>,1,Tree,3.972695519279677,1.6265396251846913,1.993162190911637
datasets/synthetic_data/s2.csv,409,<timecave.validation_methods.prequential.Growing_Window object at 0x00000250F7D932C0>,1,ARMA,1.5303007745431803,0.9448583012838099,1.237053262613692
datasets/synthetic_data/s2.csv,409,<timecave.validation_methods.prequential.Growing_Window object at 0x00000250F7D932C0>,2,Tree,2.529183963612754,1.334192308541714,1.59034083253017
datasets/synthetic_data/s2.csv,409,<timecave.validation_methods.prequential.Growing_Window object at 0x00000250F7D932C0>,2,ARMA,2.739681406230002,1.3719925739901122,1.6551982981594688
datasets/synthetic_data/s2.csv,409,<timecave.validation_methods.prequential.Growing_Window object at 0x00000250F7D932C0>,3,Tree,1.9877103882009703,1.137849488522406,1.409861833018034
datasets/synthetic_data/s2.csv,409,<timecave.validation_methods.prequential.Growing_Window object at 0x00000250F7D932C0>,3,ARMA,1.3701634954948938,1.0136447551837249,1.1705398308023927
datasets/synthetic_data/s2.csv,409,<timecave.validation_methods.prequential.Growing_Window object at 0x00000250F7D92120>,0,Tree,3.0556876088992015,1.4316041465742302,1.7480525189190403
datasets/synthetic_data/s2.csv,409,<timecave.validation_methods.prequential.Growing_Window object at 0x00000250F7D92120>,0,ARMA,1.5847465599476442,0.9964454171572559,1.258867173274307
datasets/synthetic_data/s2.csv,409,<timecave.validation_methods.prequential.Growing_Window object at 0x00000250F7D92120>,1,Tree,3.552752348555564,1.5189347011708316,1.884874624094548
datasets/synthetic_data/s2.csv,409,<timecave.validation_methods.prequential.Growing_Window object at 0x00000250F7D92120>,1,ARMA,2.628776883653263,1.3256360333871902,1.621350327243703
datasets/synthetic_data/s2.csv,409,<timecave.validation_methods.prequential.Growing_Window object at 0x00000250F7D92120>,2,Tree,2.600799727457687,1.3433375949433315,1.6126995155507695
datasets/synthetic_data/s2.csv,409,<timecave.validation_methods.prequential.Growing_Window object at 0x00000250F7D92120>,2,ARMA,1.3279066716582055,0.9998258300544758,1.1523483291341232
datasets/synthetic_data/s2.csv,409,<timecave.validation_methods.prequential.Rolling_Window object at 0x00000250F7D93EF0>,0,Tree,2.6898161868538333,1.445079418007856,1.6400659093017675
datasets/synthetic_data/s2.csv,409,<timecave.validation_methods.prequential.Rolling_Window object at 0x00000250F7D93EF0>,0,ARMA,2.024283991432574,1.2157676104153459,1.4227733450668008
datasets/synthetic_data/s2.csv,409,<timecave.validation_methods.prequential.Rolling_Window object at 0x00000250F7D93EF0>,1,Tree,4.2396293245057155,1.6451276748400383,2.0590360182633316
datasets/synthetic_data/s2.csv,409,<timecave.validation_methods.prequential.Rolling_Window object at 0x00000250F7D93EF0>,1,ARMA,1.6973164078749698,1.0053610187230355,1.302810963983252
datasets/synthetic_data/s2.csv,409,<timecave.validation_methods.prequential.Rolling_Window object at 0x00000250F7D93EF0>,2,Tree,6.103298366436258,2.1208121058131923,2.4704854515734875
datasets/synthetic_data/s2.csv,409,<timecave.validation_methods.prequential.Rolling_Window object at 0x00000250F7D93EF0>,2,ARMA,2.6966663468766097,1.3667624782572907,1.642152960864672
datasets/synthetic_data/s2.csv,409,<timecave.validation_methods.prequential.Rolling_Window object at 0x00000250F7D93EF0>,3,Tree,3.187448087296503,1.5162387885495914,1.7853425686115545
datasets/synthetic_data/s2.csv,409,<timecave.validation_methods.prequential.Rolling_Window object at 0x00000250F7D93EF0>,3,ARMA,1.3945258547925208,1.0089946319858907,1.1809004423712106
datasets/synthetic_data/s2.csv,409,<timecave.validation_methods.prequential.Rolling_Window object at 0x00000250F7D92D80>,0,Tree,2.2816714966540648,1.1499376555201006,1.510520273499851
datasets/synthetic_data/s2.csv,409,<timecave.validation_methods.prequential.Rolling_Window object at 0x00000250F7D92D80>,0,ARMA,1.5847465599476442,0.9964454171572559,1.258867173274307
datasets/synthetic_data/s2.csv,409,<timecave.validation_methods.prequential.Rolling_Window object at 0x00000250F7D92D80>,1,Tree,3.2736496968498248,1.5022946811301812,1.809322994064306
datasets/synthetic_data/s2.csv,409,<timecave.validation_methods.prequential.Rolling_Window object at 0x00000250F7D92D80>,1,ARMA,2.8776348827006544,1.4251043282289855,1.6963593023592185
datasets/synthetic_data/s2.csv,409,<timecave.validation_methods.prequential.Rolling_Window object at 0x00000250F7D92D80>,2,Tree,3.345756913343134,1.598493436344518,1.829141031561846
datasets/synthetic_data/s2.csv,409,<timecave.validation_methods.prequential.Rolling_Window object at 0x00000250F7D92D80>,2,ARMA,1.316428582130762,0.99006129557727,1.1473572164460213
datasets/synthetic_data/s2.csv,409,<timecave.validation_methods.CV.Block_CV object at 0x00000250F7D91400>,0,Tree,2.2665958052634307,1.1706362034739486,1.5055217717666625
datasets/synthetic_data/s2.csv,409,<timecave.validation_methods.CV.Block_CV object at 0x00000250F7D91400>,0,ARMA,1.47618987259793,0.9618627690426458,1.2149855441929875
datasets/synthetic_data/s2.csv,409,<timecave.validation_methods.CV.Block_CV object at 0x00000250F7D91400>,1,Tree,2.3085232414827535,1.2094042182802711,1.5193825198029474
datasets/synthetic_data/s2.csv,409,<timecave.validation_methods.CV.Block_CV object at 0x00000250F7D91400>,1,ARMA,2.0081474199518614,1.200061865050457,1.4170911826526413
datasets/synthetic_data/s2.csv,409,<timecave.validation_methods.CV.Block_CV object at 0x00000250F7D91400>,2,Tree,4.339173857602699,1.7038755087718354,2.0830683756426955
datasets/synthetic_data/s2.csv,409,<timecave.validation_methods.CV.Block_CV object at 0x00000250F7D91400>,2,ARMA,1.5689910752439182,0.9988050533991679,1.2525937391045503
datasets/synthetic_data/s2.csv,409,<timecave.validation_methods.CV.Block_CV object at 0x00000250F7D91400>,3,Tree,1.6748353601497603,1.0688668262606529,1.294154303068131
datasets/synthetic_data/s2.csv,409,<timecave.validation_methods.CV.Block_CV object at 0x00000250F7D91400>,3,ARMA,2.705054232993872,1.3420604079763705,1.6447049075727451
datasets/synthetic_data/s2.csv,409,<timecave.validation_methods.CV.Block_CV object at 0x00000250F7D91400>,4,Tree,1.780705849665931,1.1099703634122309,1.3344309085396406
datasets/synthetic_data/s2.csv,409,<timecave.validation_methods.CV.Block_CV object at 0x00000250F7D91400>,4,ARMA,1.3701634954948938,1.0136447551837249,1.1705398308023927
datasets/synthetic_data/s2.csv,409,<timecave.validation_methods.CV.AdaptedhvBlockCV object at 0x00000250F7D90AA0>,0,Tree,1.887533056050674,1.085649870976937,1.3738751966793323
datasets/synthetic_data/s2.csv,409,<timecave.validation_methods.CV.AdaptedhvBlockCV object at 0x00000250F7D90AA0>,0,ARMA,1.4653299458235853,0.9592982178918262,1.2105081353809999
datasets/synthetic_data/s2.csv,409,<timecave.validation_methods.CV.AdaptedhvBlockCV object at 0x00000250F7D90AA0>,1,Tree,1.8174832486927415,1.0883835900549914,1.3481406635409903
datasets/synthetic_data/s2.csv,409,<timecave.validation_methods.CV.AdaptedhvBlockCV object at 0x00000250F7D90AA0>,1,ARMA,2.019261302825229,1.203261289117535,1.4210071438332845
datasets/synthetic_data/s2.csv,409,<timecave.validation_methods.CV.AdaptedhvBlockCV object at 0x00000250F7D90AA0>,2,Tree,3.9808804632240316,1.5806942716449794,1.995214390290936
datasets/synthetic_data/s2.csv,409,<timecave.validation_methods.CV.AdaptedhvBlockCV object at 0x00000250F7D90AA0>,2,ARMA,1.5533871569128561,0.9856432970415704,1.246349532399662
datasets/synthetic_data/s2.csv,409,<timecave.validation_methods.CV.AdaptedhvBlockCV object at 0x00000250F7D90AA0>,3,Tree,2.095458997269935,1.3011001936239297,1.44757003190517
datasets/synthetic_data/s2.csv,409,<timecave.validation_methods.CV.AdaptedhvBlockCV object at 0x00000250F7D90AA0>,3,ARMA,2.6752560901515463,1.3316921940795086,1.635621010549677
datasets/synthetic_data/s2.csv,409,<timecave.validation_methods.CV.AdaptedhvBlockCV object at 0x00000250F7D90AA0>,4,Tree,2.410796707164808,1.3020172499064446,1.5526740505221333
datasets/synthetic_data/s2.csv,409,<timecave.validation_methods.CV.AdaptedhvBlockCV object at 0x00000250F7D90AA0>,4,ARMA,1.4720034934676478,1.051116888622122,1.2132615107501135
datasets/synthetic_data/s2.csv,409,<timecave.validation_methods.markov.MarkovCV object at 0x00000250F7D92BA0>,0,Tree,4.164760449009865,1.685625024454994,2.040774472843549
datasets/synthetic_data/s2.csv,409,<timecave.validation_methods.markov.MarkovCV object at 0x00000250F7D92BA0>,0,ARMA,3.090432551848214,1.535635510209109,1.7579626138937694
datasets/synthetic_data/s2.csv,409,<timecave.validation_methods.markov.MarkovCV object at 0x00000250F7D92BA0>,1,Tree,2.839749364064294,1.41382148770514,1.6851555904616922
datasets/synthetic_data/s2.csv,409,<timecave.validation_methods.markov.MarkovCV object at 0x00000250F7D92BA0>,1,ARMA,3.9081117716300544,1.662883755648818,1.9768944766046705
datasets/synthetic_data/s2.csv,409,<timecave.validation_methods.markov.MarkovCV object at 0x00000250F7D92BA0>,2,Tree,2.945083153272655,1.5674916504591325,1.7161244573959824
datasets/synthetic_data/s2.csv,409,<timecave.validation_methods.markov.MarkovCV object at 0x00000250F7D92BA0>,2,ARMA,1.875895759233747,1.1534225229601036,1.3696334397325975
datasets/synthetic_data/s2.csv,409,<timecave.validation_methods.markov.MarkovCV object at 0x00000250F7D92BA0>,3,Tree,3.1060497556314526,1.466491896712311,1.7623988639440995
datasets/synthetic_data/s2.csv,409,<timecave.validation_methods.markov.MarkovCV object at 0x00000250F7D92BA0>,3,ARMA,1.4556962838047371,0.9764752635421696,1.2065223925832198
datasets/synthetic_data/s2.csv,409,<timecave.validation_methods.markov.MarkovCV object at 0x00000250F7D92BA0>,4,Tree,4.035687466903,1.566760126372786,2.00890205507959
datasets/synthetic_data/s2.csv,409,<timecave.validation_methods.markov.MarkovCV object at 0x00000250F7D92BA0>,4,ARMA,1.5849451567725086,1.0342254513825118,1.2589460499848708
datasets/synthetic_data/s2.csv,409,<timecave.validation_methods.markov.MarkovCV object at 0x00000250F7D92BA0>,5,Tree,3.283722658056511,1.4299839412483,1.8121044832063384
datasets/synthetic_data/s2.csv,409,<timecave.validation_methods.markov.MarkovCV object at 0x00000250F7D92BA0>,5,ARMA,2.7444009929415114,1.4261260321587719,1.6566233708787015
datasets/synthetic_data/s2.csv,409,<timecave.validation_methods.markov.MarkovCV object at 0x00000250F7D92BA0>,6,Tree,2.084972842634302,1.2199022947595302,1.4439435039620843
datasets/synthetic_data/s2.csv,409,<timecave.validation_methods.markov.MarkovCV object at 0x00000250F7D92BA0>,6,ARMA,1.5093923783563348,0.9807176013763697,1.2285733101269678
datasets/synthetic_data/s2.csv,409,<timecave.validation_methods.markov.MarkovCV object at 0x00000250F7D92BA0>,7,Tree,3.3645756597326635,1.3890387486296174,1.834277966866708
datasets/synthetic_data/s2.csv,409,<timecave.validation_methods.markov.MarkovCV object at 0x00000250F7D92BA0>,7,ARMA,1.5662956945980515,0.9822665633927189,1.2515173568904474
datasets/synthetic_data/s2.csv,409,<timecave.validation_methods.markov.MarkovCV object at 0x00000250F7D92BA0>,8,Tree,2.9129280255830734,1.453772072851127,1.7067302146452654
datasets/synthetic_data/s2.csv,409,<timecave.validation_methods.markov.MarkovCV object at 0x00000250F7D92BA0>,8,ARMA,1.513016387451171,0.942339448299172,1.2300473110621277
datasets/synthetic_data/s2.csv,409,<timecave.validation_methods.markov.MarkovCV object at 0x00000250F7D92BA0>,9,Tree,3.9617558635782744,1.6591973205620014,1.990416002643235
datasets/synthetic_data/s2.csv,409,<timecave.validation_methods.markov.MarkovCV object at 0x00000250F7D92BA0>,9,ARMA,2.06642314082835,1.1923203227916823,1.4375058750587248
datasets/synthetic_data/s2.csv,410,<timecave.validation_methods.OOS.Holdout object at 0x00000250F7D93C20>,0,Tree,3.4234643037691868,1.5736310525524675,1.8502606042850251
datasets/synthetic_data/s2.csv,410,<timecave.validation_methods.OOS.Holdout object at 0x00000250F7D93C20>,0,ARMA,1.5006847423893028,1.0458834820910567,1.2250243844060014
datasets/synthetic_data/s2.csv,410,<timecave.validation_methods.OOS.Repeated_Holdout object at 0x00000250F7D93DA0>,0,Tree,2.80254351591899,1.377341899718129,1.6740799012947352
datasets/synthetic_data/s2.csv,410,<timecave.validation_methods.OOS.Repeated_Holdout object at 0x00000250F7D93DA0>,0,ARMA,1.5864354910853473,1.0714940172614924,1.2595378085176114
datasets/synthetic_data/s2.csv,410,<timecave.validation_methods.OOS.Repeated_Holdout object at 0x00000250F7D93DA0>,1,Tree,2.9391280933982036,1.4271542221538003,1.7143885479663599
datasets/synthetic_data/s2.csv,410,<timecave.validation_methods.OOS.Repeated_Holdout object at 0x00000250F7D93DA0>,1,ARMA,1.4215105269316062,1.0218674964106904,1.1922711633397858
datasets/synthetic_data/s2.csv,410,<timecave.validation_methods.OOS.Repeated_Holdout object at 0x00000250F7D93DA0>,2,Tree,3.308581920234027,1.48924344819631,1.8189507745494453
datasets/synthetic_data/s2.csv,410,<timecave.validation_methods.OOS.Repeated_Holdout object at 0x00000250F7D93DA0>,2,ARMA,1.6068424572718796,1.1049546907893715,1.267612897248951
datasets/synthetic_data/s2.csv,410,<timecave.validation_methods.OOS.Repeated_Holdout object at 0x00000250F7D93DA0>,3,Tree,3.1622913734268066,1.4795047861851711,1.778283265800701
datasets/synthetic_data/s2.csv,410,<timecave.validation_methods.OOS.Repeated_Holdout object at 0x00000250F7D93DA0>,3,ARMA,1.5006847423893028,1.0458834820910567,1.2250243844060014
datasets/synthetic_data/s2.csv,410,<timecave.validation_methods.prequential.Growing_Window object at 0x00000250F7D91490>,0,Tree,2.8559536110780073,1.3832844008721181,1.6899566891130693
datasets/synthetic_data/s2.csv,410,<timecave.validation_methods.prequential.Growing_Window object at 0x00000250F7D91490>,0,ARMA,1.9359534425629668,1.1359823394131459,1.3913854399708827
datasets/synthetic_data/s2.csv,410,<timecave.validation_methods.prequential.Growing_Window object at 0x00000250F7D91490>,1,Tree,1.8586741460593483,1.0963247210902674,1.3633320014066084
datasets/synthetic_data/s2.csv,410,<timecave.validation_methods.prequential.Growing_Window object at 0x00000250F7D91490>,1,ARMA,1.0207136037800917,0.8242488192481626,1.01030371858174
datasets/synthetic_data/s2.csv,410,<timecave.validation_methods.prequential.Growing_Window object at 0x00000250F7D91490>,2,Tree,2.602767198595725,1.3125590501183368,1.6133093933265636
datasets/synthetic_data/s2.csv,410,<timecave.validation_methods.prequential.Growing_Window object at 0x00000250F7D91490>,2,ARMA,1.1299905192754474,0.9170142164881676,1.0630101219063943
datasets/synthetic_data/s2.csv,410,<timecave.validation_methods.prequential.Growing_Window object at 0x00000250F7D91490>,3,Tree,2.8416506580444323,1.41807036706217,1.6857196261669471
datasets/synthetic_data/s2.csv,410,<timecave.validation_methods.prequential.Growing_Window object at 0x00000250F7D91490>,3,ARMA,1.466849444189525,1.0349434278469025,1.2111356010742667
datasets/synthetic_data/s2.csv,410,<timecave.validation_methods.prequential.Growing_Window object at 0x00000250F7D93620>,0,Tree,2.271320189265669,1.253834694188713,1.507089973845513
datasets/synthetic_data/s2.csv,410,<timecave.validation_methods.prequential.Growing_Window object at 0x00000250F7D93620>,0,ARMA,1.0579222215490418,0.8324502358944927,1.028553460715116
datasets/synthetic_data/s2.csv,410,<timecave.validation_methods.prequential.Growing_Window object at 0x00000250F7D93620>,1,Tree,2.883020887839075,1.3796415516039002,1.697946079190701
datasets/synthetic_data/s2.csv,410,<timecave.validation_methods.prequential.Growing_Window object at 0x00000250F7D93620>,1,ARMA,1.3001665542858498,0.9843018461882618,1.1402484616459037
datasets/synthetic_data/s2.csv,410,<timecave.validation_methods.prequential.Growing_Window object at 0x00000250F7D93620>,2,Tree,3.402980609077111,1.4410135956163248,1.8447169455168755
datasets/synthetic_data/s2.csv,410,<timecave.validation_methods.prequential.Growing_Window object at 0x00000250F7D93620>,2,ARMA,1.5401299050408017,1.06238140502698,1.2410197037278665
datasets/synthetic_data/s2.csv,410,<timecave.validation_methods.prequential.Rolling_Window object at 0x00000250F7D90F80>,0,Tree,2.933683056955625,1.41876444773081,1.712799771413934
datasets/synthetic_data/s2.csv,410,<timecave.validation_methods.prequential.Rolling_Window object at 0x00000250F7D90F80>,0,ARMA,1.9359534425629668,1.1359823394131459,1.3913854399708827
datasets/synthetic_data/s2.csv,410,<timecave.validation_methods.prequential.Rolling_Window object at 0x00000250F7D90F80>,1,Tree,2.1381642683282185,1.1525584249553524,1.4622463090492719
datasets/synthetic_data/s2.csv,410,<timecave.validation_methods.prequential.Rolling_Window object at 0x00000250F7D90F80>,1,ARMA,1.1301650036975868,0.8665967612043836,1.063092189651296
datasets/synthetic_data/s2.csv,410,<timecave.validation_methods.prequential.Rolling_Window object at 0x00000250F7D90F80>,2,Tree,1.5718494532838794,0.9791865256112167,1.2537342036029324
datasets/synthetic_data/s2.csv,410,<timecave.validation_methods.prequential.Rolling_Window object at 0x00000250F7D90F80>,2,ARMA,1.0566139407359247,0.8649259255569368,1.0279172830222891
datasets/synthetic_data/s2.csv,410,<timecave.validation_methods.prequential.Rolling_Window object at 0x00000250F7D90F80>,3,Tree,2.274207834422932,1.1971936923661188,1.508047689704451
datasets/synthetic_data/s2.csv,410,<timecave.validation_methods.prequential.Rolling_Window object at 0x00000250F7D90F80>,3,ARMA,1.5563815208670473,1.0861786363068044,1.2475502077539995
datasets/synthetic_data/s2.csv,410,<timecave.validation_methods.prequential.Rolling_Window object at 0x00000250F7D938F0>,0,Tree,2.2108792772825314,1.257195186457062,1.4869025782755678
datasets/synthetic_data/s2.csv,410,<timecave.validation_methods.prequential.Rolling_Window object at 0x00000250F7D938F0>,0,ARMA,1.0579222215490418,0.8324502358944927,1.028553460715116
datasets/synthetic_data/s2.csv,410,<timecave.validation_methods.prequential.Rolling_Window object at 0x00000250F7D938F0>,1,Tree,4.728176436761582,1.9508052096275845,2.1744370390428833
datasets/synthetic_data/s2.csv,410,<timecave.validation_methods.prequential.Rolling_Window object at 0x00000250F7D938F0>,1,ARMA,1.4384242482840859,1.0043180318620915,1.199343257072005
datasets/synthetic_data/s2.csv,410,<timecave.validation_methods.prequential.Rolling_Window object at 0x00000250F7D938F0>,2,Tree,2.4990966665477194,1.322344418060907,1.5808531451553998
datasets/synthetic_data/s2.csv,410,<timecave.validation_methods.prequential.Rolling_Window object at 0x00000250F7D938F0>,2,ARMA,1.4547662507431678,1.0545895693796046,1.2061369121054075
datasets/synthetic_data/s2.csv,410,<timecave.validation_methods.CV.Block_CV object at 0x00000250F29B3F20>,0,Tree,1.834535343142557,1.1204414628026202,1.3544501995800942
datasets/synthetic_data/s2.csv,410,<timecave.validation_methods.CV.Block_CV object at 0x00000250F29B3F20>,0,ARMA,1.094313813469594,0.8440688851430671,1.0460945528343
datasets/synthetic_data/s2.csv,410,<timecave.validation_methods.CV.Block_CV object at 0x00000250F29B3F20>,1,Tree,2.5566682494199546,1.2959956826451546,1.5989584889608468
datasets/synthetic_data/s2.csv,410,<timecave.validation_methods.CV.Block_CV object at 0x00000250F29B3F20>,1,ARMA,1.8589943116370038,1.119647507083077,1.3634494166037123
datasets/synthetic_data/s2.csv,410,<timecave.validation_methods.CV.Block_CV object at 0x00000250F29B3F20>,2,Tree,2.365843103472407,1.2968666636186668,1.538129742080429
datasets/synthetic_data/s2.csv,410,<timecave.validation_methods.CV.Block_CV object at 0x00000250F29B3F20>,2,ARMA,1.1341767783872143,0.8548427585656091,1.0649773605045387
datasets/synthetic_data/s2.csv,410,<timecave.validation_methods.CV.Block_CV object at 0x00000250F29B3F20>,3,Tree,3.166481291104875,1.3857119073927022,1.7794609552066252
datasets/synthetic_data/s2.csv,410,<timecave.validation_methods.CV.Block_CV object at 0x00000250F29B3F20>,3,ARMA,1.2113556683774038,0.938935989259319,1.1006160403961973
datasets/synthetic_data/s2.csv,410,<timecave.validation_methods.CV.Block_CV object at 0x00000250F29B3F20>,4,Tree,2.7675367459754567,1.377422601686754,1.6635915201681741
datasets/synthetic_data/s2.csv,410,<timecave.validation_methods.CV.Block_CV object at 0x00000250F29B3F20>,4,ARMA,1.466849444189525,1.0349434278469025,1.2111356010742667
datasets/synthetic_data/s2.csv,410,<timecave.validation_methods.CV.AdaptedhvBlockCV object at 0x00000250F6CBEE10>,0,Tree,2.149109177974584,1.2652918968166749,1.4659840306001235
datasets/synthetic_data/s2.csv,410,<timecave.validation_methods.CV.AdaptedhvBlockCV object at 0x00000250F6CBEE10>,0,ARMA,1.0945879440440909,0.844122430547875,1.046225570345177
datasets/synthetic_data/s2.csv,410,<timecave.validation_methods.CV.AdaptedhvBlockCV object at 0x00000250F6CBEE10>,1,Tree,3.5152622454654456,1.4441449061857607,1.8749032629619709
datasets/synthetic_data/s2.csv,410,<timecave.validation_methods.CV.AdaptedhvBlockCV object at 0x00000250F6CBEE10>,1,ARMA,1.8534428734435664,1.121551074367463,1.3614120880334384
datasets/synthetic_data/s2.csv,410,<timecave.validation_methods.CV.AdaptedhvBlockCV object at 0x00000250F6CBEE10>,2,Tree,1.939144283665874,1.1593139475081924,1.39253160957512
datasets/synthetic_data/s2.csv,410,<timecave.validation_methods.CV.AdaptedhvBlockCV object at 0x00000250F6CBEE10>,2,ARMA,1.1356454200276185,0.8555518709421425,1.0656666552105394
datasets/synthetic_data/s2.csv,410,<timecave.validation_methods.CV.AdaptedhvBlockCV object at 0x00000250F6CBEE10>,3,Tree,2.6147943664371294,1.2020333248154558,1.6170325805119479
datasets/synthetic_data/s2.csv,410,<timecave.validation_methods.CV.AdaptedhvBlockCV object at 0x00000250F6CBEE10>,3,ARMA,1.2134802047719744,0.9377870196032686,1.101580775418659
datasets/synthetic_data/s2.csv,410,<timecave.validation_methods.CV.AdaptedhvBlockCV object at 0x00000250F6CBEE10>,4,Tree,2.7267943650858686,1.3565036608617531,1.6513008099937057
datasets/synthetic_data/s2.csv,410,<timecave.validation_methods.CV.AdaptedhvBlockCV object at 0x00000250F6CBEE10>,4,ARMA,1.5917342127656418,1.0753855365674212,1.261639493978229
datasets/synthetic_data/s2.csv,410,<timecave.validation_methods.markov.MarkovCV object at 0x00000250F6CBD760>,0,Tree,0.98976603249976,0.9262975428493722,0.9948698570666216
datasets/synthetic_data/s2.csv,410,<timecave.validation_methods.markov.MarkovCV object at 0x00000250F6CBD760>,0,ARMA,0.9983882539876794,0.8560641123856361,0.9991938020162452
datasets/synthetic_data/s2.csv,410,<timecave.validation_methods.markov.MarkovCV object at 0x00000250F6CBD760>,1,Tree,1.2522577959184693,0.9407343811546692,1.1190432502448104
datasets/synthetic_data/s2.csv,410,<timecave.validation_methods.markov.MarkovCV object at 0x00000250F6CBD760>,1,ARMA,1.0725381425265135,0.9334325796930515,1.0356341740820034
datasets/synthetic_data/s2.csv,410,<timecave.validation_methods.markov.MarkovCV object at 0x00000250F6CBD760>,2,Tree,2.5158331562326746,1.194913084652714,1.586137811236046
datasets/synthetic_data/s2.csv,410,<timecave.validation_methods.markov.MarkovCV object at 0x00000250F6CBD760>,2,ARMA,2.1655753790031174,1.205747740063184,1.4715894057117689
datasets/synthetic_data/s2.csv,410,<timecave.validation_methods.markov.MarkovCV object at 0x00000250F6CBD760>,3,Tree,1.5716242123544215,0.935483186098726,1.253644372361804
datasets/synthetic_data/s2.csv,410,<timecave.validation_methods.markov.MarkovCV object at 0x00000250F6CBD760>,3,ARMA,2.0559579201753957,1.2879562489491372,1.4338611927851996
datasets/synthetic_data/s2.csv,410,<timecave.validation_methods.markov.MarkovCV object at 0x00000250F6CBD760>,4,Tree,2.9991480405629214,1.4288992145194692,1.731804850600356
datasets/synthetic_data/s2.csv,410,<timecave.validation_methods.markov.MarkovCV object at 0x00000250F6CBD760>,4,ARMA,2.1135442609738684,1.2421098469899996,1.45380337768691
datasets/synthetic_data/s2.csv,410,<timecave.validation_methods.markov.MarkovCV object at 0x00000250F6CBD760>,5,Tree,2.672320220577903,1.4480668723821777,1.6347232856290703
datasets/synthetic_data/s2.csv,410,<timecave.validation_methods.markov.MarkovCV object at 0x00000250F6CBD760>,5,ARMA,1.9031570793972943,1.1525552134836747,1.3795495929459347
datasets/synthetic_data/s2.csv,410,<timecave.validation_methods.markov.MarkovCV object at 0x00000250F6CBD760>,6,Tree,1.0362396800873845,0.8098130587821634,1.0179585846621584
datasets/synthetic_data/s2.csv,410,<timecave.validation_methods.markov.MarkovCV object at 0x00000250F6CBD760>,6,ARMA,1.5169913723685458,0.970309759715615,1.2316620365865572
datasets/synthetic_data/s2.csv,410,<timecave.validation_methods.markov.MarkovCV object at 0x00000250F6CBD760>,7,Tree,1.9810279082811109,1.2866816547464062,1.407489931857813
datasets/synthetic_data/s2.csv,410,<timecave.validation_methods.markov.MarkovCV object at 0x00000250F6CBD760>,7,ARMA,1.134543904918739,0.8513279927143064,1.065149710096538
datasets/synthetic_data/s2.csv,410,<timecave.validation_methods.markov.MarkovCV object at 0x00000250F6CBD760>,8,Tree,4.3762198917907575,1.8214776303763465,2.09194165592417
datasets/synthetic_data/s2.csv,410,<timecave.validation_methods.markov.MarkovCV object at 0x00000250F6CBD760>,8,ARMA,1.9154199846930005,1.0457080416382796,1.383986988628506
datasets/synthetic_data/s2.csv,410,<timecave.validation_methods.markov.MarkovCV object at 0x00000250F6CBD760>,9,Tree,2.342456104471383,1.2621896900839724,1.5305084463900822
datasets/synthetic_data/s2.csv,410,<timecave.validation_methods.markov.MarkovCV object at 0x00000250F6CBD760>,9,ARMA,2.113257940449789,1.2135650450087279,1.4537049014328145
datasets/synthetic_data/s2.csv,411,<timecave.validation_methods.OOS.Holdout object at 0x00000250F6AA1820>,0,Tree,3.436102795332279,1.4093142367457556,1.8536727853999149
datasets/synthetic_data/s2.csv,411,<timecave.validation_methods.OOS.Holdout object at 0x00000250F6AA1820>,0,ARMA,1.578402350173038,1.0112854489823853,1.2563448372851451
datasets/synthetic_data/s2.csv,411,<timecave.validation_methods.OOS.Repeated_Holdout object at 0x00000250F6CBF290>,0,Tree,2.512337398909405,1.1317911498607947,1.5850354566726277
datasets/synthetic_data/s2.csv,411,<timecave.validation_methods.OOS.Repeated_Holdout object at 0x00000250F6CBF290>,0,ARMA,1.3469051110678427,0.9477501299904293,1.1605624115349604
datasets/synthetic_data/s2.csv,411,<timecave.validation_methods.OOS.Repeated_Holdout object at 0x00000250F6CBF290>,1,Tree,1.7238305918607175,1.0868522196181278,1.312947292110661
datasets/synthetic_data/s2.csv,411,<timecave.validation_methods.OOS.Repeated_Holdout object at 0x00000250F6CBF290>,1,ARMA,1.378147358111938,0.9542189239163216,1.1739452108646034
datasets/synthetic_data/s2.csv,411,<timecave.validation_methods.OOS.Repeated_Holdout object at 0x00000250F6CBF290>,2,Tree,1.7721637586369836,0.9682553515055343,1.3312264114856585
datasets/synthetic_data/s2.csv,411,<timecave.validation_methods.OOS.Repeated_Holdout object at 0x00000250F6CBF290>,2,ARMA,1.728267521555022,1.0796065234171335,1.3146358893454195
datasets/synthetic_data/s2.csv,411,<timecave.validation_methods.OOS.Repeated_Holdout object at 0x00000250F6CBF290>,3,Tree,2.9876310538962043,1.31848785213135,1.72847651239356
datasets/synthetic_data/s2.csv,411,<timecave.validation_methods.OOS.Repeated_Holdout object at 0x00000250F6CBF290>,3,ARMA,1.578402350173038,1.0112854489823853,1.2563448372851451
datasets/synthetic_data/s2.csv,411,<timecave.validation_methods.prequential.Growing_Window object at 0x00000250F6CBD5E0>,0,Tree,3.7238995622021123,1.6596109364286518,1.9297408018182423
datasets/synthetic_data/s2.csv,411,<timecave.validation_methods.prequential.Growing_Window object at 0x00000250F6CBD5E0>,0,ARMA,2.593543072892949,1.3287447818084968,1.6104480969261161
datasets/synthetic_data/s2.csv,411,<timecave.validation_methods.prequential.Growing_Window object at 0x00000250F6CBD5E0>,1,Tree,2.39754116630487,1.360678178453747,1.5483995499562992
datasets/synthetic_data/s2.csv,411,<timecave.validation_methods.prequential.Growing_Window object at 0x00000250F6CBD5E0>,1,ARMA,1.359811978100529,0.9492293354947483,1.1661097624582897
datasets/synthetic_data/s2.csv,411,<timecave.validation_methods.prequential.Growing_Window object at 0x00000250F6CBD5E0>,2,Tree,3.0864950476223245,1.4240571630490506,1.7568423513856684
datasets/synthetic_data/s2.csv,411,<timecave.validation_methods.prequential.Growing_Window object at 0x00000250F6CBD5E0>,2,ARMA,1.793929801396312,1.0184418939036024,1.3393766465771726
datasets/synthetic_data/s2.csv,411,<timecave.validation_methods.prequential.Growing_Window object at 0x00000250F6CBD5E0>,3,Tree,1.9322223569006933,1.1875874948009009,1.3900440125768296
datasets/synthetic_data/s2.csv,411,<timecave.validation_methods.prequential.Growing_Window object at 0x00000250F6CBD5E0>,3,ARMA,1.4111167580760597,0.9701063234771217,1.1879043556095161
datasets/synthetic_data/s2.csv,411,<timecave.validation_methods.prequential.Growing_Window object at 0x00000250F6CBFD70>,0,Tree,2.644999430716183,1.2810026093752487,1.6263454217097248
datasets/synthetic_data/s2.csv,411,<timecave.validation_methods.prequential.Growing_Window object at 0x00000250F6CBFD70>,0,ARMA,1.8217918298715512,1.0444789375848793,1.3497376892831996
datasets/synthetic_data/s2.csv,411,<timecave.validation_methods.prequential.Growing_Window object at 0x00000250F6CBFD70>,1,Tree,2.5274669399997274,1.3188604800602468,1.5898009120640633
datasets/synthetic_data/s2.csv,411,<timecave.validation_methods.prequential.Growing_Window object at 0x00000250F6CBFD70>,1,ARMA,1.7614700959945802,0.9885179142337069,1.3272038637656915
datasets/synthetic_data/s2.csv,411,<timecave.validation_methods.prequential.Growing_Window object at 0x00000250F6CBFD70>,2,Tree,1.944710439262,1.1173458380809795,1.3945287516799358
datasets/synthetic_data/s2.csv,411,<timecave.validation_methods.prequential.Growing_Window object at 0x00000250F6CBFD70>,2,ARMA,1.3834731908272877,0.9526819746823137,1.1762113716621208
datasets/synthetic_data/s2.csv,411,<timecave.validation_methods.prequential.Rolling_Window object at 0x00000250F6CBD070>,0,Tree,3.1582072413215374,1.4911279095999033,1.7771345591489514
datasets/synthetic_data/s2.csv,411,<timecave.validation_methods.prequential.Rolling_Window object at 0x00000250F6CBD070>,0,ARMA,2.593543072892949,1.3287447818084968,1.6104480969261161
datasets/synthetic_data/s2.csv,411,<timecave.validation_methods.prequential.Rolling_Window object at 0x00000250F6CBD070>,1,Tree,1.9996293780773715,1.1518696093097762,1.4140825216646205
datasets/synthetic_data/s2.csv,411,<timecave.validation_methods.prequential.Rolling_Window object at 0x00000250F6CBD070>,1,ARMA,1.3237836351248777,0.9198277612279211,1.150557966868631
datasets/synthetic_data/s2.csv,411,<timecave.validation_methods.prequential.Rolling_Window object at 0x00000250F6CBD070>,2,Tree,2.8309915965521215,1.3632630546672357,1.6825550797974256
datasets/synthetic_data/s2.csv,411,<timecave.validation_methods.prequential.Rolling_Window object at 0x00000250F6CBD070>,2,ARMA,1.8191804681504813,1.0277692597719563,1.3487699834109896
datasets/synthetic_data/s2.csv,411,<timecave.validation_methods.prequential.Rolling_Window object at 0x00000250F6CBD070>,3,Tree,1.678440338886228,1.0520710881412132,1.295546347641113
datasets/synthetic_data/s2.csv,411,<timecave.validation_methods.prequential.Rolling_Window object at 0x00000250F6CBD070>,3,ARMA,1.5799253015579642,1.0297467312190385,1.2569507952016117
datasets/synthetic_data/s2.csv,411,<timecave.validation_methods.prequential.Rolling_Window object at 0x00000250F6CBF260>,0,Tree,2.596544792884633,1.2816990928742185,1.6113797792217182
datasets/synthetic_data/s2.csv,411,<timecave.validation_methods.prequential.Rolling_Window object at 0x00000250F6CBF260>,0,ARMA,1.8217918298715512,1.0444789375848793,1.3497376892831996
datasets/synthetic_data/s2.csv,411,<timecave.validation_methods.prequential.Rolling_Window object at 0x00000250F6CBF260>,1,Tree,2.968712527810021,1.4796703351655491,1.722995219903416
datasets/synthetic_data/s2.csv,411,<timecave.validation_methods.prequential.Rolling_Window object at 0x00000250F6CBF260>,1,ARMA,1.7431769073358445,0.9745091790304492,1.3202942502850812
datasets/synthetic_data/s2.csv,411,<timecave.validation_methods.prequential.Rolling_Window object at 0x00000250F6CBF260>,2,Tree,1.8190562005977822,1.0197869119519891,1.3487239156320252
datasets/synthetic_data/s2.csv,411,<timecave.validation_methods.prequential.Rolling_Window object at 0x00000250F6CBF260>,2,ARMA,1.3871367484353807,0.9531677402219283,1.1777676971437876
datasets/synthetic_data/s2.csv,411,<timecave.validation_methods.CV.Block_CV object at 0x00000250F7D90650>,0,Tree,2.5891624541847147,1.349023332733176,1.6090874600793814
datasets/synthetic_data/s2.csv,411,<timecave.validation_methods.CV.Block_CV object at 0x00000250F7D90650>,0,ARMA,2.259215737080474,1.263456737154444,1.5030687732370978
datasets/synthetic_data/s2.csv,411,<timecave.validation_methods.CV.Block_CV object at 0x00000250F7D90650>,1,Tree,3.0272029574092567,1.3970192753962951,1.7398859035607066
datasets/synthetic_data/s2.csv,411,<timecave.validation_methods.CV.Block_CV object at 0x00000250F7D90650>,1,ARMA,2.9580536842832776,1.4140724594510037,1.7198993238801152
datasets/synthetic_data/s2.csv,411,<timecave.validation_methods.CV.Block_CV object at 0x00000250F7D90650>,2,Tree,2.334339000356253,1.234925309959063,1.5278543779942686
datasets/synthetic_data/s2.csv,411,<timecave.validation_methods.CV.Block_CV object at 0x00000250F7D90650>,2,ARMA,1.4713813354694363,0.9891096248742505,1.2130050846840816
datasets/synthetic_data/s2.csv,411,<timecave.validation_methods.CV.Block_CV object at 0x00000250F7D90650>,3,Tree,2.9219069289914694,1.4831801835068346,1.7093586308880502
datasets/synthetic_data/s2.csv,411,<timecave.validation_methods.CV.Block_CV object at 0x00000250F7D90650>,3,ARMA,1.8556774186465996,1.04648983451494,1.362232512696199
datasets/synthetic_data/s2.csv,411,<timecave.validation_methods.CV.Block_CV object at 0x00000250F7D90650>,4,Tree,1.4970366591788662,1.0294165423730708,1.223534494478544
datasets/synthetic_data/s2.csv,411,<timecave.validation_methods.CV.Block_CV object at 0x00000250F7D90650>,4,ARMA,1.4111167580760597,0.9701063234771217,1.1879043556095161
datasets/synthetic_data/s2.csv,411,<timecave.validation_methods.CV.AdaptedhvBlockCV object at 0x00000250F7D92360>,0,Tree,2.563369366871434,1.376314645919621,1.6010525809202625
datasets/synthetic_data/s2.csv,411,<timecave.validation_methods.CV.AdaptedhvBlockCV object at 0x00000250F7D92360>,0,ARMA,2.269073777052663,1.2687174848652594,1.50634450808992
datasets/synthetic_data/s2.csv,411,<timecave.validation_methods.CV.AdaptedhvBlockCV object at 0x00000250F7D92360>,1,Tree,3.705773660469074,1.5182959109070056,1.9250386127215926
datasets/synthetic_data/s2.csv,411,<timecave.validation_methods.CV.AdaptedhvBlockCV object at 0x00000250F7D92360>,1,ARMA,2.937274845863901,1.4096012671983393,1.7138479646292728
datasets/synthetic_data/s2.csv,411,<timecave.validation_methods.CV.AdaptedhvBlockCV object at 0x00000250F7D92360>,2,Tree,2.1366899362241423,1.2165120890001035,1.4617420895028446
datasets/synthetic_data/s2.csv,411,<timecave.validation_methods.CV.AdaptedhvBlockCV object at 0x00000250F7D92360>,2,ARMA,1.4681340182125595,0.9878838938184873,1.2116658030218397
datasets/synthetic_data/s2.csv,411,<timecave.validation_methods.CV.AdaptedhvBlockCV object at 0x00000250F7D92360>,3,Tree,2.9515623774544566,1.4462850588663119,1.7180111691879236
datasets/synthetic_data/s2.csv,411,<timecave.validation_methods.CV.AdaptedhvBlockCV object at 0x00000250F7D92360>,3,ARMA,1.8468270395636388,1.0426541268923581,1.358980146861476
datasets/synthetic_data/s2.csv,411,<timecave.validation_methods.CV.AdaptedhvBlockCV object at 0x00000250F7D92360>,4,Tree,1.7538991303440754,1.1084659657781577,1.3243485682946448
datasets/synthetic_data/s2.csv,411,<timecave.validation_methods.CV.AdaptedhvBlockCV object at 0x00000250F7D92360>,4,ARMA,1.3690519082063353,0.95296975919077,1.1700649162359904
datasets/synthetic_data/s2.csv,411,<timecave.validation_methods.markov.MarkovCV object at 0x00000250F7D93200>,0,Tree,2.741631592081771,1.25766658108905,1.6557873027903587
datasets/synthetic_data/s2.csv,411,<timecave.validation_methods.markov.MarkovCV object at 0x00000250F7D93200>,0,ARMA,3.461121568753988,1.6016980964503387,1.8604089788952287
datasets/synthetic_data/s2.csv,411,<timecave.validation_methods.markov.MarkovCV object at 0x00000250F7D93200>,1,Tree,4.1823040041536945,1.7857580535460322,2.0450682150367734
datasets/synthetic_data/s2.csv,411,<timecave.validation_methods.markov.MarkovCV object at 0x00000250F7D93200>,1,ARMA,3.245602733404717,1.4308063539357352,1.8015556426057777
datasets/synthetic_data/s2.csv,411,<timecave.validation_methods.markov.MarkovCV object at 0x00000250F7D93200>,2,Tree,3.3508092234481026,1.5811695518538909,1.8305215714238667
datasets/synthetic_data/s2.csv,411,<timecave.validation_methods.markov.MarkovCV object at 0x00000250F7D93200>,2,ARMA,1.6944851203447056,1.0336449482393308,1.301723903270085
datasets/synthetic_data/s2.csv,411,<timecave.validation_methods.markov.MarkovCV object at 0x00000250F7D93200>,3,Tree,2.4523558217265453,1.3145444146036838,1.5659999430799942
datasets/synthetic_data/s2.csv,411,<timecave.validation_methods.markov.MarkovCV object at 0x00000250F7D93200>,3,ARMA,2.262263483330152,1.201483043424757,1.5040822727929986
datasets/synthetic_data/s2.csv,411,<timecave.validation_methods.markov.MarkovCV object at 0x00000250F7D93200>,4,Tree,2.4055836692662074,1.3802167124222362,1.5509944130351365
datasets/synthetic_data/s2.csv,411,<timecave.validation_methods.markov.MarkovCV object at 0x00000250F7D93200>,4,ARMA,2.071607281724699,1.21197973486522,1.4393079176203745
datasets/synthetic_data/s2.csv,411,<timecave.validation_methods.markov.MarkovCV object at 0x00000250F7D93200>,5,Tree,3.1280071899592796,1.4414219037701004,1.7686173102057097
datasets/synthetic_data/s2.csv,411,<timecave.validation_methods.markov.MarkovCV object at 0x00000250F7D93200>,5,ARMA,2.0932014539830948,1.1555803250380214,1.446790051798496
datasets/synthetic_data/s2.csv,411,<timecave.validation_methods.markov.MarkovCV object at 0x00000250F7D93200>,6,Tree,2.3766303524362815,1.1971971537649162,1.5416323661743359
datasets/synthetic_data/s2.csv,411,<timecave.validation_methods.markov.MarkovCV object at 0x00000250F7D93200>,6,ARMA,0.9757030587911053,0.790428254828905,0.9877768264092377
datasets/synthetic_data/s2.csv,411,<timecave.validation_methods.markov.MarkovCV object at 0x00000250F7D93200>,7,Tree,0.9299767048007677,0.7138267729639127,0.9643529980254988
datasets/synthetic_data/s2.csv,411,<timecave.validation_methods.markov.MarkovCV object at 0x00000250F7D93200>,7,ARMA,1.3441858964224993,0.8916891547896539,1.1593903123721965
datasets/synthetic_data/s2.csv,411,<timecave.validation_methods.markov.MarkovCV object at 0x00000250F7D93200>,8,Tree,1.8630972614507628,1.153811558145202,1.3649532085206302
datasets/synthetic_data/s2.csv,411,<timecave.validation_methods.markov.MarkovCV object at 0x00000250F7D93200>,8,ARMA,3.555115562169746,1.531556145373585,1.885501408689409
datasets/synthetic_data/s2.csv,411,<timecave.validation_methods.markov.MarkovCV object at 0x00000250F7D93200>,9,Tree,2.1200837082874497,1.2363165105305334,1.4560507231162827
datasets/synthetic_data/s2.csv,411,<timecave.validation_methods.markov.MarkovCV object at 0x00000250F7D93200>,9,ARMA,1.7998898142474054,1.1257687554222955,1.3415997220659392
datasets/synthetic_data/s2.csv,412,<timecave.validation_methods.OOS.Holdout object at 0x00000250F2642390>,0,Tree,2.669981256841018,1.369009811271779,1.6340077285132462
datasets/synthetic_data/s2.csv,412,<timecave.validation_methods.OOS.Holdout object at 0x00000250F2642390>,0,ARMA,3.338404251164233,1.5668571901203563,1.8271300586340955
datasets/synthetic_data/s2.csv,412,<timecave.validation_methods.OOS.Repeated_Holdout object at 0x00000250F6CBE8D0>,0,Tree,4.606759895239376,1.7675417224619168,2.1463363891150373
datasets/synthetic_data/s2.csv,412,<timecave.validation_methods.OOS.Repeated_Holdout object at 0x00000250F6CBE8D0>,0,ARMA,3.6911240486183283,1.6434985863480547,1.9212298271207244
datasets/synthetic_data/s2.csv,412,<timecave.validation_methods.OOS.Repeated_Holdout object at 0x00000250F6CBE8D0>,1,Tree,4.483050501230519,1.8736783537618105,2.11732153940551
datasets/synthetic_data/s2.csv,412,<timecave.validation_methods.OOS.Repeated_Holdout object at 0x00000250F6CBE8D0>,1,ARMA,3.5018353826977826,1.590236646219487,1.8713191557555815
datasets/synthetic_data/s2.csv,412,<timecave.validation_methods.OOS.Repeated_Holdout object at 0x00000250F6CBE8D0>,2,Tree,4.6302084409817175,1.7019580510207846,2.151791913959553
datasets/synthetic_data/s2.csv,412,<timecave.validation_methods.OOS.Repeated_Holdout object at 0x00000250F6CBE8D0>,2,ARMA,3.532063530184584,1.5986319622350253,1.879378495722611
datasets/synthetic_data/s2.csv,412,<timecave.validation_methods.OOS.Repeated_Holdout object at 0x00000250F6CBE8D0>,3,Tree,3.0201518865848227,1.4233356305028055,1.7378584196029383
datasets/synthetic_data/s2.csv,412,<timecave.validation_methods.OOS.Repeated_Holdout object at 0x00000250F6CBE8D0>,3,ARMA,3.338404251164233,1.5668571901203563,1.8271300586340955
datasets/synthetic_data/s2.csv,412,<timecave.validation_methods.prequential.Growing_Window object at 0x00000250F6CBD3D0>,0,Tree,3.4136837091552565,1.5921333616874909,1.847615682211876
datasets/synthetic_data/s2.csv,412,<timecave.validation_methods.prequential.Growing_Window object at 0x00000250F6CBD3D0>,0,ARMA,1.6402609737054905,1.0570588083134371,1.2807267365466728
datasets/synthetic_data/s2.csv,412,<timecave.validation_methods.prequential.Growing_Window object at 0x00000250F6CBD3D0>,1,Tree,2.539884114459028,1.3621897401786884,1.5937013881085214
datasets/synthetic_data/s2.csv,412,<timecave.validation_methods.prequential.Growing_Window object at 0x00000250F6CBD3D0>,1,ARMA,0.8338343567436,0.7972561928680695,0.9131453097637856
datasets/synthetic_data/s2.csv,412,<timecave.validation_methods.prequential.Growing_Window object at 0x00000250F6CBD3D0>,2,Tree,4.493633258201625,1.643319114043312,2.1198191569569387
datasets/synthetic_data/s2.csv,412,<timecave.validation_methods.prequential.Growing_Window object at 0x00000250F6CBD3D0>,2,ARMA,2.7244874532835306,1.4233203658233968,1.6506021486971143
datasets/synthetic_data/s2.csv,412,<timecave.validation_methods.prequential.Growing_Window object at 0x00000250F6CBD3D0>,3,Tree,3.0585672432058697,1.5252511173585062,1.7488759942334018
datasets/synthetic_data/s2.csv,412,<timecave.validation_methods.prequential.Growing_Window object at 0x00000250F6CBD3D0>,3,ARMA,3.65539857164829,1.6346264626418228,1.9119096661841244
datasets/synthetic_data/s2.csv,412,<timecave.validation_methods.prequential.Growing_Window object at 0x00000250F6CBFF50>,0,Tree,1.4023410649341441,0.9740457627643122,1.184204823894137
datasets/synthetic_data/s2.csv,412,<timecave.validation_methods.prequential.Growing_Window object at 0x00000250F6CBFF50>,0,ARMA,0.7941090122313212,0.7852469926170098,0.89112794380567
datasets/synthetic_data/s2.csv,412,<timecave.validation_methods.prequential.Growing_Window object at 0x00000250F6CBFF50>,1,Tree,5.158960592806333,1.8719851642452299,2.271334540046079
datasets/synthetic_data/s2.csv,412,<timecave.validation_methods.prequential.Growing_Window object at 0x00000250F6CBFF50>,1,ARMA,2.7104610898876205,1.4026607948343144,1.646347803438757
datasets/synthetic_data/s2.csv,412,<timecave.validation_methods.prequential.Growing_Window object at 0x00000250F6CBFF50>,2,Tree,3.567328562548722,1.4774677176797926,1.8887372931534767
datasets/synthetic_data/s2.csv,412,<timecave.validation_methods.prequential.Growing_Window object at 0x00000250F6CBFF50>,2,ARMA,3.607980707568403,1.5959577117903678,1.8994685329239869
datasets/synthetic_data/s2.csv,412,<timecave.validation_methods.prequential.Rolling_Window object at 0x00000250F6CBC9B0>,0,Tree,2.847992075524391,1.3829724485396369,1.6875995009256168
datasets/synthetic_data/s2.csv,412,<timecave.validation_methods.prequential.Rolling_Window object at 0x00000250F6CBC9B0>,0,ARMA,1.6402609737054905,1.0570588083134371,1.2807267365466728
datasets/synthetic_data/s2.csv,412,<timecave.validation_methods.prequential.Rolling_Window object at 0x00000250F6CBC9B0>,1,Tree,2.1849845669121826,1.2439660221820237,1.4781693295804046
datasets/synthetic_data/s2.csv,412,<timecave.validation_methods.prequential.Rolling_Window object at 0x00000250F6CBC9B0>,1,ARMA,0.8798214676949756,0.8091038450155186,0.9379879890995276
datasets/synthetic_data/s2.csv,412,<timecave.validation_methods.prequential.Rolling_Window object at 0x00000250F6CBC9B0>,2,Tree,3.0337189704588434,1.4857603680104856,1.741757437319802
datasets/synthetic_data/s2.csv,412,<timecave.validation_methods.prequential.Rolling_Window object at 0x00000250F6CBC9B0>,2,ARMA,2.6874286549765967,1.4124017267890623,1.6393378709029438
datasets/synthetic_data/s2.csv,412,<timecave.validation_methods.prequential.Rolling_Window object at 0x00000250F6CBC9B0>,3,Tree,7.022837665261308,2.1699582155020014,2.6500637096608277
datasets/synthetic_data/s2.csv,412,<timecave.validation_methods.prequential.Rolling_Window object at 0x00000250F6CBC9B0>,3,ARMA,3.59694940488393,1.63637440588808,1.8965625233258012
datasets/synthetic_data/s2.csv,412,<timecave.validation_methods.prequential.Rolling_Window object at 0x00000250F6CBCA10>,0,Tree,2.004377455211591,1.0520010331525826,1.415760380577021
datasets/synthetic_data/s2.csv,412,<timecave.validation_methods.prequential.Rolling_Window object at 0x00000250F6CBCA10>,0,ARMA,0.7941090122313212,0.7852469926170098,0.89112794380567
datasets/synthetic_data/s2.csv,412,<timecave.validation_methods.prequential.Rolling_Window object at 0x00000250F6CBCA10>,1,Tree,3.9646246783515102,1.7097810071849087,1.991136529309708
datasets/synthetic_data/s2.csv,412,<timecave.validation_methods.prequential.Rolling_Window object at 0x00000250F6CBCA10>,1,ARMA,2.7366205509515282,1.404969487516426,1.6542734208562768
datasets/synthetic_data/s2.csv,412,<timecave.validation_methods.prequential.Rolling_Window object at 0x00000250F6CBCA10>,2,Tree,4.035616551831289,1.682152560455213,2.008884404795679
datasets/synthetic_data/s2.csv,412,<timecave.validation_methods.prequential.Rolling_Window object at 0x00000250F6CBCA10>,2,ARMA,3.624076294586067,1.6114468281985084,1.9037006840850972
datasets/synthetic_data/s2.csv,412,<timecave.validation_methods.CV.Block_CV object at 0x00000250F6CBC7D0>,0,Tree,2.6207403372032143,1.302255325154408,1.6188700803965754
datasets/synthetic_data/s2.csv,412,<timecave.validation_methods.CV.Block_CV object at 0x00000250F6CBC7D0>,0,ARMA,1.5317056826742919,0.9459513389766911,1.2376209769853983
datasets/synthetic_data/s2.csv,412,<timecave.validation_methods.CV.Block_CV object at 0x00000250F6CBC7D0>,1,Tree,3.8219586376454147,1.582101401531345,1.954983027457122
datasets/synthetic_data/s2.csv,412,<timecave.validation_methods.CV.Block_CV object at 0x00000250F6CBC7D0>,1,ARMA,1.595937484045704,1.0585407008886563,1.2633041929977529
datasets/synthetic_data/s2.csv,412,<timecave.validation_methods.CV.Block_CV object at 0x00000250F6CBC7D0>,2,Tree,2.2051846011234737,1.1821884092254917,1.4849863976223734
datasets/synthetic_data/s2.csv,412,<timecave.validation_methods.CV.Block_CV object at 0x00000250F6CBC7D0>,2,ARMA,0.7992319988725277,0.7862666432562235,0.8939977622301567
datasets/synthetic_data/s2.csv,412,<timecave.validation_methods.CV.Block_CV object at 0x00000250F6CBC7D0>,3,Tree,4.010995125437288,1.574186492361112,2.002746895001285
datasets/synthetic_data/s2.csv,412,<timecave.validation_methods.CV.Block_CV object at 0x00000250F6CBC7D0>,3,ARMA,2.789824328015193,1.431186803426976,1.670276721988064
datasets/synthetic_data/s2.csv,412,<timecave.validation_methods.CV.Block_CV object at 0x00000250F6CBC7D0>,4,Tree,3.3326627362493806,1.634554462073192,1.82555819853802
datasets/synthetic_data/s2.csv,412,<timecave.validation_methods.CV.Block_CV object at 0x00000250F6CBC7D0>,4,ARMA,3.65539857164829,1.6346264626418228,1.9119096661841244
datasets/synthetic_data/s2.csv,412,<timecave.validation_methods.CV.AdaptedhvBlockCV object at 0x00000250F6CBDAF0>,0,Tree,2.58092312946909,1.257336924116325,1.606525172373309
datasets/synthetic_data/s2.csv,412,<timecave.validation_methods.CV.AdaptedhvBlockCV object at 0x00000250F6CBDAF0>,0,ARMA,1.5316076058958592,0.9456987257738496,1.2375813532434379
datasets/synthetic_data/s2.csv,412,<timecave.validation_methods.CV.AdaptedhvBlockCV object at 0x00000250F6CBDAF0>,1,Tree,3.6942246956385554,1.530611996135012,1.9220366010142875
datasets/synthetic_data/s2.csv,412,<timecave.validation_methods.CV.AdaptedhvBlockCV object at 0x00000250F6CBDAF0>,1,ARMA,1.5946693065478237,1.0576620663329939,1.262802164453254
datasets/synthetic_data/s2.csv,412,<timecave.validation_methods.CV.AdaptedhvBlockCV object at 0x00000250F6CBDAF0>,2,Tree,2.0051444539105576,1.1863576492524057,1.4160312333810148
datasets/synthetic_data/s2.csv,412,<timecave.validation_methods.CV.AdaptedhvBlockCV object at 0x00000250F6CBDAF0>,2,ARMA,0.7951113845554922,0.7823454871975882,0.8916901841758113
datasets/synthetic_data/s2.csv,412,<timecave.validation_methods.CV.AdaptedhvBlockCV object at 0x00000250F6CBDAF0>,3,Tree,6.0847379357547124,1.890527950548674,2.4667261574310824
datasets/synthetic_data/s2.csv,412,<timecave.validation_methods.CV.AdaptedhvBlockCV object at 0x00000250F6CBDAF0>,3,ARMA,2.7769498676308597,1.4293416432315036,1.666418275113082
datasets/synthetic_data/s2.csv,412,<timecave.validation_methods.CV.AdaptedhvBlockCV object at 0x00000250F6CBDAF0>,4,Tree,4.459406409056887,1.843746469321957,2.111730666788946
datasets/synthetic_data/s2.csv,412,<timecave.validation_methods.CV.AdaptedhvBlockCV object at 0x00000250F6CBDAF0>,4,ARMA,3.6317242402588237,1.6357205856777457,1.9057083303220417
datasets/synthetic_data/s2.csv,412,<timecave.validation_methods.markov.MarkovCV object at 0x00000250F6CBC770>,0,Tree,5.841096932971373,1.9118925859969054,2.4168361411091515
datasets/synthetic_data/s2.csv,412,<timecave.validation_methods.markov.MarkovCV object at 0x00000250F6CBC770>,0,ARMA,2.7644129741890664,1.4552299115732417,1.6626523912679603
datasets/synthetic_data/s2.csv,412,<timecave.validation_methods.markov.MarkovCV object at 0x00000250F6CBC770>,1,Tree,4.703023463548886,1.903242426578816,2.1686455366308452
datasets/synthetic_data/s2.csv,412,<timecave.validation_methods.markov.MarkovCV object at 0x00000250F6CBC770>,1,ARMA,4.7158463015236824,1.6922517607820633,2.1715999404871242
datasets/synthetic_data/s2.csv,412,<timecave.validation_methods.markov.MarkovCV object at 0x00000250F6CBC770>,2,Tree,2.787395848396029,1.297900874978713,1.6695495944703258
datasets/synthetic_data/s2.csv,412,<timecave.validation_methods.markov.MarkovCV object at 0x00000250F6CBC770>,2,ARMA,2.6374130758638294,1.3385243689148434,1.6240114149425888
datasets/synthetic_data/s2.csv,412,<timecave.validation_methods.markov.MarkovCV object at 0x00000250F6CBC770>,3,Tree,4.578652200295661,1.5944529375577858,2.1397785400119473
datasets/synthetic_data/s2.csv,412,<timecave.validation_methods.markov.MarkovCV object at 0x00000250F6CBC770>,3,ARMA,2.84752632228212,1.4983930973985384,1.6874615024592767
datasets/synthetic_data/s2.csv,412,<timecave.validation_methods.markov.MarkovCV object at 0x00000250F6CBC770>,4,Tree,2.0547615745471792,0.9926011118259552,1.4334439558445176
datasets/synthetic_data/s2.csv,412,<timecave.validation_methods.markov.MarkovCV object at 0x00000250F6CBC770>,4,ARMA,1.5923139539129911,1.0008880226065382,1.26186923011578
datasets/synthetic_data/s2.csv,412,<timecave.validation_methods.markov.MarkovCV object at 0x00000250F6CBC770>,5,Tree,2.8455512553939593,1.486665785888292,1.686876182591348
datasets/synthetic_data/s2.csv,412,<timecave.validation_methods.markov.MarkovCV object at 0x00000250F6CBC770>,5,ARMA,4.882406199657927,1.8800603893123098,2.2096167540227256
datasets/synthetic_data/s2.csv,412,<timecave.validation_methods.markov.MarkovCV object at 0x00000250F6CBC770>,6,Tree,2.6880937778287755,1.354454616145781,1.639540721613457
datasets/synthetic_data/s2.csv,412,<timecave.validation_methods.markov.MarkovCV object at 0x00000250F6CBC770>,6,ARMA,1.862008339125411,1.0712782583912452,1.364554263899172
datasets/synthetic_data/s2.csv,412,<timecave.validation_methods.markov.MarkovCV object at 0x00000250F6CBC770>,7,Tree,1.7451215877314552,1.084810097634586,1.321030502195712
datasets/synthetic_data/s2.csv,412,<timecave.validation_methods.markov.MarkovCV object at 0x00000250F6CBC770>,7,ARMA,1.5503989208270166,1.0038432358358478,1.2451501599514079
datasets/synthetic_data/s2.csv,412,<timecave.validation_methods.markov.MarkovCV object at 0x00000250F6CBC770>,8,Tree,7.699736298031132,2.6027965363635057,2.774839868898948
datasets/synthetic_data/s2.csv,412,<timecave.validation_methods.markov.MarkovCV object at 0x00000250F6CBC770>,8,ARMA,1.9238686780051932,1.1123086144572325,1.387035932485238
datasets/synthetic_data/s2.csv,412,<timecave.validation_methods.markov.MarkovCV object at 0x00000250F6CBC770>,9,Tree,5.482839938230705,1.9534999694542927,2.3415464843198617
datasets/synthetic_data/s2.csv,412,<timecave.validation_methods.markov.MarkovCV object at 0x00000250F6CBC770>,9,ARMA,3.1567924272696475,1.4353534118026388,1.7767364540836235
datasets/synthetic_data/s2.csv,413,<timecave.validation_methods.OOS.Holdout object at 0x00000250F6CE8BF0>,0,Tree,1.5615209108649646,1.0071395187878904,1.2496083029753622
datasets/synthetic_data/s2.csv,413,<timecave.validation_methods.OOS.Holdout object at 0x00000250F6CE8BF0>,0,ARMA,1.763223531427098,1.0906036297000392,1.3278642744750302
datasets/synthetic_data/s2.csv,413,<timecave.validation_methods.OOS.Repeated_Holdout object at 0x00000250F6CBC6E0>,0,Tree,2.2392484507472648,1.1503270933729022,1.4964118586630035
datasets/synthetic_data/s2.csv,413,<timecave.validation_methods.OOS.Repeated_Holdout object at 0x00000250F6CBC6E0>,0,ARMA,1.8383196244879452,1.1067907051304775,1.3558464605138538
datasets/synthetic_data/s2.csv,413,<timecave.validation_methods.OOS.Repeated_Holdout object at 0x00000250F6CBC6E0>,1,Tree,2.150140685627712,1.157235409652205,1.466335802477629
datasets/synthetic_data/s2.csv,413,<timecave.validation_methods.OOS.Repeated_Holdout object at 0x00000250F6CBC6E0>,1,ARMA,1.9937635117235664,1.1710159004091028,1.4120069092336505
datasets/synthetic_data/s2.csv,413,<timecave.validation_methods.OOS.Repeated_Holdout object at 0x00000250F6CBC6E0>,2,Tree,1.969437140848589,1.2118501939126125,1.4033663601670765
datasets/synthetic_data/s2.csv,413,<timecave.validation_methods.OOS.Repeated_Holdout object at 0x00000250F6CBC6E0>,2,ARMA,1.9212701842188997,1.1682853284710508,1.3860989085266966
datasets/synthetic_data/s2.csv,413,<timecave.validation_methods.OOS.Repeated_Holdout object at 0x00000250F6CBC6E0>,3,Tree,1.5406689832607081,1.032263852652401,1.2412368763699813
datasets/synthetic_data/s2.csv,413,<timecave.validation_methods.OOS.Repeated_Holdout object at 0x00000250F6CBC6E0>,3,ARMA,1.763223531427098,1.0906036297000392,1.3278642744750302
datasets/synthetic_data/s2.csv,413,<timecave.validation_methods.prequential.Growing_Window object at 0x00000250F6CBE270>,0,Tree,2.014662931600703,1.1752331153567137,1.4193882244124414
datasets/synthetic_data/s2.csv,413,<timecave.validation_methods.prequential.Growing_Window object at 0x00000250F6CBE270>,0,ARMA,1.5791214712871244,1.0199843490593299,1.2566310004480727
datasets/synthetic_data/s2.csv,413,<timecave.validation_methods.prequential.Growing_Window object at 0x00000250F6CBE270>,1,Tree,3.8445008373410094,1.4859483055806435,1.9607398698810123
datasets/synthetic_data/s2.csv,413,<timecave.validation_methods.prequential.Growing_Window object at 0x00000250F6CBE270>,1,ARMA,1.6317944812503509,1.0260431752351407,1.2774171132603285
datasets/synthetic_data/s2.csv,413,<timecave.validation_methods.prequential.Growing_Window object at 0x00000250F6CBE270>,2,Tree,1.6607743639230745,1.0449684976069173,1.288710349117704
datasets/synthetic_data/s2.csv,413,<timecave.validation_methods.prequential.Growing_Window object at 0x00000250F6CBE270>,2,ARMA,1.5515171140885409,1.0229982239153839,1.2455990984616763
datasets/synthetic_data/s2.csv,413,<timecave.validation_methods.prequential.Growing_Window object at 0x00000250F6CBE270>,3,Tree,1.8590402544094529,1.0832313877715036,1.3634662644926177
datasets/synthetic_data/s2.csv,413,<timecave.validation_methods.prequential.Growing_Window object at 0x00000250F6CBE270>,3,ARMA,1.773776073794651,1.0975086489743389,1.3318318489188683
datasets/synthetic_data/s2.csv,413,<timecave.validation_methods.prequential.Growing_Window object at 0x00000250F6CBCFE0>,0,Tree,2.429061292355549,1.2103062421100501,1.5585446071112463
datasets/synthetic_data/s2.csv,413,<timecave.validation_methods.prequential.Growing_Window object at 0x00000250F6CBCFE0>,0,ARMA,1.7301224357617022,1.0235551187969971,1.3153411860660724
datasets/synthetic_data/s2.csv,413,<timecave.validation_methods.prequential.Growing_Window object at 0x00000250F6CBCFE0>,1,Tree,2.411439311430936,1.3150971904364397,1.5528809714305007
datasets/synthetic_data/s2.csv,413,<timecave.validation_methods.prequential.Growing_Window object at 0x00000250F6CBCFE0>,1,ARMA,1.5842356212829305,1.0106688170795544,1.2586642210227994
datasets/synthetic_data/s2.csv,413,<timecave.validation_methods.prequential.Growing_Window object at 0x00000250F6CBCFE0>,2,Tree,1.8139842126064238,1.0840366787104088,1.3468423117078048
datasets/synthetic_data/s2.csv,413,<timecave.validation_methods.prequential.Growing_Window object at 0x00000250F6CBCFE0>,2,ARMA,1.775373990101092,1.104789409561269,1.3324316080388863
datasets/synthetic_data/s2.csv,413,<timecave.validation_methods.prequential.Rolling_Window object at 0x00000250F6CBC920>,0,Tree,2.2317816087682423,1.254422774064821,1.4939148599462562
datasets/synthetic_data/s2.csv,413,<timecave.validation_methods.prequential.Rolling_Window object at 0x00000250F6CBC920>,0,ARMA,1.5791214712871244,1.0199843490593299,1.2566310004480727
datasets/synthetic_data/s2.csv,413,<timecave.validation_methods.prequential.Rolling_Window object at 0x00000250F6CBC920>,1,Tree,3.0522401398499226,1.401873545251378,1.7470661521104238
datasets/synthetic_data/s2.csv,413,<timecave.validation_methods.prequential.Rolling_Window object at 0x00000250F6CBC920>,1,ARMA,1.6469037427481632,1.0261081520339634,1.2833174754316108
datasets/synthetic_data/s2.csv,413,<timecave.validation_methods.prequential.Rolling_Window object at 0x00000250F6CBC920>,2,Tree,1.1208635327722476,0.8425130024505791,1.0587084267031446
datasets/synthetic_data/s2.csv,413,<timecave.validation_methods.prequential.Rolling_Window object at 0x00000250F6CBC920>,2,ARMA,1.5021692145501184,1.0162134016357345,1.2256301295864582
datasets/synthetic_data/s2.csv,413,<timecave.validation_methods.prequential.Rolling_Window object at 0x00000250F6CBC920>,3,Tree,2.9612473168773477,1.4076989127163044,1.7208275093330383
datasets/synthetic_data/s2.csv,413,<timecave.validation_methods.prequential.Rolling_Window object at 0x00000250F6CBC920>,3,ARMA,1.886550057112121,1.1226603859812845,1.3735174032796675
datasets/synthetic_data/s2.csv,413,<timecave.validation_methods.prequential.Rolling_Window object at 0x00000250F6CBC110>,0,Tree,2.445928070969042,1.2060255818417875,1.5639463133269766
datasets/synthetic_data/s2.csv,413,<timecave.validation_methods.prequential.Rolling_Window object at 0x00000250F6CBC110>,0,ARMA,1.7301224357617022,1.0235551187969971,1.3153411860660724
datasets/synthetic_data/s2.csv,413,<timecave.validation_methods.prequential.Rolling_Window object at 0x00000250F6CBC110>,1,Tree,2.164991649124554,1.2635150868529934,1.4713910592104855
datasets/synthetic_data/s2.csv,413,<timecave.validation_methods.prequential.Rolling_Window object at 0x00000250F6CBC110>,1,ARMA,1.6194218412921235,1.0164834249026509,1.2725650636773445
datasets/synthetic_data/s2.csv,413,<timecave.validation_methods.prequential.Rolling_Window object at 0x00000250F6CBC110>,2,Tree,2.0736059229641217,1.192634567397704,1.4400020565832958
datasets/synthetic_data/s2.csv,413,<timecave.validation_methods.prequential.Rolling_Window object at 0x00000250F6CBC110>,2,ARMA,1.8596605611536612,1.1221669239168701,1.3636937197016277
datasets/synthetic_data/s2.csv,413,<timecave.validation_methods.CV.Block_CV object at 0x00000250F6CBE7B0>,0,Tree,2.5557232882792755,1.2877794599290704,1.5986629689460112
datasets/synthetic_data/s2.csv,413,<timecave.validation_methods.CV.Block_CV object at 0x00000250F6CBE7B0>,0,ARMA,1.2393621874824279,0.8893357944663015,1.1132664494551283
datasets/synthetic_data/s2.csv,413,<timecave.validation_methods.CV.Block_CV object at 0x00000250F6CBE7B0>,1,Tree,2.342282909396518,1.2561483232943147,1.5304518644493585
datasets/synthetic_data/s2.csv,413,<timecave.validation_methods.CV.Block_CV object at 0x00000250F6CBE7B0>,1,ARMA,1.6971765431491774,1.0765232376630742,1.3027572848190785
datasets/synthetic_data/s2.csv,413,<timecave.validation_methods.CV.Block_CV object at 0x00000250F6CBE7B0>,2,Tree,2.226377928766401,1.2868248321990454,1.4921052003013733
datasets/synthetic_data/s2.csv,413,<timecave.validation_methods.CV.Block_CV object at 0x00000250F6CBE7B0>,2,ARMA,1.5870821309361172,1.0106698780912986,1.259794479641865
datasets/synthetic_data/s2.csv,413,<timecave.validation_methods.CV.Block_CV object at 0x00000250F6CBE7B0>,3,Tree,1.4863906634588513,1.0025763189678694,1.2191762232995078
datasets/synthetic_data/s2.csv,413,<timecave.validation_methods.CV.Block_CV object at 0x00000250F6CBE7B0>,3,ARMA,1.5641758226439184,1.0318154613931376,1.2506701494174706
datasets/synthetic_data/s2.csv,413,<timecave.validation_methods.CV.Block_CV object at 0x00000250F6CBE7B0>,4,Tree,1.683252989464522,1.078998901109966,1.2974024007471707
datasets/synthetic_data/s2.csv,413,<timecave.validation_methods.CV.Block_CV object at 0x00000250F6CBE7B0>,4,ARMA,1.773776073794651,1.0975086489743389,1.3318318489188683
datasets/synthetic_data/s2.csv,413,<timecave.validation_methods.CV.AdaptedhvBlockCV object at 0x00000250F6CBDBB0>,0,Tree,1.6818922189977883,1.0161715609161723,1.2968778735863251
datasets/synthetic_data/s2.csv,413,<timecave.validation_methods.CV.AdaptedhvBlockCV object at 0x00000250F6CBDBB0>,0,ARMA,1.2474320280924793,0.8942577093926652,1.1168849663651488
datasets/synthetic_data/s2.csv,413,<timecave.validation_methods.CV.AdaptedhvBlockCV object at 0x00000250F6CBDBB0>,1,Tree,2.45100356773253,1.3734976855888943,1.5655681293806827
datasets/synthetic_data/s2.csv,413,<timecave.validation_methods.CV.AdaptedhvBlockCV object at 0x00000250F6CBDBB0>,1,ARMA,1.6719016906560205,1.0720053933510458,1.293020375189819
datasets/synthetic_data/s2.csv,413,<timecave.validation_methods.CV.AdaptedhvBlockCV object at 0x00000250F6CBDBB0>,2,Tree,1.9668024246307572,1.1649909571509867,1.4024273331017039
datasets/synthetic_data/s2.csv,413,<timecave.validation_methods.CV.AdaptedhvBlockCV object at 0x00000250F6CBDBB0>,2,ARMA,1.5870625450295217,1.0107105381693104,1.2597867061647863
datasets/synthetic_data/s2.csv,413,<timecave.validation_methods.CV.AdaptedhvBlockCV object at 0x00000250F6CBDBB0>,3,Tree,2.141151965927572,1.3069358828923734,1.4632675647083728
datasets/synthetic_data/s2.csv,413,<timecave.validation_methods.CV.AdaptedhvBlockCV object at 0x00000250F6CBDBB0>,3,ARMA,1.5472202361884935,1.0357002457714795,1.2438730788100905
datasets/synthetic_data/s2.csv,413,<timecave.validation_methods.CV.AdaptedhvBlockCV object at 0x00000250F6CBDBB0>,4,Tree,2.1444102089531283,1.1592523180349918,1.4643804864013752
datasets/synthetic_data/s2.csv,413,<timecave.validation_methods.CV.AdaptedhvBlockCV object at 0x00000250F6CBDBB0>,4,ARMA,1.6493443804814074,1.0532402946389228,1.2842680329594003
datasets/synthetic_data/s2.csv,413,<timecave.validation_methods.markov.MarkovCV object at 0x00000250F7D906B0>,0,Tree,6.055050747470939,1.880687221509012,2.4607012714815544
datasets/synthetic_data/s2.csv,413,<timecave.validation_methods.markov.MarkovCV object at 0x00000250F7D906B0>,0,ARMA,2.946838473337038,1.4030004143832207,1.7166358010180953
datasets/synthetic_data/s2.csv,413,<timecave.validation_methods.markov.MarkovCV object at 0x00000250F7D906B0>,1,Tree,5.072704886191744,1.8767931814572758,2.252266610814924
datasets/synthetic_data/s2.csv,413,<timecave.validation_methods.markov.MarkovCV object at 0x00000250F7D906B0>,1,ARMA,1.635038833228646,1.0413900315762246,1.2786863701583144
datasets/synthetic_data/s2.csv,413,<timecave.validation_methods.markov.MarkovCV object at 0x00000250F7D906B0>,2,Tree,2.382181612312625,1.1553657066668246,1.5434317647089635
datasets/synthetic_data/s2.csv,413,<timecave.validation_methods.markov.MarkovCV object at 0x00000250F7D906B0>,2,ARMA,1.6278135755217382,1.0938596689193252,1.2758579762347133
datasets/synthetic_data/s2.csv,413,<timecave.validation_methods.markov.MarkovCV object at 0x00000250F7D906B0>,3,Tree,4.330166278161383,1.7409994909661641,2.0809051583773304
datasets/synthetic_data/s2.csv,413,<timecave.validation_methods.markov.MarkovCV object at 0x00000250F7D906B0>,3,ARMA,2.134607499988688,1.1484256638613375,1.4610296027078604
datasets/synthetic_data/s2.csv,413,<timecave.validation_methods.markov.MarkovCV object at 0x00000250F7D906B0>,4,Tree,2.2748253341371996,1.4127853440819467,1.5082524106187265
datasets/synthetic_data/s2.csv,413,<timecave.validation_methods.markov.MarkovCV object at 0x00000250F7D906B0>,4,ARMA,1.6728957323787785,1.0902118675866619,1.293404705565423
datasets/synthetic_data/s2.csv,413,<timecave.validation_methods.markov.MarkovCV object at 0x00000250F7D906B0>,5,Tree,2.770694613602985,1.4327327125514615,1.664540361061571
datasets/synthetic_data/s2.csv,413,<timecave.validation_methods.markov.MarkovCV object at 0x00000250F7D906B0>,5,ARMA,1.7851771324698802,1.103772919593276,1.3361052101050577
datasets/synthetic_data/s2.csv,413,<timecave.validation_methods.markov.MarkovCV object at 0x00000250F7D906B0>,6,Tree,2.036395924652025,1.201983192064838,1.4270234492299083
datasets/synthetic_data/s2.csv,413,<timecave.validation_methods.markov.MarkovCV object at 0x00000250F7D906B0>,6,ARMA,1.3157954929992057,0.8047720863804834,1.1470812931083854
datasets/synthetic_data/s2.csv,413,<timecave.validation_methods.markov.MarkovCV object at 0x00000250F7D906B0>,7,Tree,3.299148832282794,1.3256261469146204,1.8163559211461817
datasets/synthetic_data/s2.csv,413,<timecave.validation_methods.markov.MarkovCV object at 0x00000250F7D906B0>,7,ARMA,1.5751462232745164,1.060871276109372,1.255048295196052
datasets/synthetic_data/s2.csv,413,<timecave.validation_methods.markov.MarkovCV object at 0x00000250F7D906B0>,8,Tree,2.8830556668557175,1.3612180187848473,1.6979563206560166
datasets/synthetic_data/s2.csv,413,<timecave.validation_methods.markov.MarkovCV object at 0x00000250F7D906B0>,8,ARMA,2.7217056780405176,1.4083416222601362,1.6497592788163118
datasets/synthetic_data/s2.csv,413,<timecave.validation_methods.markov.MarkovCV object at 0x00000250F7D906B0>,9,Tree,4.062318847902806,1.6677471355961677,2.0155194982690707
datasets/synthetic_data/s2.csv,413,<timecave.validation_methods.markov.MarkovCV object at 0x00000250F7D906B0>,9,ARMA,2.5680392837281354,1.321911258624937,1.6025103069023099
datasets/synthetic_data/s2.csv,414,<timecave.validation_methods.OOS.Holdout object at 0x00000250F6C16300>,0,Tree,3.0284104698148564,1.3624135716893797,1.7402328780409984
datasets/synthetic_data/s2.csv,414,<timecave.validation_methods.OOS.Holdout object at 0x00000250F6C16300>,0,ARMA,1.9080651436072664,1.169762084884621,1.3813273122642824
datasets/synthetic_data/s2.csv,414,<timecave.validation_methods.OOS.Repeated_Holdout object at 0x00000250F6CBFD10>,0,Tree,3.6984579491138447,1.508214094807251,1.9231375273531128
datasets/synthetic_data/s2.csv,414,<timecave.validation_methods.OOS.Repeated_Holdout object at 0x00000250F6CBFD10>,0,ARMA,1.9495103031661618,1.1846615863435268,1.3962486537741627
datasets/synthetic_data/s2.csv,414,<timecave.validation_methods.OOS.Repeated_Holdout object at 0x00000250F6CBFD10>,1,Tree,3.0871511627995245,1.4041916054895516,1.7570290728384446
datasets/synthetic_data/s2.csv,414,<timecave.validation_methods.OOS.Repeated_Holdout object at 0x00000250F6CBFD10>,1,ARMA,2.0860368583011244,1.2555311392218282,1.4443118978604048
datasets/synthetic_data/s2.csv,414,<timecave.validation_methods.OOS.Repeated_Holdout object at 0x00000250F6CBFD10>,2,Tree,3.434599493832581,1.4948530680232774,1.8532672483569608
datasets/synthetic_data/s2.csv,414,<timecave.validation_methods.OOS.Repeated_Holdout object at 0x00000250F6CBFD10>,2,ARMA,2.0524623564616906,1.2130622252599412,1.4326417404437477
datasets/synthetic_data/s2.csv,414,<timecave.validation_methods.OOS.Repeated_Holdout object at 0x00000250F6CBFD10>,3,Tree,3.141246962853384,1.3799809113988444,1.7723563306664334
datasets/synthetic_data/s2.csv,414,<timecave.validation_methods.OOS.Repeated_Holdout object at 0x00000250F6CBFD10>,3,ARMA,1.9080651436072664,1.169762084884621,1.3813273122642824
datasets/synthetic_data/s2.csv,414,<timecave.validation_methods.prequential.Growing_Window object at 0x00000250F6CBC3E0>,0,Tree,1.7631640098949204,1.0407602111253214,1.3278418617798282
datasets/synthetic_data/s2.csv,414,<timecave.validation_methods.prequential.Growing_Window object at 0x00000250F6CBC3E0>,0,ARMA,1.5662795621974714,1.0290557726970184,1.2515109117372774
datasets/synthetic_data/s2.csv,414,<timecave.validation_methods.prequential.Growing_Window object at 0x00000250F6CBC3E0>,1,Tree,2.406781236720616,1.2885635284595647,1.5513804293984812
datasets/synthetic_data/s2.csv,414,<timecave.validation_methods.prequential.Growing_Window object at 0x00000250F6CBC3E0>,1,ARMA,2.4292407838237526,1.3730177369216523,1.558602189086026
datasets/synthetic_data/s2.csv,414,<timecave.validation_methods.prequential.Growing_Window object at 0x00000250F6CBC3E0>,2,Tree,2.30461537572244,1.1389118403770613,1.5180959705244066
datasets/synthetic_data/s2.csv,414,<timecave.validation_methods.prequential.Growing_Window object at 0x00000250F6CBC3E0>,2,ARMA,1.0127793099574696,0.760452360634744,1.0063693705382082
datasets/synthetic_data/s2.csv,414,<timecave.validation_methods.prequential.Growing_Window object at 0x00000250F6CBC3E0>,3,Tree,2.955772452298634,1.3784768088793606,1.7192360083184142
datasets/synthetic_data/s2.csv,414,<timecave.validation_methods.prequential.Growing_Window object at 0x00000250F6CBC3E0>,3,ARMA,2.1515320452855917,1.2923594404735095,1.4668101599339949
datasets/synthetic_data/s2.csv,414,<timecave.validation_methods.prequential.Growing_Window object at 0x00000250F6CBFCB0>,0,Tree,2.340833434801511,1.222342980718675,1.5299782465125153
datasets/synthetic_data/s2.csv,414,<timecave.validation_methods.prequential.Growing_Window object at 0x00000250F6CBFCB0>,0,ARMA,2.593438091111871,1.4065291012370738,1.6104155026302593
datasets/synthetic_data/s2.csv,414,<timecave.validation_methods.prequential.Growing_Window object at 0x00000250F6CBFCB0>,1,Tree,2.670135418889364,1.3405803768383933,1.6340549008186243
datasets/synthetic_data/s2.csv,414,<timecave.validation_methods.prequential.Growing_Window object at 0x00000250F6CBFCB0>,1,ARMA,1.1550774190436361,0.8333109605094218,1.074745281005521
datasets/synthetic_data/s2.csv,414,<timecave.validation_methods.prequential.Growing_Window object at 0x00000250F6CBFCB0>,2,Tree,2.9147442409666877,1.4256691561401054,1.7072622062725713
datasets/synthetic_data/s2.csv,414,<timecave.validation_methods.prequential.Growing_Window object at 0x00000250F6CBFCB0>,2,ARMA,2.1169905732148004,1.2780551807697718,1.4549881694415252
datasets/synthetic_data/s2.csv,414,<timecave.validation_methods.prequential.Rolling_Window object at 0x00000250F6CBF410>,0,Tree,2.152278947603319,1.1557408594484804,1.467064738722637
datasets/synthetic_data/s2.csv,414,<timecave.validation_methods.prequential.Rolling_Window object at 0x00000250F6CBF410>,0,ARMA,1.5662795621974714,1.0290557726970184,1.2515109117372774
datasets/synthetic_data/s2.csv,414,<timecave.validation_methods.prequential.Rolling_Window object at 0x00000250F6CBF410>,1,Tree,2.918036183958352,1.4563714197879138,1.708226034211618
datasets/synthetic_data/s2.csv,414,<timecave.validation_methods.prequential.Rolling_Window object at 0x00000250F6CBF410>,1,ARMA,2.4248261917833203,1.3705809453401026,1.5571853427846412
datasets/synthetic_data/s2.csv,414,<timecave.validation_methods.prequential.Rolling_Window object at 0x00000250F6CBF410>,2,Tree,1.6621550969905388,1.0828239620615268,1.2892459412348518
datasets/synthetic_data/s2.csv,414,<timecave.validation_methods.prequential.Rolling_Window object at 0x00000250F6CBF410>,2,ARMA,1.2963793677494624,0.9352893343237403,1.1385865657689196
datasets/synthetic_data/s2.csv,414,<timecave.validation_methods.prequential.Rolling_Window object at 0x00000250F6CBF410>,3,Tree,1.5949339072500608,1.044518301835784,1.2629069273901623
datasets/synthetic_data/s2.csv,414,<timecave.validation_methods.prequential.Rolling_Window object at 0x00000250F6CBF410>,3,ARMA,2.5899084520958953,1.4098232117557163,1.6093192511418906
datasets/synthetic_data/s2.csv,414,<timecave.validation_methods.prequential.Rolling_Window object at 0x00000250F6CBE390>,0,Tree,2.4059778908299,1.2731067247389551,1.5511214945419007
datasets/synthetic_data/s2.csv,414,<timecave.validation_methods.prequential.Rolling_Window object at 0x00000250F6CBE390>,0,ARMA,2.593438091111871,1.4065291012370738,1.6104155026302593
datasets/synthetic_data/s2.csv,414,<timecave.validation_methods.prequential.Rolling_Window object at 0x00000250F6CBE390>,1,Tree,1.9691789578568564,1.149291607716732,1.4032743701275443
datasets/synthetic_data/s2.csv,414,<timecave.validation_methods.prequential.Rolling_Window object at 0x00000250F6CBE390>,1,ARMA,1.0969510778499942,0.83219487332355,1.0473543229728868
datasets/synthetic_data/s2.csv,414,<timecave.validation_methods.prequential.Rolling_Window object at 0x00000250F6CBE390>,2,Tree,4.3177501824389894,1.744523693978312,2.0779196766090333
datasets/synthetic_data/s2.csv,414,<timecave.validation_methods.prequential.Rolling_Window object at 0x00000250F6CBE390>,2,ARMA,3.244979586488364,1.5730968013213384,1.8013826874066388
datasets/synthetic_data/s2.csv,414,<timecave.validation_methods.CV.Block_CV object at 0x00000250F6CBDE50>,0,Tree,2.656038777348553,1.3789352178593508,1.6297357998609938
datasets/synthetic_data/s2.csv,414,<timecave.validation_methods.CV.Block_CV object at 0x00000250F6CBDE50>,0,ARMA,1.4742679476389735,1.01126048130371,1.2141943615578905
datasets/synthetic_data/s2.csv,414,<timecave.validation_methods.CV.Block_CV object at 0x00000250F6CBDE50>,1,Tree,2.4141641360423884,1.3823169696159527,1.5537580686974366
datasets/synthetic_data/s2.csv,414,<timecave.validation_methods.CV.Block_CV object at 0x00000250F6CBDE50>,1,ARMA,1.5381355958593317,1.0451595541565255,1.2402159472685923
datasets/synthetic_data/s2.csv,414,<timecave.validation_methods.CV.Block_CV object at 0x00000250F6CBDE50>,2,Tree,2.8441073970719972,1.3889685924013435,1.686448160208904
datasets/synthetic_data/s2.csv,414,<timecave.validation_methods.CV.Block_CV object at 0x00000250F6CBDE50>,2,ARMA,2.5309170813612294,1.3885295251735863,1.5908856279950578
datasets/synthetic_data/s2.csv,414,<timecave.validation_methods.CV.Block_CV object at 0x00000250F6CBDE50>,3,Tree,2.0615424075562987,1.18626027266143,1.4358072320323152
datasets/synthetic_data/s2.csv,414,<timecave.validation_methods.CV.Block_CV object at 0x00000250F6CBDE50>,3,ARMA,1.2681495085979506,0.8761868090135305,1.1261214448708232
datasets/synthetic_data/s2.csv,414,<timecave.validation_methods.CV.Block_CV object at 0x00000250F6CBDE50>,4,Tree,2.939562064168785,1.3760008959931722,1.7145151105104863
datasets/synthetic_data/s2.csv,414,<timecave.validation_methods.CV.Block_CV object at 0x00000250F6CBDE50>,4,ARMA,2.1515320452855917,1.2923594404735095,1.4668101599339949
datasets/synthetic_data/s2.csv,414,<timecave.validation_methods.CV.AdaptedhvBlockCV object at 0x00000250F6CBD100>,0,Tree,2.914860142296878,1.3962769960687529,1.7072961495583823
datasets/synthetic_data/s2.csv,414,<timecave.validation_methods.CV.AdaptedhvBlockCV object at 0x00000250F6CBD100>,0,ARMA,1.4743682759004422,1.0113015642250327,1.2142356756002692
datasets/synthetic_data/s2.csv,414,<timecave.validation_methods.CV.AdaptedhvBlockCV object at 0x00000250F6CBD100>,1,Tree,3.0352658375510626,1.4861219697551276,1.7422014342638634
datasets/synthetic_data/s2.csv,414,<timecave.validation_methods.CV.AdaptedhvBlockCV object at 0x00000250F6CBD100>,1,ARMA,1.5216340636719545,1.0386971903295081,1.233545322909521
datasets/synthetic_data/s2.csv,414,<timecave.validation_methods.CV.AdaptedhvBlockCV object at 0x00000250F6CBD100>,2,Tree,2.383843342218888,1.301366370143485,1.5439699939502995
datasets/synthetic_data/s2.csv,414,<timecave.validation_methods.CV.AdaptedhvBlockCV object at 0x00000250F6CBD100>,2,ARMA,2.5605206894655312,1.3953480903076696,1.6001627071849698
datasets/synthetic_data/s2.csv,414,<timecave.validation_methods.CV.AdaptedhvBlockCV object at 0x00000250F6CBD100>,3,Tree,1.9797414719284698,1.1146265018911168,1.4070328609980898
datasets/synthetic_data/s2.csv,414,<timecave.validation_methods.CV.AdaptedhvBlockCV object at 0x00000250F6CBD100>,3,ARMA,1.2796309398608843,0.8743245068406696,1.1312077350605787
datasets/synthetic_data/s2.csv,414,<timecave.validation_methods.CV.AdaptedhvBlockCV object at 0x00000250F6CBD100>,4,Tree,3.0152800746977686,1.3560571991503185,1.7364561827750704
datasets/synthetic_data/s2.csv,414,<timecave.validation_methods.CV.AdaptedhvBlockCV object at 0x00000250F6CBD100>,4,ARMA,2.1630706080579745,1.285280380217445,1.470738116748857
datasets/synthetic_data/s2.csv,414,<timecave.validation_methods.markov.MarkovCV object at 0x00000250F7D12930>,0,Tree,4.391658086147861,1.7144362894164344,2.095628327291808
datasets/synthetic_data/s2.csv,414,<timecave.validation_methods.markov.MarkovCV object at 0x00000250F7D12930>,0,ARMA,1.966139470610145,1.149044079736467,1.402190953690026
datasets/synthetic_data/s2.csv,414,<timecave.validation_methods.markov.MarkovCV object at 0x00000250F7D12930>,1,Tree,1.7587396003919804,1.106254937172371,1.3261748000893323
datasets/synthetic_data/s2.csv,414,<timecave.validation_methods.markov.MarkovCV object at 0x00000250F7D12930>,1,ARMA,1.6260645221903487,1.0488581950602491,1.2751723499944423
datasets/synthetic_data/s2.csv,414,<timecave.validation_methods.markov.MarkovCV object at 0x00000250F7D12930>,2,Tree,2.30089323687189,1.2982764146484904,1.5168695516991202
datasets/synthetic_data/s2.csv,414,<timecave.validation_methods.markov.MarkovCV object at 0x00000250F7D12930>,2,ARMA,1.444598856780669,0.9805725855527743,1.2019146628528454
datasets/synthetic_data/s2.csv,414,<timecave.validation_methods.markov.MarkovCV object at 0x00000250F7D12930>,3,Tree,2.6347895260475362,1.4558515178314664,1.6232034764771595
datasets/synthetic_data/s2.csv,414,<timecave.validation_methods.markov.MarkovCV object at 0x00000250F7D12930>,3,ARMA,1.9509113591729998,1.224463363687861,1.3967502851880862
datasets/synthetic_data/s2.csv,414,<timecave.validation_methods.markov.MarkovCV object at 0x00000250F7D12930>,4,Tree,1.7233260211811399,1.107180542861311,1.3127551261302086
datasets/synthetic_data/s2.csv,414,<timecave.validation_methods.markov.MarkovCV object at 0x00000250F7D12930>,4,ARMA,2.215160639278952,1.3235519749758629,1.488341573456494
datasets/synthetic_data/s2.csv,414,<timecave.validation_methods.markov.MarkovCV object at 0x00000250F7D12930>,5,Tree,2.429388895957592,1.2174141049061367,1.5586497027740365
datasets/synthetic_data/s2.csv,414,<timecave.validation_methods.markov.MarkovCV object at 0x00000250F7D12930>,5,ARMA,1.1795951616706029,0.7739907456719878,1.0860916911893779
datasets/synthetic_data/s2.csv,414,<timecave.validation_methods.markov.MarkovCV object at 0x00000250F7D12930>,6,Tree,6.601385445782969,2.2932863215079995,2.569316143603774
datasets/synthetic_data/s2.csv,414,<timecave.validation_methods.markov.MarkovCV object at 0x00000250F7D12930>,6,ARMA,1.753999340680596,1.1386264930999268,1.3243864015764417
datasets/synthetic_data/s2.csv,414,<timecave.validation_methods.markov.MarkovCV object at 0x00000250F7D12930>,7,Tree,3.7836349691822644,1.533357641838973,1.9451567980968179
datasets/synthetic_data/s2.csv,414,<timecave.validation_methods.markov.MarkovCV object at 0x00000250F7D12930>,7,ARMA,3.01538247486149,1.3847677199823947,1.7364856679113392
datasets/synthetic_data/s2.csv,414,<timecave.validation_methods.markov.MarkovCV object at 0x00000250F7D12930>,8,Tree,2.3197102974976533,1.300922986000643,1.5230595186983513
datasets/synthetic_data/s2.csv,414,<timecave.validation_methods.markov.MarkovCV object at 0x00000250F7D12930>,8,ARMA,0.7552700221512971,0.7763433242533968,0.8690627262466715
datasets/synthetic_data/s2.csv,414,<timecave.validation_methods.markov.MarkovCV object at 0x00000250F7D12930>,9,Tree,1.6368629182741856,1.0138253305025218,1.279399436561618
datasets/synthetic_data/s2.csv,414,<timecave.validation_methods.markov.MarkovCV object at 0x00000250F7D12930>,9,ARMA,1.4083552179966106,0.972760326854525,1.186741428448763
datasets/synthetic_data/s2.csv,415,<timecave.validation_methods.OOS.Holdout object at 0x00000250F29B2C30>,0,Tree,2.8003379204722108,1.323899728526371,1.673421023075846
datasets/synthetic_data/s2.csv,415,<timecave.validation_methods.OOS.Holdout object at 0x00000250F29B2C30>,0,ARMA,2.162180861141144,1.245144277277239,1.4704356025141474
datasets/synthetic_data/s2.csv,415,<timecave.validation_methods.OOS.Repeated_Holdout object at 0x00000250F6CBC2F0>,0,Tree,3.8028249281744695,1.5671831380533772,1.9500833131367667
datasets/synthetic_data/s2.csv,415,<timecave.validation_methods.OOS.Repeated_Holdout object at 0x00000250F6CBC2F0>,0,ARMA,2.25852544989714,1.2779717091819716,1.5028391297464743
datasets/synthetic_data/s2.csv,415,<timecave.validation_methods.OOS.Repeated_Holdout object at 0x00000250F6CBC2F0>,1,Tree,4.06487282641367,1.6157696048883181,2.0161529769374322
datasets/synthetic_data/s2.csv,415,<timecave.validation_methods.OOS.Repeated_Holdout object at 0x00000250F6CBC2F0>,1,ARMA,2.441487293815481,1.3519723105032222,1.562525933805734
datasets/synthetic_data/s2.csv,415,<timecave.validation_methods.OOS.Repeated_Holdout object at 0x00000250F6CBC2F0>,2,Tree,3.2906464237685533,1.4744195017583273,1.8140138984496654
datasets/synthetic_data/s2.csv,415,<timecave.validation_methods.OOS.Repeated_Holdout object at 0x00000250F6CBC2F0>,2,ARMA,2.0710227437904916,1.2099337949438524,1.4391048411392728
datasets/synthetic_data/s2.csv,415,<timecave.validation_methods.OOS.Repeated_Holdout object at 0x00000250F6CBC2F0>,3,Tree,2.667016742043107,1.3028360330693625,1.6331003465932847
datasets/synthetic_data/s2.csv,415,<timecave.validation_methods.OOS.Repeated_Holdout object at 0x00000250F6CBC2F0>,3,ARMA,2.162180861141144,1.245144277277239,1.4704356025141474
datasets/synthetic_data/s2.csv,415,<timecave.validation_methods.prequential.Growing_Window object at 0x00000250F6CBE8A0>,0,Tree,2.9171794715858006,1.3897898472288166,1.7079752549688185
datasets/synthetic_data/s2.csv,415,<timecave.validation_methods.prequential.Growing_Window object at 0x00000250F6CBE8A0>,0,ARMA,2.7835620341581864,1.422525116861004,1.6684010411643198
datasets/synthetic_data/s2.csv,415,<timecave.validation_methods.prequential.Growing_Window object at 0x00000250F6CBE8A0>,1,Tree,2.6948930757872485,1.3585940656180029,1.641612949445529
datasets/synthetic_data/s2.csv,415,<timecave.validation_methods.prequential.Growing_Window object at 0x00000250F6CBE8A0>,1,ARMA,1.7839324375115404,1.1030098901818133,1.3356393366143198
datasets/synthetic_data/s2.csv,415,<timecave.validation_methods.prequential.Growing_Window object at 0x00000250F6CBE8A0>,2,Tree,2.9365705680249388,1.369797332252625,1.713642485475001
datasets/synthetic_data/s2.csv,415,<timecave.validation_methods.prequential.Growing_Window object at 0x00000250F6CBE8A0>,2,ARMA,1.6701805567124073,1.013889231067931,1.2923546559332726
datasets/synthetic_data/s2.csv,415,<timecave.validation_methods.prequential.Growing_Window object at 0x00000250F6CBE8A0>,3,Tree,4.27244413039965,1.6646251672086807,2.0669891461736443
datasets/synthetic_data/s2.csv,415,<timecave.validation_methods.prequential.Growing_Window object at 0x00000250F6CBE8A0>,3,ARMA,2.4993178715468103,1.3833282779626779,1.5809231074112398
datasets/synthetic_data/s2.csv,415,<timecave.validation_methods.prequential.Growing_Window object at 0x00000250F6CBE660>,0,Tree,3.1004503312482874,1.4509559342873029,1.7608095670027146
datasets/synthetic_data/s2.csv,415,<timecave.validation_methods.prequential.Growing_Window object at 0x00000250F6CBE660>,0,ARMA,2.01815423326377,1.1444004278613176,1.4206175534829104
datasets/synthetic_data/s2.csv,415,<timecave.validation_methods.prequential.Growing_Window object at 0x00000250F6CBE660>,1,Tree,2.1294788400059192,1.221656694676649,1.4592733945378156
datasets/synthetic_data/s2.csv,415,<timecave.validation_methods.prequential.Growing_Window object at 0x00000250F6CBE660>,1,ARMA,1.841457555205492,1.1154695066798224,1.3570031522459673
datasets/synthetic_data/s2.csv,415,<timecave.validation_methods.prequential.Growing_Window object at 0x00000250F6CBE660>,2,Tree,3.386705418637109,1.5566690678100814,1.8403003609838011
datasets/synthetic_data/s2.csv,415,<timecave.validation_methods.prequential.Growing_Window object at 0x00000250F6CBE660>,2,ARMA,2.41381918493148,1.3491775809548163,1.5536470593192908
datasets/synthetic_data/s2.csv,415,<timecave.validation_methods.prequential.Rolling_Window object at 0x00000250F6CBE450>,0,Tree,2.790919925398059,1.3340787259809719,1.6706046586185672
datasets/synthetic_data/s2.csv,415,<timecave.validation_methods.prequential.Rolling_Window object at 0x00000250F6CBE450>,0,ARMA,2.7835620341581864,1.422525116861004,1.6684010411643198
datasets/synthetic_data/s2.csv,415,<timecave.validation_methods.prequential.Rolling_Window object at 0x00000250F6CBE450>,1,Tree,4.329570334531286,1.722415371782969,2.0807619600836817
datasets/synthetic_data/s2.csv,415,<timecave.validation_methods.prequential.Rolling_Window object at 0x00000250F6CBE450>,1,ARMA,1.7172307990043478,1.079998917517722,1.3104315315972628
datasets/synthetic_data/s2.csv,415,<timecave.validation_methods.prequential.Rolling_Window object at 0x00000250F6CBE450>,2,Tree,2.951874299895544,1.3962016478420192,1.7181019468866054
datasets/synthetic_data/s2.csv,415,<timecave.validation_methods.prequential.Rolling_Window object at 0x00000250F6CBE450>,2,ARMA,1.8476434314309746,1.0826022436614555,1.3592804829875895
datasets/synthetic_data/s2.csv,415,<timecave.validation_methods.prequential.Rolling_Window object at 0x00000250F6CBE450>,3,Tree,4.082496632119175,1.5351690447175856,2.02051890169807
datasets/synthetic_data/s2.csv,415,<timecave.validation_methods.prequential.Rolling_Window object at 0x00000250F6CBE450>,3,ARMA,2.5199238926894054,1.3863405103271766,1.587426814908141
datasets/synthetic_data/s2.csv,415,<timecave.validation_methods.prequential.Rolling_Window object at 0x00000250F6CBEC90>,0,Tree,3.231124068255227,1.482256125233513,1.7975327725121528
datasets/synthetic_data/s2.csv,415,<timecave.validation_methods.prequential.Rolling_Window object at 0x00000250F6CBEC90>,0,ARMA,2.01815423326377,1.1444004278613176,1.4206175534829104
datasets/synthetic_data/s2.csv,415,<timecave.validation_methods.prequential.Rolling_Window object at 0x00000250F6CBEC90>,1,Tree,4.031433887668707,1.7497432239708641,2.007843093388701
datasets/synthetic_data/s2.csv,415,<timecave.validation_methods.prequential.Rolling_Window object at 0x00000250F6CBEC90>,1,ARMA,1.958154546574657,1.1514394365825031,1.399340754274904
datasets/synthetic_data/s2.csv,415,<timecave.validation_methods.prequential.Rolling_Window object at 0x00000250F6CBEC90>,2,Tree,1.9790610558193817,1.121143440771998,1.4067910490969802
datasets/synthetic_data/s2.csv,415,<timecave.validation_methods.prequential.Rolling_Window object at 0x00000250F6CBEC90>,2,ARMA,2.401390205113458,1.358311141967489,1.549641960297106
datasets/synthetic_data/s2.csv,415,<timecave.validation_methods.CV.Block_CV object at 0x00000250F6CBD700>,0,Tree,2.8770138958038194,1.3277156527141944,1.6961762572928025
datasets/synthetic_data/s2.csv,415,<timecave.validation_methods.CV.Block_CV object at 0x00000250F6CBD700>,0,ARMA,1.775237058881253,1.0799695610674882,1.3323802230899604
datasets/synthetic_data/s2.csv,415,<timecave.validation_methods.CV.Block_CV object at 0x00000250F6CBD700>,1,Tree,2.3810953247891584,1.3224922229679326,1.5430798180227614
datasets/synthetic_data/s2.csv,415,<timecave.validation_methods.CV.Block_CV object at 0x00000250F6CBD700>,1,ARMA,2.394324552415882,1.2819349910433866,1.5473605114568105
datasets/synthetic_data/s2.csv,415,<timecave.validation_methods.CV.Block_CV object at 0x00000250F6CBD700>,2,Tree,3.680710875808537,1.5077596620131741,1.918517885193812
datasets/synthetic_data/s2.csv,415,<timecave.validation_methods.CV.Block_CV object at 0x00000250F6CBD700>,2,ARMA,1.7751834273182205,1.0982406160318812,1.3323600967149312
datasets/synthetic_data/s2.csv,415,<timecave.validation_methods.CV.Block_CV object at 0x00000250F6CBD700>,3,Tree,3.854250311792843,1.6606246744604873,1.9632244680099225
datasets/synthetic_data/s2.csv,415,<timecave.validation_methods.CV.Block_CV object at 0x00000250F6CBD700>,3,ARMA,1.6887034460520909,1.0056912790199162,1.299501229723193
datasets/synthetic_data/s2.csv,415,<timecave.validation_methods.CV.Block_CV object at 0x00000250F6CBD700>,4,Tree,4.158397682957534,1.644291729278362,2.039214967323831
datasets/synthetic_data/s2.csv,415,<timecave.validation_methods.CV.Block_CV object at 0x00000250F6CBD700>,4,ARMA,2.4993178715468103,1.3833282779626779,1.5809231074112398
datasets/synthetic_data/s2.csv,415,<timecave.validation_methods.CV.AdaptedhvBlockCV object at 0x00000250F6CBCB60>,0,Tree,2.9938598001568386,1.3575958328576296,1.7302773766528992
datasets/synthetic_data/s2.csv,415,<timecave.validation_methods.CV.AdaptedhvBlockCV object at 0x00000250F6CBCB60>,0,ARMA,1.7528091526509693,1.0746071882326813,1.3239369896830322
datasets/synthetic_data/s2.csv,415,<timecave.validation_methods.CV.AdaptedhvBlockCV object at 0x00000250F6CBCB60>,1,Tree,4.474007297241273,1.8223730963561693,2.11518493216108
datasets/synthetic_data/s2.csv,415,<timecave.validation_methods.CV.AdaptedhvBlockCV object at 0x00000250F6CBCB60>,1,ARMA,2.3861204151121846,1.2786904585444445,1.544707226341673
datasets/synthetic_data/s2.csv,415,<timecave.validation_methods.CV.AdaptedhvBlockCV object at 0x00000250F6CBCB60>,2,Tree,1.8394442864642233,1.015427382917966,1.3562611424295188
datasets/synthetic_data/s2.csv,415,<timecave.validation_methods.CV.AdaptedhvBlockCV object at 0x00000250F6CBCB60>,2,ARMA,1.7770820402271474,1.1012738429007518,1.3330724062207377
datasets/synthetic_data/s2.csv,415,<timecave.validation_methods.CV.AdaptedhvBlockCV object at 0x00000250F6CBCB60>,3,Tree,2.3414197351367783,1.303464674513449,1.5301698386573885
datasets/synthetic_data/s2.csv,415,<timecave.validation_methods.CV.AdaptedhvBlockCV object at 0x00000250F6CBCB60>,3,ARMA,1.6840641346964005,1.0004671994423464,1.2977149666611696
datasets/synthetic_data/s2.csv,415,<timecave.validation_methods.CV.AdaptedhvBlockCV object at 0x00000250F6CBCB60>,4,Tree,4.413928788017676,1.6598789387990311,2.100935217472846
datasets/synthetic_data/s2.csv,415,<timecave.validation_methods.CV.AdaptedhvBlockCV object at 0x00000250F6CBCB60>,4,ARMA,2.587388917804371,1.4092926987948395,1.6085362656167783
datasets/synthetic_data/s2.csv,415,<timecave.validation_methods.markov.MarkovCV object at 0x00000250F6CBDC70>,0,Tree,3.0424426448505186,1.485511394211807,1.7442599132154928
datasets/synthetic_data/s2.csv,415,<timecave.validation_methods.markov.MarkovCV object at 0x00000250F6CBDC70>,0,ARMA,2.170362159810872,1.3142530444900558,1.4732149061867628
datasets/synthetic_data/s2.csv,415,<timecave.validation_methods.markov.MarkovCV object at 0x00000250F6CBDC70>,1,Tree,5.3111491172546605,1.7484093838915022,2.304593048079131
datasets/synthetic_data/s2.csv,415,<timecave.validation_methods.markov.MarkovCV object at 0x00000250F6CBDC70>,1,ARMA,2.661316495833164,1.3634987331065958,1.6313541907976834
datasets/synthetic_data/s2.csv,415,<timecave.validation_methods.markov.MarkovCV object at 0x00000250F6CBDC70>,2,Tree,3.8323517571348282,1.6723093878528863,1.9576393327512676
datasets/synthetic_data/s2.csv,415,<timecave.validation_methods.markov.MarkovCV object at 0x00000250F6CBDC70>,2,ARMA,2.05881895333032,1.1960582830409503,1.4348585133490759
datasets/synthetic_data/s2.csv,415,<timecave.validation_methods.markov.MarkovCV object at 0x00000250F6CBDC70>,3,Tree,1.9875766292837032,1.1606085741576846,1.409814395331422
datasets/synthetic_data/s2.csv,415,<timecave.validation_methods.markov.MarkovCV object at 0x00000250F6CBDC70>,3,ARMA,1.3885083324886247,0.9751239329288004,1.178349834509525
datasets/synthetic_data/s2.csv,415,<timecave.validation_methods.markov.MarkovCV object at 0x00000250F6CBDC70>,4,Tree,3.1364791972487764,1.5472723710236906,1.7710107840577303
datasets/synthetic_data/s2.csv,415,<timecave.validation_methods.markov.MarkovCV object at 0x00000250F6CBDC70>,4,ARMA,2.3537521736945397,1.3582588388189585,1.5341943076724471
datasets/synthetic_data/s2.csv,415,<timecave.validation_methods.markov.MarkovCV object at 0x00000250F6CBDC70>,5,Tree,4.292538004351478,1.846581148401888,2.071844107154657
datasets/synthetic_data/s2.csv,415,<timecave.validation_methods.markov.MarkovCV object at 0x00000250F6CBDC70>,5,ARMA,2.8599623423626737,1.4076903603604798,1.6911423187782493
datasets/synthetic_data/s2.csv,415,<timecave.validation_methods.markov.MarkovCV object at 0x00000250F6CBDC70>,6,Tree,3.129455869684887,1.3726888097838108,1.7690268142922219
datasets/synthetic_data/s2.csv,415,<timecave.validation_methods.markov.MarkovCV object at 0x00000250F6CBDC70>,6,ARMA,1.9705999341440186,1.2204595039028212,1.4037805861829045
datasets/synthetic_data/s2.csv,415,<timecave.validation_methods.markov.MarkovCV object at 0x00000250F6CBDC70>,7,Tree,2.8163397533954546,1.2035845654977702,1.6781953859415342
datasets/synthetic_data/s2.csv,415,<timecave.validation_methods.markov.MarkovCV object at 0x00000250F6CBDC70>,7,ARMA,2.108220882823509,1.230040404524699,1.451971378100653
datasets/synthetic_data/s2.csv,415,<timecave.validation_methods.markov.MarkovCV object at 0x00000250F6CBDC70>,8,Tree,2.093565831101718,1.1673206200893735,1.4469159723707932
datasets/synthetic_data/s2.csv,415,<timecave.validation_methods.markov.MarkovCV object at 0x00000250F6CBDC70>,8,ARMA,3.4163032112762624,1.4683299455514836,1.8483244334467535
datasets/synthetic_data/s2.csv,415,<timecave.validation_methods.markov.MarkovCV object at 0x00000250F6CBDC70>,9,Tree,6.05165465545496,1.9554472754631964,2.4600111088072265
datasets/synthetic_data/s2.csv,415,<timecave.validation_methods.markov.MarkovCV object at 0x00000250F6CBDC70>,9,ARMA,2.237162110235941,1.2262661681199796,1.4957145818089563
datasets/synthetic_data/s2.csv,416,<timecave.validation_methods.OOS.Holdout object at 0x00000250F7D936B0>,0,Tree,1.45554063833987,0.9675232904078798,1.2064578891697255
datasets/synthetic_data/s2.csv,416,<timecave.validation_methods.OOS.Holdout object at 0x00000250F7D936B0>,0,ARMA,1.6540125774909846,1.0430811827494157,1.2860842031107391
datasets/synthetic_data/s2.csv,416,<timecave.validation_methods.OOS.Repeated_Holdout object at 0x00000250F7D91760>,0,Tree,2.350052735694959,1.255828399078434,1.5329881720662293
datasets/synthetic_data/s2.csv,416,<timecave.validation_methods.OOS.Repeated_Holdout object at 0x00000250F7D91760>,0,ARMA,1.580836082322192,1.0170102804527152,1.2573130407031465
datasets/synthetic_data/s2.csv,416,<timecave.validation_methods.OOS.Repeated_Holdout object at 0x00000250F7D91760>,1,Tree,2.2630262658389055,1.2908127939975276,1.5043358221616958
datasets/synthetic_data/s2.csv,416,<timecave.validation_methods.OOS.Repeated_Holdout object at 0x00000250F7D91760>,1,ARMA,1.4672880791067184,0.9740107215721072,1.2113166716869368
datasets/synthetic_data/s2.csv,416,<timecave.validation_methods.OOS.Repeated_Holdout object at 0x00000250F7D91760>,2,Tree,1.9773122620929602,1.1398483173010903,1.4061693575430239
datasets/synthetic_data/s2.csv,416,<timecave.validation_methods.OOS.Repeated_Holdout object at 0x00000250F7D91760>,2,ARMA,1.427915076697601,0.9680756300708966,1.194954006101323
datasets/synthetic_data/s2.csv,416,<timecave.validation_methods.OOS.Repeated_Holdout object at 0x00000250F7D91760>,3,Tree,1.5708872115231802,1.001198668343266,1.253350394551811
datasets/synthetic_data/s2.csv,416,<timecave.validation_methods.OOS.Repeated_Holdout object at 0x00000250F7D91760>,3,ARMA,1.6540125774909846,1.0430811827494157,1.2860842031107391
datasets/synthetic_data/s2.csv,416,<timecave.validation_methods.prequential.Growing_Window object at 0x00000250F7D92A50>,0,Tree,1.6708417346340778,1.0488251805406539,1.2926104342121325
datasets/synthetic_data/s2.csv,416,<timecave.validation_methods.prequential.Growing_Window object at 0x00000250F7D92A50>,0,ARMA,1.5176877618840692,0.9846287416144961,1.2319447073160668
datasets/synthetic_data/s2.csv,416,<timecave.validation_methods.prequential.Growing_Window object at 0x00000250F7D92A50>,1,Tree,1.7479011713410115,1.0226956620863372,1.3220821348694685
datasets/synthetic_data/s2.csv,416,<timecave.validation_methods.prequential.Growing_Window object at 0x00000250F7D92A50>,1,ARMA,0.8792295969682327,0.7699379989734172,0.9376724358581906
datasets/synthetic_data/s2.csv,416,<timecave.validation_methods.prequential.Growing_Window object at 0x00000250F7D92A50>,2,Tree,2.143670500385757,1.1978131833453927,1.4641278975505374
datasets/synthetic_data/s2.csv,416,<timecave.validation_methods.prequential.Growing_Window object at 0x00000250F7D92A50>,2,ARMA,1.4906246295598038,1.0318594910944057,1.2209113930010662
datasets/synthetic_data/s2.csv,416,<timecave.validation_methods.prequential.Growing_Window object at 0x00000250F7D92A50>,3,Tree,2.1037352878030897,1.2140606526387783,1.4504258987632184
datasets/synthetic_data/s2.csv,416,<timecave.validation_methods.prequential.Growing_Window object at 0x00000250F7D92A50>,3,ARMA,1.513155044689133,0.9991146653023188,1.2301036723338132
datasets/synthetic_data/s2.csv,416,<timecave.validation_methods.prequential.Growing_Window object at 0x00000250F6CBF230>,0,Tree,2.0731585700869917,1.2118735950719042,1.4398467175664886
datasets/synthetic_data/s2.csv,416,<timecave.validation_methods.prequential.Growing_Window object at 0x00000250F6CBF230>,0,ARMA,1.1855520252048466,0.9291091846165915,1.0888305769057216
datasets/synthetic_data/s2.csv,416,<timecave.validation_methods.prequential.Growing_Window object at 0x00000250F6CBF230>,1,Tree,2.3924572756579483,1.2618559066027966,1.5467570189457516
datasets/synthetic_data/s2.csv,416,<timecave.validation_methods.prequential.Growing_Window object at 0x00000250F6CBF230>,1,ARMA,1.7016427756910386,1.0687220967481315,1.3044703046413277
datasets/synthetic_data/s2.csv,416,<timecave.validation_methods.prequential.Growing_Window object at 0x00000250F6CBF230>,2,Tree,2.27112361966692,1.2249151732521986,1.5070247574830746
datasets/synthetic_data/s2.csv,416,<timecave.validation_methods.prequential.Growing_Window object at 0x00000250F6CBF230>,2,ARMA,1.554506049688026,1.0012845126450847,1.2467983195721857
datasets/synthetic_data/s2.csv,416,<timecave.validation_methods.prequential.Rolling_Window object at 0x00000250F6CBC530>,0,Tree,1.6240345082715788,1.059287923780384,1.2743761251183179
datasets/synthetic_data/s2.csv,416,<timecave.validation_methods.prequential.Rolling_Window object at 0x00000250F6CBC530>,0,ARMA,1.5176877618840692,0.9846287416144961,1.2319447073160668
datasets/synthetic_data/s2.csv,416,<timecave.validation_methods.prequential.Rolling_Window object at 0x00000250F6CBC530>,1,Tree,1.1964912017162446,0.9281892505765327,1.0938424025956595
datasets/synthetic_data/s2.csv,416,<timecave.validation_methods.prequential.Rolling_Window object at 0x00000250F6CBC530>,1,ARMA,0.8087742530483739,0.7679736191409178,0.8993187716535077
datasets/synthetic_data/s2.csv,416,<timecave.validation_methods.prequential.Rolling_Window object at 0x00000250F6CBC530>,2,Tree,2.7179359147257647,1.2574036074537236,1.648616363720124
datasets/synthetic_data/s2.csv,416,<timecave.validation_methods.prequential.Rolling_Window object at 0x00000250F6CBC530>,2,ARMA,1.4816747123247491,1.0373102539485877,1.217240613980962
datasets/synthetic_data/s2.csv,416,<timecave.validation_methods.prequential.Rolling_Window object at 0x00000250F6CBC530>,3,Tree,2.0924403964221163,1.1186612605013193,1.446527011991866
datasets/synthetic_data/s2.csv,416,<timecave.validation_methods.prequential.Rolling_Window object at 0x00000250F6CBC530>,3,ARMA,1.6211674759750199,1.0603248863640735,1.2732507514134912
datasets/synthetic_data/s2.csv,416,<timecave.validation_methods.prequential.Rolling_Window object at 0x00000250F6CBC650>,0,Tree,2.1805887268697313,1.2079030725457764,1.476681660639737
datasets/synthetic_data/s2.csv,416,<timecave.validation_methods.prequential.Rolling_Window object at 0x00000250F6CBC650>,0,ARMA,1.1855520252048466,0.9291091846165915,1.0888305769057216
datasets/synthetic_data/s2.csv,416,<timecave.validation_methods.prequential.Rolling_Window object at 0x00000250F6CBC650>,1,Tree,2.4424262621698856,1.2404605641973456,1.5628263698088427
datasets/synthetic_data/s2.csv,416,<timecave.validation_methods.prequential.Rolling_Window object at 0x00000250F6CBC650>,1,ARMA,1.7053332500804546,1.068191537920375,1.305884087536277
datasets/synthetic_data/s2.csv,416,<timecave.validation_methods.prequential.Rolling_Window object at 0x00000250F6CBC650>,2,Tree,1.610257774536912,0.9712024320519611,1.2689593273769306
datasets/synthetic_data/s2.csv,416,<timecave.validation_methods.prequential.Rolling_Window object at 0x00000250F6CBC650>,2,ARMA,1.6155853382261873,1.0450111272720077,1.2710567800952826
datasets/synthetic_data/s2.csv,416,<timecave.validation_methods.CV.Block_CV object at 0x00000250F6CBCB90>,0,Tree,1.0180237768233702,0.864688017808417,1.008971643220646
datasets/synthetic_data/s2.csv,416,<timecave.validation_methods.CV.Block_CV object at 0x00000250F6CBCB90>,0,ARMA,0.622615676985629,0.6370790467352656,0.7890599958087021
datasets/synthetic_data/s2.csv,416,<timecave.validation_methods.CV.Block_CV object at 0x00000250F6CBCB90>,1,Tree,2.1276623961196743,1.2862009139847534,1.4586508821920598
datasets/synthetic_data/s2.csv,416,<timecave.validation_methods.CV.Block_CV object at 0x00000250F6CBCB90>,1,ARMA,1.326249725381004,0.9223961660367794,1.1516291613974543
datasets/synthetic_data/s2.csv,416,<timecave.validation_methods.CV.Block_CV object at 0x00000250F6CBCB90>,2,Tree,2.3889989550429664,1.2391394293747393,1.5456386883883848
datasets/synthetic_data/s2.csv,416,<timecave.validation_methods.CV.Block_CV object at 0x00000250F6CBCB90>,2,ARMA,0.9235886768135644,0.7998118307017663,0.9610352110165186
datasets/synthetic_data/s2.csv,416,<timecave.validation_methods.CV.Block_CV object at 0x00000250F6CBCB90>,3,Tree,1.6349153366268239,1.0164356992630632,1.2786380788271652
datasets/synthetic_data/s2.csv,416,<timecave.validation_methods.CV.Block_CV object at 0x00000250F6CBCB90>,3,ARMA,1.554087434586447,1.0345083339310157,1.2466304322398227
datasets/synthetic_data/s2.csv,416,<timecave.validation_methods.CV.Block_CV object at 0x00000250F6CBCB90>,4,Tree,2.186950905461462,1.2238208406089912,1.4788343062904181
datasets/synthetic_data/s2.csv,416,<timecave.validation_methods.CV.Block_CV object at 0x00000250F6CBCB90>,4,ARMA,1.513155044689133,0.9991146653023188,1.2301036723338132
datasets/synthetic_data/s2.csv,416,<timecave.validation_methods.CV.AdaptedhvBlockCV object at 0x00000250F7D13350>,0,Tree,0.9951960979986326,0.8553626934122192,0.9975951573652674
datasets/synthetic_data/s2.csv,416,<timecave.validation_methods.CV.AdaptedhvBlockCV object at 0x00000250F7D13350>,0,ARMA,0.6154264442616608,0.6345781377685572,0.7844912008822411
datasets/synthetic_data/s2.csv,416,<timecave.validation_methods.CV.AdaptedhvBlockCV object at 0x00000250F7D13350>,1,Tree,2.256399723943071,1.2751108700908642,1.5021317265616458
datasets/synthetic_data/s2.csv,416,<timecave.validation_methods.CV.AdaptedhvBlockCV object at 0x00000250F7D13350>,1,ARMA,1.3297400984834138,0.9232316905521211,1.153143572363569
datasets/synthetic_data/s2.csv,416,<timecave.validation_methods.CV.AdaptedhvBlockCV object at 0x00000250F7D13350>,2,Tree,2.3636837705767664,1.3145410713825636,1.5374276472656416
datasets/synthetic_data/s2.csv,416,<timecave.validation_methods.CV.AdaptedhvBlockCV object at 0x00000250F7D13350>,2,ARMA,0.9292676819928364,0.8016830438854325,0.9639853121250532
datasets/synthetic_data/s2.csv,416,<timecave.validation_methods.CV.AdaptedhvBlockCV object at 0x00000250F7D13350>,3,Tree,2.825937055083324,1.3762569998533205,1.6810523653602596
datasets/synthetic_data/s2.csv,416,<timecave.validation_methods.CV.AdaptedhvBlockCV object at 0x00000250F7D13350>,3,ARMA,1.5393980368160798,1.028750016163238,1.2407248030147862
datasets/synthetic_data/s2.csv,416,<timecave.validation_methods.CV.AdaptedhvBlockCV object at 0x00000250F7D13350>,4,Tree,2.0327262897485374,1.2270828005348786,1.425737104009199
datasets/synthetic_data/s2.csv,416,<timecave.validation_methods.CV.AdaptedhvBlockCV object at 0x00000250F7D13350>,4,ARMA,1.5330695163867127,0.9907836846307108,1.2381718444491914
datasets/synthetic_data/s2.csv,416,<timecave.validation_methods.markov.MarkovCV object at 0x00000250F7D10E00>,0,Tree,2.1061178784295755,1.3133960986315198,1.451247008069121
datasets/synthetic_data/s2.csv,416,<timecave.validation_methods.markov.MarkovCV object at 0x00000250F7D10E00>,0,ARMA,1.5998009861267544,1.0211002753971785,1.2648323944802942
datasets/synthetic_data/s2.csv,416,<timecave.validation_methods.markov.MarkovCV object at 0x00000250F7D10E00>,1,Tree,2.6153069447185295,1.2730624673206083,1.6171910662375455
datasets/synthetic_data/s2.csv,416,<timecave.validation_methods.markov.MarkovCV object at 0x00000250F7D10E00>,1,ARMA,1.7050013018243928,1.0963554830132127,1.3057569842142882
datasets/synthetic_data/s2.csv,416,<timecave.validation_methods.markov.MarkovCV object at 0x00000250F7D10E00>,2,Tree,2.3434052722482726,1.3247661392906498,1.5308184974869727
datasets/synthetic_data/s2.csv,416,<timecave.validation_methods.markov.MarkovCV object at 0x00000250F7D10E00>,2,ARMA,1.0667106850329306,0.904379346851757,1.0328168690687283
datasets/synthetic_data/s2.csv,416,<timecave.validation_methods.markov.MarkovCV object at 0x00000250F7D10E00>,3,Tree,1.7124681238312298,1.1791001556143783,1.3086130535155263
datasets/synthetic_data/s2.csv,416,<timecave.validation_methods.markov.MarkovCV object at 0x00000250F7D10E00>,3,ARMA,3.0770354696615465,1.5409937401576064,1.7541480751810967
datasets/synthetic_data/s2.csv,416,<timecave.validation_methods.markov.MarkovCV object at 0x00000250F7D10E00>,4,Tree,1.1614416388550957,0.8088105396916031,1.0777020176538112
datasets/synthetic_data/s2.csv,416,<timecave.validation_methods.markov.MarkovCV object at 0x00000250F7D10E00>,4,ARMA,1.1314639284082362,0.9972602389388665,1.063702932405583
datasets/synthetic_data/s2.csv,416,<timecave.validation_methods.markov.MarkovCV object at 0x00000250F7D10E00>,5,Tree,1.4151689684175648,1.0151403698348445,1.189608745940263
datasets/synthetic_data/s2.csv,416,<timecave.validation_methods.markov.MarkovCV object at 0x00000250F7D10E00>,5,ARMA,1.4989863706334923,0.9313948154997208,1.2243309890031748
datasets/synthetic_data/s2.csv,416,<timecave.validation_methods.markov.MarkovCV object at 0x00000250F7D10E00>,6,Tree,3.497483416428898,1.533000436222081,1.8701559871916829
datasets/synthetic_data/s2.csv,416,<timecave.validation_methods.markov.MarkovCV object at 0x00000250F7D10E00>,6,ARMA,1.8682921292153218,1.0180935003949751,1.366854831068509
datasets/synthetic_data/s2.csv,416,<timecave.validation_methods.markov.MarkovCV object at 0x00000250F7D10E00>,7,Tree,2.549293108946734,1.2321698485077552,1.596650590751381
datasets/synthetic_data/s2.csv,416,<timecave.validation_methods.markov.MarkovCV object at 0x00000250F7D10E00>,7,ARMA,0.9452213371067069,0.8478540405964737,0.9722249416193286
datasets/synthetic_data/s2.csv,416,<timecave.validation_methods.markov.MarkovCV object at 0x00000250F7D10E00>,8,Tree,1.9310405750351756,1.1807737014564774,1.3896188596284866
datasets/synthetic_data/s2.csv,416,<timecave.validation_methods.markov.MarkovCV object at 0x00000250F7D10E00>,8,ARMA,1.9244212119259232,1.0812605956752028,1.3872350961267967
datasets/synthetic_data/s2.csv,416,<timecave.validation_methods.markov.MarkovCV object at 0x00000250F7D10E00>,9,Tree,1.390886166631322,1.0022102839017162,1.1793583707386495
datasets/synthetic_data/s2.csv,416,<timecave.validation_methods.markov.MarkovCV object at 0x00000250F7D10E00>,9,ARMA,1.504297261795244,1.04557444212105,1.2264979664863875
datasets/synthetic_data/s2.csv,417,<timecave.validation_methods.OOS.Holdout object at 0x00000250F7D92F00>,0,Tree,2.444748146473884,1.225795493839628,1.5635690411599623
datasets/synthetic_data/s2.csv,417,<timecave.validation_methods.OOS.Holdout object at 0x00000250F7D92F00>,0,ARMA,2.0914394147311275,1.1859344889143888,1.4461809757879984
datasets/synthetic_data/s2.csv,417,<timecave.validation_methods.OOS.Repeated_Holdout object at 0x00000250F7D93CB0>,0,Tree,3.8351479414477976,1.5747154574695057,1.9583533750188697
datasets/synthetic_data/s2.csv,417,<timecave.validation_methods.OOS.Repeated_Holdout object at 0x00000250F7D93CB0>,0,ARMA,2.2907390874573323,1.2415304896632038,1.5135187767111884
datasets/synthetic_data/s2.csv,417,<timecave.validation_methods.OOS.Repeated_Holdout object at 0x00000250F7D93CB0>,1,Tree,3.9025436708972263,1.6271473330501962,1.9754856797499765
datasets/synthetic_data/s2.csv,417,<timecave.validation_methods.OOS.Repeated_Holdout object at 0x00000250F7D93CB0>,1,ARMA,2.5014496520662655,1.3358022117516073,1.5815971838828828
datasets/synthetic_data/s2.csv,417,<timecave.validation_methods.OOS.Repeated_Holdout object at 0x00000250F7D93CB0>,2,Tree,3.8677014902927036,1.6579436394372167,1.9666472714477052
datasets/synthetic_data/s2.csv,417,<timecave.validation_methods.OOS.Repeated_Holdout object at 0x00000250F7D93CB0>,2,ARMA,2.3129163218121453,1.2587933614376423,1.5208275121828068
datasets/synthetic_data/s2.csv,417,<timecave.validation_methods.OOS.Repeated_Holdout object at 0x00000250F7D93CB0>,3,Tree,2.6132924224005403,1.3164466513485928,1.616568100143183
datasets/synthetic_data/s2.csv,417,<timecave.validation_methods.OOS.Repeated_Holdout object at 0x00000250F7D93CB0>,3,ARMA,2.0914394147311275,1.1859344889143888,1.4461809757879984
datasets/synthetic_data/s2.csv,417,<timecave.validation_methods.prequential.Growing_Window object at 0x00000250F7D91100>,0,Tree,3.93672706430682,1.714715268292476,1.984118712251568
datasets/synthetic_data/s2.csv,417,<timecave.validation_methods.prequential.Growing_Window object at 0x00000250F7D91100>,0,ARMA,2.2861270572398205,1.2457399617962057,1.5119943972250096
datasets/synthetic_data/s2.csv,417,<timecave.validation_methods.prequential.Growing_Window object at 0x00000250F7D91100>,1,Tree,4.311525734123738,1.6691043586565162,2.0764213768220885
datasets/synthetic_data/s2.csv,417,<timecave.validation_methods.prequential.Growing_Window object at 0x00000250F7D91100>,1,ARMA,2.7693583538803406,1.3631941614818701,1.6641389226504921
datasets/synthetic_data/s2.csv,417,<timecave.validation_methods.prequential.Growing_Window object at 0x00000250F7D91100>,2,Tree,2.828322068583902,1.2571100095573187,1.6817615968334816
datasets/synthetic_data/s2.csv,417,<timecave.validation_methods.prequential.Growing_Window object at 0x00000250F7D91100>,2,ARMA,1.6434144261103842,1.0022999271636766,1.2819572637613097
datasets/synthetic_data/s2.csv,417,<timecave.validation_methods.prequential.Growing_Window object at 0x00000250F7D91100>,3,Tree,4.321121429865135,1.7093178342445285,2.0787307256749576
datasets/synthetic_data/s2.csv,417,<timecave.validation_methods.prequential.Growing_Window object at 0x00000250F7D91100>,3,ARMA,2.4755824262777457,1.3198178206325129,1.5733983685887518
datasets/synthetic_data/s2.csv,417,<timecave.validation_methods.prequential.Growing_Window object at 0x00000250F7D90170>,0,Tree,2.798317924709777,1.272041678548374,1.672817361432436
datasets/synthetic_data/s2.csv,417,<timecave.validation_methods.prequential.Growing_Window object at 0x00000250F7D90170>,0,ARMA,2.503566405970954,1.2539111450983829,1.5822662247456822
datasets/synthetic_data/s2.csv,417,<timecave.validation_methods.prequential.Growing_Window object at 0x00000250F7D90170>,1,Tree,2.9894215253068346,1.3121225284859006,1.728994368211428
datasets/synthetic_data/s2.csv,417,<timecave.validation_methods.prequential.Growing_Window object at 0x00000250F7D90170>,1,ARMA,1.9826842881996973,1.101020538644739,1.4080782251706392
datasets/synthetic_data/s2.csv,417,<timecave.validation_methods.prequential.Growing_Window object at 0x00000250F7D90170>,2,Tree,5.125034124393509,1.9456115840091552,2.2638538213395116
datasets/synthetic_data/s2.csv,417,<timecave.validation_methods.prequential.Growing_Window object at 0x00000250F7D90170>,2,ARMA,2.6305272280717356,1.3609037873724732,1.621890017255096
datasets/synthetic_data/s2.csv,417,<timecave.validation_methods.prequential.Rolling_Window object at 0x00000250F7D93680>,0,Tree,5.3739660342484585,2.0069351932903534,2.3181816223601763
datasets/synthetic_data/s2.csv,417,<timecave.validation_methods.prequential.Rolling_Window object at 0x00000250F7D93680>,0,ARMA,2.2861270572398205,1.2457399617962057,1.5119943972250096
datasets/synthetic_data/s2.csv,417,<timecave.validation_methods.prequential.Rolling_Window object at 0x00000250F7D93680>,1,Tree,3.647030251996248,1.5279507714102978,1.9097199407233114
datasets/synthetic_data/s2.csv,417,<timecave.validation_methods.prequential.Rolling_Window object at 0x00000250F7D93680>,1,ARMA,3.3686945547364053,1.5550157485485563,1.8354003799543046
datasets/synthetic_data/s2.csv,417,<timecave.validation_methods.prequential.Rolling_Window object at 0x00000250F7D93680>,2,Tree,3.2837369838977897,1.3577549168470493,1.812108436020811
datasets/synthetic_data/s2.csv,417,<timecave.validation_methods.prequential.Rolling_Window object at 0x00000250F7D93680>,2,ARMA,1.416909007689376,0.9445469043953363,1.1903398706627346
datasets/synthetic_data/s2.csv,417,<timecave.validation_methods.prequential.Rolling_Window object at 0x00000250F7D93680>,3,Tree,2.238624431220178,1.2197695753568454,1.496203338861459
datasets/synthetic_data/s2.csv,417,<timecave.validation_methods.prequential.Rolling_Window object at 0x00000250F7D93680>,3,ARMA,2.4995651337719966,1.3298224606905156,1.5810013073277316
datasets/synthetic_data/s2.csv,417,<timecave.validation_methods.prequential.Rolling_Window object at 0x00000250F6A452B0>,0,Tree,2.8129271251733914,1.314688536357328,1.6771783224133894
datasets/synthetic_data/s2.csv,417,<timecave.validation_methods.prequential.Rolling_Window object at 0x00000250F6A452B0>,0,ARMA,2.503566405970954,1.2539111450983829,1.5822662247456822
datasets/synthetic_data/s2.csv,417,<timecave.validation_methods.prequential.Rolling_Window object at 0x00000250F6A452B0>,1,Tree,3.1026693834267394,1.486687791131781,1.7614395770013627
datasets/synthetic_data/s2.csv,417,<timecave.validation_methods.prequential.Rolling_Window object at 0x00000250F6A452B0>,1,ARMA,2.933724793730777,1.3847320144922306,1.712811955157593
datasets/synthetic_data/s2.csv,417,<timecave.validation_methods.prequential.Rolling_Window object at 0x00000250F6A452B0>,2,Tree,5.832519099805133,1.8588983915086632,2.415060889461202
datasets/synthetic_data/s2.csv,417,<timecave.validation_methods.prequential.Rolling_Window object at 0x00000250F6A452B0>,2,ARMA,2.4009568113788644,1.2952430917023463,1.5495021172553667
datasets/synthetic_data/s2.csv,417,<timecave.validation_methods.CV.Block_CV object at 0x00000250F7D13D70>,0,Tree,1.8627151819498617,1.1054411433899614,1.364813240685282
datasets/synthetic_data/s2.csv,417,<timecave.validation_methods.CV.Block_CV object at 0x00000250F7D13D70>,0,ARMA,1.456853119690582,0.9723941719860599,1.2070017065814704
datasets/synthetic_data/s2.csv,417,<timecave.validation_methods.CV.Block_CV object at 0x00000250F7D13D70>,1,Tree,5.492364857019856,1.9415327014544719,2.343579496629004
datasets/synthetic_data/s2.csv,417,<timecave.validation_methods.CV.Block_CV object at 0x00000250F7D13D70>,1,ARMA,2.8164467559138897,1.3743328191137576,1.678227265871309
datasets/synthetic_data/s2.csv,417,<timecave.validation_methods.CV.Block_CV object at 0x00000250F7D13D70>,2,Tree,3.0761012194926405,1.437851343744457,1.7538817575574017
datasets/synthetic_data/s2.csv,417,<timecave.validation_methods.CV.Block_CV object at 0x00000250F7D13D70>,2,ARMA,2.5265170758772326,1.2697925406587047,1.589502147176037
datasets/synthetic_data/s2.csv,417,<timecave.validation_methods.CV.Block_CV object at 0x00000250F7D13D70>,3,Tree,2.2676796685898784,1.2363745529187053,1.505881691431926
datasets/synthetic_data/s2.csv,417,<timecave.validation_methods.CV.Block_CV object at 0x00000250F7D13D70>,3,ARMA,1.527468470418998,0.9782324373385185,1.2359079538618554
datasets/synthetic_data/s2.csv,417,<timecave.validation_methods.CV.Block_CV object at 0x00000250F7D13D70>,4,Tree,3.9230675280307263,1.6412847710091656,1.9806735036423158
datasets/synthetic_data/s2.csv,417,<timecave.validation_methods.CV.Block_CV object at 0x00000250F7D13D70>,4,ARMA,2.4755824262777457,1.3198178206325129,1.5733983685887518
datasets/synthetic_data/s2.csv,417,<timecave.validation_methods.CV.AdaptedhvBlockCV object at 0x00000250F7D13950>,0,Tree,1.6199802632542368,1.0685404279160415,1.2727844527861882
datasets/synthetic_data/s2.csv,417,<timecave.validation_methods.CV.AdaptedhvBlockCV object at 0x00000250F7D13950>,0,ARMA,1.4361181075976992,0.9642883096844026,1.1983814532934407
datasets/synthetic_data/s2.csv,417,<timecave.validation_methods.CV.AdaptedhvBlockCV object at 0x00000250F7D13950>,1,Tree,2.9021640363495074,1.474008838959009,1.7035739010531674
datasets/synthetic_data/s2.csv,417,<timecave.validation_methods.CV.AdaptedhvBlockCV object at 0x00000250F7D13950>,1,ARMA,2.8618012176276473,1.3876585135135864,1.6916859098625983
datasets/synthetic_data/s2.csv,417,<timecave.validation_methods.CV.AdaptedhvBlockCV object at 0x00000250F7D13950>,2,Tree,3.108979010514852,1.4958631202364454,1.7632297100817158
datasets/synthetic_data/s2.csv,417,<timecave.validation_methods.CV.AdaptedhvBlockCV object at 0x00000250F7D13950>,2,ARMA,2.506724123964673,1.261591057610525,1.5832637569162862
datasets/synthetic_data/s2.csv,417,<timecave.validation_methods.CV.AdaptedhvBlockCV object at 0x00000250F7D13950>,3,Tree,3.3596484105642275,1.5580450813624334,1.8329343715922366
datasets/synthetic_data/s2.csv,417,<timecave.validation_methods.CV.AdaptedhvBlockCV object at 0x00000250F7D13950>,3,ARMA,1.521890905605574,0.9761763469876109,1.2336494257306547
datasets/synthetic_data/s2.csv,417,<timecave.validation_methods.CV.AdaptedhvBlockCV object at 0x00000250F7D13950>,4,Tree,3.461645679163887,1.546454003246078,1.860549832486055
datasets/synthetic_data/s2.csv,417,<timecave.validation_methods.CV.AdaptedhvBlockCV object at 0x00000250F7D13950>,4,ARMA,2.639983059848854,1.3722064136464056,1.6248024679476745
datasets/synthetic_data/s2.csv,417,<timecave.validation_methods.markov.MarkovCV object at 0x00000250F7D122D0>,0,Tree,4.8453106751607695,1.9104048488466279,2.2012066407224857
datasets/synthetic_data/s2.csv,417,<timecave.validation_methods.markov.MarkovCV object at 0x00000250F7D122D0>,0,ARMA,1.6264823919828137,1.1484127893713345,1.2753361878276699
datasets/synthetic_data/s2.csv,417,<timecave.validation_methods.markov.MarkovCV object at 0x00000250F7D122D0>,1,Tree,2.829971056011639,1.2861844497298673,1.6822517813964826
datasets/synthetic_data/s2.csv,417,<timecave.validation_methods.markov.MarkovCV object at 0x00000250F7D122D0>,1,ARMA,1.458385280470681,0.9624273629669896,1.2076362368158224
datasets/synthetic_data/s2.csv,417,<timecave.validation_methods.markov.MarkovCV object at 0x00000250F7D122D0>,2,Tree,2.122531897088847,1.099167467944984,1.4568911754447713
datasets/synthetic_data/s2.csv,417,<timecave.validation_methods.markov.MarkovCV object at 0x00000250F7D122D0>,2,ARMA,1.534361526571159,1.0165929901051398,1.238693475631142
datasets/synthetic_data/s2.csv,417,<timecave.validation_methods.markov.MarkovCV object at 0x00000250F7D122D0>,3,Tree,4.953668478714811,1.8653668971829904,2.225683822719393
datasets/synthetic_data/s2.csv,417,<timecave.validation_methods.markov.MarkovCV object at 0x00000250F7D122D0>,3,ARMA,1.9463810988045538,1.1168292417480976,1.3951276281417961
datasets/synthetic_data/s2.csv,417,<timecave.validation_methods.markov.MarkovCV object at 0x00000250F7D122D0>,4,Tree,7.649879973025255,2.2516161356649858,2.765841639180605
datasets/synthetic_data/s2.csv,417,<timecave.validation_methods.markov.MarkovCV object at 0x00000250F7D122D0>,4,ARMA,2.4234311067244034,1.2534815441970697,1.5567373274654923
datasets/synthetic_data/s2.csv,417,<timecave.validation_methods.markov.MarkovCV object at 0x00000250F7D122D0>,5,Tree,6.079904088788715,2.1290315235692656,2.4657461525446442
datasets/synthetic_data/s2.csv,417,<timecave.validation_methods.markov.MarkovCV object at 0x00000250F7D122D0>,5,ARMA,1.8725385576286975,1.1216365604563507,1.368407306918776
datasets/synthetic_data/s2.csv,417,<timecave.validation_methods.markov.MarkovCV object at 0x00000250F7D122D0>,6,Tree,4.076917167433451,1.8361566418115083,2.0191377286934764
datasets/synthetic_data/s2.csv,417,<timecave.validation_methods.markov.MarkovCV object at 0x00000250F7D122D0>,6,ARMA,2.4441612093649026,1.2296793169257116,1.5633813384343893
datasets/synthetic_data/s2.csv,417,<timecave.validation_methods.markov.MarkovCV object at 0x00000250F7D122D0>,7,Tree,7.036878193898584,2.1411809859245206,2.652711479580579
datasets/synthetic_data/s2.csv,417,<timecave.validation_methods.markov.MarkovCV object at 0x00000250F7D122D0>,7,ARMA,2.3340118184921437,1.222215096990028,1.5277473019096266
datasets/synthetic_data/s2.csv,417,<timecave.validation_methods.markov.MarkovCV object at 0x00000250F7D122D0>,8,Tree,6.939462799314594,2.122649056519339,2.6342860131949593
datasets/synthetic_data/s2.csv,417,<timecave.validation_methods.markov.MarkovCV object at 0x00000250F7D122D0>,8,ARMA,5.455731811570658,1.9119634667055885,2.3357508025409426
datasets/synthetic_data/s2.csv,417,<timecave.validation_methods.markov.MarkovCV object at 0x00000250F7D122D0>,9,Tree,5.746013434082957,1.7965230238504324,2.397084361069288
datasets/synthetic_data/s2.csv,417,<timecave.validation_methods.markov.MarkovCV object at 0x00000250F7D122D0>,9,ARMA,1.9408044940210663,1.066181287640051,1.393127594307523
datasets/synthetic_data/s2.csv,418,<timecave.validation_methods.OOS.Holdout object at 0x00000250F25E7A70>,0,Tree,4.416150039664832,1.7034360559386892,2.101463784999597
datasets/synthetic_data/s2.csv,418,<timecave.validation_methods.OOS.Holdout object at 0x00000250F25E7A70>,0,ARMA,2.4205607030119665,1.193066690488917,1.555815124946395
datasets/synthetic_data/s2.csv,418,<timecave.validation_methods.OOS.Repeated_Holdout object at 0x00000250F6A36DE0>,0,Tree,3.550559260593255,1.5197004742365086,1.884292774648689
datasets/synthetic_data/s2.csv,418,<timecave.validation_methods.OOS.Repeated_Holdout object at 0x00000250F6A36DE0>,0,ARMA,1.6687674316174783,0.9493208786346286,1.2918078152796098
datasets/synthetic_data/s2.csv,418,<timecave.validation_methods.OOS.Repeated_Holdout object at 0x00000250F6A36DE0>,1,Tree,5.070135278067588,1.7617688709023138,2.251696089188678
datasets/synthetic_data/s2.csv,418,<timecave.validation_methods.OOS.Repeated_Holdout object at 0x00000250F6A36DE0>,1,ARMA,1.7177593378313916,0.9804356260475838,1.3106331820274473
datasets/synthetic_data/s2.csv,418,<timecave.validation_methods.OOS.Repeated_Holdout object at 0x00000250F6A36DE0>,2,Tree,2.966043742694352,1.4888786055624177,1.7222205847957897
datasets/synthetic_data/s2.csv,418,<timecave.validation_methods.OOS.Repeated_Holdout object at 0x00000250F6A36DE0>,2,ARMA,2.288947015693046,1.1537394121916784,1.5129266392304175
datasets/synthetic_data/s2.csv,418,<timecave.validation_methods.OOS.Repeated_Holdout object at 0x00000250F6A36DE0>,3,Tree,4.704277766487944,1.752216545214408,2.168934707751237
datasets/synthetic_data/s2.csv,418,<timecave.validation_methods.OOS.Repeated_Holdout object at 0x00000250F6A36DE0>,3,ARMA,2.4205607030119665,1.193066690488917,1.555815124946395
datasets/synthetic_data/s2.csv,418,<timecave.validation_methods.prequential.Growing_Window object at 0x00000250F6A47380>,0,Tree,4.24613742398188,1.7003060519592212,2.0606157875697932
datasets/synthetic_data/s2.csv,418,<timecave.validation_methods.prequential.Growing_Window object at 0x00000250F6A47380>,0,ARMA,2.161079442478342,1.1411925492865613,1.4700610335895383
datasets/synthetic_data/s2.csv,418,<timecave.validation_methods.prequential.Growing_Window object at 0x00000250F6A47380>,1,Tree,3.9141623470646123,1.4299205326581959,1.9784242080667664
datasets/synthetic_data/s2.csv,418,<timecave.validation_methods.prequential.Growing_Window object at 0x00000250F6A47380>,1,ARMA,1.9609483922324824,1.1083268370976067,1.4003386705481222
datasets/synthetic_data/s2.csv,418,<timecave.validation_methods.prequential.Growing_Window object at 0x00000250F6A47380>,2,Tree,4.683242705859273,1.7861800758562159,2.164080106155794
datasets/synthetic_data/s2.csv,418,<timecave.validation_methods.prequential.Growing_Window object at 0x00000250F6A47380>,2,ARMA,2.7286869020015203,1.3788185947874148,1.6518737548618903
datasets/synthetic_data/s2.csv,418,<timecave.validation_methods.prequential.Growing_Window object at 0x00000250F6A47380>,3,Tree,4.3385245598937,1.6689997244342791,2.0829125185407333
datasets/synthetic_data/s2.csv,418,<timecave.validation_methods.prequential.Growing_Window object at 0x00000250F6A47380>,3,ARMA,1.6295757350641957,0.9381152388673846,1.2765483676947755
datasets/synthetic_data/s2.csv,418,<timecave.validation_methods.prequential.Growing_Window object at 0x00000250F7D13E30>,0,Tree,4.093220315066711,1.6606762382986244,2.0231708566175794
datasets/synthetic_data/s2.csv,418,<timecave.validation_methods.prequential.Growing_Window object at 0x00000250F7D13E30>,0,ARMA,2.050554481481239,1.1252733595990474,1.4319757265684494
datasets/synthetic_data/s2.csv,418,<timecave.validation_methods.prequential.Growing_Window object at 0x00000250F7D13E30>,1,Tree,4.618245003706103,1.6569952973754407,2.149010238157581
datasets/synthetic_data/s2.csv,418,<timecave.validation_methods.prequential.Growing_Window object at 0x00000250F7D13E30>,1,ARMA,2.743922889422966,1.4236122983635047,1.6564790639857077
datasets/synthetic_data/s2.csv,418,<timecave.validation_methods.prequential.Growing_Window object at 0x00000250F7D13E30>,2,Tree,3.65709366540046,1.6293430017317756,1.912352913402874
datasets/synthetic_data/s2.csv,418,<timecave.validation_methods.prequential.Growing_Window object at 0x00000250F7D13E30>,2,ARMA,1.7727313643217153,0.973187787224105,1.3314395834290473
datasets/synthetic_data/s2.csv,418,<timecave.validation_methods.prequential.Rolling_Window object at 0x00000250F7D10F50>,0,Tree,4.601496697492596,1.6929002465709546,2.145109949977529
datasets/synthetic_data/s2.csv,418,<timecave.validation_methods.prequential.Rolling_Window object at 0x00000250F7D10F50>,0,ARMA,2.161079442478342,1.1411925492865613,1.4700610335895383
datasets/synthetic_data/s2.csv,418,<timecave.validation_methods.prequential.Rolling_Window object at 0x00000250F7D10F50>,1,Tree,2.784218270095286,1.2062117761609685,1.6685976956999808
datasets/synthetic_data/s2.csv,418,<timecave.validation_methods.prequential.Rolling_Window object at 0x00000250F7D10F50>,1,ARMA,1.9570422938747511,1.1016932476737265,1.3989432775758819
datasets/synthetic_data/s2.csv,418,<timecave.validation_methods.prequential.Rolling_Window object at 0x00000250F7D10F50>,2,Tree,6.833127716195815,2.185241712725177,2.6140251942542205
datasets/synthetic_data/s2.csv,418,<timecave.validation_methods.prequential.Rolling_Window object at 0x00000250F7D10F50>,2,ARMA,2.7707193879789265,1.405302235034039,1.6645478028518517
datasets/synthetic_data/s2.csv,418,<timecave.validation_methods.prequential.Rolling_Window object at 0x00000250F7D10F50>,3,Tree,4.029159419315386,1.6854951623239771,2.0072766175381473
datasets/synthetic_data/s2.csv,418,<timecave.validation_methods.prequential.Rolling_Window object at 0x00000250F7D10F50>,3,ARMA,1.4465516991464193,0.8879572007795535,1.202726776598251
datasets/synthetic_data/s2.csv,418,<timecave.validation_methods.prequential.Rolling_Window object at 0x00000250F7D125D0>,0,Tree,5.712757696135936,1.9212986647250996,2.390137589373452
datasets/synthetic_data/s2.csv,418,<timecave.validation_methods.prequential.Rolling_Window object at 0x00000250F7D125D0>,0,ARMA,2.050554481481239,1.1252733595990474,1.4319757265684494
datasets/synthetic_data/s2.csv,418,<timecave.validation_methods.prequential.Rolling_Window object at 0x00000250F7D125D0>,1,Tree,6.136135654565651,1.9471348868134026,2.477122454495468
datasets/synthetic_data/s2.csv,418,<timecave.validation_methods.prequential.Rolling_Window object at 0x00000250F7D125D0>,1,ARMA,2.7514043807703334,1.4354831514551158,1.6587357778652794
datasets/synthetic_data/s2.csv,418,<timecave.validation_methods.prequential.Rolling_Window object at 0x00000250F7D125D0>,2,Tree,3.0173585921724957,1.5118181690964168,1.737054573746172
datasets/synthetic_data/s2.csv,418,<timecave.validation_methods.prequential.Rolling_Window object at 0x00000250F7D125D0>,2,ARMA,1.7920397877328051,0.9934679598220669,1.3386709034459534
datasets/synthetic_data/s2.csv,418,<timecave.validation_methods.CV.Block_CV object at 0x00000250F7D10BC0>,0,Tree,7.610885457079008,2.3483729168260634,2.7587833291288044
datasets/synthetic_data/s2.csv,418,<timecave.validation_methods.CV.Block_CV object at 0x00000250F7D10BC0>,0,ARMA,2.1092204818656137,1.1831253420489671,1.452315558639242
datasets/synthetic_data/s2.csv,418,<timecave.validation_methods.CV.Block_CV object at 0x00000250F7D10BC0>,1,Tree,3.6997827176381293,1.5745188112000585,1.9234819254773696
datasets/synthetic_data/s2.csv,418,<timecave.validation_methods.CV.Block_CV object at 0x00000250F7D10BC0>,1,ARMA,2.2261022881287893,1.1738920943785227,1.4920128310871825
datasets/synthetic_data/s2.csv,418,<timecave.validation_methods.CV.Block_CV object at 0x00000250F7D10BC0>,2,Tree,3.970120112366124,1.5622318201536416,1.9925160256234136
datasets/synthetic_data/s2.csv,418,<timecave.validation_methods.CV.Block_CV object at 0x00000250F7D10BC0>,2,ARMA,1.970179739184426,1.1549531093628764,1.4036309127346924
datasets/synthetic_data/s2.csv,418,<timecave.validation_methods.CV.Block_CV object at 0x00000250F7D10BC0>,3,Tree,3.7604505795758256,1.603977149687931,1.939188123822912
datasets/synthetic_data/s2.csv,418,<timecave.validation_methods.CV.Block_CV object at 0x00000250F7D10BC0>,3,ARMA,2.7275642656432693,1.3878386627027561,1.6515339129558524
datasets/synthetic_data/s2.csv,418,<timecave.validation_methods.CV.Block_CV object at 0x00000250F7D10BC0>,4,Tree,4.743307507870463,1.7035925792936664,2.1779135675849175
datasets/synthetic_data/s2.csv,418,<timecave.validation_methods.CV.Block_CV object at 0x00000250F7D10BC0>,4,ARMA,1.6295757350641957,0.9381152388673846,1.2765483676947755
datasets/synthetic_data/s2.csv,418,<timecave.validation_methods.CV.AdaptedhvBlockCV object at 0x00000250F7D12B70>,0,Tree,4.83598551244996,1.8000379333898084,2.1990874271956447
datasets/synthetic_data/s2.csv,418,<timecave.validation_methods.CV.AdaptedhvBlockCV object at 0x00000250F7D12B70>,0,ARMA,2.109370754696452,1.1831380438368142,1.452367293316829
datasets/synthetic_data/s2.csv,418,<timecave.validation_methods.CV.AdaptedhvBlockCV object at 0x00000250F7D12B70>,1,Tree,4.850575255697881,1.8318298204181798,2.20240215576036
datasets/synthetic_data/s2.csv,418,<timecave.validation_methods.CV.AdaptedhvBlockCV object at 0x00000250F7D12B70>,1,ARMA,2.219397140778596,1.174210772843108,1.4897641225303409
datasets/synthetic_data/s2.csv,418,<timecave.validation_methods.CV.AdaptedhvBlockCV object at 0x00000250F7D12B70>,2,Tree,4.24965057345322,1.5968766394711138,2.0614680626808704
datasets/synthetic_data/s2.csv,418,<timecave.validation_methods.CV.AdaptedhvBlockCV object at 0x00000250F7D12B70>,2,ARMA,1.974161850383304,1.1562749758396507,1.4050487003599925
datasets/synthetic_data/s2.csv,418,<timecave.validation_methods.CV.AdaptedhvBlockCV object at 0x00000250F7D12B70>,3,Tree,4.518616807990685,1.7107594170999292,2.1257038382593856
datasets/synthetic_data/s2.csv,418,<timecave.validation_methods.CV.AdaptedhvBlockCV object at 0x00000250F7D12B70>,3,ARMA,2.7234836124130597,1.3828359263830468,1.6502980374505265
datasets/synthetic_data/s2.csv,418,<timecave.validation_methods.CV.AdaptedhvBlockCV object at 0x00000250F7D12B70>,4,Tree,5.177403064581825,1.6656703927858734,2.2753907498673334
datasets/synthetic_data/s2.csv,418,<timecave.validation_methods.CV.AdaptedhvBlockCV object at 0x00000250F7D12B70>,4,ARMA,1.7801113846641952,0.9678723867085941,1.3342081489273685
datasets/synthetic_data/s2.csv,418,<timecave.validation_methods.markov.MarkovCV object at 0x00000250F7D11430>,0,Tree,4.191115562594023,1.7014281511428995,2.047221424905968
datasets/synthetic_data/s2.csv,418,<timecave.validation_methods.markov.MarkovCV object at 0x00000250F7D11430>,0,ARMA,2.6114878789422167,1.1880165237326434,1.6160098635039999
datasets/synthetic_data/s2.csv,418,<timecave.validation_methods.markov.MarkovCV object at 0x00000250F7D11430>,1,Tree,7.261445241976267,2.1820778153278857,2.6947068935185263
datasets/synthetic_data/s2.csv,418,<timecave.validation_methods.markov.MarkovCV object at 0x00000250F7D11430>,1,ARMA,3.7372926020355948,1.6701746584908068,1.9332078527762075
datasets/synthetic_data/s2.csv,418,<timecave.validation_methods.markov.MarkovCV object at 0x00000250F7D11430>,2,Tree,3.2056277184976154,1.2472193419655857,1.790426686155458
datasets/synthetic_data/s2.csv,418,<timecave.validation_methods.markov.MarkovCV object at 0x00000250F7D11430>,2,ARMA,2.220885178659523,1.0858618726678204,1.4902634594794046
datasets/synthetic_data/s2.csv,418,<timecave.validation_methods.markov.MarkovCV object at 0x00000250F7D11430>,3,Tree,3.9356857091603716,1.5422784465904305,1.983856272304113
datasets/synthetic_data/s2.csv,418,<timecave.validation_methods.markov.MarkovCV object at 0x00000250F7D11430>,3,ARMA,2.8311713646161674,1.350214363357446,1.6826085001021978
datasets/synthetic_data/s2.csv,418,<timecave.validation_methods.markov.MarkovCV object at 0x00000250F7D11430>,4,Tree,2.3042669306387724,1.234419603689444,1.517981202333801
datasets/synthetic_data/s2.csv,418,<timecave.validation_methods.markov.MarkovCV object at 0x00000250F7D11430>,4,ARMA,4.463420497023683,1.716487030387793,2.112680879125781
datasets/synthetic_data/s2.csv,418,<timecave.validation_methods.markov.MarkovCV object at 0x00000250F7D11430>,5,Tree,3.7386424471386728,1.4192813573707268,1.9335569417885454
datasets/synthetic_data/s2.csv,418,<timecave.validation_methods.markov.MarkovCV object at 0x00000250F7D11430>,5,ARMA,2.1118727401266892,1.245358441423573,1.4532283853980728
datasets/synthetic_data/s2.csv,418,<timecave.validation_methods.markov.MarkovCV object at 0x00000250F7D11430>,6,Tree,7.675626373972232,2.327997452172997,2.770492081557396
datasets/synthetic_data/s2.csv,418,<timecave.validation_methods.markov.MarkovCV object at 0x00000250F7D11430>,6,ARMA,2.472479437790633,1.380796653154471,1.5724119809358592
datasets/synthetic_data/s2.csv,418,<timecave.validation_methods.markov.MarkovCV object at 0x00000250F7D11430>,7,Tree,3.6197973617013934,1.6318157965761175,1.9025765061361903
datasets/synthetic_data/s2.csv,418,<timecave.validation_methods.markov.MarkovCV object at 0x00000250F7D11430>,7,ARMA,1.7086187635689223,1.0634017849160098,1.3071414474221688
datasets/synthetic_data/s2.csv,418,<timecave.validation_methods.markov.MarkovCV object at 0x00000250F7D11430>,8,Tree,5.110975691956372,1.6761584807397023,2.26074671114576
datasets/synthetic_data/s2.csv,418,<timecave.validation_methods.markov.MarkovCV object at 0x00000250F7D11430>,8,ARMA,1.8887469332306135,1.027834326923225,1.3743168969457566
datasets/synthetic_data/s2.csv,418,<timecave.validation_methods.markov.MarkovCV object at 0x00000250F7D11430>,9,Tree,7.459981400078212,2.239344644551758,2.7312966517898074
datasets/synthetic_data/s2.csv,418,<timecave.validation_methods.markov.MarkovCV object at 0x00000250F7D11430>,9,ARMA,2.9439114175996957,1.388423175056886,1.7157830333698068
datasets/synthetic_data/s2.csv,419,<timecave.validation_methods.OOS.Holdout object at 0x00000250F6CBC350>,0,Tree,2.5308640668394875,1.306270669363383,1.5908689659552377
datasets/synthetic_data/s2.csv,419,<timecave.validation_methods.OOS.Holdout object at 0x00000250F6CBC350>,0,ARMA,1.1308185945570632,0.8535441410623618,1.0633995460583305
datasets/synthetic_data/s2.csv,419,<timecave.validation_methods.OOS.Repeated_Holdout object at 0x00000250F6CBDD00>,0,Tree,2.3061276558325408,1.1785530586859343,1.5185939733294547
datasets/synthetic_data/s2.csv,419,<timecave.validation_methods.OOS.Repeated_Holdout object at 0x00000250F6CBDD00>,0,ARMA,1.3102593002231444,0.9316894997856012,1.1446655844495126
datasets/synthetic_data/s2.csv,419,<timecave.validation_methods.OOS.Repeated_Holdout object at 0x00000250F6CBDD00>,1,Tree,3.3704783988165765,1.4892092357298832,1.8358862706650911
datasets/synthetic_data/s2.csv,419,<timecave.validation_methods.OOS.Repeated_Holdout object at 0x00000250F6CBDD00>,1,ARMA,1.31012048092476,0.9048153346065108,1.1446049453522207
datasets/synthetic_data/s2.csv,419,<timecave.validation_methods.OOS.Repeated_Holdout object at 0x00000250F6CBDD00>,2,Tree,2.4623889261716307,1.2721027827127207,1.5692000911839226
datasets/synthetic_data/s2.csv,419,<timecave.validation_methods.OOS.Repeated_Holdout object at 0x00000250F6CBDD00>,2,ARMA,1.2360180371356129,0.907008965389896,1.111763480752814
datasets/synthetic_data/s2.csv,419,<timecave.validation_methods.OOS.Repeated_Holdout object at 0x00000250F6CBDD00>,3,Tree,2.262538312471915,1.229216191008801,1.5041736310918081
datasets/synthetic_data/s2.csv,419,<timecave.validation_methods.OOS.Repeated_Holdout object at 0x00000250F6CBDD00>,3,ARMA,1.1308185945570632,0.8535441410623618,1.0633995460583305
datasets/synthetic_data/s2.csv,419,<timecave.validation_methods.prequential.Growing_Window object at 0x00000250F6CBD8B0>,0,Tree,2.7755231961946447,1.3922109345190978,1.6659901548912721
datasets/synthetic_data/s2.csv,419,<timecave.validation_methods.prequential.Growing_Window object at 0x00000250F6CBD8B0>,0,ARMA,1.3432638320703862,0.9377176742066005,1.1589925936218861
datasets/synthetic_data/s2.csv,419,<timecave.validation_methods.prequential.Growing_Window object at 0x00000250F6CBD8B0>,1,Tree,2.6763080704724445,1.4219768851692913,1.6359425633170757
datasets/synthetic_data/s2.csv,419,<timecave.validation_methods.prequential.Growing_Window object at 0x00000250F6CBD8B0>,1,ARMA,1.740511318041258,1.0591367762756743,1.31928439619411
datasets/synthetic_data/s2.csv,419,<timecave.validation_methods.prequential.Growing_Window object at 0x00000250F6CBD8B0>,2,Tree,0.9485599570566071,0.8251537556103379,0.9739404278787318
datasets/synthetic_data/s2.csv,419,<timecave.validation_methods.prequential.Growing_Window object at 0x00000250F6CBD8B0>,2,ARMA,0.9415979319154385,0.8183734553061839,0.970359692029424
datasets/synthetic_data/s2.csv,419,<timecave.validation_methods.prequential.Growing_Window object at 0x00000250F6CBD8B0>,3,Tree,3.002959837588708,1.3816898900440935,1.7329050284388663
datasets/synthetic_data/s2.csv,419,<timecave.validation_methods.prequential.Growing_Window object at 0x00000250F6CBD8B0>,3,ARMA,1.3507505907179604,0.9327945865173496,1.1622179617945854
datasets/synthetic_data/s2.csv,419,<timecave.validation_methods.prequential.Growing_Window object at 0x00000250F6CBE570>,0,Tree,2.884090854053839,1.3947263917085682,1.6982611265803145
datasets/synthetic_data/s2.csv,419,<timecave.validation_methods.prequential.Growing_Window object at 0x00000250F6CBE570>,0,ARMA,1.7984963452094274,1.0844871758161105,1.3410802903664745
datasets/synthetic_data/s2.csv,419,<timecave.validation_methods.prequential.Growing_Window object at 0x00000250F6CBE570>,1,Tree,1.3906550606938188,0.9896718937057464,1.179260387146884
datasets/synthetic_data/s2.csv,419,<timecave.validation_methods.prequential.Growing_Window object at 0x00000250F6CBE570>,1,ARMA,1.0436106290284863,0.8711013741033028,1.021572625430266
datasets/synthetic_data/s2.csv,419,<timecave.validation_methods.prequential.Growing_Window object at 0x00000250F6CBE570>,2,Tree,2.0729768014285233,1.1020923674941472,1.4397835953463711
datasets/synthetic_data/s2.csv,419,<timecave.validation_methods.prequential.Growing_Window object at 0x00000250F6CBE570>,2,ARMA,1.567806221788321,0.9979018608450012,1.2521206897852624
datasets/synthetic_data/s2.csv,419,<timecave.validation_methods.prequential.Rolling_Window object at 0x00000250F6CBF4A0>,0,Tree,2.6632344601120557,1.3608309497072217,1.6319419291482329
datasets/synthetic_data/s2.csv,419,<timecave.validation_methods.prequential.Rolling_Window object at 0x00000250F6CBF4A0>,0,ARMA,1.3432638320703862,0.9377176742066005,1.1589925936218861
datasets/synthetic_data/s2.csv,419,<timecave.validation_methods.prequential.Rolling_Window object at 0x00000250F6CBF4A0>,1,Tree,4.89603677246058,1.851678412140775,2.212698979179179
datasets/synthetic_data/s2.csv,419,<timecave.validation_methods.prequential.Rolling_Window object at 0x00000250F6CBF4A0>,1,ARMA,1.7679752163683862,1.085871294213393,1.3296522915290245
datasets/synthetic_data/s2.csv,419,<timecave.validation_methods.prequential.Rolling_Window object at 0x00000250F6CBF4A0>,2,Tree,1.7523317209131546,1.0310305527005104,1.3237566698276366
datasets/synthetic_data/s2.csv,419,<timecave.validation_methods.prequential.Rolling_Window object at 0x00000250F6CBF4A0>,2,ARMA,1.2310548534407326,0.951202014317647,1.1095291133813177
datasets/synthetic_data/s2.csv,419,<timecave.validation_methods.prequential.Rolling_Window object at 0x00000250F6CBF4A0>,3,Tree,1.6534426421394282,0.9933530367211639,1.285862606245095
datasets/synthetic_data/s2.csv,419,<timecave.validation_methods.prequential.Rolling_Window object at 0x00000250F6CBF4A0>,3,ARMA,1.4531501210593814,0.9646330852786067,1.2054667648091262
datasets/synthetic_data/s2.csv,419,<timecave.validation_methods.prequential.Rolling_Window object at 0x00000250F6CEB140>,0,Tree,3.3254530541776526,1.5034320097310627,1.823582478029895
datasets/synthetic_data/s2.csv,419,<timecave.validation_methods.prequential.Rolling_Window object at 0x00000250F6CEB140>,0,ARMA,1.7984963452094274,1.0844871758161105,1.3410802903664745
datasets/synthetic_data/s2.csv,419,<timecave.validation_methods.prequential.Rolling_Window object at 0x00000250F6CEB140>,1,Tree,1.562007515118764,0.9233865826997449,1.249802990522412
datasets/synthetic_data/s2.csv,419,<timecave.validation_methods.prequential.Rolling_Window object at 0x00000250F6CEB140>,1,ARMA,0.9346274660046021,0.8265366251703654,0.9667613283559713
datasets/synthetic_data/s2.csv,419,<timecave.validation_methods.prequential.Rolling_Window object at 0x00000250F6CEB140>,2,Tree,1.8889588503049157,1.1829132788291967,1.3743939938405274
datasets/synthetic_data/s2.csv,419,<timecave.validation_methods.prequential.Rolling_Window object at 0x00000250F6CEB140>,2,ARMA,1.7723949143600386,1.0110075744523532,1.3313132292439818
datasets/synthetic_data/s2.csv,419,<timecave.validation_methods.CV.Block_CV object at 0x00000250F7D120F0>,0,Tree,2.406090187707082,1.2474154604428034,1.5511576927273005
datasets/synthetic_data/s2.csv,419,<timecave.validation_methods.CV.Block_CV object at 0x00000250F7D120F0>,0,ARMA,1.2968062270098644,0.9359686511112577,1.1387740017272368
datasets/synthetic_data/s2.csv,419,<timecave.validation_methods.CV.Block_CV object at 0x00000250F7D120F0>,1,Tree,2.739944462320671,1.2757274097738156,1.6552777598701285
datasets/synthetic_data/s2.csv,419,<timecave.validation_methods.CV.Block_CV object at 0x00000250F7D120F0>,1,ARMA,1.3382019309274482,0.9431523571442928,1.1568067820199914
datasets/synthetic_data/s2.csv,419,<timecave.validation_methods.CV.Block_CV object at 0x00000250F7D120F0>,2,Tree,3.1354188976524284,1.4672670843718376,1.770711410041859
datasets/synthetic_data/s2.csv,419,<timecave.validation_methods.CV.Block_CV object at 0x00000250F7D120F0>,2,ARMA,1.777539955004738,1.090557271612622,1.3332441468106049
datasets/synthetic_data/s2.csv,419,<timecave.validation_methods.CV.Block_CV object at 0x00000250F7D120F0>,3,Tree,1.9696050538679475,1.098732532622139,1.4034261839754691
datasets/synthetic_data/s2.csv,419,<timecave.validation_methods.CV.Block_CV object at 0x00000250F7D120F0>,3,ARMA,1.0592919948287576,0.8757410559475498,1.0292191189580369
datasets/synthetic_data/s2.csv,419,<timecave.validation_methods.CV.Block_CV object at 0x00000250F7D120F0>,4,Tree,2.8913947035317045,1.3468732189812036,1.7004101574419346
datasets/synthetic_data/s2.csv,419,<timecave.validation_methods.CV.Block_CV object at 0x00000250F7D120F0>,4,ARMA,1.3507505907179604,0.9327945865173496,1.1622179617945854
datasets/synthetic_data/s2.csv,419,<timecave.validation_methods.CV.AdaptedhvBlockCV object at 0x00000250F7D118B0>,0,Tree,2.166730913030148,1.1651576577538274,1.4719819676307684
datasets/synthetic_data/s2.csv,419,<timecave.validation_methods.CV.AdaptedhvBlockCV object at 0x00000250F7D118B0>,0,ARMA,1.2973862501712303,0.9361555173844817,1.1390286432619816
datasets/synthetic_data/s2.csv,419,<timecave.validation_methods.CV.AdaptedhvBlockCV object at 0x00000250F7D118B0>,1,Tree,3.5649939281114134,1.6054052445654292,1.8881191509307387
datasets/synthetic_data/s2.csv,419,<timecave.validation_methods.CV.AdaptedhvBlockCV object at 0x00000250F7D118B0>,1,ARMA,1.3285970602784745,0.9371292765150685,1.1526478474705422
datasets/synthetic_data/s2.csv,419,<timecave.validation_methods.CV.AdaptedhvBlockCV object at 0x00000250F7D118B0>,2,Tree,2.1203425886153457,1.248806872848885,1.4561396185171755
datasets/synthetic_data/s2.csv,419,<timecave.validation_methods.CV.AdaptedhvBlockCV object at 0x00000250F7D118B0>,2,ARMA,1.782987716130131,1.0927211613520147,1.335285630915772
datasets/synthetic_data/s2.csv,419,<timecave.validation_methods.CV.AdaptedhvBlockCV object at 0x00000250F7D118B0>,3,Tree,1.4538828568716087,1.044321495491215,1.2057706485362831
datasets/synthetic_data/s2.csv,419,<timecave.validation_methods.CV.AdaptedhvBlockCV object at 0x00000250F7D118B0>,3,ARMA,1.0514955086497826,0.8736312886574066,1.025424550442295
datasets/synthetic_data/s2.csv,419,<timecave.validation_methods.CV.AdaptedhvBlockCV object at 0x00000250F7D118B0>,4,Tree,2.784696393221639,1.330533436837288,1.6687409604913637
datasets/synthetic_data/s2.csv,419,<timecave.validation_methods.CV.AdaptedhvBlockCV object at 0x00000250F7D118B0>,4,ARMA,1.3389866379500808,0.9237123821176556,1.1571459017557297
datasets/synthetic_data/s2.csv,419,<timecave.validation_methods.markov.MarkovCV object at 0x00000250F7D12E10>,0,Tree,4.394901898347958,1.8734382345333436,2.0964021318315713
datasets/synthetic_data/s2.csv,419,<timecave.validation_methods.markov.MarkovCV object at 0x00000250F7D12E10>,0,ARMA,1.4637994769948575,0.9705722388531869,1.209875810566877
datasets/synthetic_data/s2.csv,419,<timecave.validation_methods.markov.MarkovCV object at 0x00000250F7D12E10>,1,Tree,1.5944351112691728,1.1068570091745953,1.2627094326364925
datasets/synthetic_data/s2.csv,419,<timecave.validation_methods.markov.MarkovCV object at 0x00000250F7D12E10>,1,ARMA,1.3520867242110497,0.9895190075098123,1.162792640246338
datasets/synthetic_data/s2.csv,419,<timecave.validation_methods.markov.MarkovCV object at 0x00000250F7D12E10>,2,Tree,3.7946450675566124,1.814687108439693,1.9479848735440972
datasets/synthetic_data/s2.csv,419,<timecave.validation_methods.markov.MarkovCV object at 0x00000250F7D12E10>,2,ARMA,1.6941285970929163,1.1284866596403735,1.3015869533353952
datasets/synthetic_data/s2.csv,419,<timecave.validation_methods.markov.MarkovCV object at 0x00000250F7D12E10>,3,Tree,3.932692420361252,1.7289625965818325,1.983101717099063
datasets/synthetic_data/s2.csv,419,<timecave.validation_methods.markov.MarkovCV object at 0x00000250F7D12E10>,3,ARMA,1.84733318410302,1.196998200559205,1.3591663563019134
datasets/synthetic_data/s2.csv,419,<timecave.validation_methods.markov.MarkovCV object at 0x00000250F7D12E10>,4,Tree,2.4834222708358413,1.4452336818631115,1.5758877722845117
datasets/synthetic_data/s2.csv,419,<timecave.validation_methods.markov.MarkovCV object at 0x00000250F7D12E10>,4,ARMA,1.8030432938120131,1.0552811321529845,1.342774476154508
datasets/synthetic_data/s2.csv,419,<timecave.validation_methods.markov.MarkovCV object at 0x00000250F7D12E10>,5,Tree,3.7829329425287317,1.734684558521299,1.94497633469632
datasets/synthetic_data/s2.csv,419,<timecave.validation_methods.markov.MarkovCV object at 0x00000250F7D12E10>,5,ARMA,1.6859869515901629,1.1177195197272787,1.2984556024717067
datasets/synthetic_data/s2.csv,419,<timecave.validation_methods.markov.MarkovCV object at 0x00000250F7D12E10>,6,Tree,4.471441219948184,1.871315269706202,2.1145782605399552
datasets/synthetic_data/s2.csv,419,<timecave.validation_methods.markov.MarkovCV object at 0x00000250F7D12E10>,6,ARMA,2.5120461347676444,1.394526121513113,1.5849435746321205
datasets/synthetic_data/s2.csv,419,<timecave.validation_methods.markov.MarkovCV object at 0x00000250F7D12E10>,7,Tree,7.6274153393789295,2.245493078841387,2.7617775687732222
datasets/synthetic_data/s2.csv,419,<timecave.validation_methods.markov.MarkovCV object at 0x00000250F7D12E10>,7,ARMA,3.819349002154339,1.5997097743679356,1.954315481736339
datasets/synthetic_data/s2.csv,419,<timecave.validation_methods.markov.MarkovCV object at 0x00000250F7D12E10>,8,Tree,2.261775449857803,1.336249007836332,1.503920027746756
datasets/synthetic_data/s2.csv,419,<timecave.validation_methods.markov.MarkovCV object at 0x00000250F7D12E10>,8,ARMA,1.1458294784934164,0.932834262789009,1.0704342476272966
datasets/synthetic_data/s2.csv,419,<timecave.validation_methods.markov.MarkovCV object at 0x00000250F7D12E10>,9,Tree,2.3517382124478985,1.3635793433257404,1.5335378092658487
datasets/synthetic_data/s2.csv,419,<timecave.validation_methods.markov.MarkovCV object at 0x00000250F7D12E10>,9,ARMA,1.6321578453036785,0.9634764087147192,1.277559331422098
datasets/synthetic_data/s2.csv,420,<timecave.validation_methods.OOS.Holdout object at 0x00000250F26061E0>,0,Tree,1.5799914076720047,0.9814671464099404,1.2569770911484444
datasets/synthetic_data/s2.csv,420,<timecave.validation_methods.OOS.Holdout object at 0x00000250F26061E0>,0,ARMA,1.0095426606938374,0.7671507998324231,1.0047600015395903
datasets/synthetic_data/s2.csv,420,<timecave.validation_methods.OOS.Repeated_Holdout object at 0x00000250F2607DA0>,0,Tree,1.671504545483623,1.0535828763127015,1.292866793402794
datasets/synthetic_data/s2.csv,420,<timecave.validation_methods.OOS.Repeated_Holdout object at 0x00000250F2607DA0>,0,ARMA,0.9929937614485073,0.7656903212906558,0.9964907232124679
datasets/synthetic_data/s2.csv,420,<timecave.validation_methods.OOS.Repeated_Holdout object at 0x00000250F2607DA0>,1,Tree,2.009360754106475,1.1111017906122376,1.417519225304008
datasets/synthetic_data/s2.csv,420,<timecave.validation_methods.OOS.Repeated_Holdout object at 0x00000250F2607DA0>,1,ARMA,1.0357222586122943,0.7782917569092278,1.0177044063048437
datasets/synthetic_data/s2.csv,420,<timecave.validation_methods.OOS.Repeated_Holdout object at 0x00000250F2607DA0>,2,Tree,1.545740689844863,0.9420373043282554,1.2432782029155272
datasets/synthetic_data/s2.csv,420,<timecave.validation_methods.OOS.Repeated_Holdout object at 0x00000250F2607DA0>,2,ARMA,1.001711945760812,0.7799741272783504,1.000855606848866
datasets/synthetic_data/s2.csv,420,<timecave.validation_methods.OOS.Repeated_Holdout object at 0x00000250F2607DA0>,3,Tree,1.4976530611332792,0.9384772580630678,1.22378636253771
datasets/synthetic_data/s2.csv,420,<timecave.validation_methods.OOS.Repeated_Holdout object at 0x00000250F2607DA0>,3,ARMA,1.0095426606938374,0.7671507998324231,1.0047600015395903
datasets/synthetic_data/s2.csv,420,<timecave.validation_methods.prequential.Growing_Window object at 0x00000250F6CBC4A0>,0,Tree,1.4580013265275777,0.9566873919820369,1.2074772571471388
datasets/synthetic_data/s2.csv,420,<timecave.validation_methods.prequential.Growing_Window object at 0x00000250F6CBC4A0>,0,ARMA,1.077301611226078,0.8311195724256872,1.0379314096924122
datasets/synthetic_data/s2.csv,420,<timecave.validation_methods.prequential.Growing_Window object at 0x00000250F6CBC4A0>,1,Tree,2.330005812103982,1.1686126402995303,1.5264356560641468
datasets/synthetic_data/s2.csv,420,<timecave.validation_methods.prequential.Growing_Window object at 0x00000250F6CBC4A0>,1,ARMA,1.5250384852296974,0.9124917909168464,1.2349244856385744
datasets/synthetic_data/s2.csv,420,<timecave.validation_methods.prequential.Growing_Window object at 0x00000250F6CBC4A0>,2,Tree,1.865032728889072,1.0202954991569886,1.3656620112198596
datasets/synthetic_data/s2.csv,420,<timecave.validation_methods.prequential.Growing_Window object at 0x00000250F6CBC4A0>,2,ARMA,0.9474535441633597,0.8017918831367515,0.9733722536436714
datasets/synthetic_data/s2.csv,420,<timecave.validation_methods.prequential.Growing_Window object at 0x00000250F6CBC4A0>,3,Tree,2.2352881052568017,1.1078009544104321,1.4950879924796405
datasets/synthetic_data/s2.csv,420,<timecave.validation_methods.prequential.Growing_Window object at 0x00000250F6CBC4A0>,3,ARMA,1.081084302598676,0.8028559106270041,1.0397520389971235
datasets/synthetic_data/s2.csv,420,<timecave.validation_methods.prequential.Growing_Window object at 0x00000250F6CBE360>,0,Tree,2.336785239044259,1.1953484481083612,1.5286547154423915
datasets/synthetic_data/s2.csv,420,<timecave.validation_methods.prequential.Growing_Window object at 0x00000250F6CBE360>,0,ARMA,1.5725613200961472,0.9822349800090244,1.2540180700835803
datasets/synthetic_data/s2.csv,420,<timecave.validation_methods.prequential.Growing_Window object at 0x00000250F6CBE360>,1,Tree,1.51004085099575,0.9979592097007741,1.228837194666466
datasets/synthetic_data/s2.csv,420,<timecave.validation_methods.prequential.Growing_Window object at 0x00000250F6CBE360>,1,ARMA,1.110919803678808,0.8126389002481781,1.054001804400167
datasets/synthetic_data/s2.csv,420,<timecave.validation_methods.prequential.Growing_Window object at 0x00000250F6CBE360>,2,Tree,2.310145421952983,1.122221889204412,1.5199162549143894
datasets/synthetic_data/s2.csv,420,<timecave.validation_methods.prequential.Growing_Window object at 0x00000250F6CBE360>,2,ARMA,1.2254619920352339,0.8834282298614626,1.1070058681123753
datasets/synthetic_data/s2.csv,420,<timecave.validation_methods.prequential.Rolling_Window object at 0x00000250F6CBD4C0>,0,Tree,1.5648748504111174,0.9732292862718529,1.2509495794839685
datasets/synthetic_data/s2.csv,420,<timecave.validation_methods.prequential.Rolling_Window object at 0x00000250F6CBD4C0>,0,ARMA,1.077301611226078,0.8311195724256872,1.0379314096924122
datasets/synthetic_data/s2.csv,420,<timecave.validation_methods.prequential.Rolling_Window object at 0x00000250F6CBD4C0>,1,Tree,2.4125586744362013,1.272680184963066,1.553241344555379
datasets/synthetic_data/s2.csv,420,<timecave.validation_methods.prequential.Rolling_Window object at 0x00000250F6CBD4C0>,1,ARMA,1.8566638736495127,0.998033649452976,1.362594537509054
datasets/synthetic_data/s2.csv,420,<timecave.validation_methods.prequential.Rolling_Window object at 0x00000250F6CBD4C0>,2,Tree,2.754868769884846,1.414903417065206,1.6597797353519068
datasets/synthetic_data/s2.csv,420,<timecave.validation_methods.prequential.Rolling_Window object at 0x00000250F6CBD4C0>,2,ARMA,1.0208028954433792,0.8233486125886283,1.010347908120455
datasets/synthetic_data/s2.csv,420,<timecave.validation_methods.prequential.Rolling_Window object at 0x00000250F6CBD4C0>,3,Tree,1.3779523130658842,0.9169461078563509,1.1738621354596477
datasets/synthetic_data/s2.csv,420,<timecave.validation_methods.prequential.Rolling_Window object at 0x00000250F6CBD4C0>,3,ARMA,1.167809920467377,0.8049722919640138,1.0806525438212677
datasets/synthetic_data/s2.csv,420,<timecave.validation_methods.prequential.Rolling_Window object at 0x00000250F6CBEF60>,0,Tree,2.2973679228205466,1.1718362012587245,1.5157070702548519
datasets/synthetic_data/s2.csv,420,<timecave.validation_methods.prequential.Rolling_Window object at 0x00000250F6CBEF60>,0,ARMA,1.5725613200961472,0.9822349800090244,1.2540180700835803
datasets/synthetic_data/s2.csv,420,<timecave.validation_methods.prequential.Rolling_Window object at 0x00000250F6CBEF60>,1,Tree,1.0558185436461498,0.8073675460146359,1.0275303127626696
datasets/synthetic_data/s2.csv,420,<timecave.validation_methods.prequential.Rolling_Window object at 0x00000250F6CBEF60>,1,ARMA,1.3659525399473331,0.8835149805319698,1.168739722926937
datasets/synthetic_data/s2.csv,420,<timecave.validation_methods.prequential.Rolling_Window object at 0x00000250F6CBEF60>,2,Tree,1.748010034182126,1.0395442861393696,1.3221233052110253
datasets/synthetic_data/s2.csv,420,<timecave.validation_methods.prequential.Rolling_Window object at 0x00000250F6CBEF60>,2,ARMA,1.2337759555886896,0.8977238544398469,1.110754678400541
datasets/synthetic_data/s2.csv,420,<timecave.validation_methods.CV.Block_CV object at 0x00000250F6BB1B80>,0,Tree,2.4488589616668244,1.313241804093471,1.5648830504759212
datasets/synthetic_data/s2.csv,420,<timecave.validation_methods.CV.Block_CV object at 0x00000250F6BB1B80>,0,ARMA,1.73267132754345,0.9805197642059886,1.3163097384519533
datasets/synthetic_data/s2.csv,420,<timecave.validation_methods.CV.Block_CV object at 0x00000250F6BB1B80>,1,Tree,1.0145181846194034,0.8590746457955516,1.0072329346379632
datasets/synthetic_data/s2.csv,420,<timecave.validation_methods.CV.Block_CV object at 0x00000250F6BB1B80>,1,ARMA,1.389951999158806,0.9298111304576782,1.1789622551883525
datasets/synthetic_data/s2.csv,420,<timecave.validation_methods.CV.Block_CV object at 0x00000250F6BB1B80>,2,Tree,1.9598791949976615,1.1704785777071767,1.39995685469148
datasets/synthetic_data/s2.csv,420,<timecave.validation_methods.CV.Block_CV object at 0x00000250F6BB1B80>,2,ARMA,1.6949124705227994,0.9747785562126658,1.3018880407019642
datasets/synthetic_data/s2.csv,420,<timecave.validation_methods.CV.Block_CV object at 0x00000250F6BB1B80>,3,Tree,1.3476824445547808,0.9917436596575245,1.160897258397478
datasets/synthetic_data/s2.csv,420,<timecave.validation_methods.CV.Block_CV object at 0x00000250F6BB1B80>,3,ARMA,0.9496183984738403,0.8049144898510929,0.9744836573662179
datasets/synthetic_data/s2.csv,420,<timecave.validation_methods.CV.Block_CV object at 0x00000250F6BB1B80>,4,Tree,2.127956996163431,1.06129702114431,1.458751862437005
datasets/synthetic_data/s2.csv,420,<timecave.validation_methods.CV.Block_CV object at 0x00000250F6BB1B80>,4,ARMA,1.081084302598676,0.8028559106270041,1.0397520389971235
datasets/synthetic_data/s2.csv,420,<timecave.validation_methods.CV.AdaptedhvBlockCV object at 0x00000250F7D93380>,0,Tree,2.474545866189237,1.3248170129621821,1.5730689324340612
datasets/synthetic_data/s2.csv,420,<timecave.validation_methods.CV.AdaptedhvBlockCV object at 0x00000250F7D93380>,0,ARMA,1.7222393376134537,0.9699471619027962,1.312341166623014
datasets/synthetic_data/s2.csv,420,<timecave.validation_methods.CV.AdaptedhvBlockCV object at 0x00000250F7D93380>,1,Tree,1.5963881249598866,1.0797548353363935,1.2634825384467672
datasets/synthetic_data/s2.csv,420,<timecave.validation_methods.CV.AdaptedhvBlockCV object at 0x00000250F7D93380>,1,ARMA,1.390658802535873,0.9297966818558976,1.179261973666527
datasets/synthetic_data/s2.csv,420,<timecave.validation_methods.CV.AdaptedhvBlockCV object at 0x00000250F7D93380>,2,Tree,2.3072937043581896,1.236351255211189,1.5189778485409817
datasets/synthetic_data/s2.csv,420,<timecave.validation_methods.CV.AdaptedhvBlockCV object at 0x00000250F7D93380>,2,ARMA,1.7454503643460293,0.9897867736100443,1.3211549357838501
datasets/synthetic_data/s2.csv,420,<timecave.validation_methods.CV.AdaptedhvBlockCV object at 0x00000250F7D93380>,3,Tree,1.265573823298788,0.8820899256678669,1.124977254569526
datasets/synthetic_data/s2.csv,420,<timecave.validation_methods.CV.AdaptedhvBlockCV object at 0x00000250F7D93380>,3,ARMA,0.9643455225807027,0.8109724607997454,0.9820109584830012
datasets/synthetic_data/s2.csv,420,<timecave.validation_methods.CV.AdaptedhvBlockCV object at 0x00000250F7D93380>,4,Tree,1.765331754467462,1.0176455722797653,1.3286578771329594
datasets/synthetic_data/s2.csv,420,<timecave.validation_methods.CV.AdaptedhvBlockCV object at 0x00000250F7D93380>,4,ARMA,1.05469869180939,0.7911318920109234,1.0269852442023644
datasets/synthetic_data/s2.csv,420,<timecave.validation_methods.markov.MarkovCV object at 0x00000250F7D12C00>,0,Tree,3.2460930142228945,1.3732228024602748,1.8016917089843352
datasets/synthetic_data/s2.csv,420,<timecave.validation_methods.markov.MarkovCV object at 0x00000250F7D12C00>,0,ARMA,1.76583533364426,0.8922037346401042,1.3288473703342532
datasets/synthetic_data/s2.csv,420,<timecave.validation_methods.markov.MarkovCV object at 0x00000250F7D12C00>,1,Tree,7.385558647546506,1.9957809571278176,2.7176384320852005
datasets/synthetic_data/s2.csv,420,<timecave.validation_methods.markov.MarkovCV object at 0x00000250F7D12C00>,1,ARMA,1.5587840406452143,0.9662581197953158,1.2485127314710147
datasets/synthetic_data/s2.csv,420,<timecave.validation_methods.markov.MarkovCV object at 0x00000250F7D12C00>,2,Tree,2.8913038528495654,1.5185722706209752,1.7003834428885638
datasets/synthetic_data/s2.csv,420,<timecave.validation_methods.markov.MarkovCV object at 0x00000250F7D12C00>,2,ARMA,1.3359860369984755,0.9050958559915367,1.1558486220082955
datasets/synthetic_data/s2.csv,420,<timecave.validation_methods.markov.MarkovCV object at 0x00000250F7D12C00>,3,Tree,2.4325381443118808,1.3107832703558624,1.5596596245052574
datasets/synthetic_data/s2.csv,420,<timecave.validation_methods.markov.MarkovCV object at 0x00000250F7D12C00>,3,ARMA,1.2859575735893858,0.9414588542598996,1.1340006938222682
datasets/synthetic_data/s2.csv,420,<timecave.validation_methods.markov.MarkovCV object at 0x00000250F7D12C00>,4,Tree,2.479318502772595,1.3616149293124467,1.5745851843493877
datasets/synthetic_data/s2.csv,420,<timecave.validation_methods.markov.MarkovCV object at 0x00000250F7D12C00>,4,ARMA,2.089908540088913,1.131317963715646,1.4456515970623465
datasets/synthetic_data/s2.csv,420,<timecave.validation_methods.markov.MarkovCV object at 0x00000250F7D12C00>,5,Tree,2.0109732144846344,1.2742314501729648,1.4180878726244839
datasets/synthetic_data/s2.csv,420,<timecave.validation_methods.markov.MarkovCV object at 0x00000250F7D12C00>,5,ARMA,1.1134898907765185,0.8195654645218072,1.055220304380331
datasets/synthetic_data/s2.csv,420,<timecave.validation_methods.markov.MarkovCV object at 0x00000250F7D12C00>,6,Tree,2.0399203939490804,1.1595466691614469,1.4282578177447798
datasets/synthetic_data/s2.csv,420,<timecave.validation_methods.markov.MarkovCV object at 0x00000250F7D12C00>,6,ARMA,1.2267149169898397,0.9230945725465893,1.1075716306360686
datasets/synthetic_data/s2.csv,420,<timecave.validation_methods.markov.MarkovCV object at 0x00000250F7D12C00>,7,Tree,2.374160936023542,1.3492103233550015,1.540831248392744
datasets/synthetic_data/s2.csv,420,<timecave.validation_methods.markov.MarkovCV object at 0x00000250F7D12C00>,7,ARMA,1.6037139011301416,0.9761165116131814,1.2663782614725119
datasets/synthetic_data/s2.csv,420,<timecave.validation_methods.markov.MarkovCV object at 0x00000250F7D12C00>,8,Tree,1.34004428716139,0.9763306089019992,1.1576028192611618
datasets/synthetic_data/s2.csv,420,<timecave.validation_methods.markov.MarkovCV object at 0x00000250F7D12C00>,8,ARMA,0.6328156762409827,0.6285276610598743,0.7954971252248387
datasets/synthetic_data/s2.csv,420,<timecave.validation_methods.markov.MarkovCV object at 0x00000250F7D12C00>,9,Tree,1.9831745727626824,0.9402879692438564,1.4082523114707401
datasets/synthetic_data/s2.csv,420,<timecave.validation_methods.markov.MarkovCV object at 0x00000250F7D12C00>,9,ARMA,1.0237159344986035,0.7875949968903045,1.0117884830826074
datasets/synthetic_data/s2.csv,421,<timecave.validation_methods.OOS.Holdout object at 0x00000250F7D92D50>,0,Tree,2.937109606787531,1.359000592647604,1.7137997569108039
datasets/synthetic_data/s2.csv,421,<timecave.validation_methods.OOS.Holdout object at 0x00000250F7D92D50>,0,ARMA,1.2998316573230628,0.9325128757637309,1.140101599561663
datasets/synthetic_data/s2.csv,421,<timecave.validation_methods.OOS.Repeated_Holdout object at 0x00000250F7D93470>,0,Tree,1.6901587474345843,1.0450858443117257,1.3000610552718608
datasets/synthetic_data/s2.csv,421,<timecave.validation_methods.OOS.Repeated_Holdout object at 0x00000250F7D93470>,0,ARMA,1.464769303373124,0.979997486993985,1.2102765400407973
datasets/synthetic_data/s2.csv,421,<timecave.validation_methods.OOS.Repeated_Holdout object at 0x00000250F7D93470>,1,Tree,2.247186623006329,1.2521048588738868,1.4990619143338706
datasets/synthetic_data/s2.csv,421,<timecave.validation_methods.OOS.Repeated_Holdout object at 0x00000250F7D93470>,1,ARMA,1.3038640764426184,0.9250020246635173,1.1418686774067404
datasets/synthetic_data/s2.csv,421,<timecave.validation_methods.OOS.Repeated_Holdout object at 0x00000250F7D93470>,2,Tree,2.6235653341982372,1.3045681741675896,1.6197423666121218
datasets/synthetic_data/s2.csv,421,<timecave.validation_methods.OOS.Repeated_Holdout object at 0x00000250F7D93470>,2,ARMA,1.331692613470774,0.9342553298714098,1.1539898671438904
datasets/synthetic_data/s2.csv,421,<timecave.validation_methods.OOS.Repeated_Holdout object at 0x00000250F7D93470>,3,Tree,3.2648799461904954,1.4548835891391196,1.8068978792921573
datasets/synthetic_data/s2.csv,421,<timecave.validation_methods.OOS.Repeated_Holdout object at 0x00000250F7D93470>,3,ARMA,1.2998316573230628,0.9325128757637309,1.140101599561663
datasets/synthetic_data/s2.csv,421,<timecave.validation_methods.prequential.Growing_Window object at 0x00000250F6CBCB30>,0,Tree,2.288365525799531,1.222371570346932,1.512734453167353
datasets/synthetic_data/s2.csv,421,<timecave.validation_methods.prequential.Growing_Window object at 0x00000250F6CBCB30>,0,ARMA,1.3556022665335867,0.9122858683732764,1.164303339569885
datasets/synthetic_data/s2.csv,421,<timecave.validation_methods.prequential.Growing_Window object at 0x00000250F6CBCB30>,1,Tree,2.395021485220449,1.2415138801873848,1.5475856955982918
datasets/synthetic_data/s2.csv,421,<timecave.validation_methods.prequential.Growing_Window object at 0x00000250F6CBCB30>,1,ARMA,2.042134136443571,1.2699114171943737,1.4290325876072845
datasets/synthetic_data/s2.csv,421,<timecave.validation_methods.prequential.Growing_Window object at 0x00000250F6CBCB30>,2,Tree,2.1199355000798317,1.2676670528503033,1.4559998283241078
datasets/synthetic_data/s2.csv,421,<timecave.validation_methods.prequential.Growing_Window object at 0x00000250F6CBCB30>,2,ARMA,1.7608072753603947,1.1150517329568794,1.3269541346106861
datasets/synthetic_data/s2.csv,421,<timecave.validation_methods.prequential.Growing_Window object at 0x00000250F6CBCB30>,3,Tree,2.39470459210029,1.2980591547607017,1.5474833091507934
datasets/synthetic_data/s2.csv,421,<timecave.validation_methods.prequential.Growing_Window object at 0x00000250F6CBCB30>,3,ARMA,1.1462524837527721,0.8516970003850093,1.0706318152160303
datasets/synthetic_data/s2.csv,421,<timecave.validation_methods.prequential.Growing_Window object at 0x00000250F6C17740>,0,Tree,4.389551440320284,1.7580374015139726,2.0951256383139136
datasets/synthetic_data/s2.csv,421,<timecave.validation_methods.prequential.Growing_Window object at 0x00000250F6C17740>,0,ARMA,2.027064700663677,1.2559997468440347,1.423750224113653
datasets/synthetic_data/s2.csv,421,<timecave.validation_methods.prequential.Growing_Window object at 0x00000250F6C17740>,1,Tree,3.1867173134488542,1.364993250041441,1.7851378976003098
datasets/synthetic_data/s2.csv,421,<timecave.validation_methods.prequential.Growing_Window object at 0x00000250F6C17740>,1,ARMA,1.7101807325553007,1.102357711855968,1.3077387860560306
datasets/synthetic_data/s2.csv,421,<timecave.validation_methods.prequential.Growing_Window object at 0x00000250F6C17740>,2,Tree,2.3189865700459475,1.215456516708927,1.5228219101542857
datasets/synthetic_data/s2.csv,421,<timecave.validation_methods.prequential.Growing_Window object at 0x00000250F6C17740>,2,ARMA,1.2979700951033757,0.9416997924575289,1.1392849051503209
datasets/synthetic_data/s2.csv,421,<timecave.validation_methods.prequential.Rolling_Window object at 0x00000250F6C17920>,0,Tree,2.5668833830222186,1.3084257116123124,1.602149613182932
datasets/synthetic_data/s2.csv,421,<timecave.validation_methods.prequential.Rolling_Window object at 0x00000250F6C17920>,0,ARMA,1.3556022665335867,0.9122858683732764,1.164303339569885
datasets/synthetic_data/s2.csv,421,<timecave.validation_methods.prequential.Rolling_Window object at 0x00000250F6C17920>,1,Tree,3.246126848541822,1.436263276977189,1.8017010985570892
datasets/synthetic_data/s2.csv,421,<timecave.validation_methods.prequential.Rolling_Window object at 0x00000250F6C17920>,1,ARMA,2.0697702079409748,1.2696427653238678,1.438669596516509
datasets/synthetic_data/s2.csv,421,<timecave.validation_methods.prequential.Rolling_Window object at 0x00000250F6C17920>,2,Tree,3.1891698194273292,1.3655327475111625,1.7858246888839142
datasets/synthetic_data/s2.csv,421,<timecave.validation_methods.prequential.Rolling_Window object at 0x00000250F6C17920>,2,ARMA,1.7009468877588017,1.0586771889852096,1.3042035453711978
datasets/synthetic_data/s2.csv,421,<timecave.validation_methods.prequential.Rolling_Window object at 0x00000250F6C17920>,3,Tree,2.7440804182997263,1.3720438189270292,1.6565266126143963
datasets/synthetic_data/s2.csv,421,<timecave.validation_methods.prequential.Rolling_Window object at 0x00000250F6C17920>,3,ARMA,1.3784526628629292,0.9512100879866584,1.174075237309317
datasets/synthetic_data/s2.csv,421,<timecave.validation_methods.prequential.Rolling_Window object at 0x00000250F6A37320>,0,Tree,4.836561487298098,1.8335426740035237,2.1992183809931425
datasets/synthetic_data/s2.csv,421,<timecave.validation_methods.prequential.Rolling_Window object at 0x00000250F6A37320>,0,ARMA,2.027064700663677,1.2559997468440347,1.423750224113653
datasets/synthetic_data/s2.csv,421,<timecave.validation_methods.prequential.Rolling_Window object at 0x00000250F6A37320>,1,Tree,1.6279795660020655,1.0294959214008113,1.2759230251085154
datasets/synthetic_data/s2.csv,421,<timecave.validation_methods.prequential.Rolling_Window object at 0x00000250F6A37320>,1,ARMA,1.7165116369692892,1.1078610332869714,1.3101571039265822
datasets/synthetic_data/s2.csv,421,<timecave.validation_methods.prequential.Rolling_Window object at 0x00000250F6A37320>,2,Tree,1.205993501293246,0.8256094426844349,1.0981773542070725
datasets/synthetic_data/s2.csv,421,<timecave.validation_methods.prequential.Rolling_Window object at 0x00000250F6A37320>,2,ARMA,1.5689766102065204,1.0334024644726827,1.2525879650573528
datasets/synthetic_data/s2.csv,421,<timecave.validation_methods.CV.Block_CV object at 0x00000250F6A371A0>,0,Tree,2.5754012948684686,1.24396494102283,1.6048056875735668
datasets/synthetic_data/s2.csv,421,<timecave.validation_methods.CV.Block_CV object at 0x00000250F6A371A0>,0,ARMA,1.0663213965724274,0.8863719890324785,1.0326283922943564
datasets/synthetic_data/s2.csv,421,<timecave.validation_methods.CV.Block_CV object at 0x00000250F6A371A0>,1,Tree,2.6887897760055637,1.3315824324147931,1.639752961883455
datasets/synthetic_data/s2.csv,421,<timecave.validation_methods.CV.Block_CV object at 0x00000250F6A371A0>,1,ARMA,1.339228313680609,0.8896144254283423,1.1572503245541168
datasets/synthetic_data/s2.csv,421,<timecave.validation_methods.CV.Block_CV object at 0x00000250F6A371A0>,2,Tree,2.3686090117179215,1.1879280132305747,1.5390285935348704
datasets/synthetic_data/s2.csv,421,<timecave.validation_methods.CV.Block_CV object at 0x00000250F6A371A0>,2,ARMA,2.249696175658509,1.3239357591550291,1.4998987218004118
datasets/synthetic_data/s2.csv,421,<timecave.validation_methods.CV.Block_CV object at 0x00000250F6A371A0>,3,Tree,2.1960417777695063,1.135464665109746,1.4819047802640717
datasets/synthetic_data/s2.csv,421,<timecave.validation_methods.CV.Block_CV object at 0x00000250F6A371A0>,3,ARMA,1.797611922530752,1.1251056217905935,1.3407505071901902
datasets/synthetic_data/s2.csv,421,<timecave.validation_methods.CV.Block_CV object at 0x00000250F6A371A0>,4,Tree,2.2409933361337577,1.2715484853978751,1.496994768238606
datasets/synthetic_data/s2.csv,421,<timecave.validation_methods.CV.Block_CV object at 0x00000250F6A371A0>,4,ARMA,1.1462524837527721,0.8516970003850093,1.0706318152160303
datasets/synthetic_data/s2.csv,421,<timecave.validation_methods.CV.AdaptedhvBlockCV object at 0x00000250F2606600>,0,Tree,3.136896001761196,1.5319636236262357,1.771128454336725
datasets/synthetic_data/s2.csv,421,<timecave.validation_methods.CV.AdaptedhvBlockCV object at 0x00000250F2606600>,0,ARMA,1.0655963141408487,0.8863383198269055,1.0322772467418084
datasets/synthetic_data/s2.csv,421,<timecave.validation_methods.CV.AdaptedhvBlockCV object at 0x00000250F2606600>,1,Tree,2.396394111057629,1.250057743366285,1.5480291053651507
datasets/synthetic_data/s2.csv,421,<timecave.validation_methods.CV.AdaptedhvBlockCV object at 0x00000250F2606600>,1,ARMA,1.3554646789008207,0.8931709388709932,1.1642442522515715
datasets/synthetic_data/s2.csv,421,<timecave.validation_methods.CV.AdaptedhvBlockCV object at 0x00000250F2606600>,2,Tree,2.8341204618589817,1.2727015707400842,1.683484618836472
datasets/synthetic_data/s2.csv,421,<timecave.validation_methods.CV.AdaptedhvBlockCV object at 0x00000250F2606600>,2,ARMA,2.265439032228649,1.325360130073875,1.5051375459500864
datasets/synthetic_data/s2.csv,421,<timecave.validation_methods.CV.AdaptedhvBlockCV object at 0x00000250F2606600>,3,Tree,2.529592775792935,1.2811273010775706,1.5904693570744879
datasets/synthetic_data/s2.csv,421,<timecave.validation_methods.CV.AdaptedhvBlockCV object at 0x00000250F2606600>,3,ARMA,1.80250828348757,1.1281663224042187,1.34257524313819
datasets/synthetic_data/s2.csv,421,<timecave.validation_methods.CV.AdaptedhvBlockCV object at 0x00000250F2606600>,4,Tree,2.381051933658745,1.290446261000211,1.5430657580475127
datasets/synthetic_data/s2.csv,421,<timecave.validation_methods.CV.AdaptedhvBlockCV object at 0x00000250F2606600>,4,ARMA,1.3257959989969155,0.9295996921533884,1.151432151278101
datasets/synthetic_data/s2.csv,421,<timecave.validation_methods.markov.MarkovCV object at 0x00000250F6CBFDD0>,0,Tree,4.150158911754369,1.4936717130669135,2.037193881729073
datasets/synthetic_data/s2.csv,421,<timecave.validation_methods.markov.MarkovCV object at 0x00000250F6CBFDD0>,0,ARMA,2.5595416160158737,1.2017201978920535,1.5998567485921587
datasets/synthetic_data/s2.csv,421,<timecave.validation_methods.markov.MarkovCV object at 0x00000250F6CBFDD0>,1,Tree,3.250311575793629,1.4138366293433346,1.8028620512378726
datasets/synthetic_data/s2.csv,421,<timecave.validation_methods.markov.MarkovCV object at 0x00000250F6CBFDD0>,1,ARMA,1.2043372088137085,0.9387514000649839,1.097422985367861
datasets/synthetic_data/s2.csv,421,<timecave.validation_methods.markov.MarkovCV object at 0x00000250F6CBFDD0>,2,Tree,3.8680763773657696,1.592939518117178,1.9667425803510152
datasets/synthetic_data/s2.csv,421,<timecave.validation_methods.markov.MarkovCV object at 0x00000250F6CBFDD0>,2,ARMA,1.5826992424122337,1.0956446523101542,1.258053751797686
datasets/synthetic_data/s2.csv,421,<timecave.validation_methods.markov.MarkovCV object at 0x00000250F6CBFDD0>,3,Tree,4.289939003217646,1.5326882730974634,2.0712167929064416
datasets/synthetic_data/s2.csv,421,<timecave.validation_methods.markov.MarkovCV object at 0x00000250F6CBFDD0>,3,ARMA,2.0402513709170296,1.1100427523948244,1.4283736804201588
datasets/synthetic_data/s2.csv,421,<timecave.validation_methods.markov.MarkovCV object at 0x00000250F6CBFDD0>,4,Tree,2.1562731365093404,1.3011025170376411,1.4684253935795786
datasets/synthetic_data/s2.csv,421,<timecave.validation_methods.markov.MarkovCV object at 0x00000250F6CBFDD0>,4,ARMA,1.0463336486352208,0.8916512260730927,1.0229045158934538
datasets/synthetic_data/s2.csv,421,<timecave.validation_methods.markov.MarkovCV object at 0x00000250F6CBFDD0>,5,Tree,2.802570491264355,1.3424219401942055,1.6740879580429324
datasets/synthetic_data/s2.csv,421,<timecave.validation_methods.markov.MarkovCV object at 0x00000250F6CBFDD0>,5,ARMA,2.5901138246265067,1.3674565101961709,1.609383057145348
datasets/synthetic_data/s2.csv,421,<timecave.validation_methods.markov.MarkovCV object at 0x00000250F6CBFDD0>,6,Tree,2.7306351594509373,1.5162934492333109,1.6524633610010653
datasets/synthetic_data/s2.csv,421,<timecave.validation_methods.markov.MarkovCV object at 0x00000250F6CBFDD0>,6,ARMA,1.9384724755153175,1.1843566508156351,1.3922903704024234
datasets/synthetic_data/s2.csv,421,<timecave.validation_methods.markov.MarkovCV object at 0x00000250F6CBFDD0>,7,Tree,3.2864766440897246,1.6138463043143771,1.812864210052624
datasets/synthetic_data/s2.csv,421,<timecave.validation_methods.markov.MarkovCV object at 0x00000250F6CBFDD0>,7,ARMA,1.1922054374915159,0.9484076578087411,1.0918816041547343
datasets/synthetic_data/s2.csv,421,<timecave.validation_methods.markov.MarkovCV object at 0x00000250F6CBFDD0>,8,Tree,3.76454216431795,1.372392103531922,1.9402428106600345
datasets/synthetic_data/s2.csv,421,<timecave.validation_methods.markov.MarkovCV object at 0x00000250F6CBFDD0>,8,ARMA,2.2018561464604174,1.111003940592,1.4838652723412653
datasets/synthetic_data/s2.csv,421,<timecave.validation_methods.markov.MarkovCV object at 0x00000250F6CBFDD0>,9,Tree,5.792654198173136,2.095306207682111,2.4067933434703397
datasets/synthetic_data/s2.csv,421,<timecave.validation_methods.markov.MarkovCV object at 0x00000250F6CBFDD0>,9,ARMA,2.509352473481983,1.3617610636483324,1.5840935810367969
datasets/synthetic_data/s2.csv,422,<timecave.validation_methods.OOS.Holdout object at 0x00000250F6CBE510>,0,Tree,3.917966508667754,1.5752592460327244,1.979385386595484
datasets/synthetic_data/s2.csv,422,<timecave.validation_methods.OOS.Holdout object at 0x00000250F6CBE510>,0,ARMA,2.5562249202467093,1.3007834133457246,1.598819852343193
datasets/synthetic_data/s2.csv,422,<timecave.validation_methods.OOS.Repeated_Holdout object at 0x00000250F6CBD7C0>,0,Tree,2.3255838152813473,1.255949786115129,1.5249864967537736
datasets/synthetic_data/s2.csv,422,<timecave.validation_methods.OOS.Repeated_Holdout object at 0x00000250F6CBD7C0>,0,ARMA,1.8788460369542652,1.1593854148591953,1.370710048461842
datasets/synthetic_data/s2.csv,422,<timecave.validation_methods.OOS.Repeated_Holdout object at 0x00000250F6CBD7C0>,1,Tree,1.898087273215877,1.1270292343440824,1.3777108815770736
datasets/synthetic_data/s2.csv,422,<timecave.validation_methods.OOS.Repeated_Holdout object at 0x00000250F6CBD7C0>,1,ARMA,1.9115311335482534,1.1839890876243302,1.3825813298132785
datasets/synthetic_data/s2.csv,422,<timecave.validation_methods.OOS.Repeated_Holdout object at 0x00000250F6CBD7C0>,2,Tree,2.8870930329044016,1.2872301634516718,1.6991447945670792
datasets/synthetic_data/s2.csv,422,<timecave.validation_methods.OOS.Repeated_Holdout object at 0x00000250F6CBD7C0>,2,ARMA,2.1902679546110404,1.2154360723721644,1.4799553893989643
datasets/synthetic_data/s2.csv,422,<timecave.validation_methods.OOS.Repeated_Holdout object at 0x00000250F6CBD7C0>,3,Tree,4.102263519092338,1.6511988868045728,2.025404532208896
datasets/synthetic_data/s2.csv,422,<timecave.validation_methods.OOS.Repeated_Holdout object at 0x00000250F6CBD7C0>,3,ARMA,2.5562249202467093,1.3007834133457246,1.598819852343193
datasets/synthetic_data/s2.csv,422,<timecave.validation_methods.prequential.Growing_Window object at 0x00000250F29F6990>,0,Tree,5.673378096561269,2.0675074154199327,2.381885407940791
datasets/synthetic_data/s2.csv,422,<timecave.validation_methods.prequential.Growing_Window object at 0x00000250F29F6990>,0,ARMA,2.487084744275842,1.3616921308877081,1.577049379149506
datasets/synthetic_data/s2.csv,422,<timecave.validation_methods.prequential.Growing_Window object at 0x00000250F29F6990>,1,Tree,1.9979379674618472,1.052923623714757,1.4134843357681213
datasets/synthetic_data/s2.csv,422,<timecave.validation_methods.prequential.Growing_Window object at 0x00000250F29F6990>,1,ARMA,1.3667173339023129,0.9490704932980523,1.1690668645985622
datasets/synthetic_data/s2.csv,422,<timecave.validation_methods.prequential.Growing_Window object at 0x00000250F29F6990>,2,Tree,4.0895631238284595,1.713363369373496,2.022266828049271
datasets/synthetic_data/s2.csv,422,<timecave.validation_methods.prequential.Growing_Window object at 0x00000250F29F6990>,2,ARMA,2.3810258931514907,1.1710221461496506,1.5430573201120854
datasets/synthetic_data/s2.csv,422,<timecave.validation_methods.prequential.Growing_Window object at 0x00000250F29F6990>,3,Tree,2.6448741023034326,1.3397931827324896,1.6263068905663016
datasets/synthetic_data/s2.csv,422,<timecave.validation_methods.prequential.Growing_Window object at 0x00000250F29F6990>,3,ARMA,1.8051347363046335,1.1387113269509506,1.3435530269790745
datasets/synthetic_data/s2.csv,422,<timecave.validation_methods.prequential.Growing_Window object at 0x00000250F7D11BB0>,0,Tree,1.5848821655408605,1.0744912689056056,1.2589210322895001
datasets/synthetic_data/s2.csv,422,<timecave.validation_methods.prequential.Growing_Window object at 0x00000250F7D11BB0>,0,ARMA,1.5696214189839326,0.9487362723539007,1.2528453292341926
datasets/synthetic_data/s2.csv,422,<timecave.validation_methods.prequential.Growing_Window object at 0x00000250F7D11BB0>,1,Tree,3.461371852746959,1.5439604571574634,1.8604762435320046
datasets/synthetic_data/s2.csv,422,<timecave.validation_methods.prequential.Growing_Window object at 0x00000250F7D11BB0>,1,ARMA,2.3128646177815293,1.1559419680653458,1.5208105134373346
datasets/synthetic_data/s2.csv,422,<timecave.validation_methods.prequential.Growing_Window object at 0x00000250F7D11BB0>,2,Tree,3.3528118939681972,1.5532373808429314,1.8310685115440648
datasets/synthetic_data/s2.csv,422,<timecave.validation_methods.prequential.Growing_Window object at 0x00000250F7D11BB0>,2,ARMA,1.945267122752853,1.177547675304018,1.3947283329569429
datasets/synthetic_data/s2.csv,422,<timecave.validation_methods.prequential.Rolling_Window object at 0x00000250F7D12C60>,0,Tree,5.844348278292059,2.087138339007779,2.4175086924956566
datasets/synthetic_data/s2.csv,422,<timecave.validation_methods.prequential.Rolling_Window object at 0x00000250F7D12C60>,0,ARMA,2.487084744275842,1.3616921308877081,1.577049379149506
datasets/synthetic_data/s2.csv,422,<timecave.validation_methods.prequential.Rolling_Window object at 0x00000250F7D12C60>,1,Tree,3.11452583636516,1.4558660795514422,1.7648019255330496
datasets/synthetic_data/s2.csv,422,<timecave.validation_methods.prequential.Rolling_Window object at 0x00000250F7D12C60>,1,ARMA,1.5320072360434116,1.052903263572329,1.237742798825108
datasets/synthetic_data/s2.csv,422,<timecave.validation_methods.prequential.Rolling_Window object at 0x00000250F7D12C60>,2,Tree,4.862257256580886,1.7173338490173615,2.2050526652624165
datasets/synthetic_data/s2.csv,422,<timecave.validation_methods.prequential.Rolling_Window object at 0x00000250F7D12C60>,2,ARMA,2.880241905462093,1.3035329555784663,1.697127545431425
datasets/synthetic_data/s2.csv,422,<timecave.validation_methods.prequential.Rolling_Window object at 0x00000250F7D12C60>,3,Tree,3.714683799489267,1.5589092528217496,1.927351498686544
datasets/synthetic_data/s2.csv,422,<timecave.validation_methods.prequential.Rolling_Window object at 0x00000250F7D12C60>,3,ARMA,2.0370038050926196,1.191149379607356,1.427236422283505
datasets/synthetic_data/s2.csv,422,<timecave.validation_methods.prequential.Rolling_Window object at 0x00000250F7D121E0>,0,Tree,1.5809187716307602,1.0575204243072278,1.2573459236148024
datasets/synthetic_data/s2.csv,422,<timecave.validation_methods.prequential.Rolling_Window object at 0x00000250F7D121E0>,0,ARMA,1.5696214189839326,0.9487362723539007,1.2528453292341926
datasets/synthetic_data/s2.csv,422,<timecave.validation_methods.prequential.Rolling_Window object at 0x00000250F7D121E0>,1,Tree,3.9240285459233037,1.5876488122064643,1.9809160875522476
datasets/synthetic_data/s2.csv,422,<timecave.validation_methods.prequential.Rolling_Window object at 0x00000250F7D121E0>,1,ARMA,2.178998794822541,1.1429856574430053,1.4761432162302346
datasets/synthetic_data/s2.csv,422,<timecave.validation_methods.prequential.Rolling_Window object at 0x00000250F7D121E0>,2,Tree,2.8854414286854646,1.3969265700778548,1.698658714599688
datasets/synthetic_data/s2.csv,422,<timecave.validation_methods.prequential.Rolling_Window object at 0x00000250F7D121E0>,2,ARMA,2.1249233961757508,1.1402720122822871,1.4577116985795753
datasets/synthetic_data/s2.csv,422,<timecave.validation_methods.CV.Block_CV object at 0x00000250F7D13A70>,0,Tree,2.293272690565779,1.2320348585369534,1.5143555363803374
datasets/synthetic_data/s2.csv,422,<timecave.validation_methods.CV.Block_CV object at 0x00000250F7D13A70>,0,ARMA,1.8747264620852422,1.1219083263112324,1.36920650819562
datasets/synthetic_data/s2.csv,422,<timecave.validation_methods.CV.Block_CV object at 0x00000250F7D13A70>,1,Tree,3.3155585881052363,1.4517483850817439,1.8208675372209908
datasets/synthetic_data/s2.csv,422,<timecave.validation_methods.CV.Block_CV object at 0x00000250F7D13A70>,1,ARMA,2.317019500396134,1.3399964626431986,1.5221759098067917
datasets/synthetic_data/s2.csv,422,<timecave.validation_methods.CV.Block_CV object at 0x00000250F7D13A70>,2,Tree,1.9025098692337539,1.156804246921583,1.3793150000031733
datasets/synthetic_data/s2.csv,422,<timecave.validation_methods.CV.Block_CV object at 0x00000250F7D13A70>,2,ARMA,1.5321749351981204,1.0182756452976007,1.2378105409141258
datasets/synthetic_data/s2.csv,422,<timecave.validation_methods.CV.Block_CV object at 0x00000250F7D13A70>,3,Tree,2.378986498458726,1.2605807390197878,1.5423963493404431
datasets/synthetic_data/s2.csv,422,<timecave.validation_methods.CV.Block_CV object at 0x00000250F7D13A70>,3,ARMA,2.292068070713185,1.1393494754183995,1.513957750636782
datasets/synthetic_data/s2.csv,422,<timecave.validation_methods.CV.Block_CV object at 0x00000250F7D13A70>,4,Tree,2.9474926109292165,1.4117592041835152,1.7168263193838846
datasets/synthetic_data/s2.csv,422,<timecave.validation_methods.CV.Block_CV object at 0x00000250F7D13A70>,4,ARMA,1.8051347363046335,1.1387113269509506,1.3435530269790745
datasets/synthetic_data/s2.csv,422,<timecave.validation_methods.CV.AdaptedhvBlockCV object at 0x00000250F7D10AD0>,0,Tree,2.097185148203726,1.2796350572339747,1.4481661328051163
datasets/synthetic_data/s2.csv,422,<timecave.validation_methods.CV.AdaptedhvBlockCV object at 0x00000250F7D10AD0>,0,ARMA,1.8848343299830876,1.124711244526496,1.372892686987256
datasets/synthetic_data/s2.csv,422,<timecave.validation_methods.CV.AdaptedhvBlockCV object at 0x00000250F7D10AD0>,1,Tree,3.2125421203541866,1.4304912910892649,1.7923565829248895
datasets/synthetic_data/s2.csv,422,<timecave.validation_methods.CV.AdaptedhvBlockCV object at 0x00000250F7D10AD0>,1,ARMA,2.3300491006127912,1.3413409263214937,1.5264498356031198
datasets/synthetic_data/s2.csv,422,<timecave.validation_methods.CV.AdaptedhvBlockCV object at 0x00000250F7D10AD0>,2,Tree,2.502388958961232,1.2516185738153296,1.5818941048506476
datasets/synthetic_data/s2.csv,422,<timecave.validation_methods.CV.AdaptedhvBlockCV object at 0x00000250F7D10AD0>,2,ARMA,1.5437293164919654,1.0184143409407662,1.2424690404561256
datasets/synthetic_data/s2.csv,422,<timecave.validation_methods.CV.AdaptedhvBlockCV object at 0x00000250F7D10AD0>,3,Tree,2.5105610658819084,1.338837663839324,1.5844750127035478
datasets/synthetic_data/s2.csv,422,<timecave.validation_methods.CV.AdaptedhvBlockCV object at 0x00000250F7D10AD0>,3,ARMA,2.2553079934512894,1.1279232411259392,1.5017682888685888
datasets/synthetic_data/s2.csv,422,<timecave.validation_methods.CV.AdaptedhvBlockCV object at 0x00000250F7D10AD0>,4,Tree,2.015244036021236,1.1971881230963786,1.419592912077697
datasets/synthetic_data/s2.csv,422,<timecave.validation_methods.CV.AdaptedhvBlockCV object at 0x00000250F7D10AD0>,4,ARMA,1.8283928767867108,1.1439528436540551,1.352180785541161
datasets/synthetic_data/s2.csv,422,<timecave.validation_methods.markov.MarkovCV object at 0x00000250F7D12CF0>,0,Tree,5.0105882187506205,1.9778050074214235,2.2384343230817874
datasets/synthetic_data/s2.csv,422,<timecave.validation_methods.markov.MarkovCV object at 0x00000250F7D12CF0>,0,ARMA,1.8484197429792495,1.1949711873431377,1.3595660127331992
datasets/synthetic_data/s2.csv,422,<timecave.validation_methods.markov.MarkovCV object at 0x00000250F7D12CF0>,1,Tree,2.7074823047098,1.452829285903234,1.6454428901392475
datasets/synthetic_data/s2.csv,422,<timecave.validation_methods.markov.MarkovCV object at 0x00000250F7D12CF0>,1,ARMA,1.6059254076625114,0.9347018575814398,1.2672511225729932
datasets/synthetic_data/s2.csv,422,<timecave.validation_methods.markov.MarkovCV object at 0x00000250F7D12CF0>,2,Tree,2.4461799860028335,1.41461253089022,1.5640268495146858
datasets/synthetic_data/s2.csv,422,<timecave.validation_methods.markov.MarkovCV object at 0x00000250F7D12CF0>,2,ARMA,1.3798585719761767,0.9642091921985732,1.1746738151402611
datasets/synthetic_data/s2.csv,422,<timecave.validation_methods.markov.MarkovCV object at 0x00000250F7D12CF0>,3,Tree,2.503091166790587,1.5043322768365097,1.5821160408739263
datasets/synthetic_data/s2.csv,422,<timecave.validation_methods.markov.MarkovCV object at 0x00000250F7D12CF0>,3,ARMA,1.348859062970954,0.8994366650120246,1.16140391895798
datasets/synthetic_data/s2.csv,422,<timecave.validation_methods.markov.MarkovCV object at 0x00000250F7D12CF0>,4,Tree,7.340987576414136,2.255548541257231,2.709425691251586
datasets/synthetic_data/s2.csv,422,<timecave.validation_methods.markov.MarkovCV object at 0x00000250F7D12CF0>,4,ARMA,4.973260609337789,1.746305496317932,2.2300808526458833
datasets/synthetic_data/s2.csv,422,<timecave.validation_methods.markov.MarkovCV object at 0x00000250F7D12CF0>,5,Tree,5.654341250462573,1.6753484303383437,2.377885878351308
datasets/synthetic_data/s2.csv,422,<timecave.validation_methods.markov.MarkovCV object at 0x00000250F7D12CF0>,5,ARMA,2.226865516590909,1.1885215214488305,1.4922685805815616
datasets/synthetic_data/s2.csv,422,<timecave.validation_methods.markov.MarkovCV object at 0x00000250F7D12CF0>,6,Tree,6.124773506699722,2.0061850258872966,2.474827975173168
datasets/synthetic_data/s2.csv,422,<timecave.validation_methods.markov.MarkovCV object at 0x00000250F7D12CF0>,6,ARMA,1.7909200273144668,1.1632637276927782,1.3382526022072465
datasets/synthetic_data/s2.csv,422,<timecave.validation_methods.markov.MarkovCV object at 0x00000250F7D12CF0>,7,Tree,2.8419286877127123,1.4039857083661835,1.685802090315679
datasets/synthetic_data/s2.csv,422,<timecave.validation_methods.markov.MarkovCV object at 0x00000250F7D12CF0>,7,ARMA,2.2341129119399348,1.2086413328058816,1.4946949226982524
datasets/synthetic_data/s2.csv,422,<timecave.validation_methods.markov.MarkovCV object at 0x00000250F7D12CF0>,8,Tree,4.436399901753441,1.6101763240490496,2.1062763118246
datasets/synthetic_data/s2.csv,422,<timecave.validation_methods.markov.MarkovCV object at 0x00000250F7D12CF0>,8,ARMA,2.81564062723563,1.2436859062644254,1.6779870760037545
datasets/synthetic_data/s2.csv,422,<timecave.validation_methods.markov.MarkovCV object at 0x00000250F7D12CF0>,9,Tree,4.5508112463395625,1.5682623829229492,2.1332630513697937
datasets/synthetic_data/s2.csv,422,<timecave.validation_methods.markov.MarkovCV object at 0x00000250F7D12CF0>,9,ARMA,2.4691921462157973,1.3513440888260546,1.5713663310048989
datasets/synthetic_data/s2.csv,423,<timecave.validation_methods.OOS.Holdout object at 0x00000250F6CBF3B0>,0,Tree,2.644044120611093,1.307725883926081,1.6260516967830676
datasets/synthetic_data/s2.csv,423,<timecave.validation_methods.OOS.Holdout object at 0x00000250F6CBF3B0>,0,ARMA,1.6589381974487578,1.06032121749415,1.2879977474548463
datasets/synthetic_data/s2.csv,423,<timecave.validation_methods.OOS.Repeated_Holdout object at 0x00000250F6CBE6F0>,0,Tree,2.743265976945236,1.252766216254812,1.6562807663392205
datasets/synthetic_data/s2.csv,423,<timecave.validation_methods.OOS.Repeated_Holdout object at 0x00000250F6CBE6F0>,0,ARMA,1.75032193449666,1.0760192109875297,1.3229973297390514
datasets/synthetic_data/s2.csv,423,<timecave.validation_methods.OOS.Repeated_Holdout object at 0x00000250F6CBE6F0>,1,Tree,2.4560210038016494,1.314729477088681,1.5671697431362213
datasets/synthetic_data/s2.csv,423,<timecave.validation_methods.OOS.Repeated_Holdout object at 0x00000250F6CBE6F0>,1,ARMA,1.5867363660996872,1.034749007196898,1.2596572415144078
datasets/synthetic_data/s2.csv,423,<timecave.validation_methods.OOS.Repeated_Holdout object at 0x00000250F6CBE6F0>,2,Tree,2.8649363773917513,1.3056957997858358,1.6926122938794197
datasets/synthetic_data/s2.csv,423,<timecave.validation_methods.OOS.Repeated_Holdout object at 0x00000250F6CBE6F0>,2,ARMA,1.5977834862029996,1.018503884399019,1.2640346064103622
datasets/synthetic_data/s2.csv,423,<timecave.validation_methods.OOS.Repeated_Holdout object at 0x00000250F6CBE6F0>,3,Tree,2.6644477140943748,1.2788204148240334,1.6323136077648728
datasets/synthetic_data/s2.csv,423,<timecave.validation_methods.OOS.Repeated_Holdout object at 0x00000250F6CBE6F0>,3,ARMA,1.6589381974487578,1.06032121749415,1.2879977474548463
datasets/synthetic_data/s2.csv,423,<timecave.validation_methods.prequential.Growing_Window object at 0x00000250F6CBE9F0>,0,Tree,1.6058485905900057,1.016209553169463,1.2672208136666654
datasets/synthetic_data/s2.csv,423,<timecave.validation_methods.prequential.Growing_Window object at 0x00000250F6CBE9F0>,0,ARMA,2.258509695943011,1.1569215656031422,1.5028338883399626
datasets/synthetic_data/s2.csv,423,<timecave.validation_methods.prequential.Growing_Window object at 0x00000250F6CBE9F0>,1,Tree,2.8457240460837028,1.4201969461484154,1.6869273979883375
datasets/synthetic_data/s2.csv,423,<timecave.validation_methods.prequential.Growing_Window object at 0x00000250F6CBE9F0>,1,ARMA,2.390543354300622,1.2519698725578192,1.5461382067268832
datasets/synthetic_data/s2.csv,423,<timecave.validation_methods.prequential.Growing_Window object at 0x00000250F6CBE9F0>,2,Tree,2.0968982619464125,1.124509590414874,1.4480670778477123
datasets/synthetic_data/s2.csv,423,<timecave.validation_methods.prequential.Growing_Window object at 0x00000250F6CBE9F0>,2,ARMA,1.2917110625450747,0.9450922916500575,1.136534672830123
datasets/synthetic_data/s2.csv,423,<timecave.validation_methods.prequential.Growing_Window object at 0x00000250F6CBE9F0>,3,Tree,1.5500552740543023,0.9682532934508172,1.2450121581953737
datasets/synthetic_data/s2.csv,423,<timecave.validation_methods.prequential.Growing_Window object at 0x00000250F6CBE9F0>,3,ARMA,1.6402892249170216,1.035625773968879,1.2807377658666201
datasets/synthetic_data/s2.csv,423,<timecave.validation_methods.prequential.Growing_Window object at 0x00000250F6CBC320>,0,Tree,3.13951838303266,1.369482849633982,1.7718686133663129
datasets/synthetic_data/s2.csv,423,<timecave.validation_methods.prequential.Growing_Window object at 0x00000250F6CBC320>,0,ARMA,2.366284812727159,1.1855242683552873,1.5382733218538112
datasets/synthetic_data/s2.csv,423,<timecave.validation_methods.prequential.Growing_Window object at 0x00000250F6CBC320>,1,Tree,2.070658076098633,1.2362966860004618,1.4389781360738714
datasets/synthetic_data/s2.csv,423,<timecave.validation_methods.prequential.Growing_Window object at 0x00000250F6CBC320>,1,ARMA,1.1832075808882023,0.8909296210930039,1.08775345593025
datasets/synthetic_data/s2.csv,423,<timecave.validation_methods.prequential.Growing_Window object at 0x00000250F6CBC320>,2,Tree,2.3166838583789184,1.157397910138786,1.5220656550815796
datasets/synthetic_data/s2.csv,423,<timecave.validation_methods.prequential.Growing_Window object at 0x00000250F6CBC320>,2,ARMA,1.7600741854770643,1.0823687308714778,1.3266778755512072
datasets/synthetic_data/s2.csv,423,<timecave.validation_methods.prequential.Rolling_Window object at 0x00000250F6CBC5F0>,0,Tree,2.170508041984465,1.2089539011606247,1.4732644168595348
datasets/synthetic_data/s2.csv,423,<timecave.validation_methods.prequential.Rolling_Window object at 0x00000250F6CBC5F0>,0,ARMA,2.258509695943011,1.1569215656031422,1.5028338883399626
datasets/synthetic_data/s2.csv,423,<timecave.validation_methods.prequential.Rolling_Window object at 0x00000250F6CBC5F0>,1,Tree,3.1923135399697724,1.4274350875760429,1.7867046594134612
datasets/synthetic_data/s2.csv,423,<timecave.validation_methods.prequential.Rolling_Window object at 0x00000250F6CBC5F0>,1,ARMA,2.8103388568199525,1.3359030932227651,1.6764065308927762
datasets/synthetic_data/s2.csv,423,<timecave.validation_methods.prequential.Rolling_Window object at 0x00000250F6CBC5F0>,2,Tree,3.2255728184857357,1.551086600357548,1.7959879783800714
datasets/synthetic_data/s2.csv,423,<timecave.validation_methods.prequential.Rolling_Window object at 0x00000250F6CBC5F0>,2,ARMA,1.4384103152914365,1.0063580397033416,1.1993374484653752
datasets/synthetic_data/s2.csv,423,<timecave.validation_methods.prequential.Rolling_Window object at 0x00000250F6CBC5F0>,3,Tree,2.4819539014000127,1.3287368176108605,1.575421816974747
datasets/synthetic_data/s2.csv,423,<timecave.validation_methods.prequential.Rolling_Window object at 0x00000250F6CBC5F0>,3,ARMA,1.962738040437476,1.0670189076072403,1.4009775303114165
datasets/synthetic_data/s2.csv,423,<timecave.validation_methods.prequential.Rolling_Window object at 0x00000250F6A47A10>,0,Tree,3.6414327473959114,1.384253517726947,1.9082538477351254
datasets/synthetic_data/s2.csv,423,<timecave.validation_methods.prequential.Rolling_Window object at 0x00000250F6A47A10>,0,ARMA,2.366284812727159,1.1855242683552873,1.5382733218538112
datasets/synthetic_data/s2.csv,423,<timecave.validation_methods.prequential.Rolling_Window object at 0x00000250F6A47A10>,1,Tree,1.8356783983624405,1.1327751699664925,1.3548720966801406
datasets/synthetic_data/s2.csv,423,<timecave.validation_methods.prequential.Rolling_Window object at 0x00000250F6A47A10>,1,ARMA,1.0891283052494063,0.867160023927298,1.0436131013212733
datasets/synthetic_data/s2.csv,423,<timecave.validation_methods.prequential.Rolling_Window object at 0x00000250F6A47A10>,2,Tree,3.270302492646312,1.594995239696114,1.8083977694761493
datasets/synthetic_data/s2.csv,423,<timecave.validation_methods.prequential.Rolling_Window object at 0x00000250F6A47A10>,2,ARMA,1.9046213212403442,1.1413386404166876,1.380080186525531
datasets/synthetic_data/s2.csv,423,<timecave.validation_methods.CV.Block_CV object at 0x00000250F7D13AA0>,0,Tree,3.42771228942716,1.5749660937514531,1.8514081909258044
datasets/synthetic_data/s2.csv,423,<timecave.validation_methods.CV.Block_CV object at 0x00000250F7D13AA0>,0,ARMA,1.612896185191144,1.078530856832234,1.2699984981058616
datasets/synthetic_data/s2.csv,423,<timecave.validation_methods.CV.Block_CV object at 0x00000250F7D13AA0>,1,Tree,1.786652627476884,1.1457503431507798,1.3366572587903318
datasets/synthetic_data/s2.csv,423,<timecave.validation_methods.CV.Block_CV object at 0x00000250F7D13AA0>,1,ARMA,1.5723840510109741,1.0073564944210949,1.253947387656665
datasets/synthetic_data/s2.csv,423,<timecave.validation_methods.CV.Block_CV object at 0x00000250F7D13AA0>,2,Tree,2.809662859742355,1.2409877061370467,1.6762048978995243
datasets/synthetic_data/s2.csv,423,<timecave.validation_methods.CV.Block_CV object at 0x00000250F7D13AA0>,2,ARMA,2.510676033719597,1.2814514414711309,1.5845112917614683
datasets/synthetic_data/s2.csv,423,<timecave.validation_methods.CV.Block_CV object at 0x00000250F7D13AA0>,3,Tree,3.8791228752992244,1.6868583423888526,1.969548901474453
datasets/synthetic_data/s2.csv,423,<timecave.validation_methods.CV.Block_CV object at 0x00000250F7D13AA0>,3,ARMA,1.2232684164263181,0.9258503612443572,1.1060146547068526
datasets/synthetic_data/s2.csv,423,<timecave.validation_methods.CV.Block_CV object at 0x00000250F7D13AA0>,4,Tree,1.9971652480017648,1.1368253274168456,1.413210970804347
datasets/synthetic_data/s2.csv,423,<timecave.validation_methods.CV.Block_CV object at 0x00000250F7D13AA0>,4,ARMA,1.6402892249170216,1.035625773968879,1.2807377658666201
datasets/synthetic_data/s2.csv,423,<timecave.validation_methods.CV.AdaptedhvBlockCV object at 0x00000250F7D13E60>,0,Tree,2.4758540617031284,1.311104805749627,1.5734846874701796
datasets/synthetic_data/s2.csv,423,<timecave.validation_methods.CV.AdaptedhvBlockCV object at 0x00000250F7D13E60>,0,ARMA,1.6416116063573791,1.0901989709088271,1.2812539195481039
datasets/synthetic_data/s2.csv,423,<timecave.validation_methods.CV.AdaptedhvBlockCV object at 0x00000250F7D13E60>,1,Tree,1.8599811195572529,1.1424341658052273,1.3638112477748718
datasets/synthetic_data/s2.csv,423,<timecave.validation_methods.CV.AdaptedhvBlockCV object at 0x00000250F7D13E60>,1,ARMA,1.5866417080397377,1.0124583317375708,1.2596196680108396
datasets/synthetic_data/s2.csv,423,<timecave.validation_methods.CV.AdaptedhvBlockCV object at 0x00000250F7D13E60>,2,Tree,2.5290686075146547,1.2836551485186167,1.590304564388424
datasets/synthetic_data/s2.csv,423,<timecave.validation_methods.CV.AdaptedhvBlockCV object at 0x00000250F7D13E60>,2,ARMA,2.5323772315813944,1.287171877593095,1.5913444729477633
datasets/synthetic_data/s2.csv,423,<timecave.validation_methods.CV.AdaptedhvBlockCV object at 0x00000250F7D13E60>,3,Tree,3.347378258660092,1.5535810076275813,1.8295841764346596
datasets/synthetic_data/s2.csv,423,<timecave.validation_methods.CV.AdaptedhvBlockCV object at 0x00000250F7D13E60>,3,ARMA,1.2196883130422689,0.9268521510453576,1.1043949986496087
datasets/synthetic_data/s2.csv,423,<timecave.validation_methods.CV.AdaptedhvBlockCV object at 0x00000250F7D13E60>,4,Tree,2.1686530187090103,1.2407649366924032,1.4726347200541654
datasets/synthetic_data/s2.csv,423,<timecave.validation_methods.CV.AdaptedhvBlockCV object at 0x00000250F7D13E60>,4,ARMA,1.5523828227364351,1.0367462732400266,1.2459465569342993
datasets/synthetic_data/s2.csv,423,<timecave.validation_methods.markov.MarkovCV object at 0x00000250F7D103E0>,0,Tree,3.7436498258570006,1.4515026877425858,1.9348513704822394
datasets/synthetic_data/s2.csv,423,<timecave.validation_methods.markov.MarkovCV object at 0x00000250F7D103E0>,0,ARMA,1.8815868734650378,1.0412111587262478,1.371709471231076
datasets/synthetic_data/s2.csv,423,<timecave.validation_methods.markov.MarkovCV object at 0x00000250F7D103E0>,1,Tree,3.3802061573278577,1.528427530656441,1.838533697631854
datasets/synthetic_data/s2.csv,423,<timecave.validation_methods.markov.MarkovCV object at 0x00000250F7D103E0>,1,ARMA,1.27039119100653,0.9254001282822681,1.1271163165381513
datasets/synthetic_data/s2.csv,423,<timecave.validation_methods.markov.MarkovCV object at 0x00000250F7D103E0>,2,Tree,4.429411008245444,1.7699719509691727,2.1046165941200417
datasets/synthetic_data/s2.csv,423,<timecave.validation_methods.markov.MarkovCV object at 0x00000250F7D103E0>,2,ARMA,1.9098639721401378,1.163993861528924,1.3819782820797648
datasets/synthetic_data/s2.csv,423,<timecave.validation_methods.markov.MarkovCV object at 0x00000250F7D103E0>,3,Tree,2.9111264690220637,1.3511054616635552,1.7062023528943053
datasets/synthetic_data/s2.csv,423,<timecave.validation_methods.markov.MarkovCV object at 0x00000250F7D103E0>,3,ARMA,1.793624197033206,1.0641334171522825,1.3392625571683867
datasets/synthetic_data/s2.csv,423,<timecave.validation_methods.markov.MarkovCV object at 0x00000250F7D103E0>,4,Tree,4.249408107773337,1.7616276703405698,2.0614092528591543
datasets/synthetic_data/s2.csv,423,<timecave.validation_methods.markov.MarkovCV object at 0x00000250F7D103E0>,4,ARMA,1.688955781581021,1.1072714527547607,1.299598315473293
datasets/synthetic_data/s2.csv,423,<timecave.validation_methods.markov.MarkovCV object at 0x00000250F7D103E0>,5,Tree,3.5002394221199378,1.5025409647714085,1.8708926805458237
datasets/synthetic_data/s2.csv,423,<timecave.validation_methods.markov.MarkovCV object at 0x00000250F7D103E0>,5,ARMA,1.8944256315047137,1.1997266048544013,1.3763813539512637
datasets/synthetic_data/s2.csv,423,<timecave.validation_methods.markov.MarkovCV object at 0x00000250F7D103E0>,6,Tree,6.55954342116207,2.363984732509996,2.5611605613787805
datasets/synthetic_data/s2.csv,423,<timecave.validation_methods.markov.MarkovCV object at 0x00000250F7D103E0>,6,ARMA,1.764166865441911,1.126243436036682,1.3282194342208336
datasets/synthetic_data/s2.csv,423,<timecave.validation_methods.markov.MarkovCV object at 0x00000250F7D103E0>,7,Tree,3.821616741809251,1.759942177897313,1.9548955833520243
datasets/synthetic_data/s2.csv,423,<timecave.validation_methods.markov.MarkovCV object at 0x00000250F7D103E0>,7,ARMA,2.4542053128195263,1.3274713603354096,1.5665903462039865
datasets/synthetic_data/s2.csv,423,<timecave.validation_methods.markov.MarkovCV object at 0x00000250F7D103E0>,8,Tree,1.534424954750788,1.012255046996575,1.2387190782218493
datasets/synthetic_data/s2.csv,423,<timecave.validation_methods.markov.MarkovCV object at 0x00000250F7D103E0>,8,ARMA,2.1655314949990276,1.2777005081581543,1.4715744952257863
datasets/synthetic_data/s2.csv,423,<timecave.validation_methods.markov.MarkovCV object at 0x00000250F7D103E0>,9,Tree,3.7270879965737844,1.7227651800783794,1.9305667552751924
datasets/synthetic_data/s2.csv,423,<timecave.validation_methods.markov.MarkovCV object at 0x00000250F7D103E0>,9,ARMA,2.2146416364286066,1.2403925854696096,1.488167207147304
datasets/synthetic_data/s2.csv,424,<timecave.validation_methods.OOS.Holdout object at 0x00000250F6BB0C20>,0,Tree,4.813605461133855,1.7513733024778049,2.19399304035675
datasets/synthetic_data/s2.csv,424,<timecave.validation_methods.OOS.Holdout object at 0x00000250F6BB0C20>,0,ARMA,2.4183124375454663,1.2183816799486344,1.5550924209015573
datasets/synthetic_data/s2.csv,424,<timecave.validation_methods.OOS.Repeated_Holdout object at 0x00000250F7D11520>,0,Tree,3.7702137401908313,1.6742458862761112,1.941703824014062
datasets/synthetic_data/s2.csv,424,<timecave.validation_methods.OOS.Repeated_Holdout object at 0x00000250F7D11520>,0,ARMA,2.72261143349447,1.3134797035853198,1.650033767380071
datasets/synthetic_data/s2.csv,424,<timecave.validation_methods.OOS.Repeated_Holdout object at 0x00000250F7D11520>,1,Tree,4.085801429552929,1.7135774668487758,2.0213365453464025
datasets/synthetic_data/s2.csv,424,<timecave.validation_methods.OOS.Repeated_Holdout object at 0x00000250F7D11520>,1,ARMA,2.8227726536662976,1.3331694681187356,1.6801109051685539
datasets/synthetic_data/s2.csv,424,<timecave.validation_methods.OOS.Repeated_Holdout object at 0x00000250F7D11520>,2,Tree,4.69871111246123,1.7541142575784867,2.167651058741058
datasets/synthetic_data/s2.csv,424,<timecave.validation_methods.OOS.Repeated_Holdout object at 0x00000250F7D11520>,2,ARMA,2.5614284234223335,1.247348135028746,1.600446320068978
datasets/synthetic_data/s2.csv,424,<timecave.validation_methods.OOS.Repeated_Holdout object at 0x00000250F7D11520>,3,Tree,4.589387836496964,1.7273163776663416,2.142285657072129
datasets/synthetic_data/s2.csv,424,<timecave.validation_methods.OOS.Repeated_Holdout object at 0x00000250F7D11520>,3,ARMA,2.4183124375454663,1.2183816799486344,1.5550924209015573
datasets/synthetic_data/s2.csv,424,<timecave.validation_methods.prequential.Growing_Window object at 0x00000250F7D126F0>,0,Tree,4.47925908165132,1.9338575577079609,2.1164260161062374
datasets/synthetic_data/s2.csv,424,<timecave.validation_methods.prequential.Growing_Window object at 0x00000250F7D126F0>,0,ARMA,2.472968460021064,1.2421175485574412,1.5725674739167996
datasets/synthetic_data/s2.csv,424,<timecave.validation_methods.prequential.Growing_Window object at 0x00000250F7D126F0>,1,Tree,3.5550413830774508,1.4777652677301623,1.8854817376674458
datasets/synthetic_data/s2.csv,424,<timecave.validation_methods.prequential.Growing_Window object at 0x00000250F7D126F0>,1,ARMA,2.760667773660645,1.2517883962297254,1.6615257366831984
datasets/synthetic_data/s2.csv,424,<timecave.validation_methods.prequential.Growing_Window object at 0x00000250F7D126F0>,2,Tree,3.2494954885333582,1.4913805418771016,1.8026357059964606
datasets/synthetic_data/s2.csv,424,<timecave.validation_methods.prequential.Growing_Window object at 0x00000250F7D126F0>,2,ARMA,2.98331977241601,1.418500943653375,1.7272289287804352
datasets/synthetic_data/s2.csv,424,<timecave.validation_methods.prequential.Growing_Window object at 0x00000250F7D126F0>,3,Tree,3.810327274123843,1.6572348263687484,1.9520059616004872
datasets/synthetic_data/s2.csv,424,<timecave.validation_methods.prequential.Growing_Window object at 0x00000250F7D126F0>,3,ARMA,2.9051195750281966,1.3710291056985329,1.7044411327553077
datasets/synthetic_data/s2.csv,424,<timecave.validation_methods.prequential.Growing_Window object at 0x00000250F7D12000>,0,Tree,4.227313423712308,1.7844626488533022,2.0560431473372116
datasets/synthetic_data/s2.csv,424,<timecave.validation_methods.prequential.Growing_Window object at 0x00000250F7D12000>,0,ARMA,2.678933888928662,1.1983263084444535,1.6367449064923532
datasets/synthetic_data/s2.csv,424,<timecave.validation_methods.prequential.Growing_Window object at 0x00000250F7D12000>,1,Tree,3.81541020571458,1.6390139839874527,1.953307504136146
datasets/synthetic_data/s2.csv,424,<timecave.validation_methods.prequential.Growing_Window object at 0x00000250F7D12000>,1,ARMA,3.526270957394437,1.5037274146047372,1.8778367760256578
datasets/synthetic_data/s2.csv,424,<timecave.validation_methods.prequential.Growing_Window object at 0x00000250F7D12000>,2,Tree,4.836353704730924,1.8189932725798486,2.199171140391517
datasets/synthetic_data/s2.csv,424,<timecave.validation_methods.prequential.Growing_Window object at 0x00000250F7D12000>,2,ARMA,3.037503086143748,1.44138989102737,1.7428433911696564
datasets/synthetic_data/s2.csv,424,<timecave.validation_methods.prequential.Rolling_Window object at 0x00000250F7D11850>,0,Tree,4.161797068557734,1.840909946719706,2.040048300545292
datasets/synthetic_data/s2.csv,424,<timecave.validation_methods.prequential.Rolling_Window object at 0x00000250F7D11850>,0,ARMA,2.472968460021064,1.2421175485574412,1.5725674739167996
datasets/synthetic_data/s2.csv,424,<timecave.validation_methods.prequential.Rolling_Window object at 0x00000250F7D11850>,1,Tree,3.939553369164774,1.6374844420793953,1.984830816257339
datasets/synthetic_data/s2.csv,424,<timecave.validation_methods.prequential.Rolling_Window object at 0x00000250F7D11850>,1,ARMA,2.7610806700832056,1.216132462421629,1.6616499842274863
datasets/synthetic_data/s2.csv,424,<timecave.validation_methods.prequential.Rolling_Window object at 0x00000250F7D11850>,2,Tree,5.049400359663918,1.8741291606536987,2.2470870832399705
datasets/synthetic_data/s2.csv,424,<timecave.validation_methods.prequential.Rolling_Window object at 0x00000250F7D11850>,2,ARMA,2.9964767457572137,1.3979160871498157,1.7310334328825696
datasets/synthetic_data/s2.csv,424,<timecave.validation_methods.prequential.Rolling_Window object at 0x00000250F7D11850>,3,Tree,4.092588687471296,1.7034700601500776,2.0230147521635367
datasets/synthetic_data/s2.csv,424,<timecave.validation_methods.prequential.Rolling_Window object at 0x00000250F7D11850>,3,ARMA,3.0097778140195985,1.3972721160242458,1.734871123173015
datasets/synthetic_data/s2.csv,424,<timecave.validation_methods.prequential.Rolling_Window object at 0x00000250F7D131D0>,0,Tree,4.242265833805102,1.7791515724791491,2.0596761477972945
datasets/synthetic_data/s2.csv,424,<timecave.validation_methods.prequential.Rolling_Window object at 0x00000250F7D131D0>,0,ARMA,2.678933888928662,1.1983263084444535,1.6367449064923532
datasets/synthetic_data/s2.csv,424,<timecave.validation_methods.prequential.Rolling_Window object at 0x00000250F7D131D0>,1,Tree,2.707920286441665,1.354609263409911,1.645575974071591
datasets/synthetic_data/s2.csv,424,<timecave.validation_methods.prequential.Rolling_Window object at 0x00000250F7D131D0>,1,ARMA,3.146241379098857,1.4288431443899603,1.7737647473943259
datasets/synthetic_data/s2.csv,424,<timecave.validation_methods.prequential.Rolling_Window object at 0x00000250F7D131D0>,2,Tree,4.9518710118456575,1.8082661217163618,2.22527998504585
datasets/synthetic_data/s2.csv,424,<timecave.validation_methods.prequential.Rolling_Window object at 0x00000250F7D131D0>,2,ARMA,2.9791552050831207,1.4101060889923192,1.7260229445413293
datasets/synthetic_data/s2.csv,424,<timecave.validation_methods.CV.Block_CV object at 0x00000250F7D11CA0>,0,Tree,4.20219857297782,1.814351879863676,2.0499264798957597
datasets/synthetic_data/s2.csv,424,<timecave.validation_methods.CV.Block_CV object at 0x00000250F7D11CA0>,0,ARMA,1.8162594514007078,1.0672086017212783,1.3476867037263178
datasets/synthetic_data/s2.csv,424,<timecave.validation_methods.CV.Block_CV object at 0x00000250F7D11CA0>,1,Tree,2.5976398341063383,1.2266849807101825,1.6117195271219922
datasets/synthetic_data/s2.csv,424,<timecave.validation_methods.CV.Block_CV object at 0x00000250F7D11CA0>,1,ARMA,2.5630489584464615,1.2794823374482975,1.6009525159874236
datasets/synthetic_data/s2.csv,424,<timecave.validation_methods.CV.Block_CV object at 0x00000250F7D11CA0>,2,Tree,5.611233608369845,2.0323993558116458,2.368804257082008
datasets/synthetic_data/s2.csv,424,<timecave.validation_methods.CV.Block_CV object at 0x00000250F7D11CA0>,2,ARMA,3.0221054376793646,1.3060911021982387,1.7384203857753637
datasets/synthetic_data/s2.csv,424,<timecave.validation_methods.CV.Block_CV object at 0x00000250F7D11CA0>,3,Tree,5.313965312958594,1.8914602685884432,2.3052039634181165
datasets/synthetic_data/s2.csv,424,<timecave.validation_methods.CV.Block_CV object at 0x00000250F7D11CA0>,3,ARMA,2.972404956706839,1.3703460644647263,1.7240664014784464
datasets/synthetic_data/s2.csv,424,<timecave.validation_methods.CV.Block_CV object at 0x00000250F7D11CA0>,4,Tree,3.6732882705467857,1.6233883452784477,1.916582445538617
datasets/synthetic_data/s2.csv,424,<timecave.validation_methods.CV.Block_CV object at 0x00000250F7D11CA0>,4,ARMA,2.9051195750281966,1.3710291056985329,1.7044411327553077
datasets/synthetic_data/s2.csv,424,<timecave.validation_methods.CV.AdaptedhvBlockCV object at 0x00000250F7D12E40>,0,Tree,3.2342308357943157,1.4543046703234208,1.7983967403758037
datasets/synthetic_data/s2.csv,424,<timecave.validation_methods.CV.AdaptedhvBlockCV object at 0x00000250F7D12E40>,0,ARMA,1.827972574831982,1.0695621454275561,1.3520253602769372
datasets/synthetic_data/s2.csv,424,<timecave.validation_methods.CV.AdaptedhvBlockCV object at 0x00000250F7D12E40>,1,Tree,2.2015241286844973,1.2582503729502443,1.4837533921391712
datasets/synthetic_data/s2.csv,424,<timecave.validation_methods.CV.AdaptedhvBlockCV object at 0x00000250F7D12E40>,1,ARMA,2.5684733061114544,1.2846186697334367,1.6026457207104303
datasets/synthetic_data/s2.csv,424,<timecave.validation_methods.CV.AdaptedhvBlockCV object at 0x00000250F7D12E40>,2,Tree,5.983679619815585,2.0038705366410463,2.4461560906482616
datasets/synthetic_data/s2.csv,424,<timecave.validation_methods.CV.AdaptedhvBlockCV object at 0x00000250F7D12E40>,2,ARMA,2.9663867593904243,1.2913272539995502,1.7223201675038309
datasets/synthetic_data/s2.csv,424,<timecave.validation_methods.CV.AdaptedhvBlockCV object at 0x00000250F7D12E40>,3,Tree,4.053181891095647,1.5524518361530981,2.0132515717355464
datasets/synthetic_data/s2.csv,424,<timecave.validation_methods.CV.AdaptedhvBlockCV object at 0x00000250F7D12E40>,3,ARMA,3.032049145000004,1.3780130262878822,1.741278020592922
datasets/synthetic_data/s2.csv,424,<timecave.validation_methods.CV.AdaptedhvBlockCV object at 0x00000250F7D12E40>,4,Tree,4.017843672751675,1.7209072104200658,2.004455954305725
datasets/synthetic_data/s2.csv,424,<timecave.validation_methods.CV.AdaptedhvBlockCV object at 0x00000250F7D12E40>,4,ARMA,2.8378055997242546,1.3724243751573117,1.6845787603208864
datasets/synthetic_data/s2.csv,424,<timecave.validation_methods.markov.MarkovCV object at 0x00000250F7D12330>,0,Tree,2.518929980834117,1.329557313448758,1.5871137264966606
datasets/synthetic_data/s2.csv,424,<timecave.validation_methods.markov.MarkovCV object at 0x00000250F7D12330>,0,ARMA,2.7093978249531725,1.4616045182518733,1.6460248555089234
datasets/synthetic_data/s2.csv,424,<timecave.validation_methods.markov.MarkovCV object at 0x00000250F7D12330>,1,Tree,2.9437901970433806,1.409455710174762,1.7157477078648191
datasets/synthetic_data/s2.csv,424,<timecave.validation_methods.markov.MarkovCV object at 0x00000250F7D12330>,1,ARMA,2.8649058080379595,1.2705528696397261,1.6926032636261692
datasets/synthetic_data/s2.csv,424,<timecave.validation_methods.markov.MarkovCV object at 0x00000250F7D12330>,2,Tree,10.053800731786781,2.690674767421372,3.1707728918651332
datasets/synthetic_data/s2.csv,424,<timecave.validation_methods.markov.MarkovCV object at 0x00000250F7D12330>,2,ARMA,4.381375005191345,1.771587559878192,2.0931734293152457
datasets/synthetic_data/s2.csv,424,<timecave.validation_methods.markov.MarkovCV object at 0x00000250F7D12330>,3,Tree,7.7001411146445236,2.4344788828607102,2.774912812079782
datasets/synthetic_data/s2.csv,424,<timecave.validation_methods.markov.MarkovCV object at 0x00000250F7D12330>,3,ARMA,3.3517690151189306,1.5132341123727469,1.8307837160950855
datasets/synthetic_data/s2.csv,424,<timecave.validation_methods.markov.MarkovCV object at 0x00000250F7D12330>,4,Tree,4.5015679584153725,1.6613735158302425,2.1216898827150428
datasets/synthetic_data/s2.csv,424,<timecave.validation_methods.markov.MarkovCV object at 0x00000250F7D12330>,4,ARMA,2.908706617133485,1.3353666209760195,1.7054930715583354
datasets/synthetic_data/s2.csv,424,<timecave.validation_methods.markov.MarkovCV object at 0x00000250F7D12330>,5,Tree,2.018161640615379,1.1828817947102148,1.4206201605691013
datasets/synthetic_data/s2.csv,424,<timecave.validation_methods.markov.MarkovCV object at 0x00000250F7D12330>,5,ARMA,1.9377596617532304,1.119127284506032,1.392034360837846
datasets/synthetic_data/s2.csv,424,<timecave.validation_methods.markov.MarkovCV object at 0x00000250F7D12330>,6,Tree,3.940250361800999,1.7208032563214026,1.9850063883526923
datasets/synthetic_data/s2.csv,424,<timecave.validation_methods.markov.MarkovCV object at 0x00000250F7D12330>,6,ARMA,3.5881385616568195,1.6198682983395258,1.8942382536673732
datasets/synthetic_data/s2.csv,424,<timecave.validation_methods.markov.MarkovCV object at 0x00000250F7D12330>,7,Tree,6.6866684058205275,2.0183475185161046,2.585859316710893
datasets/synthetic_data/s2.csv,424,<timecave.validation_methods.markov.MarkovCV object at 0x00000250F7D12330>,7,ARMA,4.114190100625225,1.6203565660602421,2.0283466421263467
datasets/synthetic_data/s2.csv,424,<timecave.validation_methods.markov.MarkovCV object at 0x00000250F7D12330>,8,Tree,2.8251334076388317,1.1885110287360061,1.6808133173076751
datasets/synthetic_data/s2.csv,424,<timecave.validation_methods.markov.MarkovCV object at 0x00000250F7D12330>,8,ARMA,1.3779703105092975,0.8322867398725193,1.1738698013448075
datasets/synthetic_data/s2.csv,424,<timecave.validation_methods.markov.MarkovCV object at 0x00000250F7D12330>,9,Tree,3.6522909159867627,1.5570254469692408,1.9110967835216413
datasets/synthetic_data/s2.csv,424,<timecave.validation_methods.markov.MarkovCV object at 0x00000250F7D12330>,9,ARMA,1.8379427586757493,1.136076020431332,1.3557074753337275
datasets/synthetic_data/s2.csv,425,<timecave.validation_methods.OOS.Holdout object at 0x00000250F7D91220>,0,Tree,3.0229894498691015,1.434395823295697,1.7386746244968037
datasets/synthetic_data/s2.csv,425,<timecave.validation_methods.OOS.Holdout object at 0x00000250F7D91220>,0,ARMA,2.103412168981884,1.1942578783874473,1.4503145069197523
datasets/synthetic_data/s2.csv,425,<timecave.validation_methods.OOS.Repeated_Holdout object at 0x00000250F6CBDEB0>,0,Tree,2.9093624966198584,1.4233762654786226,1.705685345138387
datasets/synthetic_data/s2.csv,425,<timecave.validation_methods.OOS.Repeated_Holdout object at 0x00000250F6CBDEB0>,0,ARMA,2.1093876142754366,1.194920439665835,1.4523730974771725
datasets/synthetic_data/s2.csv,425,<timecave.validation_methods.OOS.Repeated_Holdout object at 0x00000250F6CBDEB0>,1,Tree,3.5550283145045682,1.6143184993654596,1.8854782720849816
datasets/synthetic_data/s2.csv,425,<timecave.validation_methods.OOS.Repeated_Holdout object at 0x00000250F6CBDEB0>,1,ARMA,2.3334865542621355,1.285672409491557,1.527575384150365
datasets/synthetic_data/s2.csv,425,<timecave.validation_methods.OOS.Repeated_Holdout object at 0x00000250F6CBDEB0>,2,Tree,2.773464506713193,1.378486615381219,1.6653721826406231
datasets/synthetic_data/s2.csv,425,<timecave.validation_methods.OOS.Repeated_Holdout object at 0x00000250F6CBDEB0>,2,ARMA,2.1648040758821536,1.1976868476335196,1.471327317724426
datasets/synthetic_data/s2.csv,425,<timecave.validation_methods.OOS.Repeated_Holdout object at 0x00000250F6CBDEB0>,3,Tree,3.0429021510725045,1.382457298077084,1.7443916277810165
datasets/synthetic_data/s2.csv,425,<timecave.validation_methods.OOS.Repeated_Holdout object at 0x00000250F6CBDEB0>,3,ARMA,2.103412168981884,1.1942578783874473,1.4503145069197523
datasets/synthetic_data/s2.csv,425,<timecave.validation_methods.prequential.Growing_Window object at 0x00000250F6CBC980>,0,Tree,4.478754792923347,1.7830115118287517,2.1163068758862327
datasets/synthetic_data/s2.csv,425,<timecave.validation_methods.prequential.Growing_Window object at 0x00000250F6CBC980>,0,ARMA,3.0096514288778113,1.5007702279827009,1.734834697853894
datasets/synthetic_data/s2.csv,425,<timecave.validation_methods.prequential.Growing_Window object at 0x00000250F6CBC980>,1,Tree,2.7131605374730805,1.3325921033841561,1.6471674284883977
datasets/synthetic_data/s2.csv,425,<timecave.validation_methods.prequential.Growing_Window object at 0x00000250F6CBC980>,1,ARMA,1.9292289531813547,1.0820376715039834,1.388966865400811
datasets/synthetic_data/s2.csv,425,<timecave.validation_methods.prequential.Growing_Window object at 0x00000250F6CBC980>,2,Tree,3.663669288418683,1.6596245980756488,1.9140713906274978
datasets/synthetic_data/s2.csv,425,<timecave.validation_methods.prequential.Growing_Window object at 0x00000250F6CBC980>,2,ARMA,1.0640708595213217,0.8217071259807868,1.031538103766081
datasets/synthetic_data/s2.csv,425,<timecave.validation_methods.prequential.Growing_Window object at 0x00000250F6CBC980>,3,Tree,2.4230067763582963,1.1631351670608352,1.5566010331354327
datasets/synthetic_data/s2.csv,425,<timecave.validation_methods.prequential.Growing_Window object at 0x00000250F6CBC980>,3,ARMA,2.1686477579011827,1.2150434050835377,1.4726329338640987
datasets/synthetic_data/s2.csv,425,<timecave.validation_methods.prequential.Growing_Window object at 0x00000250F6CBC830>,0,Tree,1.7394510654407427,1.1327525995285237,1.318882506306283
datasets/synthetic_data/s2.csv,425,<timecave.validation_methods.prequential.Growing_Window object at 0x00000250F6CBC830>,0,ARMA,1.6807803820945166,1.0521849134892025,1.2964491436591397
datasets/synthetic_data/s2.csv,425,<timecave.validation_methods.prequential.Growing_Window object at 0x00000250F6CBC830>,1,Tree,3.743863650340119,1.391873106164962,1.9349066257419552
datasets/synthetic_data/s2.csv,425,<timecave.validation_methods.prequential.Growing_Window object at 0x00000250F6CBC830>,1,ARMA,1.1378585945075113,0.8492976060907805,1.0667045488360454
datasets/synthetic_data/s2.csv,425,<timecave.validation_methods.prequential.Growing_Window object at 0x00000250F6CBC830>,2,Tree,2.7088122077583554,1.364585092769725,1.6458469575748396
datasets/synthetic_data/s2.csv,425,<timecave.validation_methods.prequential.Growing_Window object at 0x00000250F6CBC830>,2,ARMA,2.4242106769509792,1.291792377179679,1.5569876932561089
datasets/synthetic_data/s2.csv,425,<timecave.validation_methods.prequential.Rolling_Window object at 0x00000250F6CBDF40>,0,Tree,4.319611187415531,1.7132694952597887,2.0783674332070188
datasets/synthetic_data/s2.csv,425,<timecave.validation_methods.prequential.Rolling_Window object at 0x00000250F6CBDF40>,0,ARMA,3.0096514288778113,1.5007702279827009,1.734834697853894
datasets/synthetic_data/s2.csv,425,<timecave.validation_methods.prequential.Rolling_Window object at 0x00000250F6CBDF40>,1,Tree,2.4665091694432935,1.289440468246998,1.5705123907321754
datasets/synthetic_data/s2.csv,425,<timecave.validation_methods.prequential.Rolling_Window object at 0x00000250F6CBDF40>,1,ARMA,1.9889458270797071,1.097153427424204,1.4102999067856834
datasets/synthetic_data/s2.csv,425,<timecave.validation_methods.prequential.Rolling_Window object at 0x00000250F6CBDF40>,2,Tree,2.2862730779532163,1.2666482088049507,1.5120426839058534
datasets/synthetic_data/s2.csv,425,<timecave.validation_methods.prequential.Rolling_Window object at 0x00000250F6CBDF40>,2,ARMA,1.0696916128496894,0.8187710612418175,1.0342589679812737
datasets/synthetic_data/s2.csv,425,<timecave.validation_methods.prequential.Rolling_Window object at 0x00000250F6CBDF40>,3,Tree,2.8411416911635463,1.404875518167022,1.685568655132014
datasets/synthetic_data/s2.csv,425,<timecave.validation_methods.prequential.Rolling_Window object at 0x00000250F6CBDF40>,3,ARMA,2.4035047214401777,1.2760621337699916,1.5503240698125595
datasets/synthetic_data/s2.csv,425,<timecave.validation_methods.prequential.Rolling_Window object at 0x00000250F6CBD3A0>,0,Tree,1.6500048082049024,1.101053632621864,1.2845251294563693
datasets/synthetic_data/s2.csv,425,<timecave.validation_methods.prequential.Rolling_Window object at 0x00000250F6CBD3A0>,0,ARMA,1.6807803820945166,1.0521849134892025,1.2964491436591397
datasets/synthetic_data/s2.csv,425,<timecave.validation_methods.prequential.Rolling_Window object at 0x00000250F6CBD3A0>,1,Tree,4.5163894845902846,1.8072758310540165,2.12517987111451
datasets/synthetic_data/s2.csv,425,<timecave.validation_methods.prequential.Rolling_Window object at 0x00000250F6CBD3A0>,1,ARMA,1.1628037194396192,0.8495109443925017,1.0783337699616105
datasets/synthetic_data/s2.csv,425,<timecave.validation_methods.prequential.Rolling_Window object at 0x00000250F6CBD3A0>,2,Tree,3.318552603955771,1.46277557325088,1.8216894916411444
datasets/synthetic_data/s2.csv,425,<timecave.validation_methods.prequential.Rolling_Window object at 0x00000250F6CBD3A0>,2,ARMA,2.3974228408608673,1.284168501484363,1.5483613405342007
datasets/synthetic_data/s2.csv,425,<timecave.validation_methods.CV.Block_CV object at 0x00000250F7E763F0>,0,Tree,2.9635260648808153,1.4105204891824472,1.7214894902034155
datasets/synthetic_data/s2.csv,425,<timecave.validation_methods.CV.Block_CV object at 0x00000250F7E763F0>,0,ARMA,1.5064322881431542,0.9662527252776187,1.2273680328830283
datasets/synthetic_data/s2.csv,425,<timecave.validation_methods.CV.Block_CV object at 0x00000250F7E763F0>,1,Tree,1.9853145282731488,1.148292797772987,1.4090118978465542
datasets/synthetic_data/s2.csv,425,<timecave.validation_methods.CV.Block_CV object at 0x00000250F7E763F0>,1,ARMA,3.2096107844722157,1.5827257829472994,1.7915386639624096
datasets/synthetic_data/s2.csv,425,<timecave.validation_methods.CV.Block_CV object at 0x00000250F7E763F0>,2,Tree,1.9908583521706045,1.1569779782538914,1.410977800027557
datasets/synthetic_data/s2.csv,425,<timecave.validation_methods.CV.Block_CV object at 0x00000250F7E763F0>,2,ARMA,1.8223611522447576,1.0682638809403304,1.3499485739259691
datasets/synthetic_data/s2.csv,425,<timecave.validation_methods.CV.Block_CV object at 0x00000250F7E763F0>,3,Tree,2.176262654121074,1.225631917885636,1.4752161381035236
datasets/synthetic_data/s2.csv,425,<timecave.validation_methods.CV.Block_CV object at 0x00000250F7E763F0>,3,ARMA,1.0995078869277481,0.834447225974268,1.0485742162230332
datasets/synthetic_data/s2.csv,425,<timecave.validation_methods.CV.Block_CV object at 0x00000250F7E763F0>,4,Tree,2.417055606458455,1.1817294635392246,1.5546882666497663
datasets/synthetic_data/s2.csv,425,<timecave.validation_methods.CV.Block_CV object at 0x00000250F7E763F0>,4,ARMA,2.1686477579011827,1.2150434050835377,1.4726329338640987
datasets/synthetic_data/s2.csv,425,<timecave.validation_methods.CV.AdaptedhvBlockCV object at 0x00000250F7E76000>,0,Tree,2.783576338855087,1.3858880564879672,1.6684053281067786
datasets/synthetic_data/s2.csv,425,<timecave.validation_methods.CV.AdaptedhvBlockCV object at 0x00000250F7E76000>,0,ARMA,1.5123596308162992,0.9675656667819243,1.229780318112263
datasets/synthetic_data/s2.csv,425,<timecave.validation_methods.CV.AdaptedhvBlockCV object at 0x00000250F7E76000>,1,Tree,2.791302059114213,1.3083557860002246,1.670719024586185
datasets/synthetic_data/s2.csv,425,<timecave.validation_methods.CV.AdaptedhvBlockCV object at 0x00000250F7E76000>,1,ARMA,3.219061412065921,1.5860185628273258,1.7941742981287858
datasets/synthetic_data/s2.csv,425,<timecave.validation_methods.CV.AdaptedhvBlockCV object at 0x00000250F7E76000>,2,Tree,2.0502617695757355,1.175316724785232,1.431873517310707
datasets/synthetic_data/s2.csv,425,<timecave.validation_methods.CV.AdaptedhvBlockCV object at 0x00000250F7E76000>,2,ARMA,1.8246933945255672,1.0641570542560432,1.3508121240666917
datasets/synthetic_data/s2.csv,425,<timecave.validation_methods.CV.AdaptedhvBlockCV object at 0x00000250F7E76000>,3,Tree,3.0828686578970697,1.3919183124552985,1.7558099720348639
datasets/synthetic_data/s2.csv,425,<timecave.validation_methods.CV.AdaptedhvBlockCV object at 0x00000250F7E76000>,3,ARMA,1.0927888598069337,0.8219973289653415,1.0453654192706652
datasets/synthetic_data/s2.csv,425,<timecave.validation_methods.CV.AdaptedhvBlockCV object at 0x00000250F7E76000>,4,Tree,3.191270372518096,1.5017322764800562,1.7864127105789682
datasets/synthetic_data/s2.csv,425,<timecave.validation_methods.CV.AdaptedhvBlockCV object at 0x00000250F7E76000>,4,ARMA,2.3112683712981217,1.2796319698836414,1.520285621617899
datasets/synthetic_data/s2.csv,425,<timecave.validation_methods.markov.MarkovCV object at 0x00000250F6CBE210>,0,Tree,2.687263974645569,1.45073350641762,1.639287642436668
datasets/synthetic_data/s2.csv,425,<timecave.validation_methods.markov.MarkovCV object at 0x00000250F6CBE210>,0,ARMA,1.307028230271395,0.9770999841947265,1.1432533534923022
datasets/synthetic_data/s2.csv,425,<timecave.validation_methods.markov.MarkovCV object at 0x00000250F6CBE210>,1,Tree,2.4317768851047865,1.356858553633836,1.5594155588247753
datasets/synthetic_data/s2.csv,425,<timecave.validation_methods.markov.MarkovCV object at 0x00000250F6CBE210>,1,ARMA,1.1749198958208311,0.931030143666048,1.0839372195015868
datasets/synthetic_data/s2.csv,425,<timecave.validation_methods.markov.MarkovCV object at 0x00000250F6CBE210>,2,Tree,8.26512949629233,2.441990521754886,2.874913824150618
datasets/synthetic_data/s2.csv,425,<timecave.validation_methods.markov.MarkovCV object at 0x00000250F6CBE210>,2,ARMA,2.1231351752941134,1.2454341600278416,1.457098203723453
datasets/synthetic_data/s2.csv,425,<timecave.validation_methods.markov.MarkovCV object at 0x00000250F6CBE210>,3,Tree,8.753147460974695,2.64378977733651,2.958571861722256
datasets/synthetic_data/s2.csv,425,<timecave.validation_methods.markov.MarkovCV object at 0x00000250F6CBE210>,3,ARMA,2.859630163265513,1.4572634892858507,1.6910441044708187
datasets/synthetic_data/s2.csv,425,<timecave.validation_methods.markov.MarkovCV object at 0x00000250F6CBE210>,4,Tree,3.8995438850020148,1.7179275600819144,1.9747262810328967
datasets/synthetic_data/s2.csv,425,<timecave.validation_methods.markov.MarkovCV object at 0x00000250F6CBE210>,4,ARMA,3.450129997289963,1.3619028035033693,1.857452555865146
datasets/synthetic_data/s2.csv,425,<timecave.validation_methods.markov.MarkovCV object at 0x00000250F6CBE210>,5,Tree,9.216934406045807,2.676280052839319,3.0359404483694683
datasets/synthetic_data/s2.csv,425,<timecave.validation_methods.markov.MarkovCV object at 0x00000250F6CBE210>,5,ARMA,1.3814315613363102,0.9763007381898423,1.1753431674776138
datasets/synthetic_data/s2.csv,425,<timecave.validation_methods.markov.MarkovCV object at 0x00000250F6CBE210>,6,Tree,2.670850924504216,1.487225217482228,1.6342738217643382
datasets/synthetic_data/s2.csv,425,<timecave.validation_methods.markov.MarkovCV object at 0x00000250F6CBE210>,6,ARMA,2.396969176960146,1.3000673531898206,1.548214835531602
datasets/synthetic_data/s2.csv,425,<timecave.validation_methods.markov.MarkovCV object at 0x00000250F6CBE210>,7,Tree,4.085293171394809,1.8514902414849632,2.021210818147085
datasets/synthetic_data/s2.csv,425,<timecave.validation_methods.markov.MarkovCV object at 0x00000250F6CBE210>,7,ARMA,3.3996860778655256,1.5180022228047712,1.8438237654031704
datasets/synthetic_data/s2.csv,425,<timecave.validation_methods.markov.MarkovCV object at 0x00000250F6CBE210>,8,Tree,4.357259609311125,1.6541581794766977,2.0874049940802397
datasets/synthetic_data/s2.csv,425,<timecave.validation_methods.markov.MarkovCV object at 0x00000250F6CBE210>,8,ARMA,2.2461141667725433,1.2961188065850122,1.498704162525928
datasets/synthetic_data/s2.csv,425,<timecave.validation_methods.markov.MarkovCV object at 0x00000250F6CBE210>,9,Tree,3.639700828262829,1.6002972030589537,1.907799996923899
datasets/synthetic_data/s2.csv,425,<timecave.validation_methods.markov.MarkovCV object at 0x00000250F6CBE210>,9,ARMA,1.4038950062502837,0.9429796965982873,1.1848607539497136
