filename,column_index,method,iteration,model,mse,mae,rmse
datasets/synthetic_data/s1.csv,309,<timecave.validation_methods.OOS.Holdout object at 0x000001963BF74710>,0,LSTM,1.0510327572972447,0.8540672656568429,1.0251988867030848
datasets/synthetic_data/s1.csv,309,<timecave.validation_methods.OOS.Repeated_Holdout object at 0x000001963E124140>,0,LSTM,1.044773815287868,0.8352558097481501,1.0221417784670912
datasets/synthetic_data/s1.csv,309,<timecave.validation_methods.OOS.Repeated_Holdout object at 0x000001963E124140>,1,LSTM,1.2395255426326635,0.9260147349452968,1.1133398145367224
datasets/synthetic_data/s1.csv,309,<timecave.validation_methods.OOS.Repeated_Holdout object at 0x000001963E124140>,2,LSTM,0.9880747968381387,0.7966416285429061,0.9940195153205689
datasets/synthetic_data/s1.csv,309,<timecave.validation_methods.OOS.Repeated_Holdout object at 0x000001963E124140>,3,LSTM,1.1046347686130464,0.8478240508395163,1.0510160648691562
datasets/synthetic_data/s1.csv,309,<timecave.validation_methods.prequential.Growing_Window object at 0x000001963DE664E0>,0,LSTM,1.6394987998330193,1.0378579559087098,1.2804291467445668
datasets/synthetic_data/s1.csv,309,<timecave.validation_methods.prequential.Growing_Window object at 0x000001963DE664E0>,1,LSTM,2.3359290113231896,1.2776120260541048,1.5283746305546915
datasets/synthetic_data/s1.csv,309,<timecave.validation_methods.prequential.Growing_Window object at 0x000001963DE664E0>,2,LSTM,1.0090503403253708,0.8789322491343464,1.0045149776510904
datasets/synthetic_data/s1.csv,309,<timecave.validation_methods.prequential.Growing_Window object at 0x000001963DE664E0>,3,LSTM,1.163427470319178,0.8958751240123237,1.0786229509514333
datasets/synthetic_data/s1.csv,309,<timecave.validation_methods.prequential.Growing_Window object at 0x000001967FAFD010>,0,LSTM,3.1057044248577683,1.4800519461979846,1.7623008894220555
datasets/synthetic_data/s1.csv,309,<timecave.validation_methods.prequential.Growing_Window object at 0x000001967FAFD010>,1,LSTM,1.591297375494312,1.086585982572518,1.2614663592400361
datasets/synthetic_data/s1.csv,309,<timecave.validation_methods.prequential.Growing_Window object at 0x000001967FAFD010>,2,LSTM,1.2134097726628679,0.8749121861270159,1.1015488063008683
datasets/synthetic_data/s1.csv,309,<timecave.validation_methods.prequential.Rolling_Window object at 0x000001963C5563C0>,0,LSTM,1.53109674152515,1.0062833008604366,1.2373749397515492
datasets/synthetic_data/s1.csv,309,<timecave.validation_methods.prequential.Rolling_Window object at 0x000001963C5563C0>,1,LSTM,2.4674471989461164,1.29273769299284,1.5708110003899631
datasets/synthetic_data/s1.csv,309,<timecave.validation_methods.prequential.Rolling_Window object at 0x000001963C5563C0>,2,LSTM,1.119394615313538,0.8494421069975249,1.0580144683857295
datasets/synthetic_data/s1.csv,309,<timecave.validation_methods.prequential.Rolling_Window object at 0x000001963C5563C0>,3,LSTM,1.2582118367956978,0.9160161093043596,1.121700422035981
datasets/synthetic_data/s1.csv,309,<timecave.validation_methods.prequential.Rolling_Window object at 0x000001963BF74D70>,0,LSTM,3.154254033113448,1.4850131085896208,1.776021968646066
datasets/synthetic_data/s1.csv,309,<timecave.validation_methods.prequential.Rolling_Window object at 0x000001963BF74D70>,1,LSTM,0.948493900722753,0.8173276999243108,0.9739065153918793
datasets/synthetic_data/s1.csv,309,<timecave.validation_methods.prequential.Rolling_Window object at 0x000001963BF74D70>,2,LSTM,1.0862171262101195,0.884651314748272,1.0422174083223326
datasets/synthetic_data/s1.csv,309,<timecave.validation_methods.CV.Block_CV object at 0x000001963BF74BF0>,0,LSTM,2.4538559303989667,1.2299390269928252,1.5664788317749354
datasets/synthetic_data/s1.csv,309,<timecave.validation_methods.CV.Block_CV object at 0x000001963BF74BF0>,1,LSTM,0.9023907786498235,0.7683342923253429,0.9499425133395302
datasets/synthetic_data/s1.csv,309,<timecave.validation_methods.CV.Block_CV object at 0x000001963BF74BF0>,2,LSTM,2.010382362632988,1.166298807824495,1.4178795303667333
datasets/synthetic_data/s1.csv,309,<timecave.validation_methods.CV.Block_CV object at 0x000001963BF74BF0>,3,LSTM,1.202540197210388,0.8912500198506118,1.0966039381701982
datasets/synthetic_data/s1.csv,309,<timecave.validation_methods.CV.Block_CV object at 0x000001963BF74BF0>,4,LSTM,1.1815467425725805,0.8860364662662854,1.086989761944693
datasets/synthetic_data/s1.csv,309,<timecave.validation_methods.CV.AdaptedhvBlockCV object at 0x000001963DF1B320>,0,LSTM,2.384003706535139,1.1745912311757845,1.5440219255357546
datasets/synthetic_data/s1.csv,309,<timecave.validation_methods.CV.AdaptedhvBlockCV object at 0x000001963DF1B320>,1,LSTM,0.919159467856496,0.7604567915524113,0.9587280468706942
datasets/synthetic_data/s1.csv,309,<timecave.validation_methods.CV.AdaptedhvBlockCV object at 0x000001963DF1B320>,2,LSTM,2.068109702065063,1.1839687745179501,1.4380923830078036
datasets/synthetic_data/s1.csv,309,<timecave.validation_methods.CV.AdaptedhvBlockCV object at 0x000001963DF1B320>,3,LSTM,1.137061590477976,0.8759130515203744,1.0663309010236812
datasets/synthetic_data/s1.csv,309,<timecave.validation_methods.CV.AdaptedhvBlockCV object at 0x000001963DF1B320>,4,LSTM,1.1197517988457408,0.8611509367479285,1.0581832539053624
datasets/synthetic_data/s1.csv,309,<timecave.validation_methods.markov.MarkovCV object at 0x000001963DF4E0F0>,0,LSTM,4.39634829644516,1.6681862424825074,2.0967470749819017
datasets/synthetic_data/s1.csv,309,<timecave.validation_methods.markov.MarkovCV object at 0x000001963DF4E0F0>,1,LSTM,3.206206055141749,1.466664922896522,1.7905881869211997
datasets/synthetic_data/s1.csv,309,<timecave.validation_methods.markov.MarkovCV object at 0x000001963DF4E0F0>,2,LSTM,4.157441732538767,1.8158949868148457,2.0389805620796797
datasets/synthetic_data/s1.csv,309,<timecave.validation_methods.markov.MarkovCV object at 0x000001963DF4E0F0>,3,LSTM,2.688698709807005,1.479899326409928,1.6397251933805876
datasets/synthetic_data/s1.csv,309,<timecave.validation_methods.markov.MarkovCV object at 0x000001963DF4E0F0>,4,LSTM,6.77275717248085,2.1024509993288487,2.602452146050115
datasets/synthetic_data/s1.csv,309,<timecave.validation_methods.markov.MarkovCV object at 0x000001963DF4E0F0>,5,LSTM,7.044718127122464,2.444727916849682,2.654188788900003
datasets/synthetic_data/s1.csv,309,<timecave.validation_methods.markov.MarkovCV object at 0x000001963DF4E0F0>,6,LSTM,4.490545133612494,1.678204038999874,2.119090638366489
datasets/synthetic_data/s1.csv,309,<timecave.validation_methods.markov.MarkovCV object at 0x000001963DF4E0F0>,7,LSTM,6.408891589469609,2.0111002532770197,2.531578872851804
datasets/synthetic_data/s1.csv,309,<timecave.validation_methods.markov.MarkovCV object at 0x000001963DF4E0F0>,8,LSTM,6.0025071293745125,2.1270000486955936,2.4500014549739584
datasets/synthetic_data/s1.csv,309,<timecave.validation_methods.markov.MarkovCV object at 0x000001963DF4E0F0>,9,LSTM,3.971687062648006,1.4895305637758078,1.9929091957859009
datasets/synthetic_data/s1.csv,310,<timecave.validation_methods.OOS.Holdout object at 0x000001963E1242C0>,0,LSTM,1.369290498039863,0.9461574505067553,1.1701668676047288
datasets/synthetic_data/s1.csv,310,<timecave.validation_methods.OOS.Repeated_Holdout object at 0x0000019659E90DA0>,0,LSTM,1.4497880180975093,1.0402387582450907,1.2040714339678977
datasets/synthetic_data/s1.csv,310,<timecave.validation_methods.OOS.Repeated_Holdout object at 0x0000019659E90DA0>,1,LSTM,1.471554701513279,1.0421070359827982,1.2130765439630258
datasets/synthetic_data/s1.csv,310,<timecave.validation_methods.OOS.Repeated_Holdout object at 0x0000019659E90DA0>,2,LSTM,1.491348919297721,1.0214688944405648,1.2212079754479663
datasets/synthetic_data/s1.csv,310,<timecave.validation_methods.OOS.Repeated_Holdout object at 0x0000019659E90DA0>,3,LSTM,1.5622523928998484,1.037502319606225,1.2499009532358347
datasets/synthetic_data/s1.csv,310,<timecave.validation_methods.prequential.Growing_Window object at 0x000001965FCAE840>,0,LSTM,1.5439456435909409,1.034503040269099,1.2425560927342238
datasets/synthetic_data/s1.csv,310,<timecave.validation_methods.prequential.Growing_Window object at 0x000001965FCAE840>,1,LSTM,2.166240622188104,1.1625593889714985,1.4718154171594018
datasets/synthetic_data/s1.csv,310,<timecave.validation_methods.prequential.Growing_Window object at 0x000001965FCAE840>,2,LSTM,1.717830642833867,0.9914690056964344,1.310660384246761
datasets/synthetic_data/s1.csv,310,<timecave.validation_methods.prequential.Growing_Window object at 0x000001965FCAE840>,3,LSTM,1.470956085376363,1.0276789092259793,1.2128297841726856
datasets/synthetic_data/s1.csv,310,<timecave.validation_methods.prequential.Growing_Window object at 0x0000019645A31070>,0,LSTM,2.697501270064139,1.30885110641144,1.6424071572128938
datasets/synthetic_data/s1.csv,310,<timecave.validation_methods.prequential.Growing_Window object at 0x0000019645A31070>,1,LSTM,1.4278950130022037,0.9523231284596134,1.1949456108970833
datasets/synthetic_data/s1.csv,310,<timecave.validation_methods.prequential.Growing_Window object at 0x0000019645A31070>,2,LSTM,1.6184326982373887,1.074211735400857,1.2721763628669527
datasets/synthetic_data/s1.csv,310,<timecave.validation_methods.prequential.Rolling_Window object at 0x000001964C9E62D0>,0,LSTM,1.4958516592898254,1.0482453859040608,1.223050145860678
datasets/synthetic_data/s1.csv,310,<timecave.validation_methods.prequential.Rolling_Window object at 0x000001964C9E62D0>,1,LSTM,2.224337599762965,1.1762789453479314,1.4914213354256955
datasets/synthetic_data/s1.csv,310,<timecave.validation_methods.prequential.Rolling_Window object at 0x000001964C9E62D0>,2,LSTM,2.5253464177465705,1.2715612495073654,1.5891338577182763
datasets/synthetic_data/s1.csv,310,<timecave.validation_methods.prequential.Rolling_Window object at 0x000001964C9E62D0>,3,LSTM,1.7290678571773783,1.0964775200239687,1.3149402485198247
datasets/synthetic_data/s1.csv,310,<timecave.validation_methods.prequential.Rolling_Window object at 0x000001963E126C30>,0,LSTM,2.780755497195779,1.338957077675835,1.6675597432163498
datasets/synthetic_data/s1.csv,310,<timecave.validation_methods.prequential.Rolling_Window object at 0x000001963E126C30>,1,LSTM,1.3791959399777507,0.9018644706463498,1.1743917319096515
datasets/synthetic_data/s1.csv,310,<timecave.validation_methods.prequential.Rolling_Window object at 0x000001963E126C30>,2,LSTM,2.117509385352053,1.2050953930046902,1.4551664459270812
datasets/synthetic_data/s1.csv,310,<timecave.validation_methods.CV.Block_CV object at 0x000001963E124260>,0,LSTM,1.7364294715115067,1.039529359769163,1.3177364954768107
datasets/synthetic_data/s1.csv,310,<timecave.validation_methods.CV.Block_CV object at 0x000001963E124260>,1,LSTM,1.6547625796384606,1.0249539979981892,1.286375753673265
datasets/synthetic_data/s1.csv,310,<timecave.validation_methods.CV.Block_CV object at 0x000001963E124260>,2,LSTM,1.8996845443676738,1.0900356355053817,1.3782904426744291
datasets/synthetic_data/s1.csv,310,<timecave.validation_methods.CV.Block_CV object at 0x000001963E124260>,3,LSTM,1.6019085960112582,0.9720287137993032,1.265665278030198
datasets/synthetic_data/s1.csv,310,<timecave.validation_methods.CV.Block_CV object at 0x000001963E124260>,4,LSTM,1.5557325406818772,1.0684976656094156,1.2472900788035945
datasets/synthetic_data/s1.csv,310,<timecave.validation_methods.CV.AdaptedhvBlockCV object at 0x000001963E1241D0>,0,LSTM,1.9224217133325088,1.1297599404451364,1.3865142312044652
datasets/synthetic_data/s1.csv,310,<timecave.validation_methods.CV.AdaptedhvBlockCV object at 0x000001963E1241D0>,1,LSTM,1.5636421310646613,1.0072985126113445,1.2504567689707076
datasets/synthetic_data/s1.csv,310,<timecave.validation_methods.CV.AdaptedhvBlockCV object at 0x000001963E1241D0>,2,LSTM,1.866480926493004,1.0992970941446563,1.366192126493563
datasets/synthetic_data/s1.csv,310,<timecave.validation_methods.CV.AdaptedhvBlockCV object at 0x000001963E1241D0>,3,LSTM,1.6442646933041567,0.9728367717700421,1.282288849403346
datasets/synthetic_data/s1.csv,310,<timecave.validation_methods.CV.AdaptedhvBlockCV object at 0x000001963E1241D0>,4,LSTM,1.6643660337713644,1.0843465344463747,1.2901031097440872
datasets/synthetic_data/s1.csv,310,<timecave.validation_methods.markov.MarkovCV object at 0x000001965E96E030>,0,LSTM,4.8411655879552695,1.7589218349616005,2.2002648904064412
datasets/synthetic_data/s1.csv,310,<timecave.validation_methods.markov.MarkovCV object at 0x000001965E96E030>,1,LSTM,3.3177096429970234,1.4978435250821405,1.8214581090425943
datasets/synthetic_data/s1.csv,310,<timecave.validation_methods.markov.MarkovCV object at 0x000001965E96E030>,2,LSTM,7.153809637933737,2.215887958635819,2.674660658463749
datasets/synthetic_data/s1.csv,310,<timecave.validation_methods.markov.MarkovCV object at 0x000001965E96E030>,3,LSTM,4.42147689660395,1.7606016317099573,2.102730818864828
datasets/synthetic_data/s1.csv,310,<timecave.validation_methods.markov.MarkovCV object at 0x000001965E96E030>,4,LSTM,6.7497963357558515,2.038618986669045,2.598037015855596
datasets/synthetic_data/s1.csv,310,<timecave.validation_methods.markov.MarkovCV object at 0x000001965E96E030>,5,LSTM,4.747093127806676,1.5430513937990897,2.1787824874931125
datasets/synthetic_data/s1.csv,310,<timecave.validation_methods.markov.MarkovCV object at 0x000001965E96E030>,6,LSTM,6.321500014885246,1.9598645562901327,2.5142593372373594
datasets/synthetic_data/s1.csv,310,<timecave.validation_methods.markov.MarkovCV object at 0x000001965E96E030>,7,LSTM,6.505179554825144,2.088226005241093,2.5505253487909396
datasets/synthetic_data/s1.csv,310,<timecave.validation_methods.markov.MarkovCV object at 0x000001965E96E030>,8,LSTM,4.152962898175601,1.6073718035005526,2.0378819637495202
datasets/synthetic_data/s1.csv,310,<timecave.validation_methods.markov.MarkovCV object at 0x000001965E96E030>,9,LSTM,3.8107051223810244,1.3074930506748894,1.952102743807565
datasets/synthetic_data/s1.csv,311,<timecave.validation_methods.OOS.Holdout object at 0x0000019658CAA930>,0,LSTM,1.1945952926777372,0.8999853057246737,1.0929754309579596
datasets/synthetic_data/s1.csv,311,<timecave.validation_methods.OOS.Repeated_Holdout object at 0x000001965FCDDB50>,0,LSTM,1.159651085565166,0.8250871488075364,1.0768709697847585
datasets/synthetic_data/s1.csv,311,<timecave.validation_methods.OOS.Repeated_Holdout object at 0x000001965FCDDB50>,1,LSTM,1.2729709372442424,0.8638948216948481,1.128260137222016
datasets/synthetic_data/s1.csv,311,<timecave.validation_methods.OOS.Repeated_Holdout object at 0x000001965FCDDB50>,2,LSTM,1.1937945844020263,0.8696629621586505,1.0926090720848085
datasets/synthetic_data/s1.csv,311,<timecave.validation_methods.OOS.Repeated_Holdout object at 0x000001965FCDDB50>,3,LSTM,1.1867338668487304,0.8865572198945154,1.0893731531705426
datasets/synthetic_data/s1.csv,311,<timecave.validation_methods.prequential.Growing_Window object at 0x000001966E9262D0>,0,LSTM,1.4415958614451285,0.9102902028361639,1.200664758142392
datasets/synthetic_data/s1.csv,311,<timecave.validation_methods.prequential.Growing_Window object at 0x000001966E9262D0>,1,LSTM,1.7115644325965846,1.1399133312472456,1.3082677220647863
datasets/synthetic_data/s1.csv,311,<timecave.validation_methods.prequential.Growing_Window object at 0x000001966E9262D0>,2,LSTM,1.094523998790133,0.9009364652395201,1.0461950099241217
datasets/synthetic_data/s1.csv,311,<timecave.validation_methods.prequential.Growing_Window object at 0x000001966E9262D0>,3,LSTM,1.153435426454317,0.8227291910090335,1.0739811108461437
datasets/synthetic_data/s1.csv,311,<timecave.validation_methods.prequential.Growing_Window object at 0x000001966219E7E0>,0,LSTM,2.840225153887724,1.4994639673297276,1.6852967554373692
datasets/synthetic_data/s1.csv,311,<timecave.validation_methods.prequential.Growing_Window object at 0x000001966219E7E0>,1,LSTM,1.3046766304414217,0.9584867785356616,1.1422244220998874
datasets/synthetic_data/s1.csv,311,<timecave.validation_methods.prequential.Growing_Window object at 0x000001966219E7E0>,2,LSTM,1.2243358426401452,0.8403571906987336,1.106497104668668
datasets/synthetic_data/s1.csv,311,<timecave.validation_methods.prequential.Rolling_Window object at 0x0000019659D3FD10>,0,LSTM,1.2737211987796484,0.9106506624689724,1.1285925743064449
datasets/synthetic_data/s1.csv,311,<timecave.validation_methods.prequential.Rolling_Window object at 0x0000019659D3FD10>,1,LSTM,2.1498600391523337,1.269503635105708,1.466240102831843
datasets/synthetic_data/s1.csv,311,<timecave.validation_methods.prequential.Rolling_Window object at 0x0000019659D3FD10>,2,LSTM,1.023371354882442,0.8242146863603381,1.0116181863146005
datasets/synthetic_data/s1.csv,311,<timecave.validation_methods.prequential.Rolling_Window object at 0x0000019659D3FD10>,3,LSTM,1.3265717607451877,0.9563662822888178,1.1517689702128582
datasets/synthetic_data/s1.csv,311,<timecave.validation_methods.prequential.Rolling_Window object at 0x000001965D5E25A0>,0,LSTM,2.388293517413259,1.282683176629627,1.5454104689089105
datasets/synthetic_data/s1.csv,311,<timecave.validation_methods.prequential.Rolling_Window object at 0x000001965D5E25A0>,1,LSTM,1.9381322158553613,1.154882342693209,1.392168170823971
datasets/synthetic_data/s1.csv,311,<timecave.validation_methods.prequential.Rolling_Window object at 0x000001965D5E25A0>,2,LSTM,1.7221038301433917,1.1198396101700039,1.3122895374662529
datasets/synthetic_data/s1.csv,311,<timecave.validation_methods.CV.Block_CV object at 0x000001964EEDA210>,0,LSTM,1.1189910371116587,0.8155037611299678,1.0578237268617388
datasets/synthetic_data/s1.csv,311,<timecave.validation_methods.CV.Block_CV object at 0x000001964EEDA210>,1,LSTM,1.2747669910684731,0.9332790281984573,1.1290557962600756
datasets/synthetic_data/s1.csv,311,<timecave.validation_methods.CV.Block_CV object at 0x000001964EEDA210>,2,LSTM,1.686509502962971,1.0896900387974857,1.2986568072292892
datasets/synthetic_data/s1.csv,311,<timecave.validation_methods.CV.Block_CV object at 0x000001964EEDA210>,3,LSTM,1.1277153320038786,0.9066646985779193,1.0619394201195653
datasets/synthetic_data/s1.csv,311,<timecave.validation_methods.CV.Block_CV object at 0x000001964EEDA210>,4,LSTM,1.1942841393535628,0.8274522975669463,1.0928330793646224
datasets/synthetic_data/s1.csv,311,<timecave.validation_methods.CV.AdaptedhvBlockCV object at 0x00000196768CF1A0>,0,LSTM,1.0623894979744621,0.7887533812325898,1.0307228036550187
datasets/synthetic_data/s1.csv,311,<timecave.validation_methods.CV.AdaptedhvBlockCV object at 0x00000196768CF1A0>,1,LSTM,1.2764591538759984,0.9497227161699963,1.1298049185040744
datasets/synthetic_data/s1.csv,311,<timecave.validation_methods.CV.AdaptedhvBlockCV object at 0x00000196768CF1A0>,2,LSTM,1.7879960358966447,1.143679414566474,1.3371596897516185
datasets/synthetic_data/s1.csv,311,<timecave.validation_methods.CV.AdaptedhvBlockCV object at 0x00000196768CF1A0>,3,LSTM,1.2055143447494006,0.9129922135937331,1.0979591726241011
datasets/synthetic_data/s1.csv,311,<timecave.validation_methods.CV.AdaptedhvBlockCV object at 0x00000196768CF1A0>,4,LSTM,1.1386118502131541,0.8128606209097667,1.0670575664944952
datasets/synthetic_data/s1.csv,311,<timecave.validation_methods.markov.MarkovCV object at 0x000001967BD46F90>,0,LSTM,3.8680012362592158,1.5504596757287523,1.96672347732446
datasets/synthetic_data/s1.csv,311,<timecave.validation_methods.markov.MarkovCV object at 0x000001967BD46F90>,1,LSTM,5.512189093483978,2.0192850022316144,2.347805165145519
datasets/synthetic_data/s1.csv,311,<timecave.validation_methods.markov.MarkovCV object at 0x000001967BD46F90>,2,LSTM,1.2755545448633951,0.9318527921172134,1.1294045089618667
datasets/synthetic_data/s1.csv,311,<timecave.validation_methods.markov.MarkovCV object at 0x000001967BD46F90>,3,LSTM,0.9582368580951843,0.7459846352140811,0.978895734026451
datasets/synthetic_data/s1.csv,311,<timecave.validation_methods.markov.MarkovCV object at 0x000001967BD46F90>,4,LSTM,2.965522627587221,1.3195233268930664,1.7220692865234026
datasets/synthetic_data/s1.csv,311,<timecave.validation_methods.markov.MarkovCV object at 0x000001967BD46F90>,5,LSTM,3.8227140513639886,1.4805238403165306,1.9551762200282583
datasets/synthetic_data/s1.csv,311,<timecave.validation_methods.markov.MarkovCV object at 0x000001967BD46F90>,6,LSTM,6.366590384217182,1.8864892100961639,2.5232103329324693
datasets/synthetic_data/s1.csv,311,<timecave.validation_methods.markov.MarkovCV object at 0x000001967BD46F90>,7,LSTM,5.659333699070425,1.9429095268659904,2.3789354129674107
datasets/synthetic_data/s1.csv,311,<timecave.validation_methods.markov.MarkovCV object at 0x000001967BD46F90>,8,LSTM,3.052407364369462,1.4102873759491994,1.7471140101233982
datasets/synthetic_data/s1.csv,311,<timecave.validation_methods.markov.MarkovCV object at 0x000001967BD46F90>,9,LSTM,7.416375496201926,2.2065690138390233,2.7233023145075035
datasets/synthetic_data/s1.csv,312,<timecave.validation_methods.OOS.Holdout object at 0x000001967869B4A0>,0,LSTM,1.2447926055166592,0.9098659392463612,1.11570274066019
datasets/synthetic_data/s1.csv,312,<timecave.validation_methods.OOS.Repeated_Holdout object at 0x000001969FF58C80>,0,LSTM,1.3718758200575103,0.9150940156004852,1.1712710275839278
datasets/synthetic_data/s1.csv,312,<timecave.validation_methods.OOS.Repeated_Holdout object at 0x000001969FF58C80>,1,LSTM,0.8814382908074,0.7678940704868523,0.9388494505549865
datasets/synthetic_data/s1.csv,312,<timecave.validation_methods.OOS.Repeated_Holdout object at 0x000001969FF58C80>,2,LSTM,1.258380162045613,0.9195580566797925,1.1217754508125113
datasets/synthetic_data/s1.csv,312,<timecave.validation_methods.OOS.Repeated_Holdout object at 0x000001969FF58C80>,3,LSTM,1.259354217982701,0.8964203201390047,1.1222095249919692
datasets/synthetic_data/s1.csv,312,<timecave.validation_methods.prequential.Growing_Window object at 0x00000196A1128DA0>,0,LSTM,2.580355972198039,1.1909832031758614,1.606348645904132
datasets/synthetic_data/s1.csv,312,<timecave.validation_methods.prequential.Growing_Window object at 0x00000196A1128DA0>,1,LSTM,2.3854883003363803,1.2520585990170316,1.5445026061280636
datasets/synthetic_data/s1.csv,312,<timecave.validation_methods.prequential.Growing_Window object at 0x00000196A1128DA0>,2,LSTM,0.8912315087076023,0.7812884786618732,0.9440505858838297
datasets/synthetic_data/s1.csv,312,<timecave.validation_methods.prequential.Growing_Window object at 0x00000196A1128DA0>,3,LSTM,1.004426158539275,0.8325480292247266,1.002210635814286
datasets/synthetic_data/s1.csv,312,<timecave.validation_methods.prequential.Growing_Window object at 0x00000196935A7800>,0,LSTM,4.618169605383761,1.77071931982633,2.1489926955166134
datasets/synthetic_data/s1.csv,312,<timecave.validation_methods.prequential.Growing_Window object at 0x00000196935A7800>,1,LSTM,1.099993211763881,0.8631125398842877,1.0488056120005658
datasets/synthetic_data/s1.csv,312,<timecave.validation_methods.prequential.Growing_Window object at 0x00000196935A7800>,2,LSTM,1.0718565019006507,0.8554443869332338,1.0353050284339638
datasets/synthetic_data/s1.csv,312,<timecave.validation_methods.prequential.Rolling_Window object at 0x00000196936C4230>,0,LSTM,2.3892785519838107,1.1007764335703838,1.5457291327990847
datasets/synthetic_data/s1.csv,312,<timecave.validation_methods.prequential.Rolling_Window object at 0x00000196936C4230>,1,LSTM,2.4918358491439894,1.2939533044797906,1.5785549876846194
datasets/synthetic_data/s1.csv,312,<timecave.validation_methods.prequential.Rolling_Window object at 0x00000196936C4230>,2,LSTM,0.9069325673090732,0.8001853562566331,0.9523300726686484
datasets/synthetic_data/s1.csv,312,<timecave.validation_methods.prequential.Rolling_Window object at 0x00000196936C4230>,3,LSTM,0.8836068677130613,0.7627263037872453,0.9400036530317641
datasets/synthetic_data/s1.csv,312,<timecave.validation_methods.prequential.Rolling_Window object at 0x00000196A3687CB0>,0,LSTM,2.972219193159395,1.3992899243438341,1.724012526972874
datasets/synthetic_data/s1.csv,312,<timecave.validation_methods.prequential.Rolling_Window object at 0x00000196A3687CB0>,1,LSTM,1.3964326382214394,0.9596136371467469,1.1817075095900167
datasets/synthetic_data/s1.csv,312,<timecave.validation_methods.prequential.Rolling_Window object at 0x00000196A3687CB0>,2,LSTM,1.3187569740981346,0.994072477684418,1.1483714443062987
datasets/synthetic_data/s1.csv,312,<timecave.validation_methods.CV.Block_CV object at 0x000001967D1AB7D0>,0,LSTM,1.6166878396775333,1.0328674501437851,1.2714904009380226
datasets/synthetic_data/s1.csv,312,<timecave.validation_methods.CV.Block_CV object at 0x000001967D1AB7D0>,1,LSTM,2.2760755910658053,1.1532742379100804,1.508666825732509
datasets/synthetic_data/s1.csv,312,<timecave.validation_methods.CV.Block_CV object at 0x000001967D1AB7D0>,2,LSTM,2.008552999491655,1.1103801917806495,1.4172342782658254
datasets/synthetic_data/s1.csv,312,<timecave.validation_methods.CV.Block_CV object at 0x000001967D1AB7D0>,3,LSTM,0.8839320522359009,0.7811292922594852,0.9401766069393032
datasets/synthetic_data/s1.csv,312,<timecave.validation_methods.CV.Block_CV object at 0x000001967D1AB7D0>,4,LSTM,0.9319010411268953,0.8099979284191439,0.965350216826461
datasets/synthetic_data/s1.csv,312,<timecave.validation_methods.CV.AdaptedhvBlockCV object at 0x000001966D816150>,0,LSTM,1.678427727605342,1.0249217077522146,1.2955414804649608
datasets/synthetic_data/s1.csv,312,<timecave.validation_methods.CV.AdaptedhvBlockCV object at 0x000001966D816150>,1,LSTM,2.3290716093301773,1.1760226425164413,1.5261296174736199
datasets/synthetic_data/s1.csv,312,<timecave.validation_methods.CV.AdaptedhvBlockCV object at 0x000001966D816150>,2,LSTM,2.214378040378521,1.2194060038946635,1.488078640522241
datasets/synthetic_data/s1.csv,312,<timecave.validation_methods.CV.AdaptedhvBlockCV object at 0x000001966D816150>,3,LSTM,0.8234689764769875,0.7256384229206196,0.9074519141403513
datasets/synthetic_data/s1.csv,312,<timecave.validation_methods.CV.AdaptedhvBlockCV object at 0x000001966D816150>,4,LSTM,0.9876576484578294,0.8128660986827344,0.993809664099635
datasets/synthetic_data/s1.csv,312,<timecave.validation_methods.markov.MarkovCV object at 0x0000019696676630>,0,LSTM,10.389351670688605,2.7201811434661085,3.2232517231343576
datasets/synthetic_data/s1.csv,312,<timecave.validation_methods.markov.MarkovCV object at 0x0000019696676630>,1,LSTM,7.957805209896554,2.3241828443374066,2.8209582077543356
datasets/synthetic_data/s1.csv,312,<timecave.validation_methods.markov.MarkovCV object at 0x0000019696676630>,2,LSTM,2.765474753396859,1.5187547268422614,1.6629716634377325
datasets/synthetic_data/s1.csv,312,<timecave.validation_methods.markov.MarkovCV object at 0x0000019696676630>,3,LSTM,2.636089108762318,1.2196029531164332,1.62360374129968
datasets/synthetic_data/s1.csv,312,<timecave.validation_methods.markov.MarkovCV object at 0x0000019696676630>,4,LSTM,2.635705637804061,1.2999154477166435,1.623485644471198
datasets/synthetic_data/s1.csv,312,<timecave.validation_methods.markov.MarkovCV object at 0x0000019696676630>,5,LSTM,4.468526530424689,1.7165337033203236,2.113888958868154
datasets/synthetic_data/s1.csv,312,<timecave.validation_methods.markov.MarkovCV object at 0x0000019696676630>,6,LSTM,5.130484023001172,1.5988199061842459,2.2650571787487332
datasets/synthetic_data/s1.csv,312,<timecave.validation_methods.markov.MarkovCV object at 0x0000019696676630>,7,LSTM,4.79172004062948,1.8561892284820272,2.1889997808655624
datasets/synthetic_data/s1.csv,312,<timecave.validation_methods.markov.MarkovCV object at 0x0000019696676630>,8,LSTM,5.423065133171453,1.7868310259497617,2.3287475460365927
datasets/synthetic_data/s1.csv,312,<timecave.validation_methods.markov.MarkovCV object at 0x0000019696676630>,9,LSTM,7.9990647348890604,2.2892385097288135,2.828261786838174
datasets/synthetic_data/s1.csv,313,<timecave.validation_methods.OOS.Holdout object at 0x000001969FEEBD70>,0,LSTM,4.899371356891862,1.785352864009392,2.213452361559169
datasets/synthetic_data/s1.csv,313,<timecave.validation_methods.OOS.Repeated_Holdout object at 0x000001969B1758B0>,0,LSTM,3.4753293623746266,1.5322904850699302,1.864223528006936
datasets/synthetic_data/s1.csv,313,<timecave.validation_methods.OOS.Repeated_Holdout object at 0x000001969B1758B0>,1,LSTM,3.997237801795738,1.63716201653088,1.9993093311930843
datasets/synthetic_data/s1.csv,313,<timecave.validation_methods.OOS.Repeated_Holdout object at 0x000001969B1758B0>,2,LSTM,3.7019347482452676,1.559400559661361,1.9240412542992076
datasets/synthetic_data/s1.csv,313,<timecave.validation_methods.OOS.Repeated_Holdout object at 0x000001969B1758B0>,3,LSTM,3.967925331114029,1.5922637693785726,1.9919651932486242
datasets/synthetic_data/s1.csv,313,<timecave.validation_methods.prequential.Growing_Window object at 0x00000196BC9491F0>,0,LSTM,9.993707290179847,2.6991263072850096,3.161282538809185
datasets/synthetic_data/s1.csv,313,<timecave.validation_methods.prequential.Growing_Window object at 0x00000196BC9491F0>,1,LSTM,5.912936117589213,2.055063754724357,2.431652959940874
datasets/synthetic_data/s1.csv,313,<timecave.validation_methods.prequential.Growing_Window object at 0x00000196BC9491F0>,2,LSTM,12.033287266769365,2.874621677791343,3.468902890939636
datasets/synthetic_data/s1.csv,313,<timecave.validation_methods.prequential.Growing_Window object at 0x00000196BC9491F0>,3,LSTM,3.762970239694425,1.5740265136076397,1.9398376838525497
datasets/synthetic_data/s1.csv,313,<timecave.validation_methods.prequential.Growing_Window object at 0x00000196A83BE2D0>,0,LSTM,7.3964454349018585,2.2217344993135213,2.7196406812117404
datasets/synthetic_data/s1.csv,313,<timecave.validation_methods.prequential.Growing_Window object at 0x00000196A83BE2D0>,1,LSTM,6.620632072152324,2.088124560628765,2.5730588940310564
datasets/synthetic_data/s1.csv,313,<timecave.validation_methods.prequential.Growing_Window object at 0x00000196A83BE2D0>,2,LSTM,4.941219540954896,1.7256046823166307,2.2228854088672443
datasets/synthetic_data/s1.csv,313,<timecave.validation_methods.prequential.Rolling_Window object at 0x00000196A83BC230>,0,LSTM,8.73318257513222,2.5347375898503173,2.95519586070572
datasets/synthetic_data/s1.csv,313,<timecave.validation_methods.prequential.Rolling_Window object at 0x00000196A83BC230>,1,LSTM,5.630343272256857,2.0243002454636434,2.3728344384421045
datasets/synthetic_data/s1.csv,313,<timecave.validation_methods.prequential.Rolling_Window object at 0x00000196A83BC230>,2,LSTM,15.87227419199032,3.2113954941412213,3.984002283130661
datasets/synthetic_data/s1.csv,313,<timecave.validation_methods.prequential.Rolling_Window object at 0x00000196A83BC230>,3,LSTM,4.1506354641081264,1.6550121982994332,2.0373108413072676
datasets/synthetic_data/s1.csv,313,<timecave.validation_methods.prequential.Rolling_Window object at 0x00000196A88990A0>,0,LSTM,8.314302820408194,2.406430970908071,2.8834532804275144
datasets/synthetic_data/s1.csv,313,<timecave.validation_methods.prequential.Rolling_Window object at 0x00000196A88990A0>,1,LSTM,10.684437535812615,2.7472792417127803,3.2687057891178606
datasets/synthetic_data/s1.csv,313,<timecave.validation_methods.prequential.Rolling_Window object at 0x00000196A88990A0>,2,LSTM,7.955632994022665,2.1776072218812983,2.820573167642113
datasets/synthetic_data/s1.csv,313,<timecave.validation_methods.CV.Block_CV object at 0x000001969FF5B4A0>,0,LSTM,3.836206706281725,1.6066607437555982,1.958623676534552
datasets/synthetic_data/s1.csv,313,<timecave.validation_methods.CV.Block_CV object at 0x000001969FF5B4A0>,1,LSTM,3.3035538956046593,1.6376810238652708,1.8175681268124888
datasets/synthetic_data/s1.csv,313,<timecave.validation_methods.CV.Block_CV object at 0x000001969FF5B4A0>,2,LSTM,3.35565948211237,1.4955550272696558,1.8318459220448564
datasets/synthetic_data/s1.csv,313,<timecave.validation_methods.CV.Block_CV object at 0x000001969FF5B4A0>,3,LSTM,5.13502943772011,1.809674670959806,2.266060334086476
datasets/synthetic_data/s1.csv,313,<timecave.validation_methods.CV.Block_CV object at 0x000001969FF5B4A0>,4,LSTM,3.8910469154359353,1.6405377827569918,1.972573678075406
datasets/synthetic_data/s1.csv,313,<timecave.validation_methods.CV.AdaptedhvBlockCV object at 0x000001969FF5A930>,0,LSTM,4.864616976078896,1.8325331875736264,2.2055876713653655
datasets/synthetic_data/s1.csv,313,<timecave.validation_methods.CV.AdaptedhvBlockCV object at 0x000001969FF5A930>,1,LSTM,3.4096300508943957,1.6289471308449852,1.8465183592085934
datasets/synthetic_data/s1.csv,313,<timecave.validation_methods.CV.AdaptedhvBlockCV object at 0x000001969FF5A930>,2,LSTM,4.412471696258228,1.7297259674833567,2.1005884166723923
datasets/synthetic_data/s1.csv,313,<timecave.validation_methods.CV.AdaptedhvBlockCV object at 0x000001969FF5A930>,3,LSTM,5.658732853393816,1.9257037301550108,2.3788091250442553
datasets/synthetic_data/s1.csv,313,<timecave.validation_methods.CV.AdaptedhvBlockCV object at 0x000001969FF5A930>,4,LSTM,2.942090399762573,1.4560872951057557,1.715252284581651
datasets/synthetic_data/s1.csv,313,<timecave.validation_methods.markov.MarkovCV object at 0x00000196A24C2D50>,0,LSTM,29.650109950958647,4.139428278395383,5.445191452185924
datasets/synthetic_data/s1.csv,313,<timecave.validation_methods.markov.MarkovCV object at 0x00000196A24C2D50>,1,LSTM,32.78667420075895,4.421151018887815,5.725964914384208
datasets/synthetic_data/s1.csv,313,<timecave.validation_methods.markov.MarkovCV object at 0x00000196A24C2D50>,2,LSTM,5.737370517472473,1.8672422131561348,2.3952808848802
datasets/synthetic_data/s1.csv,313,<timecave.validation_methods.markov.MarkovCV object at 0x00000196A24C2D50>,3,LSTM,27.041484965438904,4.236003025511674,5.200142783178064
datasets/synthetic_data/s1.csv,313,<timecave.validation_methods.markov.MarkovCV object at 0x00000196A24C2D50>,4,LSTM,13.335902112397974,2.937271607671822,3.6518354443208385
datasets/synthetic_data/s1.csv,313,<timecave.validation_methods.markov.MarkovCV object at 0x00000196A24C2D50>,5,LSTM,14.908195588660096,3.328205907648481,3.8611132576836042
datasets/synthetic_data/s1.csv,313,<timecave.validation_methods.markov.MarkovCV object at 0x00000196A24C2D50>,6,LSTM,25.624787902898195,4.491225385473549,5.062093233327316
datasets/synthetic_data/s1.csv,313,<timecave.validation_methods.markov.MarkovCV object at 0x00000196A24C2D50>,7,LSTM,20.812014512794285,3.86584272894414,4.562018688343383
datasets/synthetic_data/s1.csv,313,<timecave.validation_methods.markov.MarkovCV object at 0x00000196A24C2D50>,8,LSTM,26.637510094630624,4.233868852524358,5.161153949906031
datasets/synthetic_data/s1.csv,313,<timecave.validation_methods.markov.MarkovCV object at 0x00000196A24C2D50>,9,LSTM,34.586416134267594,5.471013739001031,5.881021691361765
datasets/synthetic_data/s1.csv,314,<timecave.validation_methods.OOS.Holdout object at 0x00000196BE049A60>,0,LSTM,1.5981197539023337,1.0287861234901199,1.2641676130570398
datasets/synthetic_data/s1.csv,314,<timecave.validation_methods.OOS.Repeated_Holdout object at 0x00000196A8378FB0>,0,LSTM,1.986290723727954,1.1377842767638515,1.4093582666334186
datasets/synthetic_data/s1.csv,314,<timecave.validation_methods.OOS.Repeated_Holdout object at 0x00000196A8378FB0>,1,LSTM,1.9466420951655414,1.11033958697856,1.3952211635312666
datasets/synthetic_data/s1.csv,314,<timecave.validation_methods.OOS.Repeated_Holdout object at 0x00000196A8378FB0>,2,LSTM,1.8013105033603367,1.1199771463489827,1.3421290934035879
datasets/synthetic_data/s1.csv,314,<timecave.validation_methods.OOS.Repeated_Holdout object at 0x00000196A8378FB0>,3,LSTM,1.631602745424445,1.0492737581089546,1.2773420628102894
datasets/synthetic_data/s1.csv,314,<timecave.validation_methods.prequential.Growing_Window object at 0x00000196D93C0DA0>,0,LSTM,1.5553003504430833,1.0212509997513277,1.2471168150751089
datasets/synthetic_data/s1.csv,314,<timecave.validation_methods.prequential.Growing_Window object at 0x00000196D93C0DA0>,1,LSTM,1.0680850332979803,0.8534529184740244,1.0334819946655966
datasets/synthetic_data/s1.csv,314,<timecave.validation_methods.prequential.Growing_Window object at 0x00000196D93C0DA0>,2,LSTM,1.612898348208242,1.0566865056172934,1.2699993496881177
datasets/synthetic_data/s1.csv,314,<timecave.validation_methods.prequential.Growing_Window object at 0x00000196D93C0DA0>,3,LSTM,2.0084854322941306,1.1594743070057345,1.4172104403701415
datasets/synthetic_data/s1.csv,314,<timecave.validation_methods.prequential.Growing_Window object at 0x0000019679A0E7E0>,0,LSTM,2.0833796741762134,1.2514347999605941,1.4433917258236633
datasets/synthetic_data/s1.csv,314,<timecave.validation_methods.prequential.Growing_Window object at 0x0000019679A0E7E0>,1,LSTM,1.465379030710783,0.9993814429773409,1.2105284097082494
datasets/synthetic_data/s1.csv,314,<timecave.validation_methods.prequential.Growing_Window object at 0x0000019679A0E7E0>,2,LSTM,1.9697563942045226,1.1084731770399898,1.4034801011074303
datasets/synthetic_data/s1.csv,314,<timecave.validation_methods.prequential.Rolling_Window object at 0x000001968606C230>,0,LSTM,1.9557353357902403,1.122281675838994,1.3984760762309236
datasets/synthetic_data/s1.csv,314,<timecave.validation_methods.prequential.Rolling_Window object at 0x000001968606C230>,1,LSTM,1.04200425392982,0.8053002594209014,1.0207860960699944
datasets/synthetic_data/s1.csv,314,<timecave.validation_methods.prequential.Rolling_Window object at 0x000001968606C230>,2,LSTM,1.8077843134621452,1.069667731869612,1.3445386991314698
datasets/synthetic_data/s1.csv,314,<timecave.validation_methods.prequential.Rolling_Window object at 0x000001968606C230>,3,LSTM,2.270037267238325,1.2874843069614859,1.506664284848594
datasets/synthetic_data/s1.csv,314,<timecave.validation_methods.prequential.Rolling_Window object at 0x00000196B95B5DF0>,0,LSTM,2.4419175317565327,1.3450395544791736,1.562663601597136
datasets/synthetic_data/s1.csv,314,<timecave.validation_methods.prequential.Rolling_Window object at 0x00000196B95B5DF0>,1,LSTM,2.029456873570905,1.153477009144844,1.4245900721158018
datasets/synthetic_data/s1.csv,314,<timecave.validation_methods.prequential.Rolling_Window object at 0x00000196B95B5DF0>,2,LSTM,2.3192335440133522,1.217738653798075,1.52290299888514
datasets/synthetic_data/s1.csv,314,<timecave.validation_methods.CV.Block_CV object at 0x00000196AC5BBC20>,0,LSTM,1.1263299554726405,0.9108332193253595,1.0612869336200463
datasets/synthetic_data/s1.csv,314,<timecave.validation_methods.CV.Block_CV object at 0x00000196AC5BBC20>,1,LSTM,0.9528349500539709,0.8334058009141552,0.9761326498247924
datasets/synthetic_data/s1.csv,314,<timecave.validation_methods.CV.Block_CV object at 0x00000196AC5BBC20>,2,LSTM,1.1384291675581355,0.8458263070238966,1.066971961936271
datasets/synthetic_data/s1.csv,314,<timecave.validation_methods.CV.Block_CV object at 0x00000196AC5BBC20>,3,LSTM,1.7082111354869336,1.0566576487725439,1.306985514643117
datasets/synthetic_data/s1.csv,314,<timecave.validation_methods.CV.Block_CV object at 0x00000196AC5BBC20>,4,LSTM,1.9920471995792046,1.135005788932059,1.4113990220980048
datasets/synthetic_data/s1.csv,314,<timecave.validation_methods.CV.AdaptedhvBlockCV object at 0x00000196A36AA5A0>,0,LSTM,1.1969184540678157,0.9332075159552299,1.0940376840254706
datasets/synthetic_data/s1.csv,314,<timecave.validation_methods.CV.AdaptedhvBlockCV object at 0x00000196A36AA5A0>,1,LSTM,0.927013553410119,0.8295916100810502,0.9628154306044949
datasets/synthetic_data/s1.csv,314,<timecave.validation_methods.CV.AdaptedhvBlockCV object at 0x00000196A36AA5A0>,2,LSTM,0.9357308932317584,0.7842388272317526,0.9673318423538835
datasets/synthetic_data/s1.csv,314,<timecave.validation_methods.CV.AdaptedhvBlockCV object at 0x00000196A36AA5A0>,3,LSTM,1.5627853925467123,0.9973223356521749,1.250114151806431
datasets/synthetic_data/s1.csv,314,<timecave.validation_methods.CV.AdaptedhvBlockCV object at 0x00000196A36AA5A0>,4,LSTM,1.9749078741843662,1.1274880968621972,1.4053141549790091
datasets/synthetic_data/s1.csv,314,<timecave.validation_methods.markov.MarkovCV object at 0x00000196B372E030>,0,LSTM,4.794434621794768,1.8546560025070946,2.1896197436529405
datasets/synthetic_data/s1.csv,314,<timecave.validation_methods.markov.MarkovCV object at 0x00000196B372E030>,1,LSTM,6.273743092389639,2.0658297167387176,2.504744117148424
datasets/synthetic_data/s1.csv,314,<timecave.validation_methods.markov.MarkovCV object at 0x00000196B372E030>,2,LSTM,5.08815229142922,1.7825088616378932,2.2556933061542788
datasets/synthetic_data/s1.csv,314,<timecave.validation_methods.markov.MarkovCV object at 0x00000196B372E030>,3,LSTM,4.129675898912341,1.6322987469055907,2.032160401866039
datasets/synthetic_data/s1.csv,314,<timecave.validation_methods.markov.MarkovCV object at 0x00000196B372E030>,4,LSTM,6.238495277902438,2.2102424743180715,2.497697995735761
datasets/synthetic_data/s1.csv,314,<timecave.validation_methods.markov.MarkovCV object at 0x00000196B372E030>,5,LSTM,12.196323303609567,2.880808280115116,3.492323482097494
datasets/synthetic_data/s1.csv,314,<timecave.validation_methods.markov.MarkovCV object at 0x00000196B372E030>,6,LSTM,5.3202298112478665,1.6834805432513813,2.3065623363022008
datasets/synthetic_data/s1.csv,314,<timecave.validation_methods.markov.MarkovCV object at 0x00000196B372E030>,7,LSTM,4.681100761801179,1.5707086962036743,2.1635851639815753
datasets/synthetic_data/s1.csv,314,<timecave.validation_methods.markov.MarkovCV object at 0x00000196B372E030>,8,LSTM,3.2971426287783867,1.3059456402640501,1.815803576595879
datasets/synthetic_data/s1.csv,314,<timecave.validation_methods.markov.MarkovCV object at 0x00000196B372E030>,9,LSTM,3.9009156759562744,1.7984814528692115,1.975073587478774
datasets/synthetic_data/s1.csv,315,<timecave.validation_methods.OOS.Holdout object at 0x00000196BFA436E0>,0,LSTM,1.0772641387881376,0.8157250901354243,1.037913358035312
datasets/synthetic_data/s1.csv,315,<timecave.validation_methods.OOS.Repeated_Holdout object at 0x00000196D9BCBC50>,0,LSTM,1.011533279628903,0.8384189919908769,1.005750107943769
datasets/synthetic_data/s1.csv,315,<timecave.validation_methods.OOS.Repeated_Holdout object at 0x00000196D9BCBC50>,1,LSTM,1.0823970721072054,0.8488073780646458,1.0403831371697665
datasets/synthetic_data/s1.csv,315,<timecave.validation_methods.OOS.Repeated_Holdout object at 0x00000196D9BCBC50>,2,LSTM,1.1611392165755707,0.8801014311203935,1.07756169966066
datasets/synthetic_data/s1.csv,315,<timecave.validation_methods.OOS.Repeated_Holdout object at 0x00000196D9BCBC50>,3,LSTM,1.140000141433607,0.8819845732193801,1.0677078914354838
datasets/synthetic_data/s1.csv,315,<timecave.validation_methods.prequential.Growing_Window object at 0x00000196BE4191F0>,0,LSTM,2.095130512477102,1.184325897867644,1.4474565666979793
datasets/synthetic_data/s1.csv,315,<timecave.validation_methods.prequential.Growing_Window object at 0x00000196BE4191F0>,1,LSTM,1.4422660008270582,1.0542728524956193,1.2009437958651763
datasets/synthetic_data/s1.csv,315,<timecave.validation_methods.prequential.Growing_Window object at 0x00000196BE4191F0>,2,LSTM,1.4006579671135075,0.9597272711125979,1.183493965812039
datasets/synthetic_data/s1.csv,315,<timecave.validation_methods.prequential.Growing_Window object at 0x00000196BE4191F0>,3,LSTM,1.2011812647996005,0.9315412746207082,1.095984153534895
datasets/synthetic_data/s1.csv,315,<timecave.validation_methods.prequential.Growing_Window object at 0x00000196E5EAC230>,0,LSTM,2.34165671569611,1.2852270782537831,1.5302472727295122
datasets/synthetic_data/s1.csv,315,<timecave.validation_methods.prequential.Growing_Window object at 0x00000196E5EAC230>,1,LSTM,1.3322774377255882,0.9010437630130613,1.1542432316135054
datasets/synthetic_data/s1.csv,315,<timecave.validation_methods.prequential.Growing_Window object at 0x00000196E5EAC230>,2,LSTM,1.151025729636777,0.9166797416019716,1.0728586717908268
datasets/synthetic_data/s1.csv,315,<timecave.validation_methods.prequential.Rolling_Window object at 0x00000196D96467E0>,0,LSTM,2.200531208386729,1.1967638923687065,1.4834187569215675
datasets/synthetic_data/s1.csv,315,<timecave.validation_methods.prequential.Rolling_Window object at 0x00000196D96467E0>,1,LSTM,1.5509161561453735,1.0881694753412658,1.2453578426080487
datasets/synthetic_data/s1.csv,315,<timecave.validation_methods.prequential.Rolling_Window object at 0x00000196D96467E0>,2,LSTM,1.2083469332872558,0.8886382956920821,1.0992483492310807
datasets/synthetic_data/s1.csv,315,<timecave.validation_methods.prequential.Rolling_Window object at 0x00000196D96467E0>,3,LSTM,1.3737366435693334,1.0020534639196248,1.1720651191675886
datasets/synthetic_data/s1.csv,315,<timecave.validation_methods.prequential.Rolling_Window object at 0x00000196D9644CB0>,0,LSTM,2.238859946990529,1.239701276299337,1.4962820412577733
datasets/synthetic_data/s1.csv,315,<timecave.validation_methods.prequential.Rolling_Window object at 0x00000196D9644CB0>,1,LSTM,1.3852450392472224,0.921332190414025,1.1769643321899022
datasets/synthetic_data/s1.csv,315,<timecave.validation_methods.prequential.Rolling_Window object at 0x00000196D9644CB0>,2,LSTM,1.3737676496160476,0.9383040773506963,1.1720783461936526
datasets/synthetic_data/s1.csv,315,<timecave.validation_methods.CV.Block_CV object at 0x00000196D9C64830>,0,LSTM,1.7028782336629433,1.0393705154899417,1.3049437664753771
datasets/synthetic_data/s1.csv,315,<timecave.validation_methods.CV.Block_CV object at 0x00000196D9C64830>,1,LSTM,1.7551880926858887,1.0064831067300954,1.3248351190566654
datasets/synthetic_data/s1.csv,315,<timecave.validation_methods.CV.Block_CV object at 0x00000196D9C64830>,2,LSTM,1.3849288752686146,1.030849388009727,1.1768300112032386
datasets/synthetic_data/s1.csv,315,<timecave.validation_methods.CV.Block_CV object at 0x00000196D9C64830>,3,LSTM,1.416405643859672,0.9802783376823058,1.1901284148610485
datasets/synthetic_data/s1.csv,315,<timecave.validation_methods.CV.Block_CV object at 0x00000196D9C64830>,4,LSTM,1.0773639021722914,0.876560803409992,1.037961416514261
datasets/synthetic_data/s1.csv,315,<timecave.validation_methods.CV.AdaptedhvBlockCV object at 0x00000196CC8D7530>,0,LSTM,1.698111677174116,1.0051336404699753,1.3031161410918506
datasets/synthetic_data/s1.csv,315,<timecave.validation_methods.CV.AdaptedhvBlockCV object at 0x00000196CC8D7530>,1,LSTM,1.839033246278841,1.0680189884354883,1.3561095996558836
datasets/synthetic_data/s1.csv,315,<timecave.validation_methods.CV.AdaptedhvBlockCV object at 0x00000196CC8D7530>,2,LSTM,1.441798258328384,1.0485876979108477,1.2007490405277799
datasets/synthetic_data/s1.csv,315,<timecave.validation_methods.CV.AdaptedhvBlockCV object at 0x00000196CC8D7530>,3,LSTM,1.492366378724552,0.9882017731021038,1.2216244835155163
datasets/synthetic_data/s1.csv,315,<timecave.validation_methods.CV.AdaptedhvBlockCV object at 0x00000196CC8D7530>,4,LSTM,1.0984417079562865,0.8641375346672149,1.0480656983015362
datasets/synthetic_data/s1.csv,315,<timecave.validation_methods.markov.MarkovCV object at 0x00000196EE208CE0>,0,LSTM,4.304740961407479,1.5669370619153888,2.0747869677168014
datasets/synthetic_data/s1.csv,315,<timecave.validation_methods.markov.MarkovCV object at 0x00000196EE208CE0>,1,LSTM,3.7450394319032534,1.7501756076496917,1.9352104360774962
datasets/synthetic_data/s1.csv,315,<timecave.validation_methods.markov.MarkovCV object at 0x00000196EE208CE0>,2,LSTM,5.9825446341318615,2.087599769387537,2.4459240859298683
datasets/synthetic_data/s1.csv,315,<timecave.validation_methods.markov.MarkovCV object at 0x00000196EE208CE0>,3,LSTM,8.899924156017498,2.2713153201368503,2.9832740665278306
datasets/synthetic_data/s1.csv,315,<timecave.validation_methods.markov.MarkovCV object at 0x00000196EE208CE0>,4,LSTM,7.003754802902099,2.198228299278966,2.646460806983942
datasets/synthetic_data/s1.csv,315,<timecave.validation_methods.markov.MarkovCV object at 0x00000196EE208CE0>,5,LSTM,4.846100084947481,1.8954224116928595,2.2013859463863854
datasets/synthetic_data/s1.csv,315,<timecave.validation_methods.markov.MarkovCV object at 0x00000196EE208CE0>,6,LSTM,2.644812973240143,1.412554140419955,1.6262880966299122
datasets/synthetic_data/s1.csv,315,<timecave.validation_methods.markov.MarkovCV object at 0x00000196EE208CE0>,7,LSTM,2.1621383751721477,1.2884768135151683,1.4704211557142899
datasets/synthetic_data/s1.csv,315,<timecave.validation_methods.markov.MarkovCV object at 0x00000196EE208CE0>,8,LSTM,11.368709887231134,2.616599248282859,3.37175175350012
datasets/synthetic_data/s1.csv,315,<timecave.validation_methods.markov.MarkovCV object at 0x00000196EE208CE0>,9,LSTM,3.2404848481582325,1.4875567028702272,1.8001346750057987
datasets/synthetic_data/s1.csv,316,<timecave.validation_methods.OOS.Holdout object at 0x00000196F8EF6660>,0,LSTM,1.2955598275746933,0.9178013252366437,1.1382266152110014
datasets/synthetic_data/s1.csv,316,<timecave.validation_methods.OOS.Repeated_Holdout object at 0x00000196AB30B8F0>,0,LSTM,1.3155179577434715,0.9435161729609437,1.146960312191957
datasets/synthetic_data/s1.csv,316,<timecave.validation_methods.OOS.Repeated_Holdout object at 0x00000196AB30B8F0>,1,LSTM,1.2966885730679427,0.9402277244519459,1.1387223423942918
datasets/synthetic_data/s1.csv,316,<timecave.validation_methods.OOS.Repeated_Holdout object at 0x00000196AB30B8F0>,2,LSTM,1.1393817013132295,0.8573519077834147,1.0674182410438888
datasets/synthetic_data/s1.csv,316,<timecave.validation_methods.OOS.Repeated_Holdout object at 0x00000196AB30B8F0>,3,LSTM,1.436648131623367,0.94959107440433,1.1986025745105702
datasets/synthetic_data/s1.csv,316,<timecave.validation_methods.prequential.Growing_Window object at 0x00000197116991F0>,0,LSTM,3.0856180773055115,1.5225376853733192,1.756592746570904
datasets/synthetic_data/s1.csv,316,<timecave.validation_methods.prequential.Growing_Window object at 0x00000197116991F0>,1,LSTM,1.8080708305593123,1.0860607225763077,1.344645243385523
datasets/synthetic_data/s1.csv,316,<timecave.validation_methods.prequential.Growing_Window object at 0x00000197116991F0>,2,LSTM,1.0337204366847461,0.7967812260142598,1.0167204319205678
datasets/synthetic_data/s1.csv,316,<timecave.validation_methods.prequential.Growing_Window object at 0x00000197116991F0>,3,LSTM,1.3437989254701206,0.9722129026522011,1.1592234148213711
datasets/synthetic_data/s1.csv,316,<timecave.validation_methods.prequential.Growing_Window object at 0x00000196E13E8DA0>,0,LSTM,2.3758048902689843,1.311518333599655,1.5413646195073327
datasets/synthetic_data/s1.csv,316,<timecave.validation_methods.prequential.Growing_Window object at 0x00000196E13E8DA0>,1,LSTM,0.9082216534608661,0.7389408120400527,0.9530066387286429
datasets/synthetic_data/s1.csv,316,<timecave.validation_methods.prequential.Growing_Window object at 0x00000196E13E8DA0>,2,LSTM,1.4077559430068614,0.9696214232973738,1.1864889139839703
datasets/synthetic_data/s1.csv,316,<timecave.validation_methods.prequential.Rolling_Window object at 0x00000196D9434230>,0,LSTM,2.8655908741256617,1.4555405171325955,1.6928056220740944
datasets/synthetic_data/s1.csv,316,<timecave.validation_methods.prequential.Rolling_Window object at 0x00000196D9434230>,1,LSTM,3.2081568775353504,1.4401875704528464,1.7911328475396096
datasets/synthetic_data/s1.csv,316,<timecave.validation_methods.prequential.Rolling_Window object at 0x00000196D9434230>,2,LSTM,2.453145466485012,1.2203271523658916,1.5662520443673846
datasets/synthetic_data/s1.csv,316,<timecave.validation_methods.prequential.Rolling_Window object at 0x00000196D9434230>,3,LSTM,1.098627830879738,0.8804762320377016,1.0481544880788032
datasets/synthetic_data/s1.csv,316,<timecave.validation_methods.prequential.Rolling_Window object at 0x0000019706DB7800>,0,LSTM,2.0407238031018817,1.2079852067939159,1.4285390450043296
datasets/synthetic_data/s1.csv,316,<timecave.validation_methods.prequential.Rolling_Window object at 0x0000019706DB7800>,1,LSTM,1.0044402876367269,0.792693606140401,1.002217684755526
datasets/synthetic_data/s1.csv,316,<timecave.validation_methods.prequential.Rolling_Window object at 0x0000019706DB7800>,2,LSTM,1.7619497536511062,0.9925210090661594,1.327384553794079
datasets/synthetic_data/s1.csv,316,<timecave.validation_methods.CV.Block_CV object at 0x00000197117190A0>,0,LSTM,0.8485493739322453,0.7429636716224945,0.9211673973454799
datasets/synthetic_data/s1.csv,316,<timecave.validation_methods.CV.Block_CV object at 0x00000197117190A0>,1,LSTM,2.527676630426129,1.279192160644504,1.5898668593395262
datasets/synthetic_data/s1.csv,316,<timecave.validation_methods.CV.Block_CV object at 0x00000197117190A0>,2,LSTM,1.834687541091172,1.118305618281457,1.3545063828166968
datasets/synthetic_data/s1.csv,316,<timecave.validation_methods.CV.Block_CV object at 0x00000197117190A0>,3,LSTM,1.1796035767568094,0.8697265894112609,1.0860955652044664
datasets/synthetic_data/s1.csv,316,<timecave.validation_methods.CV.Block_CV object at 0x00000197117190A0>,4,LSTM,1.2423956738154802,0.9238061664858122,1.1146280428086672
datasets/synthetic_data/s1.csv,316,<timecave.validation_methods.CV.AdaptedhvBlockCV object at 0x00000196A82A84A0>,0,LSTM,0.9874465163721928,0.8243950696052353,0.9937034348195607
datasets/synthetic_data/s1.csv,316,<timecave.validation_methods.CV.AdaptedhvBlockCV object at 0x00000196A82A84A0>,1,LSTM,2.379665433190103,1.281526128785757,1.5426164245171587
datasets/synthetic_data/s1.csv,316,<timecave.validation_methods.CV.AdaptedhvBlockCV object at 0x00000196A82A84A0>,2,LSTM,1.887857732615342,1.1405597685786957,1.3739933524640293
datasets/synthetic_data/s1.csv,316,<timecave.validation_methods.CV.AdaptedhvBlockCV object at 0x00000196A82A84A0>,3,LSTM,0.855307240820762,0.7143596373434798,0.9248282223314566
datasets/synthetic_data/s1.csv,316,<timecave.validation_methods.CV.AdaptedhvBlockCV object at 0x00000196A82A84A0>,4,LSTM,1.3462875453663428,0.9620629377826717,1.1602963179146708
datasets/synthetic_data/s1.csv,316,<timecave.validation_methods.markov.MarkovCV object at 0x000001970DF06030>,0,LSTM,3.123968077669954,1.480999293902817,1.7674750571563815
datasets/synthetic_data/s1.csv,316,<timecave.validation_methods.markov.MarkovCV object at 0x000001970DF06030>,1,LSTM,3.268494796865722,1.244781040066615,1.8078978944801396
datasets/synthetic_data/s1.csv,316,<timecave.validation_methods.markov.MarkovCV object at 0x000001970DF06030>,2,LSTM,0.8323963776625258,0.7935346776796841,0.912357593086464
datasets/synthetic_data/s1.csv,316,<timecave.validation_methods.markov.MarkovCV object at 0x000001970DF06030>,3,LSTM,1.14128660090279,0.7889899990107228,1.068310161377673
datasets/synthetic_data/s1.csv,316,<timecave.validation_methods.markov.MarkovCV object at 0x000001970DF06030>,4,LSTM,3.837283931488748,1.589830178317474,1.9588986526843977
datasets/synthetic_data/s1.csv,316,<timecave.validation_methods.markov.MarkovCV object at 0x000001970DF06030>,5,LSTM,4.7561135521419455,1.84500755152351,2.18085156582055
datasets/synthetic_data/s1.csv,316,<timecave.validation_methods.markov.MarkovCV object at 0x000001970DF06030>,6,LSTM,8.26357071715024,2.5448891610515862,2.8746427112165156
datasets/synthetic_data/s1.csv,316,<timecave.validation_methods.markov.MarkovCV object at 0x000001970DF06030>,7,LSTM,8.488461739878222,2.594867773612089,2.9134964801554544
datasets/synthetic_data/s1.csv,316,<timecave.validation_methods.markov.MarkovCV object at 0x000001970DF06030>,8,LSTM,2.6957901268266706,1.3989236878213274,1.6418861491670702
datasets/synthetic_data/s1.csv,316,<timecave.validation_methods.markov.MarkovCV object at 0x000001970DF06030>,9,LSTM,4.337650718052779,1.5941191152663499,2.082702743564904
datasets/synthetic_data/s1.csv,317,<timecave.validation_methods.OOS.Holdout object at 0x00000196F4FC14F0>,0,LSTM,1.9272211172058618,1.0335866711330994,1.3882438968732627
datasets/synthetic_data/s1.csv,317,<timecave.validation_methods.OOS.Repeated_Holdout object at 0x000001970CC52930>,0,LSTM,1.5704186659270856,0.927078705727259,1.2531634633706352
datasets/synthetic_data/s1.csv,317,<timecave.validation_methods.OOS.Repeated_Holdout object at 0x000001970CC52930>,1,LSTM,1.4693921387649866,0.8920565845886469,1.2121848616300184
datasets/synthetic_data/s1.csv,317,<timecave.validation_methods.OOS.Repeated_Holdout object at 0x000001970CC52930>,2,LSTM,1.7352577248636665,1.0355931933659537,1.3172918146195498
datasets/synthetic_data/s1.csv,317,<timecave.validation_methods.OOS.Repeated_Holdout object at 0x000001970CC52930>,3,LSTM,1.7886684873934193,0.9860202881221519,1.3374111138290348
datasets/synthetic_data/s1.csv,317,<timecave.validation_methods.prequential.Growing_Window object at 0x000001971FE1E2D0>,0,LSTM,1.1742740831286047,0.8614047592714109,1.083639277217564
datasets/synthetic_data/s1.csv,317,<timecave.validation_methods.prequential.Growing_Window object at 0x000001971FE1E2D0>,1,LSTM,1.5291216137646335,1.0032527490709673,1.2365765701179339
datasets/synthetic_data/s1.csv,317,<timecave.validation_methods.prequential.Growing_Window object at 0x000001971FE1E2D0>,2,LSTM,2.433800168611889,1.1908483604681588,1.5600641552871757
datasets/synthetic_data/s1.csv,317,<timecave.validation_methods.prequential.Growing_Window object at 0x000001971FE1E2D0>,3,LSTM,1.4631836885764653,0.9116565717988552,1.209621299653931
datasets/synthetic_data/s1.csv,317,<timecave.validation_methods.prequential.Growing_Window object at 0x00000196E60CDCA0>,0,LSTM,2.1037962088131956,1.1240966994407044,1.4504468996875397
datasets/synthetic_data/s1.csv,317,<timecave.validation_methods.prequential.Growing_Window object at 0x00000196E60CDCA0>,1,LSTM,2.808816099529228,1.3397670229484464,1.6759522963167024
datasets/synthetic_data/s1.csv,317,<timecave.validation_methods.prequential.Growing_Window object at 0x00000196E60CDCA0>,2,LSTM,1.683702636464547,0.939162659814743,1.2975756765848176
datasets/synthetic_data/s1.csv,317,<timecave.validation_methods.prequential.Rolling_Window object at 0x0000019732904230>,0,LSTM,1.2784443917509336,0.848046455270296,1.1306831526784742
datasets/synthetic_data/s1.csv,317,<timecave.validation_methods.prequential.Rolling_Window object at 0x0000019732904230>,1,LSTM,1.4435600647690867,1.0066264526798774,1.2014824446362447
datasets/synthetic_data/s1.csv,317,<timecave.validation_methods.prequential.Rolling_Window object at 0x0000019732904230>,2,LSTM,2.494184293234682,1.2407566610397882,1.5792986713204953
datasets/synthetic_data/s1.csv,317,<timecave.validation_methods.prequential.Rolling_Window object at 0x0000019732904230>,3,LSTM,2.1142796727725255,1.151654572628635,1.4540562825326004
datasets/synthetic_data/s1.csv,317,<timecave.validation_methods.prequential.Rolling_Window object at 0x000001971A854C50>,0,LSTM,1.6550270472822095,0.9862309898172208,1.2864785452086676
datasets/synthetic_data/s1.csv,317,<timecave.validation_methods.prequential.Rolling_Window object at 0x000001971A854C50>,1,LSTM,2.7912987664908857,1.3726676521933567,1.6707180391947904
datasets/synthetic_data/s1.csv,317,<timecave.validation_methods.prequential.Rolling_Window object at 0x000001971A854C50>,2,LSTM,1.7884543557326424,0.9622558607132609,1.3373310568937828
datasets/synthetic_data/s1.csv,317,<timecave.validation_methods.CV.Block_CV object at 0x000001971171BE90>,0,LSTM,2.0413181015132724,1.1430605700405712,1.428747039021699
datasets/synthetic_data/s1.csv,317,<timecave.validation_methods.CV.Block_CV object at 0x000001971171BE90>,1,LSTM,1.20556105498755,0.9195256818458531,1.0979804438092464
datasets/synthetic_data/s1.csv,317,<timecave.validation_methods.CV.Block_CV object at 0x000001971171BE90>,2,LSTM,1.4383410088285151,0.9298349459011441,1.1993085544714985
datasets/synthetic_data/s1.csv,317,<timecave.validation_methods.CV.Block_CV object at 0x000001971171BE90>,3,LSTM,2.1448802330646197,1.1830724928876117,1.4645409632593482
datasets/synthetic_data/s1.csv,317,<timecave.validation_methods.CV.Block_CV object at 0x000001971171BE90>,4,LSTM,1.4876691169614107,0.8913168855642574,1.2197004209892734
datasets/synthetic_data/s1.csv,317,<timecave.validation_methods.CV.AdaptedhvBlockCV object at 0x000001971171B5F0>,0,LSTM,2.1866332425770305,1.2081665750836945,1.4787268992538922
datasets/synthetic_data/s1.csv,317,<timecave.validation_methods.CV.AdaptedhvBlockCV object at 0x000001971171B5F0>,1,LSTM,1.1788496428828734,0.9313103026612359,1.085748425226983
datasets/synthetic_data/s1.csv,317,<timecave.validation_methods.CV.AdaptedhvBlockCV object at 0x000001971171B5F0>,2,LSTM,1.4666794553484481,0.9449345786045886,1.211065421580704
datasets/synthetic_data/s1.csv,317,<timecave.validation_methods.CV.AdaptedhvBlockCV object at 0x000001971171B5F0>,3,LSTM,2.541705495693452,1.2862451587381034,1.5942727168503674
datasets/synthetic_data/s1.csv,317,<timecave.validation_methods.CV.AdaptedhvBlockCV object at 0x000001971171B5F0>,4,LSTM,1.518845196352197,0.9327034816077355,1.232414376884738
datasets/synthetic_data/s1.csv,317,<timecave.validation_methods.markov.MarkovCV object at 0x0000019730548CE0>,0,LSTM,12.837182692428271,3.3050568709040093,3.5829014349306725
datasets/synthetic_data/s1.csv,317,<timecave.validation_methods.markov.MarkovCV object at 0x0000019730548CE0>,1,LSTM,4.577781217146097,1.597921313186487,2.1395750085346616
datasets/synthetic_data/s1.csv,317,<timecave.validation_methods.markov.MarkovCV object at 0x0000019730548CE0>,2,LSTM,6.717011158344484,1.9402325564996492,2.5917197298983705
datasets/synthetic_data/s1.csv,317,<timecave.validation_methods.markov.MarkovCV object at 0x0000019730548CE0>,3,LSTM,3.5587954040237264,1.5855121263518084,1.886476982108111
datasets/synthetic_data/s1.csv,317,<timecave.validation_methods.markov.MarkovCV object at 0x0000019730548CE0>,4,LSTM,0.8807594457211807,0.7599023878553006,0.9384878505986003
datasets/synthetic_data/s1.csv,317,<timecave.validation_methods.markov.MarkovCV object at 0x0000019730548CE0>,5,LSTM,3.3008669375772017,1.6668142031129918,1.8168288135036834
datasets/synthetic_data/s1.csv,317,<timecave.validation_methods.markov.MarkovCV object at 0x0000019730548CE0>,6,LSTM,4.090839591503537,1.6788484456260748,2.0225824066038784
datasets/synthetic_data/s1.csv,317,<timecave.validation_methods.markov.MarkovCV object at 0x0000019730548CE0>,7,LSTM,5.264643961042605,1.6366280087016207,2.2944811964892207
datasets/synthetic_data/s1.csv,317,<timecave.validation_methods.markov.MarkovCV object at 0x0000019730548CE0>,8,LSTM,6.225434368803087,2.1142012849810397,2.4950820364875956
datasets/synthetic_data/s1.csv,317,<timecave.validation_methods.markov.MarkovCV object at 0x0000019730548CE0>,9,LSTM,8.16789341559578,2.2721014524882066,2.8579526615386373
datasets/synthetic_data/s1.csv,318,<timecave.validation_methods.OOS.Holdout object at 0x00000197360B0320>,0,LSTM,1.2939246954994241,0.9012955258138772,1.137508107882939
datasets/synthetic_data/s1.csv,318,<timecave.validation_methods.OOS.Repeated_Holdout object at 0x00000196BE7E0110>,0,LSTM,1.3354538658878845,0.939933585862439,1.1556183911170177
datasets/synthetic_data/s1.csv,318,<timecave.validation_methods.OOS.Repeated_Holdout object at 0x00000196BE7E0110>,1,LSTM,1.4773838155665835,1.0100611929573446,1.2154767852849282
datasets/synthetic_data/s1.csv,318,<timecave.validation_methods.OOS.Repeated_Holdout object at 0x00000196BE7E0110>,2,LSTM,1.1941701762982089,0.8957125864437187,1.0927809370126333
datasets/synthetic_data/s1.csv,318,<timecave.validation_methods.OOS.Repeated_Holdout object at 0x00000196BE7E0110>,3,LSTM,1.2536629695541979,0.8986441338314927,1.1196709202056638
datasets/synthetic_data/s1.csv,318,<timecave.validation_methods.prequential.Growing_Window object at 0x000001971C5E6390>,0,LSTM,1.3967829820530258,0.9344874303537161,1.1818557365656037
datasets/synthetic_data/s1.csv,318,<timecave.validation_methods.prequential.Growing_Window object at 0x000001971C5E6390>,1,LSTM,1.1465271113449431,0.8694892625094387,1.0707600624532758
datasets/synthetic_data/s1.csv,318,<timecave.validation_methods.prequential.Growing_Window object at 0x000001971C5E6390>,2,LSTM,1.2083428640080924,0.8885496411303293,1.099246498292395
datasets/synthetic_data/s1.csv,318,<timecave.validation_methods.prequential.Growing_Window object at 0x000001971C5E6390>,3,LSTM,1.472872911860078,1.0044444821595389,1.213619755879113
datasets/synthetic_data/s1.csv,318,<timecave.validation_methods.prequential.Growing_Window object at 0x00000197493E11F0>,0,LSTM,1.4991709770473445,0.9304913879507105,1.2244063774120684
datasets/synthetic_data/s1.csv,318,<timecave.validation_methods.prequential.Growing_Window object at 0x00000197493E11F0>,1,LSTM,1.3048849098278665,0.8769577951901716,1.142315591169037
datasets/synthetic_data/s1.csv,318,<timecave.validation_methods.prequential.Growing_Window object at 0x00000197493E11F0>,2,LSTM,1.4037014776288341,0.9906127084351086,1.184779083892366
datasets/synthetic_data/s1.csv,318,<timecave.validation_methods.prequential.Rolling_Window object at 0x000001974948FCB0>,0,LSTM,1.3943987939397107,0.8720626247737617,1.180846642854063
datasets/synthetic_data/s1.csv,318,<timecave.validation_methods.prequential.Rolling_Window object at 0x000001974948FCB0>,1,LSTM,1.9007144540343806,1.1137887613780733,1.378664010567615
datasets/synthetic_data/s1.csv,318,<timecave.validation_methods.prequential.Rolling_Window object at 0x000001974948FCB0>,2,LSTM,2.0935792782445435,1.0981030539970387,1.446920619192547
datasets/synthetic_data/s1.csv,318,<timecave.validation_methods.prequential.Rolling_Window object at 0x000001974948FCB0>,3,LSTM,1.737575930962461,1.1159876560531674,1.3181714345874975
datasets/synthetic_data/s1.csv,318,<timecave.validation_methods.prequential.Rolling_Window object at 0x000001974855C230>,0,LSTM,1.4670129596006376,0.8943922968050194,1.211203104190473
datasets/synthetic_data/s1.csv,318,<timecave.validation_methods.prequential.Rolling_Window object at 0x000001974855C230>,1,LSTM,1.4940299949143532,0.9270058781290751,1.222305197123187
datasets/synthetic_data/s1.csv,318,<timecave.validation_methods.prequential.Rolling_Window object at 0x000001974855C230>,2,LSTM,1.761298230105646,1.0806232048920517,1.327139114827698
datasets/synthetic_data/s1.csv,318,<timecave.validation_methods.CV.Block_CV object at 0x000001971C83F800>,0,LSTM,1.4294548577475823,0.922560964672953,1.195598117156255
datasets/synthetic_data/s1.csv,318,<timecave.validation_methods.CV.Block_CV object at 0x000001971C83F800>,1,LSTM,1.300674189112485,0.8863158179491185,1.1404710382611585
datasets/synthetic_data/s1.csv,318,<timecave.validation_methods.CV.Block_CV object at 0x000001971C83F800>,2,LSTM,1.253880123718724,0.9351739000926137,1.1197678883227202
datasets/synthetic_data/s1.csv,318,<timecave.validation_methods.CV.Block_CV object at 0x000001971C83F800>,3,LSTM,1.2304481156270004,0.8919910369892529,1.109255658370513
datasets/synthetic_data/s1.csv,318,<timecave.validation_methods.CV.Block_CV object at 0x000001971C83F800>,4,LSTM,1.5138264796837584,1.023637804116811,1.2303765601163565
datasets/synthetic_data/s1.csv,318,<timecave.validation_methods.CV.AdaptedhvBlockCV object at 0x0000019733D758E0>,0,LSTM,1.3917878446170149,0.9366110853959874,1.1797405836102337
datasets/synthetic_data/s1.csv,318,<timecave.validation_methods.CV.AdaptedhvBlockCV object at 0x0000019733D758E0>,1,LSTM,1.2673962041473,0.8499496421413055,1.1257869266194647
datasets/synthetic_data/s1.csv,318,<timecave.validation_methods.CV.AdaptedhvBlockCV object at 0x0000019733D758E0>,2,LSTM,1.22616708925274,0.9202988816645864,1.107324292722209
datasets/synthetic_data/s1.csv,318,<timecave.validation_methods.CV.AdaptedhvBlockCV object at 0x0000019733D758E0>,3,LSTM,1.2564260435239551,0.8916847903595092,1.1209041187915918
datasets/synthetic_data/s1.csv,318,<timecave.validation_methods.CV.AdaptedhvBlockCV object at 0x0000019733D758E0>,4,LSTM,1.4718270079275255,1.0060675142706381,1.2131887767068756
datasets/synthetic_data/s1.csv,318,<timecave.validation_methods.markov.MarkovCV object at 0x000001973E30E030>,0,LSTM,2.681593917796395,1.401326059132496,1.6375573021413312
datasets/synthetic_data/s1.csv,318,<timecave.validation_methods.markov.MarkovCV object at 0x000001973E30E030>,1,LSTM,1.9087892171736212,1.1301944562696207,1.381589380812411
datasets/synthetic_data/s1.csv,318,<timecave.validation_methods.markov.MarkovCV object at 0x000001973E30E030>,2,LSTM,2.342668755791511,1.2003709026900327,1.5305779156225634
datasets/synthetic_data/s1.csv,318,<timecave.validation_methods.markov.MarkovCV object at 0x000001973E30E030>,3,LSTM,1.0226396296425078,0.8036077791548474,1.011256460865644
datasets/synthetic_data/s1.csv,318,<timecave.validation_methods.markov.MarkovCV object at 0x000001973E30E030>,4,LSTM,2.888418685052864,1.5229828955975642,1.6995348437301496
datasets/synthetic_data/s1.csv,318,<timecave.validation_methods.markov.MarkovCV object at 0x000001973E30E030>,5,LSTM,6.030060159563565,1.9275414836542146,2.455618080965272
datasets/synthetic_data/s1.csv,318,<timecave.validation_methods.markov.MarkovCV object at 0x000001973E30E030>,6,LSTM,4.234625438100268,1.5646561822030967,2.0578205553692643
datasets/synthetic_data/s1.csv,318,<timecave.validation_methods.markov.MarkovCV object at 0x000001973E30E030>,7,LSTM,6.437292036697294,1.9113754842062345,2.537181908475877
datasets/synthetic_data/s1.csv,318,<timecave.validation_methods.markov.MarkovCV object at 0x000001973E30E030>,8,LSTM,6.524767813916543,2.239348954355683,2.55436250636368
datasets/synthetic_data/s1.csv,318,<timecave.validation_methods.markov.MarkovCV object at 0x000001973E30E030>,9,LSTM,17.819637536822217,3.9345786597117023,4.221331251728798
datasets/synthetic_data/s1.csv,319,<timecave.validation_methods.OOS.Holdout object at 0x000001974E234770>,0,LSTM,2.4002296183293117,1.2315375512946172,1.5492674457075872
datasets/synthetic_data/s1.csv,319,<timecave.validation_methods.OOS.Repeated_Holdout object at 0x0000019772416630>,0,LSTM,2.5949275523407325,1.241477086400539,1.6108778825040502
datasets/synthetic_data/s1.csv,319,<timecave.validation_methods.OOS.Repeated_Holdout object at 0x0000019772416630>,1,LSTM,3.065169064033715,1.370329807400774,1.7507624236411161
datasets/synthetic_data/s1.csv,319,<timecave.validation_methods.OOS.Repeated_Holdout object at 0x0000019772416630>,2,LSTM,2.9218474895100686,1.3543157099572927,1.709341244313162
datasets/synthetic_data/s1.csv,319,<timecave.validation_methods.OOS.Repeated_Holdout object at 0x0000019772416630>,3,LSTM,2.4393364334726972,1.2533389439329896,1.561837518269009
datasets/synthetic_data/s1.csv,319,<timecave.validation_methods.prequential.Growing_Window object at 0x0000019751CF11F0>,0,LSTM,8.27919540282393,2.2366511903879838,2.8773591021671123
datasets/synthetic_data/s1.csv,319,<timecave.validation_methods.prequential.Growing_Window object at 0x0000019751CF11F0>,1,LSTM,4.875822944157808,1.7754923822567628,2.208126568871859
datasets/synthetic_data/s1.csv,319,<timecave.validation_methods.prequential.Growing_Window object at 0x0000019751CF11F0>,2,LSTM,4.943407158212976,1.570067941375343,2.223377421449848
datasets/synthetic_data/s1.csv,319,<timecave.validation_methods.prequential.Growing_Window object at 0x0000019751CF11F0>,3,LSTM,3.087364258294796,1.356348457110988,1.7570897126483884
datasets/synthetic_data/s1.csv,319,<timecave.validation_methods.prequential.Growing_Window object at 0x0000019757A78DA0>,0,LSTM,4.970316550337873,1.7267050421307177,2.229420675946528
datasets/synthetic_data/s1.csv,319,<timecave.validation_methods.prequential.Growing_Window object at 0x0000019757A78DA0>,1,LSTM,4.702807257684073,1.6137152438265234,2.168595687924347
datasets/synthetic_data/s1.csv,319,<timecave.validation_methods.prequential.Growing_Window object at 0x0000019757A78DA0>,2,LSTM,3.9634788740268267,1.6379293707558393,1.9908487823104062
datasets/synthetic_data/s1.csv,319,<timecave.validation_methods.prequential.Rolling_Window object at 0x000001974D01BAA0>,0,LSTM,7.923106573478533,2.159053742143483,2.814801338190412
datasets/synthetic_data/s1.csv,319,<timecave.validation_methods.prequential.Rolling_Window object at 0x000001974D01BAA0>,1,LSTM,6.956435590783123,2.1330854483148745,2.6375055622279024
datasets/synthetic_data/s1.csv,319,<timecave.validation_methods.prequential.Rolling_Window object at 0x000001974D01BAA0>,2,LSTM,6.994433450437523,1.9470264272692532,2.644699122856421
datasets/synthetic_data/s1.csv,319,<timecave.validation_methods.prequential.Rolling_Window object at 0x000001974D01BAA0>,3,LSTM,5.9343114781048145,1.985976290169609,2.4360442274525345
datasets/synthetic_data/s1.csv,319,<timecave.validation_methods.prequential.Rolling_Window object at 0x00000197554D8B60>,0,LSTM,6.3348130797125,1.9654074766252574,2.516905457046907
datasets/synthetic_data/s1.csv,319,<timecave.validation_methods.prequential.Rolling_Window object at 0x00000197554D8B60>,1,LSTM,7.211487052654669,2.120253088132713,2.685421205817566
datasets/synthetic_data/s1.csv,319,<timecave.validation_methods.prequential.Rolling_Window object at 0x00000197554D8B60>,2,LSTM,3.929693445885978,1.578006725418964,1.9823454406046332
datasets/synthetic_data/s1.csv,319,<timecave.validation_methods.CV.Block_CV object at 0x000001976DBA5BE0>,0,LSTM,4.6513887873382265,1.6626665623684456,2.1567078585979664
datasets/synthetic_data/s1.csv,319,<timecave.validation_methods.CV.Block_CV object at 0x000001976DBA5BE0>,1,LSTM,5.199455287852254,1.7566359474252171,2.2802314110309627
datasets/synthetic_data/s1.csv,319,<timecave.validation_methods.CV.Block_CV object at 0x000001976DBA5BE0>,2,LSTM,3.902445100281644,1.636954716601059,1.975460731141382
datasets/synthetic_data/s1.csv,319,<timecave.validation_methods.CV.Block_CV object at 0x000001976DBA5BE0>,3,LSTM,2.884250115205368,1.2921653362964614,1.6983080154098573
datasets/synthetic_data/s1.csv,319,<timecave.validation_methods.CV.Block_CV object at 0x000001976DBA5BE0>,4,LSTM,4.028734008771504,1.6111704603077701,2.0071706476459603
datasets/synthetic_data/s1.csv,319,<timecave.validation_methods.CV.AdaptedhvBlockCV object at 0x000001974E4F4BF0>,0,LSTM,3.7257590162945546,1.4383598908219013,1.9302225302525495
datasets/synthetic_data/s1.csv,319,<timecave.validation_methods.CV.AdaptedhvBlockCV object at 0x000001974E4F4BF0>,1,LSTM,3.5577998855618467,1.3872385122089097,1.8862131071440063
datasets/synthetic_data/s1.csv,319,<timecave.validation_methods.CV.AdaptedhvBlockCV object at 0x000001974E4F4BF0>,2,LSTM,3.5396178418405264,1.5495664663198068,1.881387212096576
datasets/synthetic_data/s1.csv,319,<timecave.validation_methods.CV.AdaptedhvBlockCV object at 0x000001974E4F4BF0>,3,LSTM,2.683227270296827,1.2808796155423208,1.6380559423587544
datasets/synthetic_data/s1.csv,319,<timecave.validation_methods.CV.AdaptedhvBlockCV object at 0x000001974E4F4BF0>,4,LSTM,2.983178811267362,1.3526585934831634,1.7271881227206727
datasets/synthetic_data/s1.csv,319,<timecave.validation_methods.markov.MarkovCV object at 0x000001974E44CB60>,0,LSTM,23.421450743565284,3.7494142497675638,4.839571338823851
datasets/synthetic_data/s1.csv,319,<timecave.validation_methods.markov.MarkovCV object at 0x000001974E44CB60>,1,LSTM,28.720469023140765,4.249785964562244,5.359148162081429
datasets/synthetic_data/s1.csv,319,<timecave.validation_methods.markov.MarkovCV object at 0x000001974E44CB60>,2,LSTM,11.650370363067461,2.45415534258545,3.4132638871126653
datasets/synthetic_data/s1.csv,319,<timecave.validation_methods.markov.MarkovCV object at 0x000001974E44CB60>,3,LSTM,8.207775585113772,2.381161574311983,2.8649215670090817
datasets/synthetic_data/s1.csv,319,<timecave.validation_methods.markov.MarkovCV object at 0x000001974E44CB60>,4,LSTM,8.416763681622497,2.19828542613994,2.901165917630789
datasets/synthetic_data/s1.csv,319,<timecave.validation_methods.markov.MarkovCV object at 0x000001974E44CB60>,5,LSTM,15.793289109192477,2.9735325141161426,3.9740771393107703
datasets/synthetic_data/s1.csv,319,<timecave.validation_methods.markov.MarkovCV object at 0x000001974E44CB60>,6,LSTM,27.9133477604168,4.162348768745798,5.283308410495908
datasets/synthetic_data/s1.csv,319,<timecave.validation_methods.markov.MarkovCV object at 0x000001974E44CB60>,7,LSTM,16.1359974454706,3.535804963387404,4.016963709752753
datasets/synthetic_data/s1.csv,319,<timecave.validation_methods.markov.MarkovCV object at 0x000001974E44CB60>,8,LSTM,8.545694557503657,2.6493946004211524,2.923301995604227
datasets/synthetic_data/s1.csv,319,<timecave.validation_methods.markov.MarkovCV object at 0x000001974E44CB60>,9,LSTM,13.735952844882958,2.8954496894784616,3.706204641527901
datasets/synthetic_data/s1.csv,320,<timecave.validation_methods.OOS.Holdout object at 0x000001974AABD6A0>,0,LSTM,1.3171773752365816,0.8494115864039978,1.1476834821659592
datasets/synthetic_data/s1.csv,320,<timecave.validation_methods.OOS.Repeated_Holdout object at 0x000001976FDD2930>,0,LSTM,1.1028069605606163,0.8056908149215606,1.0501461615225836
datasets/synthetic_data/s1.csv,320,<timecave.validation_methods.OOS.Repeated_Holdout object at 0x000001976FDD2930>,1,LSTM,1.1733046654140842,0.8407973347124207,1.0831918876238338
datasets/synthetic_data/s1.csv,320,<timecave.validation_methods.OOS.Repeated_Holdout object at 0x000001976FDD2930>,2,LSTM,1.1358163102870438,0.7959910905797813,1.0657468321731216
datasets/synthetic_data/s1.csv,320,<timecave.validation_methods.OOS.Repeated_Holdout object at 0x000001976FDD2930>,3,LSTM,1.199452486305013,0.8192548638236229,1.0951951818306238
datasets/synthetic_data/s1.csv,320,<timecave.validation_methods.prequential.Growing_Window object at 0x0000019786508DA0>,0,LSTM,3.592763943868064,1.530860865256002,1.895458768706949
datasets/synthetic_data/s1.csv,320,<timecave.validation_methods.prequential.Growing_Window object at 0x0000019786508DA0>,1,LSTM,1.4208775084915897,0.9063225642665399,1.1920056663001186
datasets/synthetic_data/s1.csv,320,<timecave.validation_methods.prequential.Growing_Window object at 0x0000019786508DA0>,2,LSTM,1.8406818271892078,1.137431108647301,1.3567172981830842
datasets/synthetic_data/s1.csv,320,<timecave.validation_methods.prequential.Growing_Window object at 0x0000019786508DA0>,3,LSTM,0.9717942241081766,0.7713767129186826,0.9857962386356405
datasets/synthetic_data/s1.csv,320,<timecave.validation_methods.prequential.Growing_Window object at 0x00000197817462D0>,0,LSTM,1.722321828489473,1.0836506911999018,1.3123725951457053
datasets/synthetic_data/s1.csv,320,<timecave.validation_methods.prequential.Growing_Window object at 0x00000197817462D0>,1,LSTM,1.8697313463373808,1.1317539765725582,1.3673812000818868
datasets/synthetic_data/s1.csv,320,<timecave.validation_methods.prequential.Growing_Window object at 0x00000197817462D0>,2,LSTM,0.8633779304667525,0.7212440020097893,0.9291813227065816
datasets/synthetic_data/s1.csv,320,<timecave.validation_methods.prequential.Rolling_Window object at 0x0000019789B32F60>,0,LSTM,2.76201403209506,1.3588203699013903,1.6619308144730514
datasets/synthetic_data/s1.csv,320,<timecave.validation_methods.prequential.Rolling_Window object at 0x0000019789B32F60>,1,LSTM,1.7820687800537944,1.0132297716931513,1.3349414893746445
datasets/synthetic_data/s1.csv,320,<timecave.validation_methods.prequential.Rolling_Window object at 0x0000019789B32F60>,2,LSTM,3.06463746204934,1.4342630190067462,1.7506105969202117
datasets/synthetic_data/s1.csv,320,<timecave.validation_methods.prequential.Rolling_Window object at 0x0000019789B32F60>,3,LSTM,2.2310583981818173,1.3152889250969562,1.4936727881908465
datasets/synthetic_data/s1.csv,320,<timecave.validation_methods.prequential.Rolling_Window object at 0x000001977B48C230>,0,LSTM,2.071571970680549,1.18560753212372,1.4392956508933628
datasets/synthetic_data/s1.csv,320,<timecave.validation_methods.prequential.Rolling_Window object at 0x000001977B48C230>,1,LSTM,2.147639029424363,1.2104316876886028,1.465482524434994
datasets/synthetic_data/s1.csv,320,<timecave.validation_methods.prequential.Rolling_Window object at 0x000001977B48C230>,2,LSTM,0.9474440187520382,0.7392622677430838,0.9733673606362802
datasets/synthetic_data/s1.csv,320,<timecave.validation_methods.CV.Block_CV object at 0x0000019772338890>,0,LSTM,1.7455860407770796,1.0247717573098174,1.3212062824468704
datasets/synthetic_data/s1.csv,320,<timecave.validation_methods.CV.Block_CV object at 0x0000019772338890>,1,LSTM,2.268753808988655,1.2127308075676781,1.5062382975441353
datasets/synthetic_data/s1.csv,320,<timecave.validation_methods.CV.Block_CV object at 0x0000019772338890>,2,LSTM,1.2443916446401226,0.8902291307398712,1.1155230363556472
datasets/synthetic_data/s1.csv,320,<timecave.validation_methods.CV.Block_CV object at 0x0000019772338890>,3,LSTM,1.745770574378983,1.0745704531234923,1.3212761158739619
datasets/synthetic_data/s1.csv,320,<timecave.validation_methods.CV.Block_CV object at 0x0000019772338890>,4,LSTM,1.036538241464249,0.7811527830807846,1.0181052212145114
datasets/synthetic_data/s1.csv,320,<timecave.validation_methods.CV.AdaptedhvBlockCV object at 0x00000197723A67E0>,0,LSTM,1.7369779812767452,1.0440638755137337,1.3179446047830483
datasets/synthetic_data/s1.csv,320,<timecave.validation_methods.CV.AdaptedhvBlockCV object at 0x00000197723A67E0>,1,LSTM,2.6387402318851834,1.3301231937893212,1.6244199678301123
datasets/synthetic_data/s1.csv,320,<timecave.validation_methods.CV.AdaptedhvBlockCV object at 0x00000197723A67E0>,2,LSTM,1.2557126116842232,0.8723642977809483,1.1205858341440085
datasets/synthetic_data/s1.csv,320,<timecave.validation_methods.CV.AdaptedhvBlockCV object at 0x00000197723A67E0>,3,LSTM,1.7651600388977189,1.0841704844061446,1.3285932556270632
datasets/synthetic_data/s1.csv,320,<timecave.validation_methods.CV.AdaptedhvBlockCV object at 0x00000197723A67E0>,4,LSTM,0.9401937556805676,0.7108964441780787,0.9696358881975067
datasets/synthetic_data/s1.csv,320,<timecave.validation_methods.markov.MarkovCV object at 0x000001977C35E030>,0,LSTM,3.598827211890942,1.5762437263183424,1.897057514123107
datasets/synthetic_data/s1.csv,320,<timecave.validation_methods.markov.MarkovCV object at 0x000001977C35E030>,1,LSTM,4.087331087071298,1.802460566488416,2.021714887681074
datasets/synthetic_data/s1.csv,320,<timecave.validation_methods.markov.MarkovCV object at 0x000001977C35E030>,2,LSTM,5.839571249907299,1.973303174158394,2.4165204840653223
datasets/synthetic_data/s1.csv,320,<timecave.validation_methods.markov.MarkovCV object at 0x000001977C35E030>,3,LSTM,6.275650742909998,2.313979057557537,2.505124895670872
datasets/synthetic_data/s1.csv,320,<timecave.validation_methods.markov.MarkovCV object at 0x000001977C35E030>,4,LSTM,3.1601431511871394,1.557068346503786,1.7776791474242868
datasets/synthetic_data/s1.csv,320,<timecave.validation_methods.markov.MarkovCV object at 0x000001977C35E030>,5,LSTM,1.4043298026678768,0.9199625666870584,1.1850442197099131
datasets/synthetic_data/s1.csv,320,<timecave.validation_methods.markov.MarkovCV object at 0x000001977C35E030>,6,LSTM,5.984883485015188,2.0927572206265412,2.4464021511221716
datasets/synthetic_data/s1.csv,320,<timecave.validation_methods.markov.MarkovCV object at 0x000001977C35E030>,7,LSTM,5.83857054655908,1.9552673053861702,2.4163134205973944
datasets/synthetic_data/s1.csv,320,<timecave.validation_methods.markov.MarkovCV object at 0x000001977C35E030>,8,LSTM,2.931261212691339,1.354209787721186,1.7120926413869486
datasets/synthetic_data/s1.csv,320,<timecave.validation_methods.markov.MarkovCV object at 0x000001977C35E030>,9,LSTM,1.2148591421599306,0.8624145578933359,1.1022064879866798
datasets/synthetic_data/s1.csv,321,<timecave.validation_methods.OOS.Holdout object at 0x00000197B5B1F770>,0,LSTM,1.4071671212930577,0.9626634961463427,1.1862407518261449
datasets/synthetic_data/s1.csv,321,<timecave.validation_methods.OOS.Repeated_Holdout object at 0x00000197A38A91F0>,0,LSTM,1.4562874773646384,0.9359302666893426,1.2067673667135015
datasets/synthetic_data/s1.csv,321,<timecave.validation_methods.OOS.Repeated_Holdout object at 0x00000197A38A91F0>,1,LSTM,1.14584269695478,0.8130916792226704,1.0704404219548045
datasets/synthetic_data/s1.csv,321,<timecave.validation_methods.OOS.Repeated_Holdout object at 0x00000197A38A91F0>,2,LSTM,1.2983131906649152,0.9085595610879768,1.1394354701627096
datasets/synthetic_data/s1.csv,321,<timecave.validation_methods.OOS.Repeated_Holdout object at 0x00000197A38A91F0>,3,LSTM,1.4712108567806752,0.9654810600193154,1.212934811430802
datasets/synthetic_data/s1.csv,321,<timecave.validation_methods.prequential.Growing_Window object at 0x00000197B5B70DA0>,0,LSTM,1.8524233285695646,0.9992723522208442,1.3610375926364284
datasets/synthetic_data/s1.csv,321,<timecave.validation_methods.prequential.Growing_Window object at 0x00000197B5B70DA0>,1,LSTM,1.4231653909834578,0.9459322804755113,1.1929649579863852
datasets/synthetic_data/s1.csv,321,<timecave.validation_methods.prequential.Growing_Window object at 0x00000197B5B70DA0>,2,LSTM,1.4894724601304745,1.0766995136131083,1.2204394536930026
datasets/synthetic_data/s1.csv,321,<timecave.validation_methods.prequential.Growing_Window object at 0x00000197B5B70DA0>,3,LSTM,1.128288227123575,0.802146276844817,1.062209125889801
datasets/synthetic_data/s1.csv,321,<timecave.validation_methods.prequential.Growing_Window object at 0x0000019783AFDCA0>,0,LSTM,2.8624957859970457,1.376657367569979,1.6918911862164911
datasets/synthetic_data/s1.csv,321,<timecave.validation_methods.prequential.Growing_Window object at 0x0000019783AFDCA0>,1,LSTM,1.621592053659737,1.128244883843289,1.273417470297835
datasets/synthetic_data/s1.csv,321,<timecave.validation_methods.prequential.Growing_Window object at 0x0000019783AFDCA0>,2,LSTM,1.1801611539525327,0.8456119896524247,1.0863522237067187
datasets/synthetic_data/s1.csv,321,<timecave.validation_methods.prequential.Rolling_Window object at 0x0000019783AFD1F0>,0,LSTM,1.8004905418814918,0.9595443513038195,1.3418235882117633
datasets/synthetic_data/s1.csv,321,<timecave.validation_methods.prequential.Rolling_Window object at 0x0000019783AFD1F0>,1,LSTM,1.390923027982265,0.9504452602703607,1.1793739983492366
datasets/synthetic_data/s1.csv,321,<timecave.validation_methods.prequential.Rolling_Window object at 0x0000019783AFD1F0>,2,LSTM,1.3433361943977313,0.9846872936334947,1.159023810970996
datasets/synthetic_data/s1.csv,321,<timecave.validation_methods.prequential.Rolling_Window object at 0x0000019783AFD1F0>,3,LSTM,1.4857516120545358,0.9798728395806612,1.2189141118448568
datasets/synthetic_data/s1.csv,321,<timecave.validation_methods.prequential.Rolling_Window object at 0x00000197A92562D0>,0,LSTM,2.3940697099092785,1.2544253384479707,1.5472781617761167
datasets/synthetic_data/s1.csv,321,<timecave.validation_methods.prequential.Rolling_Window object at 0x00000197A92562D0>,1,LSTM,2.021429861903726,1.2311415060054771,1.4217699750324333
datasets/synthetic_data/s1.csv,321,<timecave.validation_methods.prequential.Rolling_Window object at 0x00000197A92562D0>,2,LSTM,1.4445143662533184,0.9140848023730349,1.2018795140334653
datasets/synthetic_data/s1.csv,321,<timecave.validation_methods.CV.Block_CV object at 0x00000197A9256630>,0,LSTM,0.8203954003832149,0.7959195973529481,0.9057568108400924
datasets/synthetic_data/s1.csv,321,<timecave.validation_methods.CV.Block_CV object at 0x00000197A9256630>,1,LSTM,1.1597864500011417,0.8944947197123454,1.0769338187656388
datasets/synthetic_data/s1.csv,321,<timecave.validation_methods.CV.Block_CV object at 0x00000197A9256630>,2,LSTM,0.9148604382438733,0.778024360773786,0.9564833706049851
datasets/synthetic_data/s1.csv,321,<timecave.validation_methods.CV.Block_CV object at 0x00000197A9256630>,3,LSTM,1.3364933989166232,0.9934460725105815,1.156068077111648
datasets/synthetic_data/s1.csv,321,<timecave.validation_methods.CV.Block_CV object at 0x00000197A9256630>,4,LSTM,1.1146324708677642,0.8099391011597477,1.055761559665706
datasets/synthetic_data/s1.csv,321,<timecave.validation_methods.CV.AdaptedhvBlockCV object at 0x000001978C27C5C0>,0,LSTM,0.7672701344509916,0.766993842446891,0.8759395723741402
datasets/synthetic_data/s1.csv,321,<timecave.validation_methods.CV.AdaptedhvBlockCV object at 0x000001978C27C5C0>,1,LSTM,1.2552116397344346,0.9203997491877568,1.1203622805746518
datasets/synthetic_data/s1.csv,321,<timecave.validation_methods.CV.AdaptedhvBlockCV object at 0x000001978C27C5C0>,2,LSTM,1.0484087424570294,0.799443845696347,1.0239183280208581
datasets/synthetic_data/s1.csv,321,<timecave.validation_methods.CV.AdaptedhvBlockCV object at 0x000001978C27C5C0>,3,LSTM,1.2286806249681776,0.9326755707485048,1.1084586708435176
datasets/synthetic_data/s1.csv,321,<timecave.validation_methods.CV.AdaptedhvBlockCV object at 0x000001978C27C5C0>,4,LSTM,1.159455386776442,0.8155921743301859,1.0767801014025298
datasets/synthetic_data/s1.csv,321,<timecave.validation_methods.markov.MarkovCV object at 0x00000197AD898CE0>,0,LSTM,8.942354534439989,2.633640042662117,2.9903769886821943
datasets/synthetic_data/s1.csv,321,<timecave.validation_methods.markov.MarkovCV object at 0x00000197AD898CE0>,1,LSTM,4.30123830791412,1.8130220349092219,2.073942696391132
datasets/synthetic_data/s1.csv,321,<timecave.validation_methods.markov.MarkovCV object at 0x00000197AD898CE0>,2,LSTM,5.009485145987471,2.002405173193751,2.238187915700438
datasets/synthetic_data/s1.csv,321,<timecave.validation_methods.markov.MarkovCV object at 0x00000197AD898CE0>,3,LSTM,4.345691135939696,1.8215925793745096,2.0846321344399583
datasets/synthetic_data/s1.csv,321,<timecave.validation_methods.markov.MarkovCV object at 0x00000197AD898CE0>,4,LSTM,5.824178060331736,1.5090233111349298,2.4133333918735174
datasets/synthetic_data/s1.csv,321,<timecave.validation_methods.markov.MarkovCV object at 0x00000197AD898CE0>,5,LSTM,3.4189993132771237,1.635939882678494,1.8490536263930053
datasets/synthetic_data/s1.csv,321,<timecave.validation_methods.markov.MarkovCV object at 0x00000197AD898CE0>,6,LSTM,4.1957363881757255,1.6816792542957735,2.0483496742928744
datasets/synthetic_data/s1.csv,321,<timecave.validation_methods.markov.MarkovCV object at 0x00000197AD898CE0>,7,LSTM,3.2216354356195156,1.343904557013383,1.7948914829647824
datasets/synthetic_data/s1.csv,321,<timecave.validation_methods.markov.MarkovCV object at 0x00000197AD898CE0>,8,LSTM,5.168645381578279,1.9596609896037516,2.2734655004152313
datasets/synthetic_data/s1.csv,321,<timecave.validation_methods.markov.MarkovCV object at 0x00000197AD898CE0>,9,LSTM,5.059451212433563,1.8607710426142718,2.249322389617274
datasets/synthetic_data/s1.csv,322,<timecave.validation_methods.OOS.Holdout object at 0x000001978C2EEAE0>,0,LSTM,1.0719181024409756,0.808247579610802,1.03533477795396
datasets/synthetic_data/s1.csv,322,<timecave.validation_methods.OOS.Repeated_Holdout object at 0x0000019783C51A60>,0,LSTM,1.016470705039773,0.7760460316227948,1.008201718427306
datasets/synthetic_data/s1.csv,322,<timecave.validation_methods.OOS.Repeated_Holdout object at 0x0000019783C51A60>,1,LSTM,1.0274245972822122,0.7640271376503319,1.013619552535473
datasets/synthetic_data/s1.csv,322,<timecave.validation_methods.OOS.Repeated_Holdout object at 0x0000019783C51A60>,2,LSTM,0.8691207867507993,0.7164759718462681,0.9322664784013203
datasets/synthetic_data/s1.csv,322,<timecave.validation_methods.OOS.Repeated_Holdout object at 0x0000019783C51A60>,3,LSTM,0.9712993201895214,0.7700754430274975,0.9855451893188467
datasets/synthetic_data/s1.csv,322,<timecave.validation_methods.prequential.Growing_Window object at 0x00000197C1190DA0>,0,LSTM,2.198540625836484,1.1413287032525554,1.4827476608770906
datasets/synthetic_data/s1.csv,322,<timecave.validation_methods.prequential.Growing_Window object at 0x00000197C1190DA0>,1,LSTM,1.5040332752181464,0.9813945497539981,1.226390343739768
datasets/synthetic_data/s1.csv,322,<timecave.validation_methods.prequential.Growing_Window object at 0x00000197C1190DA0>,2,LSTM,1.6785190390558389,0.96654465151807,1.295576720636736
datasets/synthetic_data/s1.csv,322,<timecave.validation_methods.prequential.Growing_Window object at 0x00000197C1190DA0>,3,LSTM,1.056566674571078,0.7892750225729098,1.027894291535408
datasets/synthetic_data/s1.csv,322,<timecave.validation_methods.prequential.Growing_Window object at 0x000001978C3C62D0>,0,LSTM,2.3341519133097144,1.235607453398551,1.5277931513492637
datasets/synthetic_data/s1.csv,322,<timecave.validation_methods.prequential.Growing_Window object at 0x000001978C3C62D0>,1,LSTM,1.556160604988268,0.8604465718908285,1.247461664736944
datasets/synthetic_data/s1.csv,322,<timecave.validation_methods.prequential.Growing_Window object at 0x000001978C3C62D0>,2,LSTM,1.0023402660188778,0.7528373274511317,1.0011694492037189
datasets/synthetic_data/s1.csv,322,<timecave.validation_methods.prequential.Rolling_Window object at 0x00000197BB137CB0>,0,LSTM,2.394275965072776,1.1953884383899795,1.5473448113050872
datasets/synthetic_data/s1.csv,322,<timecave.validation_methods.prequential.Rolling_Window object at 0x00000197BB137CB0>,1,LSTM,1.3594682650785113,0.939426880123738,1.1659623772139953
datasets/synthetic_data/s1.csv,322,<timecave.validation_methods.prequential.Rolling_Window object at 0x00000197BB137CB0>,2,LSTM,2.0385427052673952,1.1338796066044192,1.4277754393697193
datasets/synthetic_data/s1.csv,322,<timecave.validation_methods.prequential.Rolling_Window object at 0x00000197BB137CB0>,3,LSTM,1.0709207961411265,0.7249875234957278,1.0348530311793682
datasets/synthetic_data/s1.csv,322,<timecave.validation_methods.prequential.Rolling_Window object at 0x00000197933C4230>,0,LSTM,2.104552716411883,1.1924936424180759,1.4507076605615217
datasets/synthetic_data/s1.csv,322,<timecave.validation_methods.prequential.Rolling_Window object at 0x00000197933C4230>,1,LSTM,1.766925790654083,0.9311963442938319,1.3292576088381376
datasets/synthetic_data/s1.csv,322,<timecave.validation_methods.prequential.Rolling_Window object at 0x00000197933C4230>,2,LSTM,1.7484223463447646,1.0632211891667296,1.3222792240464056
datasets/synthetic_data/s1.csv,322,<timecave.validation_methods.CV.Block_CV object at 0x0000019783B7D790>,0,LSTM,1.6742827026443257,1.060998239487704,1.2939407647355137
datasets/synthetic_data/s1.csv,322,<timecave.validation_methods.CV.Block_CV object at 0x0000019783B7D790>,1,LSTM,1.594600156226714,0.93693687494209,1.262774784443653
datasets/synthetic_data/s1.csv,322,<timecave.validation_methods.CV.Block_CV object at 0x0000019783B7D790>,2,LSTM,2.0598999105878453,1.2250864374445793,1.4352351412182762
datasets/synthetic_data/s1.csv,322,<timecave.validation_methods.CV.Block_CV object at 0x0000019783B7D790>,3,LSTM,1.5401501520732024,0.8380311548642324,1.24102786111884
datasets/synthetic_data/s1.csv,322,<timecave.validation_methods.CV.Block_CV object at 0x0000019783B7D790>,4,LSTM,0.9698157352941857,0.7746845704767702,0.9847922295053845
datasets/synthetic_data/s1.csv,322,<timecave.validation_methods.CV.AdaptedhvBlockCV object at 0x00000197816CA540>,0,LSTM,1.8328157342558862,1.1447136943354284,1.3538152511535266
datasets/synthetic_data/s1.csv,322,<timecave.validation_methods.CV.AdaptedhvBlockCV object at 0x00000197816CA540>,1,LSTM,1.6384567338125904,0.9548311514372505,1.2800221614536955
datasets/synthetic_data/s1.csv,322,<timecave.validation_methods.CV.AdaptedhvBlockCV object at 0x00000197816CA540>,2,LSTM,1.9942978496044306,1.1988361597980617,1.4121961087626713
datasets/synthetic_data/s1.csv,322,<timecave.validation_methods.CV.AdaptedhvBlockCV object at 0x00000197816CA540>,3,LSTM,1.6106441671123262,0.8740518985916945,1.2691115660619936
datasets/synthetic_data/s1.csv,322,<timecave.validation_methods.CV.AdaptedhvBlockCV object at 0x00000197816CA540>,4,LSTM,0.9898961209270661,0.7834699391040003,0.9949352345389453
datasets/synthetic_data/s1.csv,322,<timecave.validation_methods.markov.MarkovCV object at 0x00000197BAFA6030>,0,LSTM,3.029910908503953,1.515434290017178,1.7406639275012143
datasets/synthetic_data/s1.csv,322,<timecave.validation_methods.markov.MarkovCV object at 0x00000197BAFA6030>,1,LSTM,4.322907267886491,1.5394461071861816,2.07916023141231
datasets/synthetic_data/s1.csv,322,<timecave.validation_methods.markov.MarkovCV object at 0x00000197BAFA6030>,2,LSTM,1.7476811236746421,1.0281354515608148,1.3219989121306577
datasets/synthetic_data/s1.csv,322,<timecave.validation_methods.markov.MarkovCV object at 0x00000197BAFA6030>,3,LSTM,1.426807510794311,0.9966302192949448,1.194490481667523
datasets/synthetic_data/s1.csv,322,<timecave.validation_methods.markov.MarkovCV object at 0x00000197BAFA6030>,4,LSTM,3.855052193109319,1.5193228736388968,1.9634286829700025
datasets/synthetic_data/s1.csv,322,<timecave.validation_methods.markov.MarkovCV object at 0x00000197BAFA6030>,5,LSTM,4.049986995814091,1.7065912253810624,2.012457948831252
datasets/synthetic_data/s1.csv,322,<timecave.validation_methods.markov.MarkovCV object at 0x00000197BAFA6030>,6,LSTM,1.5411363373663376,1.0733995850098266,1.241425123544041
datasets/synthetic_data/s1.csv,322,<timecave.validation_methods.markov.MarkovCV object at 0x00000197BAFA6030>,7,LSTM,2.5531795045888375,1.3553621682896446,1.5978671736376706
datasets/synthetic_data/s1.csv,322,<timecave.validation_methods.markov.MarkovCV object at 0x00000197BAFA6030>,8,LSTM,2.1309512391989203,1.1002770542896396,1.4597778047356798
datasets/synthetic_data/s1.csv,322,<timecave.validation_methods.markov.MarkovCV object at 0x00000197BAFA6030>,9,LSTM,5.757832268538103,1.8598292210391953,2.3995483467807235
datasets/synthetic_data/s1.csv,323,<timecave.validation_methods.OOS.Holdout object at 0x00000197BEB36630>,0,LSTM,1.4253737242360744,1.0063522178668418,1.193890164226205
datasets/synthetic_data/s1.csv,323,<timecave.validation_methods.OOS.Repeated_Holdout object at 0x00000197C3550050>,0,LSTM,1.5277656427828388,1.0560429828990312,1.2360281723257116
datasets/synthetic_data/s1.csv,323,<timecave.validation_methods.OOS.Repeated_Holdout object at 0x00000197C3550050>,1,LSTM,1.4267784056538246,0.9767892109270077,1.1944782985277818
datasets/synthetic_data/s1.csv,323,<timecave.validation_methods.OOS.Repeated_Holdout object at 0x00000197C3550050>,2,LSTM,1.3269232596998728,0.9457357643160401,1.1519215510180685
datasets/synthetic_data/s1.csv,323,<timecave.validation_methods.OOS.Repeated_Holdout object at 0x00000197C3550050>,3,LSTM,1.3698145985018235,0.9757927689207755,1.1703907887974099
datasets/synthetic_data/s1.csv,323,<timecave.validation_methods.prequential.Growing_Window object at 0x00000197E64811F0>,0,LSTM,1.6210032143874717,1.0901538480863748,1.2731862449726166
datasets/synthetic_data/s1.csv,323,<timecave.validation_methods.prequential.Growing_Window object at 0x00000197E64811F0>,1,LSTM,1.11753503915246,0.8887795679394516,1.0571352984138123
datasets/synthetic_data/s1.csv,323,<timecave.validation_methods.prequential.Growing_Window object at 0x00000197E64811F0>,2,LSTM,1.334257405324405,0.9371153216890703,1.155100603984088
datasets/synthetic_data/s1.csv,323,<timecave.validation_methods.prequential.Growing_Window object at 0x00000197E64811F0>,3,LSTM,1.3722229808025335,0.9522577765719156,1.1714192165072816
datasets/synthetic_data/s1.csv,323,<timecave.validation_methods.prequential.Growing_Window object at 0x00000197C369E780>,0,LSTM,1.0849506538447196,0.8920059757483912,1.0416096456181267
datasets/synthetic_data/s1.csv,323,<timecave.validation_methods.prequential.Growing_Window object at 0x00000197C369E780>,1,LSTM,1.405544200640473,0.9602773582654829,1.1855564940737633
datasets/synthetic_data/s1.csv,323,<timecave.validation_methods.prequential.Growing_Window object at 0x00000197C369E780>,2,LSTM,1.4123840819216857,0.9757525938136326,1.1884376642978318
datasets/synthetic_data/s1.csv,323,<timecave.validation_methods.prequential.Rolling_Window object at 0x00000197C121A780>,0,LSTM,1.3423695669913993,0.9971148918194487,1.1586067352606748
datasets/synthetic_data/s1.csv,323,<timecave.validation_methods.prequential.Rolling_Window object at 0x00000197C121A780>,1,LSTM,1.5323886279402428,1.0603622879697807,1.237896856745441
datasets/synthetic_data/s1.csv,323,<timecave.validation_methods.prequential.Rolling_Window object at 0x00000197C121A780>,2,LSTM,1.324890540980022,0.8981839449400909,1.151038896380145
datasets/synthetic_data/s1.csv,323,<timecave.validation_methods.prequential.Rolling_Window object at 0x00000197C121A780>,3,LSTM,1.6353579631327368,1.0448258638919805,1.2788111522553816
datasets/synthetic_data/s1.csv,323,<timecave.validation_methods.prequential.Rolling_Window object at 0x00000197BFEB3C20>,0,LSTM,1.0502813369595845,0.8636335543613437,1.0248323457812913
datasets/synthetic_data/s1.csv,323,<timecave.validation_methods.prequential.Rolling_Window object at 0x00000197BFEB3C20>,1,LSTM,1.3189152236435178,0.8955419041716017,1.1484403439637245
datasets/synthetic_data/s1.csv,323,<timecave.validation_methods.prequential.Rolling_Window object at 0x00000197BFEB3C20>,2,LSTM,1.5164483308119907,1.0320856408065346,1.2314415661378297
datasets/synthetic_data/s1.csv,323,<timecave.validation_methods.CV.Block_CV object at 0x00000197BC5D7530>,0,LSTM,1.0824651946818524,0.812956260380127,1.0404158758313198
datasets/synthetic_data/s1.csv,323,<timecave.validation_methods.CV.Block_CV object at 0x00000197BC5D7530>,1,LSTM,1.3782981193589354,0.9621561232447002,1.1740094204728238
datasets/synthetic_data/s1.csv,323,<timecave.validation_methods.CV.Block_CV object at 0x00000197BC5D7530>,2,LSTM,1.055930822211327,0.8745348764937674,1.0275849464697928
datasets/synthetic_data/s1.csv,323,<timecave.validation_methods.CV.Block_CV object at 0x00000197BC5D7530>,3,LSTM,1.3769799913124705,0.9503311026742189,1.173447907370613
datasets/synthetic_data/s1.csv,323,<timecave.validation_methods.CV.Block_CV object at 0x00000197BC5D7530>,4,LSTM,1.4507079850351585,0.9843809020164312,1.2044533967884181
datasets/synthetic_data/s1.csv,323,<timecave.validation_methods.CV.AdaptedhvBlockCV object at 0x00000197E8B9A720>,0,LSTM,1.1645197310376563,0.8389767973650097,1.0791291540115373
datasets/synthetic_data/s1.csv,323,<timecave.validation_methods.CV.AdaptedhvBlockCV object at 0x00000197E8B9A720>,1,LSTM,1.331670427015986,0.9633981264757737,1.153980254170749
datasets/synthetic_data/s1.csv,323,<timecave.validation_methods.CV.AdaptedhvBlockCV object at 0x00000197E8B9A720>,2,LSTM,1.081166797564901,0.8789796406454293,1.0397917087402173
datasets/synthetic_data/s1.csv,323,<timecave.validation_methods.CV.AdaptedhvBlockCV object at 0x00000197E8B9A720>,3,LSTM,1.3215279872313057,0.9192587486610497,1.1495773080707994
datasets/synthetic_data/s1.csv,323,<timecave.validation_methods.CV.AdaptedhvBlockCV object at 0x00000197E8B9A720>,4,LSTM,1.4628533972272209,1.005384814868439,1.2094847651902114
datasets/synthetic_data/s1.csv,323,<timecave.validation_methods.markov.MarkovCV object at 0x00000197ED1B8CE0>,0,LSTM,2.3043690463081528,1.2177463771361168,1.5180148373148903
datasets/synthetic_data/s1.csv,323,<timecave.validation_methods.markov.MarkovCV object at 0x00000197ED1B8CE0>,1,LSTM,2.932177241071502,1.4871570903157751,1.712360137667162
datasets/synthetic_data/s1.csv,323,<timecave.validation_methods.markov.MarkovCV object at 0x00000197ED1B8CE0>,2,LSTM,3.188470053457636,1.4517368109315825,1.7856287557769772
datasets/synthetic_data/s1.csv,323,<timecave.validation_methods.markov.MarkovCV object at 0x00000197ED1B8CE0>,3,LSTM,3.051455544869618,1.4132849923079411,1.746841591235341
datasets/synthetic_data/s1.csv,323,<timecave.validation_methods.markov.MarkovCV object at 0x00000197ED1B8CE0>,4,LSTM,3.273499975743421,1.5566313407578014,1.8092816186938452
datasets/synthetic_data/s1.csv,323,<timecave.validation_methods.markov.MarkovCV object at 0x00000197ED1B8CE0>,5,LSTM,3.977595381920064,1.6201399289574745,1.9943909802042488
datasets/synthetic_data/s1.csv,323,<timecave.validation_methods.markov.MarkovCV object at 0x00000197ED1B8CE0>,6,LSTM,5.830624072723712,2.007951379612369,2.4146685223284194
datasets/synthetic_data/s1.csv,323,<timecave.validation_methods.markov.MarkovCV object at 0x00000197ED1B8CE0>,7,LSTM,5.720459366867521,2.11102725582801,2.3917481821603883
datasets/synthetic_data/s1.csv,323,<timecave.validation_methods.markov.MarkovCV object at 0x00000197ED1B8CE0>,8,LSTM,5.357094136212805,2.0204504739439564,2.31453972448364
datasets/synthetic_data/s1.csv,323,<timecave.validation_methods.markov.MarkovCV object at 0x00000197ED1B8CE0>,9,LSTM,5.169171637241885,1.854715494529145,2.273581236121086
